  1371.87802    0.949671   1.000000
  1371.89318    1.027953   1.000000
  1371.90877    0.656407   1.000000
  1371.92427    1.325481   1.000000
  1371.93935    0.912795   1.000000
  1371.95502    0.898614   1.000000
  1371.97010    0.994428   1.000000
  1371.98518    0.857380   1.000000
  1372.00068    1.027007   1.000000
  1372.01677    1.122984   1.000000
  1372.03185    0.733793   1.000000
  1372.04735    0.876543   1.000000
  1372.06302    0.850302   1.000000
  1372.07852    1.102487   1.000000
  1372.09368    0.924642   1.000000
  1372.10918    0.997180   1.000000
  1372.12435    1.038421   1.000000
  1372.13985    0.851870   1.000000
  1372.15552    0.930622   1.000000
  1372.17052    1.010121   1.000000
  1372.18568    1.187882   1.000000
  1372.20118    0.840182   1.000000
  1372.21685    0.792818   1.000000
  1372.23185    0.802368   1.000000
  1372.24702    0.921241   1.000000
  1372.26253    1.184605   1.000000
  1372.27770    1.208853   1.000000
  1372.29270    1.165127   1.000000
  1372.30837    0.751577   1.000000
  1372.32387    0.901101   1.000000
  1372.33903    0.896961   1.000000
  1372.35403    1.156574   1.000000
  1372.36970    1.346398   1.000000
  1372.38478    1.020407   1.000000
  1372.39987    0.994428   1.000000
  1372.41537    1.032698   1.000000
  1372.43053    0.905260   1.000000
  1372.44612    1.021347   1.000000
  1372.46120    0.957576   1.000000
  1372.47670    1.165127   1.000000
  1372.49187    1.160843   1.000000
  1372.50703    0.988037   1.000000
  1372.52253    0.822571   1.000000
  1372.53762    1.034602   1.000000
  1372.55320    1.102487   1.000000
  1372.56837    0.824088   1.000000
  1372.58387    0.767668   1.000000
  1372.59895    0.933197   1.000000
  1372.61403    0.981688   1.000000
  1372.62970    0.804588   1.000000
  1372.64520    1.022288   1.000000
  1372.66028    0.724392   1.000000
  1372.67537    0.660653   1.000000
  1372.69103    1.008262   1.000000
  1372.70612    1.064568   1.000000
  1372.72120    0.939233   1.000000
  1372.73670    0.911955   1.000000
  1372.75237    0.727735   1.000000
  1372.76745    0.873320   1.000000
  1372.78253    0.933197   1.000000
  1372.79803    0.887919   1.000000
  1372.81320    0.895310   1.000000
  1372.82878    1.124018   1.000000
  1372.84387    0.847956   1.000000
  1372.85937    0.854227   1.000000
  1372.87453    0.866111   1.000000
  1372.89012    0.955814   1.000000
  1372.90520    1.184605   1.000000
  1372.92070    1.031747   1.000000
  1372.93588    0.888737   1.000000
  1372.95147    0.954055   1.000000
  1372.96655    1.077391   1.000000
  1372.98205    1.074418   1.000000
  1372.99722    0.709861   1.000000
  1373.01238    1.234734   1.000000
  1373.02788    0.682926   1.000000
  1373.04338    0.932338   1.000000
  1373.05855    1.025117   1.000000
  1373.07372    1.186789   1.000000
  1373.08922    0.847956   1.000000
  1373.10430    0.847956   1.000000
  1373.11988    1.315750   1.000000
  1373.13505    1.499593   1.000000
  1373.15055    1.507903   1.000000
  1373.16563    1.128167   1.000000
  1373.18072    1.372693   1.000000
  1373.19638    0.955814   1.000000
  1373.21188    0.769792   1.000000
  1373.22697    0.990771   1.000000
  1373.24255    0.978979   1.000000
  1373.25772    0.836322   1.000000
  1373.27322    1.248456   1.000000
  1373.28830    1.167276   1.000000
  1373.30338    0.871713   1.000000
  1373.31905    0.887102   1.000000
  1373.33455    0.898614   1.000000
  1373.34963    1.019468   1.000000
  1373.36472    0.999018   1.000000
  1373.38038    1.023230   1.000000
  1373.39588    1.225670   1.000000
  1373.41097    1.063588   1.000000
  1373.42605    0.911115   1.000000
  1373.44172    1.105537   1.000000
  1373.45722    0.870910   1.000000
  1373.47230    0.646210   1.000000
  1373.48738    1.084360   1.000000
  1373.50305    0.945308   1.000000
  1373.51855    0.855014   1.000000
  1373.53363    1.045137   1.000000
  1373.54872    0.811285   1.000000
  1373.56438    0.932338   1.000000
  1373.57988    1.100458   1.000000
  1373.59497    1.149141   1.000000
  1373.61007    1.080372   1.000000
  1373.62573    0.844838   1.000000
  1373.64123    0.820301   1.000000
  1373.65632    0.877351   1.000000
  1373.67190    1.188977   1.000000
  1373.68707    1.016655   1.000000
  1373.70257    0.799417   1.000000
  1373.71765    0.811285   1.000000
  1373.73323    1.464109   1.000000
  1373.74840    1.137558   1.000000
  1373.76390    0.690515   1.000000
  1373.77940    1.234734   1.000000
  1373.79457    1.135464   1.000000
  1373.80973    1.093386   1.000000
  1373.82523    1.367645   1.000000
  1373.84073    1.223414   1.000000
  1373.85590    1.292925   1.000000
  1373.87148    0.911115   1.000000
  1373.88657    1.018529   1.000000
  1373.90207    1.154445   1.000000
  1373.91723    1.261169   1.000000
  1373.93282    1.078384   1.000000
  1373.94790    1.025117   1.000000
  1373.96340    1.070467   1.000000
  1373.97907    0.744686   1.000000
  1373.99415    1.303687   1.000000
  1374.00923    1.094393   1.000000
  1374.02473    1.071454   1.000000
  1374.04040    0.877351   1.000000
  1374.05548    1.207740   1.000000
  1374.07098    1.083362   1.000000
  1374.08707    0.929765   1.000000
  1374.10215    0.969111   1.000000
  1374.11773    1.241576   1.000000
  1374.13273    0.849520   1.000000
  1374.14840    0.882213   1.000000
  1374.16390    0.883839   1.000000
  1374.17907    0.892840   1.000000
  1374.19457    0.908601   1.000000
  1374.20973    0.856591   1.000000
  1374.22523    1.329148   1.000000
  1374.24040    1.032698   1.000000
  1374.25590    1.149141   1.000000
  1374.27107    0.723725   1.000000
  1374.28658    0.867708   1.000000
  1374.30175    1.032698   1.000000
  1374.31725    1.324260   1.000000
  1374.33242    0.902762   1.000000
  1374.34792    1.010121   1.000000
  1374.36358    0.892018   1.000000
  1374.37858    1.621711   1.000000
  1374.39375    0.958459   1.000000
  1374.40925    0.847176   1.000000
  1374.42492    0.927200   1.000000
  1374.43992    1.011983   1.000000
  1374.45508    0.950547   1.000000
  1374.47058    0.920393   1.000000
  1374.48625    1.255375   1.000000
  1374.50125    0.824847   1.000000
  1374.51683    0.901931   1.000000
  1374.53192    0.952299   1.000000
  1374.54758    1.114740   1.000000
  1374.56308    1.174826   1.000000
  1374.57817    1.126091   1.000000
  1374.59325    1.079378   1.000000
  1374.60892    0.875736   1.000000
  1374.62442    1.006406   1.000000
  1374.63950    0.919546   1.000000
  1374.65508    0.902762   1.000000
  1374.67025    0.901931   1.000000
  1374.68575    0.862131   1.000000
  1374.70125    1.241576   1.000000
  1374.71642    1.078384   1.000000
  1374.73158    1.144915   1.000000
  1374.74708    1.027953   1.000000
  1374.76258    0.995344   1.000000
  1374.77775    1.081368   1.000000
  1374.79333    0.992598   1.000000
  1374.80842    0.968219   1.000000
  1374.82392    1.190072   1.000000
  1374.83958    0.926346   1.000000
  1374.85467    0.844060   1.000000
  1374.86975    0.824088   1.000000
  1374.88525    0.906929   1.000000
  1374.90092    0.950547   1.000000
  1374.91600    0.929765   1.000000
  1374.93150    1.091373   1.000000
  1374.94658    1.000860   1.000000
  1374.96227    1.203299   1.000000
  1374.97777    1.166201   1.000000
  1374.99285    1.160843   1.000000
  1375.00793    0.658224   1.000000
  1375.02360    1.132331   1.000000
  1375.03910    0.990771   1.000000
  1375.05418    1.192267   1.000000
  1375.06977    0.919546   1.000000
  1375.08493    1.002706   1.000000
  1375.10043    0.851870   1.000000
  1375.11593    0.881401   1.000000
  1375.13110    0.821057   1.000000
  1375.14668    0.639696   1.000000
  1375.16177    0.864517   1.000000
  1375.17727    0.987128   1.000000
  1375.19293    1.042254   1.000000
  1375.20802    1.134419   1.000000
  1375.22360    0.872516   1.000000
  1375.23860    1.003629   1.000000
  1375.25427    0.939233   1.000000
  1375.26977    1.101472   1.000000
  1375.28493    0.912795   1.000000
  1375.30043    1.243865   1.000000
  1375.31560    1.212198   1.000000
  1375.33110    0.865313   1.000000
  1375.34677    1.227929   1.000000
  1375.36177    1.133374   1.000000
  1375.37735    1.102487   1.000000
  1375.39243    1.173744   1.000000
  1375.40810    0.916164   1.000000
  1375.42360    0.870910   1.000000
  1375.43868    0.983498   1.000000
  1375.45427    1.157640   1.000000
  1375.46943    0.827129   1.000000
  1375.48493    0.875736   1.000000
  1375.50043    1.015719   1.000000
  1375.51560    1.099445   1.000000
  1375.53118    1.243865   1.000000
  1375.54627    1.006406   1.000000
  1375.56177    0.757833   1.000000
  1375.57743    1.080372   1.000000
  1375.59252    0.879779   1.000000
  1375.60802    0.888737   1.000000
  1375.62310    1.194465   1.000000
  1375.63878    1.133374   1.000000
  1375.65428    0.992598   1.000000
  1375.66937    0.904427   1.000000
  1375.68495    0.858961   1.000000
  1375.70012    0.893662   1.000000
  1375.71562    1.316962   1.000000
  1375.73112    0.789175   1.000000
  1375.74628    0.812781   1.000000
  1375.76187    1.174826   1.000000
  1375.77695    0.992598   1.000000
  1375.79245    0.973584   1.000000
  1375.80812    0.922090   1.000000
  1375.82320    0.896961   1.000000
  1375.83878    1.010121   1.000000
  1375.85378    1.099445   1.000000
  1375.86945    0.892018   1.000000
  1375.88495    1.045137   1.000000
  1375.90012    1.326702   1.000000
  1375.91562    1.000860   1.000000
  1375.93120    0.989859   1.000000
  1375.94678    0.832479   1.000000
  1375.96237    0.940965   1.000000
  1375.97828    1.309705   1.000000
  1375.99345    0.601414   1.000000
  1376.00903    1.049962   1.000000
  1376.02462    1.102487   1.000000
  1376.03962    1.269327   1.000000
  1376.05528    0.796477   1.000000
  1376.07078    0.741948   1.000000
  1376.08595    1.130247   1.000000
  1376.10145    0.878969   1.000000
  1376.11662    1.112688   1.000000
  1376.13212    1.182424   1.000000
  1376.14778    0.937505   1.000000
  1376.16278    0.993513   1.000000
  1376.17837    1.070467   1.000000
  1376.19345    1.033650   1.000000
  1376.20912    0.930622   1.000000
  1376.22462    1.092379   1.000000
  1376.23970    0.934057   1.000000
  1376.25528    0.970004   1.000000
  1376.27045    0.785549   1.000000
  1376.28595    0.935779   1.000000
  1376.30145    0.764845   1.000000
  1376.31663    0.988948   1.000000
  1376.33222    0.821057   1.000000
  1376.34730    1.224541   1.000000
  1376.36280    0.869307   1.000000
  1376.37847    1.192267   1.000000
  1376.39355    0.900271   1.000000
  1376.40905    0.870108   1.000000
  1376.42463    1.381572   1.000000
  1376.43980    0.840182   1.000000
  1376.45530    0.842507   1.000000
  1376.47080    1.088362   1.000000
  1376.48597    0.794280   1.000000
  1376.50155    0.968219   1.000000
  1376.51663    1.014784   1.000000
  1376.53213    0.750194   1.000000
  1376.54780    1.208853   1.000000
  1376.56288    1.064568   1.000000
  1376.57847    1.002706   1.000000
  1376.59347    0.944438   1.000000
  1376.60913    1.072441   1.000000
  1376.62463    1.358856   1.000000
  1376.64030    0.992598   1.000000
  1376.65530    0.891196   1.000000
  1376.67088    1.158706   1.000000
  1376.68597    0.940965   1.000000
  1376.70163    1.134419   1.000000
  1376.71713    1.211082   1.000000
  1376.73263    1.013849   1.000000
  1376.74780    0.957576   1.000000
  1376.76338    1.023230   1.000000
  1376.77847    1.028901   1.000000
  1376.79397    0.776200   1.000000
  1376.80963    0.900271   1.000000
  1376.82513    0.930622   1.000000
  1376.84022    1.098433   1.000000
  1376.85580    0.970898   1.000000
  1376.87097    1.097421   1.000000
  1376.88647    0.894486   1.000000
  1376.90297    1.330373   1.000000
  1376.91847    1.120917   1.000000
  1376.93413    0.928054   1.000000
  1376.94963    1.033650   1.000000
  1376.96472    0.866111   1.000000
  1376.98032    0.924642   1.000000
  1376.99548    1.167276   1.000000
  1377.01098    0.972688   1.000000
  1377.02648    0.866909   1.000000
  1377.04165    1.088362   1.000000
  1377.05723    0.934057   1.000000
  1377.07232    0.958459   1.000000
  1377.08782    0.876543   1.000000
  1377.10348    0.828654   1.000000
  1377.11898    0.911955   1.000000
  1377.13415    1.178076   1.000000
  1377.14965    0.993513   1.000000
  1377.16482    0.834014   1.000000
  1377.18032    1.207740   1.000000
  1377.19590    0.867708   1.000000
  1377.21148    0.827129   1.000000
  1377.22657    0.922090   1.000000
  1377.24215    1.055780   1.000000
  1377.25723    1.137558   1.000000
  1377.27282    0.902762   1.000000
  1377.28832    1.306091   1.000000
  1377.30398    1.174826   1.000000
  1377.31898    0.906094   1.000000
  1377.33457    1.066531   1.000000
  1377.34965    0.944438   1.000000
  1377.36532    0.881401   1.000000
  1377.38082    0.882213   1.000000
  1377.39632    1.087360   1.000000
  1377.41148    1.157640   1.000000
  1377.42707    1.102487   1.000000
  1377.44265    0.997180   1.000000
  1377.45765    0.837092   1.000000
  1377.47332    0.884654   1.000000
  1377.48882    0.790630   1.000000
  1377.50398    0.785549   1.000000
  1377.51948    1.176992   1.000000
  1377.53465    1.049962   1.000000
  1377.55015    0.952299   1.000000
  1377.56573    0.956695   1.000000
  1377.58132    1.154445   1.000000
  1377.59640    1.135464   1.000000
  1377.61198    0.658830   1.000000
  1377.62707    1.085359   1.000000
  1377.64265    0.856591   1.000000
  1377.65817    0.931480   1.000000
  1377.67383    0.946179   1.000000
  1377.68883    1.201084   1.000000
  1377.70442    0.978979   1.000000
  1377.71950    1.172663   1.000000
  1377.73517    1.067514   1.000000
  1377.75067    0.970004   1.000000
  1377.76617    0.828654   1.000000
  1377.78183    1.114740   1.000000
  1377.79692    1.166201   1.000000
  1377.81242    0.883839   1.000000
  1377.82750    1.081368   1.000000
  1377.84317    0.898614   1.000000
  1377.85867    1.263495   1.000000
  1377.87425    0.840956   1.000000
  1377.88983    1.011052   1.000000
  1377.90633    0.894486   1.000000
  1377.92183    1.118854   1.000000
  1377.93692    0.956695   1.000000
  1377.95250    0.917009   1.000000
  1377.96767    1.079378   1.000000
  1377.98317    0.922090   1.000000
  1377.99867    0.959342   1.000000
  1378.01433    1.162983   1.000000
  1378.02983    0.883839   1.000000
  1378.04500    1.174826   1.000000
  1378.06050    0.974481   1.000000
  1378.07608    0.921241   1.000000
  1378.09117    0.954934   1.000000
  1378.10683    0.946179   1.000000
  1378.12233    1.205517   1.000000
  1378.13783    0.933197   1.000000
  1378.15350    0.928054   1.000000
  1378.16858    1.151260   1.000000
  1378.18408    0.985311   1.000000
  1378.19917    1.164055   1.000000
  1378.21483    1.242720   1.000000
  1378.23033    1.025117   1.000000
  1378.24583    1.103503   1.000000
  1378.26100    1.301288   1.000000
  1378.27658    0.726396   1.000000
  1378.29217    0.697547   1.000000
  1378.30717    1.049962   1.000000
  1378.32285    0.855802   1.000000
  1378.33835    0.827129   1.000000
  1378.35402    0.975379   1.000000
  1378.36952    0.992598   1.000000
  1378.38460    1.023230   1.000000
  1378.40018    1.149141   1.000000
  1378.41577    1.395640   1.000000
  1378.43085    1.025117   1.000000
  1378.44635    1.162983   1.000000
  1378.46202    0.984404   1.000000
  1378.47752    1.309705   1.000000
  1378.49260    1.002706   1.000000
  1378.50818    0.786998   1.000000
  1378.52377    0.995344   1.000000
  1378.53885    1.119885   1.000000
  1378.55435    0.834014   1.000000
  1378.57002    1.036510   1.000000
  1378.58552    1.176992   1.000000
  1378.60118    0.997180   1.000000
  1378.61618    1.262331   1.000000
  1378.63177    1.058701   1.000000
  1378.64735    1.190072   1.000000
  1378.66252    1.262331   1.000000
  1378.67802    1.132331   1.000000
  1378.69352    1.134419   1.000000
  1378.70918    1.180248   1.000000
  1378.72427    0.932338   1.000000
  1378.73977    0.738539   1.000000
  1378.75535    1.225670   1.000000
  1378.77093    1.008262   1.000000
  1378.78602    1.340212   1.000000
  1378.80152    0.768375   1.000000
  1378.81718    1.076399   1.000000
  1378.83268    1.023230   1.000000
  1378.84835    1.249607   1.000000
  1378.86385    1.201084   1.000000
  1378.87893    1.196667   1.000000
  1378.89452    0.885469   1.000000
  1378.91010    1.126091   1.000000
  1378.92560    1.254219   1.000000
  1378.94068    1.088362   1.000000
  1378.95635    0.889556   1.000000
  1378.97185    0.994428   1.000000
  1378.98735    0.914478   1.000000
  1379.00303    0.866111   1.000000
  1379.01853    0.794280   1.000000
  1379.03420    1.176992   1.000000
  1379.04920    0.857380   1.000000
  1379.06478    1.066531   1.000000
  1379.08037    1.132331   1.000000
  1379.09595    0.832479   1.000000
  1379.11103    1.342683   1.000000
  1379.12653    0.810538   1.000000
  1379.14220    1.060653   1.000000
  1379.15770    0.941832   1.000000
  1379.17320    0.965547   1.000000
  1379.18887    1.077391   1.000000
  1379.20395    1.239291   1.000000
  1379.21953    1.234734   1.000000
  1379.23503    1.184605   1.000000
  1379.25062    0.959342   1.000000
  1379.26570    0.782660   1.000000
  1379.28137    0.925494   1.000000
  1379.29687    1.132331   1.000000
  1379.31237    0.872516   1.000000
  1379.32803    0.824088   1.000000
  1379.34353    0.745373   1.000000
  1379.35903    1.033650   1.000000
  1379.37470    0.719736   1.000000
  1379.38978    0.829418   1.000000
  1379.40537    1.043214   1.000000
  1379.42087    1.057727   1.000000
  1379.43645    1.176992   1.000000
  1379.45153    0.880589   1.000000
  1379.46720    1.172663   1.000000
  1379.48270    1.237011   1.000000
  1379.49820    0.937505   1.000000
  1379.51387    0.800154   1.000000
  1379.52937    0.806071   1.000000
  1379.54487    1.015719   1.000000
  1379.56053    1.248456   1.000000
  1379.57562    1.134419   1.000000
  1379.59120    0.901931   1.000000
  1379.60670    0.886285   1.000000
  1379.62228    1.051897   1.000000
  1379.63737    1.422897   1.000000
  1379.65295    0.847956   1.000000
  1379.66853    1.024173   1.000000
  1379.68405    1.000860   1.000000
  1379.69972    0.935779   1.000000
  1379.71522    1.083362   1.000000
  1379.73072    0.921241   1.000000
  1379.74638    1.009191   1.000000
  1379.76188    1.068497   1.000000
  1379.77705    1.124018   1.000000
  1379.79255    1.053837   1.000000
  1379.80813    0.989859   1.000000
  1379.82372    0.827129   1.000000
  1379.83922    1.007334   1.000000
  1379.85438    0.954055   1.000000
  1379.86988    1.106556   1.000000
  1379.88555    0.786273   1.000000
  1379.90105    1.308499   1.000000
  1379.91655    0.961111   1.000000
  1379.93222    1.026062   1.000000
  1379.94772    0.906094   1.000000
  1379.96322    0.946179   1.000000
  1379.97888    0.846396   1.000000
  1379.99438    0.993513   1.000000
  1380.00955    0.809046   1.000000
  1380.02505    0.896135   1.000000
  1380.04063    0.996262   1.000000
  1380.05622    1.046100   1.000000
  1380.07180    1.231327   1.000000
  1380.08730    0.937505   1.000000
  1380.10238    0.943568   1.000000
  1380.11805    0.984404   1.000000
  1380.13355    0.867708   1.000000
  1380.14905    0.870108   1.000000
  1380.16472    0.942700   1.000000
  1380.18022    1.148083   1.000000
  1380.19588    1.042254   1.000000
  1380.21138    1.016655   1.000000
  1380.22688    0.962883   1.000000
  1380.24255    0.994428   1.000000
  1380.25763    1.162983   1.000000
  1380.27313    0.918699   1.000000
  1380.28872    1.127128   1.000000
  1380.30430    0.918699   1.000000
  1380.31988    0.893662   1.000000
  1380.33538    0.989859   1.000000
  1380.35098    1.128167   1.000000
  1380.36607    0.909439   1.000000
  1380.38173    0.802368   1.000000
  1380.39723    0.842507   1.000000
  1380.41273    1.023230   1.000000
  1380.42840    1.013849   1.000000
  1380.44390    1.059677   1.000000
  1380.45940    0.970898   1.000000
  1380.47507    0.927200   1.000000
  1380.49057    0.917854   1.000000
  1380.50623    0.848738   1.000000
  1380.52173    0.925494   1.000000
  1380.53723    0.751577   1.000000
  1380.55290    0.693703   1.000000
  1380.56840    0.786273   1.000000
  1380.58390    1.004554   1.000000
  1380.59957    0.769083   1.000000
  1380.61507    0.730421   1.000000
  1380.63073    1.028901   1.000000
  1380.64573    0.903594   1.000000
  1380.66132    0.925494   1.000000
  1380.67690    1.261169   1.000000
  1380.69248    0.966437   1.000000
  1380.70798    0.727065   1.000000
  1380.72307    1.173744   1.000000
  1380.73873    0.972688   1.000000
  1380.75423    0.962883   1.000000
  1380.76973    0.862926   1.000000
  1380.78540    1.075408   1.000000
  1380.80090    1.154445   1.000000
  1380.81657    1.254219   1.000000
  1380.83207    1.071454   1.000000
  1380.84757    0.789175   1.000000
  1380.86323    0.989859   1.000000
  1380.87873    0.639696   1.000000
  1380.89382    0.922090   1.000000
  1380.90940    0.657012   1.000000
  1380.92498    0.803107   1.000000
  1380.94057    0.969111   1.000000
  1380.95607    0.867708   1.000000
  1380.97165    1.172663   1.000000
  1380.98723    0.909439   1.000000
  1381.00240    1.295309   1.000000
  1381.01792    1.131289   1.000000
  1381.03342    0.937505   1.000000
  1381.04908    0.972688   1.000000
  1381.06458    0.987128   1.000000
  1381.08008    1.096411   1.000000
  1381.09575    1.086359   1.000000
  1381.11125    1.247307   1.000000
  1381.12683    0.959342   1.000000
  1381.14242    1.512075   1.000000
  1381.15792    1.113713   1.000000
  1381.17358    1.037465   1.000000
  1381.18908    1.164055   1.000000
  1381.20458    0.779064   1.000000
  1381.21975    1.048995   1.000000
  1381.23533    1.095402   1.000000
  1381.25092    0.726396   1.000000
  1381.26642    1.035556   1.000000
  1381.28200    1.238150   1.000000
  1381.29758    1.250758   1.000000
  1381.31308    0.890376   1.000000
  1381.32867    0.845616   1.000000
  1381.34375    1.203299   1.000000
  1381.35942    0.875736   1.000000
  1381.37492    1.203299   1.000000
  1381.39042    1.093386   1.000000
  1381.40608    1.184605   1.000000
  1381.42158    1.246159   1.000000
  1381.43717    0.944438   1.000000
  1381.45275    1.105537   1.000000
  1381.46825    0.966437   1.000000
  1381.48392    1.111664   1.000000
  1381.49942    0.620545   1.000000
  1381.51492    0.831713   1.000000
  1381.53058    0.873320   1.000000
  1381.54608    1.181336   1.000000
  1381.56158    0.952299   1.000000
  1381.57725    0.840182   1.000000
  1381.59275    1.156574   1.000000
  1381.60842    0.820301   0.999850
  1381.62392    0.990771   0.999483
  1381.63942    0.845616   0.998969
  1381.65508    1.174826   0.998376
  1381.67017    1.013849   0.997705
  1381.68567    1.145970   0.996944
  1381.70127    1.083362   0.996053
  1381.71685    0.928909   0.995114
  1381.73243    1.131289   0.994074
  1381.74793    1.072441   0.993013
  1381.76352    0.877351   0.991958
  1381.77910    0.980784   0.990803
  1381.79468    1.014784   0.989577
  1381.81018    0.862131   0.988332
  1381.82577    1.083362   0.986992
  1381.84093    1.045137   0.985624
  1381.85643    1.295309   0.984263
  1381.87193    1.090369   0.982781
  1381.88760    0.996262   0.981247
  1381.90310    0.818038   0.979750
  1381.91877    0.893662   0.978240
  1381.93427    0.833246   0.976622
  1381.94977    1.034602   0.974994
  1381.96543    1.288171   0.973266
  1381.98093    0.794280   0.971531
  1381.99643    0.789175   0.969775
  1382.01210    0.995344   0.967998
  1382.02760    0.919546   0.966150
  1382.04327    0.994428   0.964302
  1382.05877    0.870108   0.962503
  1382.07427    0.901101   0.960618
  1382.08993    0.992598   0.958659
  1382.10543    0.787723   0.956690
  1382.12093    0.833246   0.954634
  1382.13660    1.108596   0.952601
  1382.15210    0.981688   0.950625
  1382.16777    0.906094   0.948520
  1382.18327    1.003629   0.946412
  1382.19877    1.114740   0.944332
  1382.21443    0.708555   0.942192
  1382.22993    0.673556   0.940027
  1382.24543    0.717090   0.937885
  1382.26110    0.655803   0.935669
  1382.27660    0.757833   0.933442
  1382.29227    1.203299   0.931153
  1382.30777    0.992598   0.928878
  1382.32327    0.961111   0.926608
  1382.33893    1.008262   0.924329
  1382.35402    0.964658   0.922069
  1382.36953    1.061631   0.919765
  1382.38512    0.962883   0.917490
  1382.40070    0.878159   0.915050
  1382.41628    0.667380   0.912719
  1382.43178    0.714453   0.910359
  1382.44737    0.918699   0.907972
  1382.46345    1.094393   0.905435
  1382.47895    0.974481   0.903065
  1382.49445    0.900271   0.900541
  1382.51012    0.677288   0.898105
  1382.52562    0.779782   0.895713
  1382.54120    0.756438   0.893207
  1382.55678    0.918699   0.890765
  1382.57228    0.855802   0.888158
  1382.58795    0.918699   0.885796
  1382.60345    0.733793   0.883234
  1382.61895    0.785549   0.880834
  1382.63462    0.751577   0.878271
  1382.65012    0.886285   0.875688
  1382.66570    0.933197   0.873271
  1382.68128    0.721063   0.870658
  1382.69678    0.862131   0.868227
  1382.71245    0.785549   0.865618
  1382.72795    0.946179   0.863075
  1382.74345    0.686078   0.860704
  1382.75912    0.702059   0.858021
  1382.77462    0.791359   0.855467
  1382.79012    0.814279   0.852940
  1382.80578    0.959342   0.850418
  1382.82128    1.027953   0.847880
  1382.83695    0.917009   0.845321
  1382.85245    0.865313   0.842856
  1382.86795    0.880589   0.840291
  1382.88362    1.039378   0.837792
  1382.89912    0.816532   0.835270
  1382.91462    0.906094   0.832777
  1382.93028    0.864517   0.830249
  1382.94578    0.872516   0.827827
  1382.96145    1.012916   0.825262
  1382.97695    0.667380   0.822775
  1382.99245    1.095402   0.820324
  1383.00812    0.840956   0.817830
  1383.02362    0.901101   0.815380
  1383.03913    0.678537   0.812946
  1383.05480    1.066531   0.810504
  1383.07030    0.771922   0.808061
  1383.08597    0.719074   0.805639
  1383.10147    0.845616   0.803284
  1383.11697    0.766961   0.800884
  1383.13263    0.795011   0.798481
  1383.14813    0.837864   0.796137
  1383.16363    0.645020   0.793826
  1383.17930    0.856591   0.791494
  1383.19480    0.642648   0.789170
  1383.21047    0.739901   0.786846
  1383.22597    0.661262   0.784630
  1383.24147    0.678537   0.782396
  1383.25713    0.731768   0.780115
  1383.27263    0.970898   0.777936
  1383.28813    1.003629   0.775808
  1383.30380    0.726396   0.773555
  1383.31930    0.752963   0.771390
  1383.33497    0.841731   0.769371
  1383.35047    0.702059   0.767198
  1383.36597    0.978078   0.765157
  1383.38163    0.593709   0.763118
  1383.39713    0.672935   0.761080
  1383.41263    0.900271   0.759123
  1383.42872    1.179162   0.757155
  1383.44430    0.674797   0.755167
  1383.45988    1.119885   0.753228
  1383.47538    0.677288   0.751413
  1383.49097    0.795744   0.749568
  1383.50655    0.574875   0.747720
  1383.52213    0.695622   0.745946
  1383.53763    0.674797   0.744319
  1383.55322    0.857380   0.742560
  1383.56880    0.639696   0.740860
  1383.58438    0.755046   0.739288
  1383.59988    0.670461   0.737519
  1383.61547    0.689880   0.736087
  1383.63105    0.854227   0.734555
  1383.64663    0.748124   0.733064
  1383.66263    0.764141   0.731637
  1383.67813    0.702706   0.730214
  1383.69380    0.609780   0.728810
  1383.70930    0.667380   0.727511
  1383.72482    0.830182   0.726188
  1383.74048    0.947051   0.725011
  1383.75598    0.732442   0.723788
  1383.77157    0.723725   0.722707
  1383.78715    0.804588   0.721523
  1383.80265    0.642648   0.720551
  1383.81832    0.786273   0.719556
  1383.83382    0.534532   0.718644
  1383.84932    0.635585   0.717711
  1383.86498    0.642648   0.716832
  1383.88048    0.713138   0.716013
  1383.89598    0.868507   0.715202
  1383.91165    0.705299   0.714523
  1383.92715    0.858961   0.713875
  1383.94282    0.957576   0.713226
  1383.95832    0.590437   0.712775
  1383.97382    0.670461   0.712238
  1383.98948    0.696905   0.711787
  1384.00498    0.790630   0.711338
  1384.02098    0.762735   0.711049
  1384.03657    0.860545   0.710786
  1384.05215    0.610342   0.710537
  1384.06773    0.615423   0.710236
  1384.08323    0.625710   0.710174
  1384.09882    0.790630   0.710113
  1384.11440    0.716429   0.710087
  1384.12998    0.603078   0.710159
  1384.14548    0.576466   0.710302
  1384.16148    0.575405   0.710434
  1384.17715    0.656407   0.710567
  1384.19265    0.694342   0.710893
  1384.20815    0.639107   0.711145
  1384.22382    0.831713   0.711497
  1384.23932    0.751577   0.712005
  1384.25498    0.870910   0.712392
  1384.27048    0.711170   0.712963
  1384.28598    0.806071   0.713539
  1384.30165    0.682926   0.714166
  1384.31715    0.637343   0.714803
  1384.33265    0.802368   0.715538
  1384.34832    0.900271   0.716319
  1384.36432    0.672316   0.717256
  1384.37990    0.553061   0.718145
  1384.39542    0.509065   0.719063
  1384.41100    0.759230   0.720027
  1384.42658    0.600307   0.721155
  1384.44217    0.509534   0.722191
  1384.45767    0.734469   0.723315
  1384.47325    0.704650   0.724467
  1384.48883    0.524292   0.725797
  1384.50483    0.628020   0.727072
  1384.52033    0.675419   0.728364
  1384.53600    0.634415   0.729841
  1384.55150    0.706600   0.731128
  1384.56708    0.758531   0.732675
  1384.58267    0.610905   0.734126
  1384.59817    0.815781   0.735728
  1384.61383    0.603634   0.737278
  1384.62933    0.746059   0.738934
  1384.64483    0.840956   0.740541
  1384.66050    0.630338   0.742299
  1384.67600    0.952299   0.744008
  1384.69200    1.003629   0.745816
  1384.70758    0.721063   0.747510
  1384.72317    0.886285   0.749454
  1384.73875    0.684185   0.751289
  1384.75433    0.803107   0.753221
  1384.76983    0.871713   0.755145
  1384.78542    0.988037   0.757135
  1384.80150    0.658224   0.759273
  1384.81700    0.692426   0.761164
  1384.83250    0.787723   0.763218
  1384.84817    0.727735   0.765307
  1384.86367    0.850302   0.767344
  1384.87917    0.617694   0.769561
  1384.89483    0.742632   0.771779
  1384.91033    0.942700   0.773916
  1384.92600    0.836322   0.776053
  1384.94150    0.663702   0.778292
  1384.95700    0.678537   0.780544
  1384.97267    0.954934   0.782796
  1384.98867    0.805329   0.785094
  1385.00417    0.841731   0.787451
  1385.01975    0.988948   0.789753
  1385.03533    0.896135   0.792112
  1385.05092    0.785549   0.794441
  1385.06643    1.048995   0.796789
  1385.08202    0.721728   0.799143
  1385.09760    0.650989   0.801592
  1385.11368    0.979881   0.804048
  1385.12918    1.053837   0.806440
  1385.14468    0.659437   0.808797
  1385.16035    0.608658   0.811272
  1385.17585    0.871713   0.813725
  1385.19135    0.687976   0.816155
  1385.20702    0.655803   0.818631
  1385.22252    0.755046   0.821049
  1385.23818    0.978078   0.823546
  1385.25368    1.110640   0.825969
  1385.26918    0.734469   0.828479
  1385.28527    1.012916   0.831024
  1385.30085    0.861338   0.833530
  1385.31635    0.779782   0.835935
  1385.33193    0.812781   0.838501
  1385.34752    1.034602   0.840986
  1385.36352    1.034602   0.843528
  1385.37902    0.830182   0.845998
  1385.39468    0.586102   0.848547
  1385.41018    0.819546   0.850985
  1385.42585    0.685446   0.853524
  1385.44135    0.694342   0.856004
  1385.45685    0.904427   0.858462
  1385.47252    0.741265   0.860947
  1385.48802    0.881401   0.863367
  1385.50402    0.886285   0.865965
  1385.51960    0.976278   0.868392
  1385.53518    0.622262   0.870832
  1385.55068    0.926346   0.873320
  1385.56627    1.079378   0.875749
  1385.58185    0.655803   0.878153
  1385.59785    0.818038   0.880659
  1385.61343    0.805329   0.883081
  1385.62902    1.251911   0.885523
  1385.64452    1.175908   0.887864
  1385.66018    0.857380   0.890294
  1385.67568    0.748813   0.892596
  1385.69118    0.687976   0.895007
  1385.70685    0.657012   0.897355
  1385.72235    0.837092   0.899678
  1385.73837    1.066531   0.902045
  1385.75395    0.855802   0.904431
  1385.76953    0.890376   0.906665
  1385.78512    1.006406   0.909019
  1385.80062    0.840956   0.911253
  1385.81620    0.687343   0.913545
  1385.83220    0.915321   0.915744
  1385.84787    0.827891   0.918002
  1385.86337    1.152321   0.920201
  1385.87887    0.748124   0.922395
  1385.89453    0.817285   0.924537
  1385.91003    0.920393   0.926669
  1385.92553    1.012916   0.928767
  1385.94120    1.148083   0.930885
  1385.95720    0.905260   0.933052
  1385.97278    0.995344   0.935037
  1385.98828    0.868507   0.937133
  1386.00387    0.685446   0.939145
  1386.01945    0.949671   0.941140
  1386.03553    1.211082   0.943143
  1386.05103    0.598099   0.945139
  1386.06653    0.808302   0.947112
  1386.08220    0.715770   0.949016
  1386.09770    1.052867   0.950843
  1386.11320    0.943568   0.952689
  1386.12887    0.862926   0.954494
  1386.14437    0.952299   0.956296
  1386.16045    0.948797   0.958078
  1386.17595    0.861338   0.959837
  1386.19153    0.918699   0.961535
  1386.20712    0.963770   0.963215
  1386.22320    0.960226   0.964971
  1386.23870    0.692426   0.966609
  1386.25420    1.048995   0.968230
  1386.26987    0.790630   0.969778
  1386.28537    1.502358   0.971305
  1386.30087    0.918699   0.972815
  1386.31653    0.978979   0.974291
  1386.33253    1.442691   0.975726
  1386.34812    1.041294   0.977191
  1386.36362    0.977177   0.978529
  1386.37920    0.858170   0.979884
  1386.39478    0.672316   0.981179
  1386.41080    0.773345   0.982529
  1386.42638    0.844838   0.983761
  1386.44188    1.079378   0.984918
  1386.45755    0.928909   0.986099
  1386.47305    1.018529   0.987193
  1386.48855    1.000860   0.988227
  1386.50463    1.136510   0.989323
  1386.52022    0.967327   0.990380
  1386.53572    0.986219   0.991326
  1386.55130    1.182424   0.992233
  1386.56688    1.170505   0.993122
  1386.58288    1.066531   0.993961
  1386.59838    1.039378   0.994715
  1386.61405    0.794280   0.995454
  1386.62955    1.117824   0.996139
  1386.64522    1.150200   0.996802
  1386.66072    1.353859   0.997394
  1386.67672    1.156574   0.997959
  1386.69230    1.068497   0.998432
  1386.70788    0.843283   0.998841
  1386.72338    1.087360   0.999192
  1386.73938    1.223414   0.999494
  1386.75505    0.715111   0.999730
  1386.77055    0.781940   0.999895
  1386.78605    0.852655   0.999998
  1386.80172    0.902762   1.000000
  1386.81722    0.894486   1.000000
  1386.83330    1.381572   1.000000
  1386.84880    0.917854   1.000000
  1386.86438    1.073429   1.000000
  1386.88038    0.849520   1.000000
  1386.89605    0.856591   1.000000
  1386.91155    0.940099   1.000000
  1386.92705    0.989859   1.000000
  1386.94272    1.129207   1.000000
  1386.95872    1.116795   1.000000
  1386.97422    0.764141   1.000000
  1386.99072    1.044175   1.000000
  1387.00630    0.874930   1.000000
  1387.02188    0.919546   1.000000
  1387.03788    1.089365   1.000000
  1387.05338    0.997180   1.000000
  1387.06905    0.741948   1.000000
  1387.08457    0.955814   1.000000
  1387.10007    0.950547   1.000000
  1387.11573    0.932338   1.000000
  1387.13123    1.199978   1.000000
  1387.14732    1.199978   1.000000
  1387.16282    0.741265   1.000000
  1387.17840    0.883839   1.000000
  1387.19398    0.953177   1.000000
  1387.20998    0.767668   1.000000
  1387.22557    1.166201   1.000000
  1387.24107    1.176992   1.000000
  1387.25673    1.023230   1.000000
  1387.27223    0.998098   1.000000
  1387.28823    1.023230   1.000000
  1387.30382    0.683555   1.000000
  1387.31940    1.063588   1.000000
  1387.33490    0.959342   1.000000
  1387.35090    0.954055   1.000000
  1387.36657    1.134419   1.000000
  1387.38207    1.063588   1.000000
  1387.39757    1.021347   1.000000
  1387.41323    0.914478   1.000000
  1387.42923    0.737859   1.000000
  1387.44482    0.941832   1.000000
  1387.46032    0.792088   1.000000
  1387.47640    1.337745   1.000000
  1387.49190    0.979881   1.000000
  1387.50757    1.021347   1.000000
  1387.52307    1.255375   1.000000
  1387.53857    1.105537   1.000000
  1387.55423    0.903594   1.000000
  1387.57023    1.063588   1.000000
  1387.58573    0.816532   1.000000
  1387.60132    0.948797   1.000000
  1387.61690    1.011983   1.000000
  1387.63290    0.972688   1.000000
  1387.64840    1.118854   1.000000
  1387.66407    0.809792   1.000000
  1387.67957    0.922940   1.000000
  1387.69523    1.120917   1.000000
  1387.71115    0.855014   1.000000
  1387.72673    0.769083   1.000000
  1387.74232    0.909439   1.000000
  1387.75842    0.914478   1.000000
  1387.77392    0.920393   1.000000
  1387.78942    0.903594   1.000000
  1387.80508    0.885469   1.000000
  1387.82058    1.047064   1.000000
  1387.83608    1.194465   1.000000
  1387.85217    1.057727   1.000000
  1387.86775    0.865313   1.000000
  1387.88375    1.112688   1.000000
  1387.89925    0.928054   1.000000
  1387.91492    1.024173   1.000000
  1387.93042    0.959342   1.000000
  1387.94600    0.928909   1.000000
  1387.96200    0.803107   1.000000
  1387.97758    1.080372   1.000000
  1387.99458    0.911115   1.000000
  1388.01008    1.004554   1.000000
  1388.02608    0.904427   1.000000
  1388.04167    0.953177   1.000000
  1388.05725    1.048029   1.000000
  1388.07325    1.217793   1.000000
  1388.08875    0.926346   1.000000
  1388.10442    1.297697   1.000000
  1388.11992    0.830947   1.000000
  1388.13592    1.084360   1.000000
  1388.15150    0.805329   1.000000
  1388.16708    1.054808   1.000000
  1388.18308    0.928909   1.000000
  1388.19858    0.999939   1.000000
  1388.21425    0.940099   1.000000
  1388.22975    1.162983   1.000000
  1388.24542    1.112688   1.000000
  1388.26133    0.844838   1.000000
  1388.27692    0.954934   1.000000
  1388.29250    1.042254   1.000000
  1388.30858    0.815781   1.000000
  1388.32408    0.931480   1.000000
  1388.33958    0.848738   1.000000
  1388.35525    1.433420   1.000000
  1388.37075    1.062609   1.000000
  1388.38675    1.080372   1.000000
  1388.40233    1.019468   1.000000
  1388.41842    1.105537   1.000000
  1388.43393    1.424208   1.000000
  1388.44943    1.111664   1.000000
  1388.46510    1.095402   1.000000
  1388.48060    1.010121   1.000000
  1388.49668    1.049962   1.000000
  1388.51218    0.871713   1.000000
  1388.52777    0.981688   1.000000
  1388.54377    0.834783   1.000000
  1388.55943    0.967327   1.000000
  1388.57493    0.978979   1.000000
  1388.59043    1.021347   1.000000
  1388.60652    0.976278   1.000000
  1388.62210    1.029849   1.000000
  1388.63810    0.889556   1.000000
  1388.65360    0.961111   1.000000
  1388.66927    0.947924   1.000000
  1388.68477    0.967327   1.000000
  1388.70077    1.040335   1.000000
  1388.71635    0.934057   1.000000
  1388.73193    1.033650   1.000000
  1388.74793    0.887919   1.000000
  1388.76343    0.918699   1.000000
  1388.77910    1.043214   1.000000
  1388.79460    0.880589   1.000000
  1388.81060    1.108596   1.000000
  1388.82618    1.048029   1.000000
  1388.84227    1.016655   1.000000
  1388.85777    0.970004   1.000000
  1388.87327    0.835552   1.000000
  1388.88893    1.148083   1.000000
  1388.90493    1.142808   1.000000
  1388.92052    0.941832   1.000000
  1388.93643    1.036510   1.000000
  1388.95210    1.048995   1.000000
  1388.96760    1.055780   1.000000
  1388.98327    0.996262   1.000000
  1388.99877    0.971792   1.000000
  1389.01477    1.157640   1.000000
  1389.03035    1.130247   1.000000
  1389.04643    1.013849   1.000000
  1389.06193    1.105537   1.000000
  1389.07743    0.942700   1.000000
  1389.09310    1.040335   1.000000
  1389.10912    0.900271   1.000000
  1389.12462    1.085359   1.000000
  1389.14062    1.107576   1.000000
  1389.15628    0.962883   1.000000
  1389.17178    1.001782   1.000000
  1389.18728    0.988037   1.000000
  1389.20337    0.953177   1.000000
  1389.21895    1.010121   1.000000
  1389.23495    0.988037   1.000000
  1389.25045    0.944438   1.000000
  1389.26612    0.967327   1.000000
  1389.28162    1.083362   1.000000
  1389.29770    1.092379   1.000000
  1389.31320    0.941832   1.000000
  1389.32928    0.781940   1.000000
  1389.34478    0.965547   1.000000
  1389.36037    1.061631   1.000000
  1389.37595    0.948797   1.000000
  1389.39195    1.121950   1.000000
  1389.40753    1.022288   1.000000
  1389.42312    0.974481   1.000000
  1389.43912    1.028901   1.000000
  1389.45462    1.015719   1.000000
  1389.47028    0.943568   1.000000
  1389.48620    0.906094   1.000000
  1389.50178    1.058701   1.000000
  1389.51778    1.295309   1.000000
  1389.53345    0.957576   1.000000
  1389.54895    1.011983   1.000000
  1389.56445    0.890376   1.000000
  1389.58053    1.169428   1.000000
  1389.59612    0.961996   1.000000
  1389.61212    1.069482   1.000000
  1389.62762    1.135464   1.000000
  1389.64328    0.873320   1.000000
  1389.65878    0.955814   1.000000
  1389.67478    0.826368   1.000000
  1389.69037    0.868507   1.000000
  1389.70645    1.094393   1.000000
  1389.72195    1.035556   1.000000
  1389.73745    0.843283   1.000000
  1389.75312    1.209967   1.000000
  1389.76912    0.966437   1.000000
  1389.78472    0.978078   1.000000
  1389.80063    1.092379   1.000000
  1389.81630    0.969111   1.000000
  1389.83180    1.004554   1.000000
  1389.84788    1.049962   1.000000
  1389.86338    1.150200   1.000000
  1389.87897    1.063588   1.000000
  1389.89497    0.878969   1.000000
  1389.91063    1.024173   1.000000
  1389.92613    0.910277   1.000000
  1389.94213    1.045137   1.000000
  1389.95772    1.036510   1.000000
  1389.97330    0.947051   1.000000
  1389.98930    0.970898   1.000000
  1390.00480    1.031747   1.000000
  1390.02047    1.050929   1.000000
  1390.03597    0.819546   1.000000
  1390.05197    1.249607   1.000000
  1390.06797    0.998098   1.000000
  1390.08363    0.872516   1.000000
  1390.09913    1.024173   1.000000
  1390.11463    0.993513   1.000000
  1390.13072    0.963770   1.000000
  1390.14630    0.966437   1.000000
  1390.16230    1.241576   1.000000
  1390.17780    1.114740   1.000000
  1390.19347    1.026062   1.000000
  1390.20897    1.208853   1.000000
  1390.22497    1.110640   1.000000
  1390.24055    0.830182   1.000000
  1390.25663    1.052867   1.000000
  1390.27213    1.361361   1.000000
  1390.28763    1.122984   1.000000
  1390.30372    1.201084   1.000000
  1390.31930    1.178076   1.000000
  1390.33530    0.869307   1.000000
  1390.35080    0.919546   1.000000
  1390.36647    1.184605   1.000000
  1390.38247    0.935779   1.000000
  1390.39805    0.960226   1.000000
  1390.41397    0.859752   1.000000
  1390.42963    0.854227   1.000000
  1390.44513    0.980784   1.000000
  1390.46123    1.070467   1.000000
  1390.47673    0.731768   1.000000
  1390.49282    0.982592   1.000000
  1390.50832    0.862131   1.000000
  1390.52398    0.962883   1.000000
  1390.53990    1.065549   1.000000
  1390.55548    0.943568   1.000000
  1390.57148    0.785549   1.000000
  1390.58715    1.081368   1.000000
  1390.60265    0.850302   1.000000
  1390.61865    1.385394   1.000000
  1390.63423    0.896961   1.000000
  1390.65023    0.940099   1.000000
  1390.66582    0.979881   1.000000
  1390.68132    0.955814   1.000000
  1390.69740    1.119885   1.000000
  1390.71298    1.109618   1.000000
  1390.72898    0.827129   1.000000
  1390.74448    0.804588   1.000000
  1390.76015    1.139655   1.000000
  1390.77607    1.134419   1.000000
  1390.79165    0.869307   1.000000
  1390.80765    1.041294   1.000000
  1390.82332    0.940965   1.000000
  1390.83882    1.115767   1.000000
  1390.85432    0.988948   1.000000
  1390.87040    1.186789   1.000000
  1390.88648    0.795011   1.000000
  1390.90198    0.889556   1.000000
  1390.91748    1.088362   1.000000
  1390.93315    1.121950   1.000000
  1390.94915    1.093386   1.000000
  1390.96465    1.018529   1.000000
  1390.98065    1.020407   1.000000
  1390.99632    0.978078   1.000000
  1391.01232    1.061631   1.000000
  1391.02782    0.937505   1.000000
  1391.04382    1.049962   1.000000
  1391.05948    0.921241   1.000000
  1391.07498    0.816532   1.000000
  1391.09098    0.797946   1.000000
  1391.10657    0.945308   1.000000
  1391.12267    0.768375   1.000000
  1391.13817    1.216672   1.000000
  1391.15367    0.922940   1.000000
  1391.16975    1.181336   1.000000
  1391.18533    1.138606   1.000000
  1391.20133    0.934057   1.000000
  1391.21683    0.898614   1.000000
  1391.23250    0.991684   1.000000
  1391.24850    1.004554   1.000000
  1391.26400    1.114740   1.000000
  1391.28000    0.916164   1.000000
  1391.29567    1.264659   1.000000
  1391.31117    0.855802   1.000000
  1391.32717    1.022288   1.000000
  1391.34275    0.979881   1.000000
  1391.35883    1.154445   1.000000
  1391.37433    1.126091   1.000000
  1391.38983    0.832479   1.000000
  1391.40550    0.855014   1.000000
  1391.42150    1.214433   1.000000
  1391.43708    1.097421   1.000000
  1391.45300    0.917009   1.000000
  1391.46867    1.070467   1.000000
  1391.48417    0.911115   1.000000
  1391.49983    0.985311   1.000000
  1391.51533    0.988037   1.000000
  1391.53133    1.114740   1.000000
  1391.54692    0.884654   1.000000
  1391.56300    0.996262   1.000000
  1391.57850    0.851086   1.000000
  1391.59400    1.069482   1.000000
  1391.60967    0.819546   1.000000
  1391.62567    1.078384   1.000000
  1391.64117    0.927200   1.000000
  1391.65675    0.941832   1.000000
  1391.67283    1.112688   1.000000
  1391.68833    0.900271   1.000000
  1391.70383    1.066531   1.000000
  1391.71950    0.918699   1.000000
  1391.73550    1.116795   1.000000
  1391.75150    1.079378   1.000000
  1391.76700    1.009191   1.000000
  1391.78267    1.139655   1.000000
  1391.79818    0.911955   1.000000
  1391.81427    0.857380   1.000000
  1391.82977    1.046100   1.000000
  1391.84535    1.094393   1.000000
  1391.86135    1.026062   1.000000
  1391.87702    1.061631   1.000000
  1391.89252    1.048995   1.000000
  1391.90802    1.072441   1.000000
  1391.92410    0.972688   1.000000
  1391.93968    1.128167   1.000000
  1391.95568    1.185696   1.000000
  1391.97118    0.927200   1.000000
  1391.98685    1.131289   1.000000
  1392.00235    1.071454   1.000000
  1392.01785    1.042254   1.000000
  1392.03393    0.978979   1.000000
  1392.05002    0.976278   1.000000
  1392.06552    1.072441   1.000000
  1392.08102    1.113713   1.000000
  1392.09710    0.928054   1.000000
  1392.11268    1.103503   1.000000
  1392.12868    0.997180   1.000000
  1392.14418    0.766961   1.000000
  1392.15985    1.041294   1.000000
  1392.17535    1.018529   1.000000
  1392.19135    0.970004   1.000000
  1392.20693    0.909439   1.000000
  1392.22252    0.915321   1.000000
  1392.23852    0.985311   1.000000
  1392.25402    1.088362   1.000000
  1392.26968    1.152321   1.000000
  1392.28518    0.838636   1.000000
  1392.30127    0.943568   1.000000
  1392.31677    1.111664   1.000000
  1392.33285    1.098433   1.000000
  1392.34835    0.847176   1.000000
  1392.36402    0.975379   1.000000
  1392.37952    0.931480   1.000000
  1392.39552    1.017591   1.000000
  1392.41110    1.018529   1.000000
  1392.42718    0.995344   1.000000
  1392.44268    0.892840   1.000000
  1392.45818    1.001782   1.000000
  1392.47387    0.846396   1.000000
  1392.48937    1.089365   1.000000
  1392.50537    0.990771   1.000000
  1392.52095    0.983498   1.000000
  1392.53703    0.947051   1.000000
  1392.55253    1.179162   1.000000
  1392.56803    1.140705   1.000000
  1392.58370    1.181336   1.000000
  1392.59970    0.903594   1.000000
  1392.61520    1.019468   1.000000
  1392.63120    0.958459   1.000000
  1392.64687    0.903594   1.000000
  1392.66237    1.059677   1.000000
  1392.67795    0.820301   1.000000
  1392.69395    1.135464   1.000000
  1392.70953    0.970004   1.000000
  1392.72553    1.156574   1.000000
  1392.74112    0.890376   1.000000
  1392.75670    1.066531   1.000000
  1392.77220    0.880589   1.000000
  1392.78828    1.037465   1.000000
  1392.80378    0.936642   1.000000
  1392.81987    1.012916   1.000000
  1392.83537    1.011983   1.000000
  1392.85103    1.076399   1.000000
  1392.86695    0.992598   1.000000
  1392.88253    1.207740   1.000000
  1392.89853    0.953177   1.000000
  1392.91420    1.000860   1.000000
  1392.92970    0.870910   1.000000
  1392.94520    1.116795   1.000000
  1392.96128    1.144915   1.000000
  1392.97687    0.978078   1.000000
  1392.99287    1.007334   1.000000
  1393.00837    1.083362   1.000000
  1393.02403    0.969111   1.000000
  1393.03953    1.179162   1.000000
  1393.05603    1.073429   1.000000
  1393.07153    1.061631   1.000000
  1393.08720    1.091373   1.000000
  1393.10320    0.821814   1.000000
  1393.11870    1.019468   1.000000
  1393.13470    0.911115   1.000000
  1393.15038    0.877351   1.000000
  1393.16588    1.033650   1.000000
  1393.18138    1.052867   1.000000
  1393.19747    0.922090   1.000000
  1393.21305    0.990771   1.000000
  1393.22905    1.100458   1.000000
  1393.24455    0.929765   1.000000
  1393.26022    0.915321   1.000000
  1393.27622    0.998098   1.000000
  1393.29172    1.082364   1.000000
  1393.30772    0.754351   1.000000
  1393.32338    0.981688   1.000000
  1393.33888    0.716429   1.000000
  1393.35447    1.050929   1.000000
  1393.37047    1.106556   1.000000
  1393.38605    0.961996   1.000000
  1393.40205    1.160843   1.000000
  1393.41755    0.971792   1.000000
  1393.43322    0.914478   1.000000
  1393.44872    0.878969   1.000000
  1393.46480    1.036510   1.000000
  1393.48030    1.038421   1.000000
  1393.49638    0.837864   1.000000
  1393.51188    0.787723   1.000000
  1393.52755    0.976278   1.000000
  1393.54347    1.085359   1.000000
  1393.55905    1.048995   1.000000
  1393.57505    1.037465   1.000000
  1393.59072    1.015719   1.000000
  1393.60622    0.869307   1.000000
  1393.62222    1.039378   1.000000
  1393.63780    0.870108   1.000000
  1393.65388    1.109618   1.000000
  1393.66938    0.916164   1.000000
  1393.68488    0.874125   1.000000
  1393.70055    1.178076   1.000000
  1393.71655    1.160843   1.000000
  1393.73205    1.019468   1.000000
  1393.74805    1.001782   1.000000
  1393.76372    1.004554   1.000000
  1393.77922    0.978979   1.000000
  1393.79522    0.999939   1.000000
  1393.81080    0.987128   1.000000
  1393.82690    0.947051   1.000000
  1393.84240    1.307294   1.000000
  1393.85790    1.147026   1.000000
  1393.87398    0.959342   1.000000
  1393.88957    1.206628   1.000000
  1393.90557    1.102487   1.000000
  1393.92107    1.016655   1.000000
  1393.93673    1.130247   1.000000
  1393.95273    0.935779   1.000000
  1393.96823    1.027953   1.000000
  1393.98423    1.067514   1.000000
  1393.99990    0.975379   1.000000
  1394.01540    1.030798   1.000000
  1394.03140    1.235872   1.000000
  1394.04698    1.067514   1.000000
  1394.06307    0.954055   1.000000
  1394.07857    0.969111   1.000000
  1394.09407    0.876543   1.000000
  1394.11015    0.937505   1.000000
  1394.12573    1.182424   1.000000
  1394.14173    0.959342   1.000000
  1394.15723    0.943568   1.000000
  1394.17290    1.033650   1.000000
  1394.18840    1.134419   1.000000
  1394.20448    0.917854   1.000000
  1394.22040    1.010121   1.000000
  1394.23607    0.862926   1.000000
  1394.25157    0.934918   1.000000
  1394.26723    1.047064   1.000000
  1394.28315    0.879779   1.000000
  1394.29923    0.940965   1.000000
  1394.31473    0.993513   1.000000
  1394.33040    1.122984   1.000000
  1394.34632    0.917009   1.000000
  1394.36190    1.182424   1.000000
  1394.37790    0.807557   1.000000
  1394.39357    1.044175   1.000000
  1394.40907    1.027953   1.000000
  1394.42457    0.875736   1.000000
  1394.44065    1.036510   1.000000
  1394.45673    1.030798   1.000000
  1394.47223    0.958459   1.000000
  1394.48773    0.922940   1.000000
  1394.50383    0.946179   1.000000
  1394.51942    0.793548   1.000000
  1394.53542    0.872516   1.000000
  1394.55092    0.811285   1.000000
  1394.56658    1.128167   1.000000
  1394.58258    0.891196   1.000000
  1394.59808    0.950547   1.000000
  1394.61408    0.871713   1.000000
  1394.62975    1.011983   1.000000
  1394.64525    0.999939   1.000000
  1394.66125    0.969111   1.000000
  1394.67725    1.033650   1.000000
  1394.69292    0.821814   1.000000
  1394.70842    1.103503   1.000000
  1394.72392    0.928909   1.000000
  1394.74000    0.930622   1.000000
  1394.75608    1.075408   1.000000
  1394.77158    0.993513   1.000000
  1394.78708    1.022288   1.000000
  1394.80317    1.104520   1.000000
  1394.81875    0.840956   1.000000
  1394.83475    0.867708   1.000000
  1394.85025    0.997180   1.000000
  1394.86633    1.014784   1.000000
  1394.88192    0.913636   1.000000
  1394.89792    0.901931   1.000000
  1394.91342    1.172663   1.000000
  1394.92908    0.961996   1.000000
  1394.94508    0.901931   1.000000
  1394.96108    0.949671   1.000000
  1394.97658    1.130247   1.000000
  1394.99225    0.772633   1.000000
  1395.00825    1.116795   1.000000
  1395.02375    0.820301   1.000000
  1395.03975    1.097421   1.000000
  1395.05542    1.131289   1.000000
  1395.07142    1.062609   1.000000
  1395.08692    1.036510   1.000000
  1395.10292    0.951422   1.000000
  1395.11858    0.909439   1.000000
  1395.13408    0.800891   1.000000
  1395.15008    0.848738   1.000000
  1395.16568    0.890376   1.000000
  1395.18177    0.962883   1.000000
  1395.19727    0.830182   1.000000
