  1397.45250    0.812897   0.958952
  1397.51917    1.080591   0.955258
  1397.56917    1.128563   0.952353
  1397.63583    0.939176   0.948295
  1397.80250    0.875171   0.937208
  1397.85250    0.919551   0.933614
  1397.91917    1.051218   0.928626
  1397.96917    0.844964   0.924737
  1398.01917    0.900311   0.920720
  1398.08583    0.981376   0.915163
  1398.13583    0.876068   0.910845
  1398.18583    1.014341   0.906396
  1398.25250    0.837524   0.900262
  1398.30250    0.762359   0.895508
  1398.36917    0.887228   0.888967
  1398.41917    0.897938   0.883908
  1398.46917    0.906724   0.878719
  1398.53583    0.904351   0.871597
  1398.58583    0.828481   0.866105
  1398.63583    0.942639   0.860484
  1398.70250    0.953350   0.852792
  1398.75250    0.854135   0.846876
  1398.81917    0.937701   0.838795
  1398.86917    0.922758   0.832592
  1398.91917    0.815077   0.826269
  1398.98583    0.657051   0.817656
  1399.03583    0.835279   0.811063
  1399.08583    0.739912   0.804359
  1399.15250    0.835600   0.795255
  1399.20250    0.781214   0.788307
  1399.26917    0.783010   0.778892
  1399.31917    0.692389   0.771723
  1399.36917    0.823222   0.764469
  1399.43583    0.810908   0.754676
  1399.53583    0.794170   0.739764
  1399.60250    0.686232   0.729705
  1399.65250    0.631847   0.722114
  1399.71917    0.748121   0.711949
  1399.76917    0.660643   0.704307
  1399.81917    0.745364   0.696663
  1399.88583    0.715157   0.686490
  1399.93583    0.578744   0.678890
  1399.98583    0.667249   0.671329
  1400.05250    0.842911   0.661329
  1400.10250    0.700406   0.653905
  1400.16917    0.634604   0.644128
  1400.21917    0.671930   0.636901
  1400.26917    0.610747   0.629775
  1400.33583    0.703677   0.620447
  1400.38583    0.603051   0.613592
  1400.43583    0.600421   0.606867
  1400.50250    0.512301   0.598117
  1400.55250    0.571946   0.591728
  1400.61917    0.538532   0.583452
  1400.66917    0.619212   0.577436
  1400.71917    0.573870   0.571593
  1400.78583    0.564378   0.564079
  1400.83583    0.661477   0.558660
  1400.88583    0.534812   0.553433
  1400.95250    0.516726   0.546771
  1401.00250    0.467472   0.542011
  1401.06917    0.562326   0.535991
  1401.11917    0.461058   0.531726
  1401.16917    0.485878   0.527680
  1401.23583    0.482351   0.522633
  1401.28583    0.418538   0.519113
  1401.33583    0.506273   0.515825
  1401.40250    0.556105   0.511807
  1401.45250    0.445474   0.509072
  1401.51917    0.449835   0.505802
  1401.78583    0.472859   0.497121
  1401.85250    0.545843   0.496071
  1401.90250    0.476707   0.495582
  1401.96917    0.496268   0.495328
  1402.01917    0.511724   0.495437
  1402.06917    0.504220   0.495802
  1402.13583    0.526603   0.496689
  1402.18583    0.520895   0.497653
  1402.23583    0.469588   0.498873
  1402.30250    0.522755   0.500896
  1402.35250    0.512365   0.502709
  1402.41917    0.480619   0.505518
  1402.46917    0.527950   0.507916
  1402.51917    0.502360   0.510562
  1402.58583    0.457723   0.514471
  1402.63583    0.535838   0.517687
  1402.68583    0.536608   0.521141
  1402.75250    0.602538   0.526115
  1402.80250    0.560337   0.530117
  1402.85250    0.514354   0.534347
  1402.91917    0.516662   0.540335
  1402.96917    0.542188   0.545083
  1403.03583    0.575409   0.551745
  1403.08583    0.558285   0.556985
  1403.13583    0.559889   0.562427
  1403.20250    0.602024   0.569988
  1403.25250    0.624151   0.575880
  1403.30250    0.562903   0.581954
  1403.36917    0.656025   0.590324
  1403.41917    0.580668   0.596796
  1403.46917    0.584644   0.603427
  1403.53583    0.637555   0.612498
  1403.58583    0.510698   0.619463
  1403.63583    0.581630   0.626557
  1403.70250    0.700342   0.636194
  1403.75250    0.620367   0.643541
  1403.80250    0.589005   0.650975
  1403.86917    0.674560   0.661002
  1403.91917    0.717465   0.668593
  1403.98583    0.590480   0.678785
  1404.03583    0.661733   0.686465
  1404.08583    0.671866   0.694165
  1404.15250    0.663208   0.704440
  1404.20250    0.793721   0.712140
  1404.25250    0.654486   0.719821
  1404.31917    0.848298   0.730014
  1404.36917    0.842206   0.737608
  1404.41917    0.730613   0.745149
  1404.48583    0.796671   0.755106
  1404.53583    0.827519   0.762492
  1404.60250    0.819182   0.772218
  1404.65250    0.776789   0.779415
  1404.71917    0.762808   0.788870
  1404.76917    0.953093   0.795850
  1404.83583    0.813859   0.805000
  1404.88583    0.836434   0.811740
  1404.95250    0.894154   0.820558
  1405.00250    0.742862   0.827040
  1405.06917    0.828096   0.835502
  1405.11917    0.748827   0.841710
  1405.16917    0.831752   0.847798
  1405.23583    0.893962   0.855723
  1405.28583    0.845092   0.861521
  1405.33583    0.902107   0.867193
  1405.38583    0.820977   0.872737
  1405.45250    0.900119   0.879929
  1405.50250    0.882995   0.885172
  1405.55250    0.838165   0.890283
  1405.61917    0.767233   0.896895
  1405.66917    0.900119   0.901701
  1405.73583    0.859330   0.907903
  1405.78583    0.921603   0.912401
  1405.83583    0.886202   0.916767
  1405.90250    0.840346   0.922384
  1405.95250    0.992664   0.926444
  1406.00250    0.917114   0.930373
  1406.06917    0.928338   0.935412
  1406.11917    1.013700   0.939040
  1406.18583    0.968229   0.943680
  1406.23583    1.039546   0.947013
  1406.30250    0.963226   0.951263
  1406.35250    0.887228   0.954306
  1406.41917    0.916729   0.958175
  1406.46917    1.004464   0.960938
  1406.51917    1.018061   0.963582
  1406.58583    0.960469   0.966928
  1406.63583    0.857277   0.969304
  1406.70250    0.960789   0.972299
  1406.75250    0.995999   0.974418
  1406.81917    1.060902   0.977078
  1406.86917    0.959314   0.978951
  1406.91917    1.053783   0.980722
  1406.98583    0.888510   0.982929
  1407.03583    0.937829   0.984471
  1407.08583    0.967074   0.985920
  1407.15250    0.812255   0.987710
  1407.20250    0.934623   0.988950
  1407.25250    0.994973   0.990104
  1407.31917    0.959058   0.991516
  1407.36917    1.122278   0.992483
  1407.41917    0.983044   0.993374
  1407.46917    1.070843   0.994192
  1407.53583    1.135233   0.995174
  1407.58583    1.039802   0.995834
  1407.63583    0.917050   0.996430
  1407.70250    0.904865   0.997133
  1407.75250    0.961687   0.997594
  1407.80250    0.973937   0.998003
  1407.86917    1.115352   0.998472
  1407.91917    1.102846   0.998771
  1407.98583    0.972782   0.999104
  1408.03583    0.966241   0.999310
  1408.10250    0.996704   0.999531
  1408.15250    0.927504   0.999661
  1408.20250    0.914292   0.999765
  1408.26917    0.969191   0.999866
  1408.31917    0.954312   0.999919
  1408.36917    0.927376   0.999955
  1408.43583    0.916858   0.999984
  1408.48583    0.963868   0.999995
  1408.55250    1.103359   1.000000
  1408.60250    1.048460   1.000000
  1408.65250    1.001578   1.000000
