  1057.01160    1.001330   1.000000
  1057.02180    1.007991   1.000000
  1057.03260    0.994669   1.000000
  1057.04340    0.916961   1.000000
  1057.05420    0.972467   1.000000
  1057.06500    0.980238   1.000000
  1057.07520    1.017982   1.000000
  1057.08600    0.990229   1.000000
  1057.09680    0.993559   1.000000
  1057.10760    1.020202   1.000000
  1057.11780    0.934723   1.000000
  1057.12860    0.948044   1.000000
  1057.13940    0.998000   1.000000
  1057.15020    0.992449   1.000000
  1057.16100    0.995779   1.000000
  1057.17120    1.013541   1.000000
  1057.18200    1.009101   1.000000
  1057.19280    1.010211   1.000000
  1057.20360    1.069047   1.000000
  1057.21380    0.993559   1.000000
  1057.22460    1.040184   1.000000
  1057.23540    1.073488   1.000000
  1057.24620    1.057946   1.000000
  1057.25700    1.040184   1.000000
  1057.26720    1.094580   1.000000
  1057.27800    1.144536   1.000000
  1057.28880    1.092360   1.000000
  1057.29960    1.077928   1.000000
  1057.30980    1.122333   1.000000
  1057.32060    1.130104   1.000000
  1057.33140    1.116783   1.000000
  1057.34220    1.063497   1.000000
  1057.35300    1.054616   1.000000
  1057.36320    1.059056   1.000000
  1057.37400    1.016872   1.000000
  1057.38480    1.027973   1.000000
  1057.39560    1.031303   1.000000
  1057.40580    1.067937   1.000000
  1057.41660    1.047955   1.000000
  1057.42740    1.052396   1.000000
  1057.43820    1.080149   1.000000
  1057.44900    1.036854   1.000000
  1057.45920    1.039074   1.000000
  1057.47000    1.026863   1.000000
  1057.48080    1.036854   1.000000
  1057.49160    1.002440   1.000000
  1057.50180    1.016872   1.000000
  1057.51260    0.989119   1.000000
  1057.52340    0.996889   1.000000
  1057.53420    0.980238   1.000000
  1057.54500    1.014651   1.000000
  1057.55520    1.011321   1.000000
  1057.56600    0.986898   1.000000
  1057.57680    1.009101   1.000000
  1057.58760    1.021312   1.000000
  1057.59780    0.991339   1.000000
  1057.60860    0.966916   1.000000
  1057.61940    0.959145   1.000000
  1057.63020    1.047955   1.000000
  1057.64100    0.975797   1.000000
  1057.65120    1.012431   1.000000
  1057.66200    1.011321   1.000000
  1057.67280    0.969136   1.000000
  1057.68360    1.000220   1.000000
  1057.69380    1.039074   1.000000
  1057.70460    1.057946   1.000000
  1057.71540    1.037964   1.000000
  1057.72620    1.029083   1.000000
  1057.73700    0.995779   1.000000
  1057.74720    0.972467   1.000000
  1057.75800    0.948044   1.000000
  1057.76880    0.935833   1.000000
  1057.77960    0.933613   1.000000
  1057.78980    0.981348   1.000000
  1057.80060    1.021312   1.000000
  1057.81140    0.963586   1.000000
  1057.82220    0.995779   1.000000
  1057.83300    1.036854   1.000000
  1057.84320    1.009101   1.000000
  1057.85400    1.032413   1.000000
  1057.86480    1.051285   1.000000
  1057.87560    1.054616   1.000000
  1057.88580    1.039074   1.000000
  1057.89660    1.031303   1.000000
  1057.90740    1.016872   1.000000
  1057.91820    1.011321   1.000000
  1057.92900    1.062387   1.000000
  1057.93920    1.044625   1.000000
  1057.95000    1.081259   1.000000
  1057.96080    1.077928   1.000000
  1057.97160    1.000220   1.000000
  1057.98180    1.015762   1.000000
  1057.99260    0.970247   1.000000
  1058.00340    0.996889   1.000000
  1058.01420    0.990229   1.000000
  1058.02500    1.001330   1.000000
  1058.03520    1.019092   1.000000
  1058.04600    1.089030   1.000000
  1058.05680    1.065717   1.000000
  1058.06760    0.968026   1.000000
  1058.07780    0.971357   1.000000
  1058.08860    0.941383   1.000000
  1058.09940    0.956925   1.000000
  1058.11020    0.959145   1.000000
  1058.12100    1.015762   1.000000
  1058.13120    1.072378   1.000000
  1058.14200    1.041294   1.000000
  1058.15280    1.034634   1.000000
  1058.16360    1.022422   1.000000
  1058.17380    0.972467   1.000000
  1058.18460    0.989119   1.000000
  1058.19540    1.062387   1.000000
  1058.20620    1.063497   1.000000
  1058.21700    1.055726   1.000000
  1058.22720    1.059056   1.000000
  1058.23800    1.032413   1.000000
  1058.24880    1.053506   1.000000
  1058.25960    1.060166   1.000000
  1058.26980    1.022422   1.000000
  1058.28060    1.030193   1.000000
  1058.29140    0.991339   1.000000
  1058.30220    0.988008   1.000000
  1058.31300    1.031303   1.000000
  1058.32320    0.974687   1.000000
  1058.33400    1.036854   1.000000
  1058.34480    1.033523   1.000000
  1058.35560    1.034634   1.000000
  1058.36580    1.041294   1.000000
  1058.37660    1.047955   1.000000
  1058.38740    1.063497   1.000000
  1058.39820    1.106792   1.000000
  1058.40900    1.075708   1.000000
  1058.41920    1.027973   1.000000
  1058.43000    1.020202   1.000000
  1058.44080    1.063497   1.000000
  1058.45160    1.075708   1.000000
  1058.46180    1.072378   1.000000
  1058.47260    0.971357   1.000000
  1058.48340    1.075708   1.000000
  1058.49420    1.066827   1.000000
  1058.50500    1.037964   1.000000
  1058.51520    0.988008   1.000000
  1058.52600    1.045735   1.000000
  1058.53680    1.100131   1.000000
  1058.54760    1.085699   1.000000
  1058.55780    0.992449   1.000000
  1058.56860    1.010211   1.000000
  1058.57940    1.060166   1.000000
  1058.59020    1.085699   1.000000
  1058.60100    1.066827   1.000000
  1058.61120    1.046845   1.000000
  1058.62200    1.074598   1.000000
  1058.63280    1.074598   1.000000
  1058.64360    1.042404   1.000000
  1058.65380    1.037964   1.000000
  1058.66460    0.976907   1.000000
  1058.67540    0.963586   1.000000
  1058.68620    1.025753   1.000000
  1058.69700    1.011321   1.000000
  1058.70720    1.025753   1.000000
  1058.71800    1.057946   1.000000
  1058.72880    1.070158   0.999999
  1058.73960    1.047955   0.999998
  1058.74980    1.022422   0.999997
  1058.76060    1.015762   0.999995
  1058.77140    0.996889   0.999993
  1058.78220    0.976907   0.999990
  1058.79300    1.027973   0.999987
  1058.80320    0.969136   0.999983
  1058.81400    1.001330   0.999977
  1058.82480    1.036854   0.999971
  1058.83560    1.054616   0.999964
  1058.84580    0.944714   0.999955
  1058.85660    0.969136   0.999945
  1058.86740    0.986898   0.999934
  1058.87820    0.982458   0.999921
  1058.88900    1.015762   0.999906
  1058.89920    0.986898   0.999890
  1058.91000    1.019092   0.999872
  1058.92080    0.998000   0.999851
  1058.93160    0.969136   0.999828
  1058.94180    1.025753   0.999805
  1058.95260    1.043515   0.999777
  1058.96340    1.083479   0.999747
  1058.97420    1.046845   0.999715
  1058.98500    1.047955   0.999680
  1058.99520    1.021312   0.999644
  1059.00600    1.021312   0.999602
  1059.01680    0.988008   0.999558
  1059.02760    1.002440   0.999511
  1059.03780    0.931392   0.999463
  1059.04860    1.023532   0.999408
  1059.05940    0.965806   0.999351
  1059.07020    0.965806   0.999289
  1059.08100    0.922511   0.999223
  1059.09120    0.939163   0.999158
  1059.10200    0.909190   0.999084
  1059.11280    0.905859   0.999006
  1059.12360    0.915851   0.998924
  1059.13380    0.972467   0.998842
  1059.14460    0.913630   0.998751
  1059.15540    0.954705   0.998655
  1059.16620    0.945824   0.998554
  1059.17700    1.045735   0.998449
  1059.18720    1.021312   0.998344
  1059.19800    0.999110   0.998228
  1059.20880    0.971357   0.998107
  1059.21960    0.973577   0.997980
  1059.22980    0.991339   0.997855
  1059.24060    0.954705   0.997717
  1059.25140    0.988008   0.997573
  1059.26220    1.016872   0.997423
  1059.27300    0.976907   0.997268
  1059.28320    1.002440   0.997115
  1059.29400    0.973577   0.996946
  1059.30480    0.965806   0.996772
  1059.31560    1.015762   0.996590
  1059.32580    0.994669   0.996413
  1059.33660    0.985788   0.996219
  1059.34740    0.951374   0.996017
  1059.35820    0.974687   0.995809
  1059.36900    0.986898   0.995594
  1059.37920    1.017982   0.995383
  1059.39000    1.029083   0.995154
  1059.40080    1.004660   0.994916
  1059.41160    0.996889   0.994672
  1059.42180    1.077928   0.994433
  1059.43260    1.012431   0.994173
  1059.44340    1.016872   0.993906
  1059.45420    0.998000   0.993630
  1059.46500    1.045735   0.993346
  1059.47520    1.010211   0.993070
  1059.48600    1.050175   0.992770
  1059.49680    1.010211   0.992462
  1059.50760    0.953595   0.992145
  1059.51780    0.992449   0.991837
  1059.52860    0.988008   0.991503
  1059.53940    0.973577   0.991161
  1059.55020    0.970247   0.990809
  1059.56100    0.944714   0.990449
  1059.57120    0.930282   0.990100
  1059.58200    0.932502   0.989721
  1059.59280    0.966916   0.989334
  1059.60360    0.989119   0.988936
  1059.61380    1.032413   0.988553
  1059.62460    1.030193   0.988137
  1059.63540    1.043515   0.987712
  1059.64620    1.043515   0.987277
  1059.65700    0.939163   0.986832
  1059.66720    0.982458   0.986403
  1059.67800    0.983568   0.985939
  1059.68880    0.986898   0.985465
  1059.69960    0.978017   0.984981
  1059.70980    1.011321   0.984514
  1059.72060    1.024643   0.984010
  1059.73140    1.031303   0.983495
  1059.74220    1.023532   0.982970
  1059.75300    1.031303   0.982435
  1059.76320    1.044625   0.981919
  1059.77400    1.033523   0.981363
  1059.78480    1.066827   0.980796
  1059.79560    1.011321   0.980219
  1059.80580    1.015762   0.979664
  1059.81660    1.035744   0.979065
  1059.82740    0.944714   0.978455
  1059.83820    0.976907   0.977835
  1059.84900    0.981348   0.977203
  1059.85920    0.985788   0.976597
  1059.87000    0.966916   0.975943
  1059.88080    0.941383   0.975279
  1059.89160    0.992449   0.974604
  1059.90180    0.966916   0.973955
  1059.91260    0.908080   0.973258
  1059.92340    0.920291   0.972549
  1059.93420    0.973577   0.971828
  1059.94500    0.963586   0.971097
  1059.95520    0.953595   0.970395
  1059.96600    1.006881   0.969641
  1059.97680    1.024643   0.968875
  1059.98760    0.965806   0.968098
  1059.99780    1.007991   0.967353
  1060.00860    0.959145   0.966554
  1060.01940    0.970247   0.965742
  1060.03020    0.992449   0.964919
  1060.04100    0.961366   0.964084
  1060.05120    0.975797   0.963285
  1060.06200    0.960255   0.962428
  1060.07280    0.965806   0.961559
  1060.08360    0.960255   0.960677
  1060.09380    0.946934   0.959835
  1060.10460    0.921401   0.958931
  1060.11540    0.943604   0.958015
  1060.12620    0.920291   0.957087
  1060.13700    0.913630   0.956148
  1060.14720    0.925842   0.955250
  1060.15800    0.923621   0.954288
  1060.16880    0.949154   0.953314
  1060.17960    0.911410   0.952329
  1060.18980    0.921401   0.951387
  1060.20060    0.955815   0.950378
  1060.21140    0.911410   0.949358
  1060.22220    0.921401   0.948326
  1060.23300    0.979128   0.947283
  1060.24320    1.001330   0.946286
  1060.25400    1.004660   0.945220
  1060.26480    0.998000   0.944142
  1060.27560    1.027973   0.943053
  1060.28580    1.036854   0.942014
  1060.29660    1.015762   0.940902
  1060.30740    0.991339   0.939779
  1060.31820    0.974687   0.938645
  1060.32900    0.974687   0.937499
  1060.33920    0.930282   0.936406
  1060.35000    0.948044   0.935238
  1060.36080    0.899199   0.934060
  1060.37160    0.879217   0.932869
  1060.38180    0.942494   0.931735
  1060.39260    0.901419   0.930524
  1060.40340    0.899199   0.929301
  1060.41420    0.959145   0.928068
  1060.42500    0.934723   0.926824
  1060.43520    1.001330   0.925639
  1060.44600    1.014651   0.924375
  1060.45680    1.054616   0.923099
  1060.46760    0.958035   0.921814
  1060.47780    0.979128   0.920590
  1060.48860    0.926952   0.919284
  1060.49940    0.966916   0.917968
  1060.51020    0.929172   0.916642
  1060.52100    0.938053   0.915306
  1060.53120    0.900309   0.914035
  1060.54200    0.906970   0.912680
  1060.55280    0.876996   0.911315
  1060.56360    0.874776   0.909941
  1060.57380    0.906970   0.908635
  1060.58460    0.822600   0.907242
  1060.59540    0.881437   0.905841
  1060.60620    0.848133   0.904431
  1060.61700    0.833702   0.903012
  1060.62720    0.876996   0.901664
  1060.63800    0.904749   0.900228
  1060.64880    0.940273   0.898784
  1060.65960    0.955815   0.897332
  1060.66980    0.911410   0.895953
  1060.68060    0.915851   0.894486
  1060.69140    0.954705   0.893011
  1060.70220    0.974687   0.891529
  1060.71300    0.913630   0.890039
  1060.72320    0.936943   0.888626
  1060.73400    0.940273   0.887123
  1060.74480    0.928062   0.885613
  1060.75560    0.959145   0.884096
  1060.76580    0.979128   0.882658
  1060.77660    0.935833   0.881129
  1060.78740    0.951374   0.879594
  1060.79820    0.933613   0.878053
  1060.80900    0.915851   0.876506
  1060.81920    0.875886   0.875039
  1060.83000    0.879217   0.873481
  1060.84080    0.862565   0.871917
  1060.85160    0.844803   0.870348
  1060.86180    0.830371   0.868862
  1060.87260    0.825931   0.867282
  1060.88340    0.815940   0.865698
  1060.89420    0.814829   0.864109
  1060.90500    0.833702   0.862515
  1060.91520    0.837032   0.861005
  1060.92600    0.840362   0.859402
  1060.93680    0.828151   0.857795
  1060.94760    0.819270   0.856183
  1060.95780    0.870336   0.854657
  1060.96860    0.857014   0.853037
  1060.97940    0.899199   0.851413
  1060.99020    0.890318   0.849786
  1061.00100    0.874776   0.848155
  1061.01120    0.869225   0.846611
  1061.02200    0.832591   0.844972
  1061.03280    0.829261   0.843331
  1061.04360    0.823710   0.841686
  1061.05380    0.817050   0.840129
  1061.06460    0.765984   0.838478
  1061.07540    0.774865   0.836824
  1061.08620    0.805949   0.835167
  1061.09700    0.805949   0.833508
  1061.10720    0.733791   0.831938
  1061.11800    0.781526   0.830274
  1061.12880    0.802618   0.828607
  1061.13960    0.788187   0.826937
  1061.14980    0.781526   0.825359
  1061.16060    0.820380   0.823686
  1061.17140    0.817050   0.822011
  1061.18220    0.791517   0.820334
  1061.19300    0.808169   0.818655
  1061.20320    0.837032   0.817068
  1061.21400    0.857014   0.815387
  1061.22480    0.805949   0.813704
  1061.23560    0.790407   0.812019
  1061.24580    0.788187   0.810428
  1061.25660    0.812609   0.808741
  1061.26740    0.807059   0.807054
  1061.27820    0.849243   0.805366
  1061.28900    0.858124   0.803677
  1061.29920    0.817050   0.802082
  1061.31000    0.840362   0.800393
  1061.32080    0.793737   0.798703
  1061.33160    0.808169   0.797012
  1061.34180    0.753773   0.795416
  1061.35260    0.724910   0.793726
  1061.36340    0.773755   0.792036
  1061.37420    0.782636   0.790347
  1061.38500    0.815940   0.788658
  1061.39520    0.784856   0.787063
  1061.40600    0.771535   0.785375
  1061.41680    0.733791   0.783688
  1061.42760    0.691606   0.782001
  1061.43780    0.709368   0.780410
  1061.44860    0.723799   0.778726
  1061.45940    0.710478   0.777043
  1061.47020    0.744892   0.775362
  1061.48100    0.714919   0.773682
  1061.49120    0.751553   0.772097
  1061.50200    0.741561   0.770420
  1061.51280    0.717139   0.768746
  1061.52360    0.720469   0.767073
  1061.53380    0.787076   0.765496
  1061.54460    0.754883   0.763828
  1061.55540    0.742672   0.762163
  1061.56620    0.683835   0.760500
  1061.57700    0.701597   0.758840
  1061.58720    0.746002   0.757275
  1061.59800    0.739341   0.755620
  1061.60880    0.720469   0.753969
  1061.61960    0.688276   0.752321
  1061.62980    0.727130   0.750768
  1061.64060    0.690496   0.749127
  1061.65140    0.716029   0.747490
  1061.66220    0.728240   0.745857
  1061.67300    0.717139   0.744227
  1061.68320    0.748222   0.742693
  1061.69400    0.742672   0.741072
  1061.70480    0.739341   0.739455
  1061.71560    0.727130   0.737843
  1061.72580    0.751553   0.736325
  1061.73660    0.753773   0.734723
  1061.74740    0.768204   0.733125
  1061.75820    0.714919   0.731533
  1061.76900    0.713808   0.729947
  1061.77920    0.698267   0.728453
  1061.79000    0.700487   0.726877
  1061.80080    0.667183   0.725307
  1061.81160    0.696046   0.723744
  1061.82180    0.777085   0.722272
  1061.83260    0.787076   0.720721
  1061.84340    0.661633   0.719176
  1061.85420    0.739341   0.717637
  1061.86500    0.664963   0.716106
  1061.87520    0.722689   0.714666
  1061.88600    0.691606   0.713148
  1061.89680    0.696046   0.711638
  1061.90760    0.672734   0.710136
  1061.91780    0.684945   0.708724
  1061.92860    0.686055   0.707237
  1061.93940    0.631659   0.705758
  1061.95020    0.653862   0.704287
  1061.96100    0.659412   0.702825
  1061.97120    0.691606   0.701452
  1061.98200    0.731570   0.700007
  1061.99280    0.762654   0.698572
  1062.00360    0.727130   0.697145
  1062.01380    0.688276   0.695807
  1062.02460    0.677174   0.694399
  1062.03540    0.681615   0.693001
  1062.04620    0.713808   0.691613
  1062.05700    0.669404   0.690235
  1062.06720    0.678284   0.688943
  1062.07800    0.707148   0.687585
  1062.08880    0.670514   0.686238
  1062.09960    0.648311   0.684902
  1062.10980    0.654972   0.683649
  1062.12060    0.659412   0.682334
  1062.13140    0.618338   0.681030
  1062.14220    0.630549   0.679738
  1062.15300    0.640540   0.678457
  1062.16320    0.639430   0.677257
  1062.17400    0.656082   0.675999
  1062.18480    0.642761   0.674753
  1062.19560    0.636100   0.673518
  1062.20580    0.646091   0.672363
  1062.21660    0.690496   0.671152
  1062.22740    0.652752   0.669954
  1062.23820    0.660523   0.668768
  1062.24900    0.676064   0.667595
  1062.25920    0.661633   0.666498
  1062.27000    0.664963   0.665350
  1062.28080    0.716029   0.664214
  1062.29160    0.718249   0.663092
  1062.30180    0.708258   0.662044
  1062.31260    0.722689   0.660948
  1062.32340    0.726020   0.659864
  1062.33420    0.691606   0.658795
  1062.34500    0.667183   0.657739
  1062.35520    0.648311   0.656754
  1062.36600    0.620558   0.655724
  1062.37680    0.643871   0.654709
  1062.38760    0.682725   0.653707
  1062.39780    0.671624   0.652775
  1062.40860    0.616118   0.651801
  1062.41940    0.612787   0.650841
  1062.43020    0.606127   0.649896
  1062.44100    0.576153   0.648965
  1062.45120    0.648311   0.648099
  1062.46200    0.649421   0.647197
  1062.47280    0.659412   0.646309
  1062.48360    0.691606   0.645436
  1062.49380    0.706038   0.644625
  1062.50460    0.674954   0.643781
  1062.51540    0.617228   0.642952
  1062.52620    0.640540   0.642138
  1062.53700    0.616118   0.641339
  1062.54720    0.640540   0.640599
  1062.55800    0.623889   0.639830
  1062.56880    0.644981   0.639076
  1062.57960    0.689386   0.638338
  1062.58980    0.673844   0.637655
  1062.60060    0.610567   0.636947
  1062.61140    0.647201   0.636254
  1062.62220    0.612787   0.635578
  1062.63300    0.644981   0.634917
  1062.64320    0.648311   0.634307
  1062.65400    0.610567   0.633677
  1062.66480    0.622778   0.633062
  1062.67560    0.622778   0.632464
  1062.68580    0.617228   0.631914
  1062.69660    0.576153   0.631347
  1062.70740    0.644981   0.630796
  1062.71820    0.612787   0.630261
  1062.72900    0.636100   0.629742
  1062.73920    0.636100   0.629267
  1062.75000    0.642761   0.628780
  1062.76080    0.669404   0.628310
  1062.77160    0.632769   0.627856
  1062.78180    0.606127   0.627442
  1062.79260    0.603906   0.627020
  1062.80340    0.650531   0.626614
  1062.81420    0.623889   0.626225
  1062.82500    0.687165   0.625852
  1062.83520    0.699377   0.625515
  1062.84600    0.630549   0.625175
  1062.85680    0.598356   0.624852
  1062.86760    0.597246   0.624545
  1062.87780    0.620558   0.624270
  1062.88860    0.596135   0.623996
  1062.89940    0.596135   0.623739
  1062.91020    0.588365   0.623498
  1062.92100    0.589475   0.623274
  1062.93120    0.608347   0.623078
  1062.94200    0.590585   0.622887
  1062.95280    0.611677   0.622713
  1062.96360    0.643871   0.622556
  1062.97380    0.640540   0.622423
  1062.98460    0.579484   0.622298
  1062.99540    0.568382   0.622191
  1063.00620    0.595025   0.622101
  1063.01700    0.662743   0.622027
  1063.02720    0.647201   0.621974
  1063.03800    0.629439   0.621933
  1063.04880    0.616118   0.621910
  1063.05960    0.643871   0.621904
  1063.06980    0.634990   0.621914
  1063.08060    0.611677   0.621941
  1063.09140    0.620558   0.621985
  1063.10220    0.644981   0.622046
  1063.11300    0.648311   0.622124
  1063.12320    0.601686   0.622213
  1063.13400    0.607237   0.622324
  1063.14480    0.599466   0.622452
  1063.15560    0.608347   0.622597
  1063.16580    0.638320   0.622750
  1063.17660    0.653862   0.622928
  1063.18740    0.602796   0.623124
  1063.19820    0.627219   0.623336
  1063.20900    0.669404   0.623565
  1063.21920    0.687165   0.623798
  1063.23000    0.694936   0.624060
  1063.24080    0.637210   0.624339
  1063.25160    0.658302   0.624635
  1063.26180    0.620558   0.624930
  1063.27260    0.663853   0.625259
  1063.28340    0.686055   0.625605
  1063.29420    0.708258   0.625968
  1063.30500    0.696046   0.626348
  1063.31520    0.692716   0.626721
  1063.32600    0.688276   0.627134
  1063.33680    0.657192   0.627563
  1063.34760    0.615008   0.628008
  1063.35780    0.653862   0.628444
  1063.36860    0.634990   0.628922
  1063.37940    0.662743   0.629417
  1063.39020    0.653862   0.629928
  1063.40100    0.633880   0.630456
  1063.41120    0.687165   0.630969
  1063.42200    0.693826   0.631529
  1063.43280    0.686055   0.632106
  1063.44360    0.673844   0.632698
  1063.45380    0.672734   0.633273
  1063.46460    0.633880   0.633897
  1063.47540    0.652752   0.634537
  1063.48620    0.657192   0.635194
  1063.49700    0.624999   0.635867
  1063.50720    0.608347   0.636517
  1063.51800    0.664963   0.637221
  1063.52880    0.631659   0.637941
  1063.53960    0.663853   0.638677
  1063.54980    0.618338   0.639387
  1063.56060    0.620558   0.640153
  1063.57140    0.642761   0.640936
  1063.58220    0.612787   0.641734
  1063.59300    0.653862   0.642547
  1063.60320    0.686055   0.643330
  1063.61400    0.681615   0.644173
  1063.62480    0.676064   0.645032
  1063.63560    0.668293   0.645907
  1063.64580    0.678284   0.646746
  1063.65660    0.732680   0.647650
  1063.66740    0.728240   0.648569
  1063.67820    0.698267   0.649503
  1063.68900    0.690496   0.650452
  1063.69920    0.663853   0.651361
  1063.71000    0.660523   0.652338
  1063.72080    0.708258   0.653331
  1063.73160    0.724910   0.654337
  1063.74180    0.700487   0.655301
  1063.75260    0.686055   0.656335
  1063.76340    0.698267   0.657384
  1063.77420    0.678284   0.658447
  1063.78500    0.682725   0.659524
  1063.79520    0.713808   0.660553
  1063.80600    0.668293   0.661657
  1063.81680    0.673844   0.662775
  1063.82760    0.662743   0.663906
  1063.83780    0.648311   0.664986
  1063.84860    0.679395   0.666143
  1063.85940    0.699377   0.667314
  1063.87020    0.674954   0.668497
  1063.88100    0.674954   0.669694
  1063.89120    0.670514   0.670835
  1063.90200    0.639430   0.672057
  1063.91280    0.662743   0.673290
  1063.92360    0.653862   0.674537
  1063.93380    0.722689   0.675725
  1063.94460    0.688276   0.676995
  1063.95540    0.757103   0.678277
  1063.96620    0.727130   0.679571
  1063.97700    0.727130   0.680877
  1063.98720    0.676064   0.682121
  1063.99800    0.722689   0.683449
  1064.00880    0.702707   0.684788
  1064.01960    0.698267   0.686139
  1064.02980    0.700487   0.687424
  1064.04060    0.696046   0.688796
  1064.05140    0.669404   0.690178
  1064.06220    0.698267   0.691570
  1064.07300    0.704927   0.692973
  1064.08320    0.697157   0.694307
  1064.09400    0.736011   0.695729
  1064.10480    0.728240   0.697160
  1064.11560    0.737121   0.698601
  1064.12580    0.719359   0.699971
  1064.13660    0.727130   0.701430
  1064.14740    0.703817   0.702897
  1064.15820    0.746002   0.704374
  1064.16900    0.731570   0.705858
  1064.17920    0.657192   0.707268
  1064.19000    0.646091   0.708769
  1064.20080    0.639430   0.710277
  1064.21160    0.642761   0.711793
  1064.22180    0.656082   0.713232
  1064.23260    0.674954   0.714763
  1064.24340    0.727130   0.716301
  1064.25420    0.713808   0.717846
  1064.26500    0.765984   0.719398
  1064.27520    0.698267   0.720870
  1064.28600    0.738231   0.722435
  1064.29680    0.730460   0.724006
  1064.30760    0.687165   0.725583
  1064.31780    0.697157   0.727078
  1064.32860    0.706038   0.728668
  1064.33940    0.723799   0.730262
  1064.35020    0.721579   0.731863
  1064.36100    0.714919   0.733469
  1064.37120    0.693826   0.734990
  1064.38200    0.718249   0.736606
  1064.39280    0.703817   0.738227
  1064.40360    0.711588   0.739853
  1064.41380    0.768204   0.741393
  1064.42460    0.699377   0.743028
  1064.43540    0.696046   0.744667
  1064.44620    0.752663   0.746310
  1064.45700    0.734901   0.747958
  1064.46720    0.736011   0.749518
  1064.47800    0.755993   0.751173
  1064.48880    0.742672   0.752831
  1064.49960    0.709368   0.754494
  1064.50980    0.753773   0.756067
  1064.52060    0.731570   0.757736
  1064.53140    0.768204   0.759407
  1064.54220    0.753773   0.761082
  1064.55300    0.719359   0.762760
  1064.56320    0.702707   0.764347
  1064.57400    0.709368   0.766030
  1064.58480    0.724910   0.767715
  1064.59560    0.771535   0.769403
  1064.60580    0.743782   0.770998
  1064.61660    0.759323   0.772690
  1064.62740    0.815940   0.774384
  1064.63820    0.840362   0.776079
  1064.64900    0.834812   0.777776
  1064.65920    0.798178   0.779380
  1064.67000    0.834812   0.781080
  1064.68080    0.742672   0.782781
  1064.69160    0.799288   0.784483
  1064.70180    0.771535   0.786092
  1064.71260    0.793737   0.787796
  1064.72340    0.764874   0.789500
  1064.73420    0.738231   0.791206
  1064.74500    0.736011   0.792912
  1064.75520    0.782636   0.794523
  1064.76600    0.762654   0.796230
  1064.77680    0.789297   0.797937
  1064.78760    0.769314   0.799644
  1064.79780    0.820380   0.801255
  1064.80860    0.763764   0.802962
  1064.81940    0.734901   0.804668
  1064.83020    0.787076   0.806374
  1064.84100    0.778195   0.808079
  1064.85120    0.835922   0.809688
  1064.86200    0.819270   0.811392
  1064.87280    0.840362   0.813095
  1064.88360    0.847023   0.814796
  1064.89380    0.902529   0.816402
  1064.90460    0.841472   0.818101
  1064.91540    0.851464   0.819799
  1064.92620    0.848133   0.821495
  1064.93700    0.839252   0.823190
  1064.94720    0.864785   0.824789
  1064.95800    0.871446   0.826480
  1064.96880    0.853684   0.828169
  1064.97960    0.882547   0.829856
  1064.98980    0.902529   0.831447
  1065.00060    0.918071   0.833130
  1065.01140    0.812609   0.834810
  1065.02220    0.810389   0.836488
  1065.03300    0.837032   0.838163
  1065.04320    0.853684   0.839742
  1065.05400    0.915851   0.841411
  1065.06480    0.908080   0.843077
  1065.07560    0.881437   0.844740
  1065.08580    0.924732   0.846308
  1065.09660    0.891428   0.847964
  1065.10740    0.873666   0.849617
  1065.11820    0.918071   0.851267
  1065.12900    0.924732   0.852912
  1065.13920    0.855904   0.854463
  1065.15000    0.802618   0.856101
  1065.16080    0.817050   0.857735
  1065.17160    0.832591   0.859364
  1065.18180    0.804838   0.860899
  1065.19260    0.851464   0.862520
  1065.20340    0.852574   0.864136
  1065.21420    0.888098   0.865748
  1065.22500    0.828151   0.867354
  1065.23520    0.827041   0.868867
  1065.24600    0.861455   0.870463
  1065.25680    0.832591   0.872055
  1065.26760    0.807059   0.873641
  1065.27780    0.831481   0.875133
  1065.28860    0.804838   0.876708
  1065.29940    0.822600   0.878277
  1065.31020    0.774865   0.879840
  1065.32100    0.834812   0.881397
  1065.33120    0.788187   0.882861
  1065.34200    0.848133   0.884406
  1065.35280    0.881437   0.885943
  1065.36360    0.869225   0.887474
  1065.37380    0.880327   0.888913
  1065.38460    0.883657   0.890430
  1065.39540    0.861455   0.891939
  1065.40620    0.880327   0.893441
  1065.41700    0.895868   0.894934
  1065.42720    0.943604   0.896337
  1065.43800    0.929172   0.897815
  1065.44880    0.924732   0.899284
  1065.45960    0.852574   0.900744
  1065.46980    0.885877   0.902115
  1065.48060    0.872556   0.903559
  1065.49140    0.840362   0.904993
  1065.50220    0.852574   0.906417
  1065.51300    0.903639   0.907833
  1065.52320    0.902529   0.909161
  1065.53400    0.939163   0.910558
  1065.54480    0.909190   0.911945
  1065.55560    0.936943   0.913322
  1065.56580    0.924732   0.914614
  1065.57660    0.854794   0.915972
  1065.58740    0.870336   0.917319
  1065.59820    0.888098   0.918656
  1065.60900    0.863675   0.919983
  1065.61920    0.882547   0.921226
  1065.63000    0.935833   0.922532
  1065.64080    0.885877   0.923828
  1065.65160    0.901419   0.925113
  1065.66180    0.935833   0.926316
  1065.67260    0.896979   0.927579
  1065.68340    0.901419   0.928831
  1065.69420    0.931392   0.930073
  1065.70500    0.915851   0.931303
  1065.71520    0.956925   0.932454
  1065.72600    0.916961   0.933662
  1065.73680    0.921401   0.934859
  1065.74760    0.931392   0.936044
  1065.75780    0.954705   0.937153
  1065.76860    0.940273   0.938316
  1065.77940    0.944714   0.939467
  1065.79020    0.914740   0.940607
  1065.80100    0.869225   0.941734
  1065.81120    0.931392   0.942789
  1065.82200    0.864785   0.943894
  1065.83280    0.879217   0.944987
  1065.84360    0.906970   0.946069
  1065.85380    0.867005   0.947079
  1065.86460    0.951374   0.948137
  1065.87540    0.949154   0.949184
  1065.88620    0.960255   0.950218
  1065.89700    0.908080   0.951240
  1065.90720    0.915851   0.952195
  1065.91800    0.896979   0.953194
  1065.92880    0.825931   0.954181
  1065.93960    0.865895   0.955156
  1065.94980    0.882547   0.956066
  1065.96060    0.941383   0.957018
  1065.97140    0.944714   0.957957
  1065.98220    0.892538   0.958885
  1065.99300    0.941383   0.959800
  1066.00320    0.970247   0.960654
  1066.01400    0.940273   0.961546
  1066.02480    0.915851   0.962426
  1066.03560    0.935833   0.963294
  1066.04580    0.949154   0.964103
  1066.05660    0.963586   0.964948
  1066.06740    0.953595   0.965781
  1066.07820    0.936943   0.966602
  1066.08900    0.921401   0.967411
  1066.09920    0.959145   0.968165
  1066.11000    1.031303   0.968951
  1066.12080    0.970247   0.969725
  1066.13160    0.933613   0.970488
  1066.14180    0.955815   0.971197
  1066.15260    0.975797   0.971937
  1066.16340    0.940273   0.972665
  1066.17420    0.935833   0.973381
  1066.18500    0.916961   0.974086
  1066.19520    0.914740   0.974741
  1066.20600    0.893648   0.975423
  1066.21680    0.890318   0.976094
  1066.22760    0.893648   0.976753
  1066.23780    0.851464   0.977366
  1066.24860    0.885877   0.978003
  1066.25940    0.910300   0.978629
  1066.27020    0.896979   0.979244
  1066.28100    0.933613   0.979847
  1066.29120    0.934723   0.980407
  1066.30200    0.921401   0.980989
  1066.31280    0.903639   0.981560
  1066.32360    0.902529   0.982120
  1066.33380    0.912520   0.982639
  1066.34460    0.949154   0.983179
  1066.35540    0.970247   0.983707
  1066.36620    0.972467   0.984225
  1066.37700    0.929172   0.984732
  1066.38720    0.929172   0.985201
  1066.39800    0.961366   0.985688
  1066.40880    0.932502   0.986165
  1066.41960    0.950264   0.986631
  1066.42980    0.986898   0.987062
  1066.44060    0.956925   0.987508
  1066.45140    0.985788   0.987945
  1066.46220    0.981348   0.988371
  1066.47300    0.954705   0.988788
  1066.48320    0.970247   0.989172
  1066.49400    1.011321   0.989570
  1066.50480    1.009101   0.989958
  1066.51560    0.982458   0.990337
  1066.52580    0.973577   0.990686
  1066.53660    1.015762   0.991047
  1066.54740    0.999110   0.991398
  1066.55820    1.049065   0.991740
  1066.56900    0.994669   0.992074
  1066.57920    1.000220   0.992380
  1066.59000    0.951374   0.992696
  1066.60080    1.000220   0.993004
  1066.61160    0.972467   0.993302
  1066.62180    0.948044   0.993577
  1066.63260    0.958035   0.993859
  1066.64340    0.989119   0.994133
  1066.65420    0.986898   0.994399
  1066.66500    0.995779   0.994657
  1066.67520    1.029083   0.994893
  1066.68600    1.054616   0.995136
  1066.69680    1.036854   0.995371
  1066.70760    1.045735   0.995598
  1066.71780    1.062387   0.995805
  1066.72860    0.929172   0.996018
  1066.73940    1.006881   0.996223
  1066.75020    1.002440   0.996422
  1066.76100    0.974687   0.996613
  1066.77120    0.962476   0.996787
  1066.78200    0.962476   0.996965
  1066.79280    0.971357   0.997136
  1066.80360    0.978017   0.997300
  1066.81380    1.022422   0.997450
  1066.82460    0.995779   0.997602
  1066.83540    0.976907   0.997747
  1066.84620    0.999110   0.997887
  1066.85700    1.024643   0.998021
  1066.86720    0.925842   0.998142
  1066.87800    0.945824   0.998265
  1066.88880    0.932502   0.998382
  1066.89960    0.912520   0.998493
  1066.90980    0.943604   0.998594
  1066.92060    0.973577   0.998695
  1066.93140    0.908080   0.998791
  1066.94220    0.958035   0.998883
  1066.95300    1.005770   0.998969
  1066.96320    1.017982   0.999047
  1066.97400    0.989119   0.999124
  1066.98480    0.991339   0.999198
  1066.99560    1.023532   0.999267
  1067.00580    1.005770   0.999328
  1067.01660    1.044625   0.999389
  1067.02740    1.005770   0.999446
  1067.03820    0.994669   0.999499
  1067.04900    0.981348   0.999549
  1067.05920    0.913630   0.999593
  1067.07000    0.945824   0.999636
  1067.08080    0.902529   0.999676
  1067.09160    0.941383   0.999713
  1067.10180    0.948044   0.999745
  1067.11260    0.970247   0.999776
  1067.12340    0.968026   0.999804
  1067.13420    1.005770   0.999830
  1067.14500    0.955815   0.999854
  1067.15520    0.955815   0.999874
  1067.16600    1.009101   0.999893
  1067.17680    1.011321   0.999909
  1067.18760    0.988008   0.999925
  1067.19780    0.966916   0.999937
  1067.20860    1.007991   0.999949
  1067.21940    1.010211   0.999959
  1067.23020    0.959145   0.999967
  1067.24100    0.964696   0.999975
  1067.25120    1.012431   0.999980
  1067.26200    1.014651   0.999985
  1067.27280    1.012431   0.999989
  1067.28360    0.968026   0.999993
  1067.29380    1.050175   0.999995
  1067.30460    1.061277   0.999997
  1067.31540    1.033523   0.999998
  1067.32620    1.082369   0.999999
  1067.33700    1.050175   1.000000
  1067.34720    1.025753   1.000000
  1067.35800    1.015762   1.000000
  1067.36880    0.955815   1.000000
  1067.37960    0.999110   1.000000
  1067.38980    0.984678   1.000000
  1067.40060    0.973577   1.000000
  1067.41140    0.908080   1.000000
  1067.42220    0.971357   1.000000
  1067.43300    1.001330   1.000000
  1067.44320    0.919181   1.000000
  1067.45400    0.872556   1.000000
  1067.46480    0.906970   1.000000
  1067.47560    0.921401   1.000000
  1067.48580    0.900309   1.000000
  1067.49660    0.955815   1.000000
  1067.50740    0.990229   1.000000
  1067.51820    0.990229   1.000000
  1067.52900    0.969136   1.000000
  1067.53920    1.071268   1.000000
  1067.55000    1.013541   1.000000
  1067.56080    1.017982   1.000000
  1067.57160    0.984678   1.000000
  1067.58180    0.950264   1.000000
  1067.59260    0.940273   1.000000
  1067.60340    0.915851   1.000000
  1067.61420    0.961366   1.000000
  1067.62500    1.032413   1.000000
  1067.63520    0.990229   1.000000
  1067.64600    0.993559   1.000000
  1067.65680    0.995779   1.000000
  1067.66760    1.000220   1.000000
  1067.67780    1.003550   1.000000
  1067.68860    1.013541   1.000000
  1067.69940    1.027973   1.000000
  1067.71020    1.026863   1.000000
  1067.72100    1.000220   1.000000
  1067.73120    0.954705   1.000000
  1067.74200    0.983568   1.000000
  1067.75280    0.984678   1.000000
  1067.76360    0.963586   1.000000
  1067.77380    1.005770   1.000000
  1067.78460    0.976907   1.000000
  1067.79540    0.955815   1.000000
  1067.80620    0.982458   1.000000
  1067.81700    1.005770   1.000000
  1067.82720    1.025753   1.000000
  1067.83800    1.077928   1.000000
  1067.84880    1.002440   1.000000
  1067.85960    1.065717   1.000000
  1067.86980    0.998000   1.000000
  1067.88060    1.004660   1.000000
  1067.89140    1.023532   1.000000
  1067.90220    0.992449   1.000000
  1067.91300    1.042404   1.000000
  1067.92320    1.016872   1.000000
  1067.93400    1.010211   1.000000
  1067.94480    0.982458   1.000000
  1067.95560    0.979128   1.000000
  1067.96580    0.988008   1.000000
  1067.97660    1.006881   1.000000
  1067.98740    1.033523   1.000000
  1067.99820    1.040184   1.000000
  1068.00900    1.014651   1.000000
