  1253.61101    0.879105   1.000000
  1253.67768    0.887239   1.000000
  1253.74435    0.975530   1.000000
  1253.79432    1.012140   1.000000
  1253.86099    1.058865   1.000000
  1253.91096    1.061795   1.000000
  1253.97763    0.948070   1.000000
  1254.02760    0.935062   1.000000
  1254.09427    1.045299   1.000000
  1254.14424    0.859094   1.000000
  1254.21091    0.965696   1.000000
  1254.27758    1.033810   1.000000
  1254.34426    0.864650   1.000000
  1254.41093    1.205704   1.000000
  1254.46090    0.905400   1.000000
  1254.52757    1.064733   1.000000
  1254.57768    0.959490   1.000000
  1254.64435    0.987281   1.000000
  1254.71088    0.911256   1.000000
  1254.77755    0.863059   1.000000
  1254.82766    1.031907   1.000000
  1254.89434    1.050124   1.000000
  1254.94430    1.028112   1.000000
  1255.01098    1.001937   1.000000
  1255.07765    0.892156   1.000000
  1255.12762    1.096581   1.000000
  1255.22755    0.919688   1.000000
  1255.27766    0.942846   1.000000
  1255.34434    1.076566   1.000000
  1255.39430    1.266020   1.000000
  1255.46098    1.018687   1.000000
  1255.52765    1.084528   1.000000
  1255.57762    1.089533   1.000000
  1255.72766    1.010277   1.000000
  1255.82760    1.177174   1.000000
  1255.91098    1.019625   1.000000
  1255.97765    1.039539   1.000000
  1256.04432    1.061795   1.000000
  1256.09429    0.935062   1.000000
  1256.16096    1.034762   1.000000
  1256.21093    0.871848   1.000000
  1256.27760    1.033810   1.000000
  1256.32757    1.026220   1.000000
  1256.39424    1.106727   1.000000
  1256.44435    1.039539   1.000000
  1256.56099    0.948944   1.000000
  1256.62766    0.983650   1.000000
  1256.71090    1.032858   1.000000
  1256.79427    0.948944   1.000000
  1256.86094    1.031907   1.000000
  1256.91091    1.071619   1.000000
  1256.97758    1.122123   1.000000
  1257.02755    1.089533   1.000000
  1257.07766    1.085527   1.000000
  1257.14434    1.072607   1.000000
  1257.19430    0.932482   1.000000
  1257.26098    1.060817   1.000000
  1257.31094    1.013073   1.000000
  1257.37762    1.209040   1.000000
  1257.42758    1.099615   1.000000
  1257.49426    0.951570   1.000000
  1257.54422    1.044337   1.000000
  1257.61090    0.904567   1.000000
  1257.66101    0.877487   1.000000
  1257.72768    1.030957   1.000000
  1257.77765    1.168532   0.999878
  1257.84432    1.041455   0.999262
  1257.89429    0.958607   0.998511
  1257.96096    1.054971   0.997346
  1258.01093    1.063752   0.996266
  1258.07760    0.994582   0.994723
  1258.12757    1.008418   0.993368
  1258.19424    0.798805   0.991437
  1258.24435    1.100628   0.989837
  1258.31088    0.959490   0.987605
  1258.36099    1.087528   0.985780
  1258.42766    0.966586   0.983185
  1258.49434    1.094563   0.980455
  1258.54430    0.896274   0.978422
  1258.59427    1.056916   0.976170
  1258.66094    0.968368   0.973130
  1258.71091    0.872651   0.970826
  1258.77758    1.003785   0.967427
  1258.82755    1.162092   0.964960
  1258.89422    1.005635   0.961407
  1258.94434    0.913778   0.958749
  1259.01101    1.078551   0.954969
  1259.06098    0.935062   0.952153
  1259.12765    0.949818   0.948215
  1259.17762    0.863854   0.945262
  1259.24429    0.917996   0.941105
  1259.29426    1.093555   0.938005
  1259.36093    0.860678   0.933685
  1259.41090    0.992752   0.930464
  1259.47757    0.923933   0.925962
  1259.54424    0.907070   0.921458
  1259.59435    0.820428   0.917953
  1259.64432    0.884791   0.914502
  1259.71099    0.915463   0.909759
  1259.77766    0.746862   0.904947
  1259.82763    0.846527   0.901183
  1259.87760    0.627539   0.897608
  1259.94427    0.862265   0.892482
  1260.01094    0.955082   0.887493
  1260.06091    0.812906   0.883607
  1260.12758    0.999173   0.878414
  1260.19426    0.944584   0.873174
  1260.29434    0.906234   0.865083
  1260.37757    0.976429   0.858288
  1260.42768    0.843414   0.854191
  1260.51091    0.889694   0.847306
  1260.56088    0.782782   0.843117
  1260.62755    0.863854   0.837500
  1260.71093    0.867043   0.830353
  1260.79430    0.828783   0.823222
  1260.87768    0.784947   0.816016
  1260.96091    0.751001   0.808718
  1261.01088    0.926490   0.804360
  1261.07755    0.834912   0.798435
  1261.12766    0.865447   0.794009
  1261.19434    0.754468   0.788152
  1261.24430    0.742063   0.783617
  1261.31098    0.771331   0.777680
  1261.36094    0.769202   0.773139
  1261.42762    0.867043   0.767209
  1261.47758    0.717861   0.762684
  1261.54426    0.749619   0.756687
  1261.59422    0.780622   0.752157
  1261.64434    0.744802   0.747679
  1261.71101    0.750310   0.741666
  1261.76098    0.744116   0.737153
  1261.82765    0.692533   0.731067
  1261.87762    0.673660   0.726592
  1261.94429    0.785671   0.720473
  1261.99426    0.607632   0.716150
  1262.04422    0.634513   0.711595
  1262.11090    0.660755   0.705636
  1262.16101    0.673660   0.701153
  1262.22768    0.614385   0.695278
  1262.27765    0.730534   0.690858
  1262.34432    0.690622   0.684976
  1262.39429    0.686816   0.680615
  1262.44426    0.618929   0.676199
  1262.51093    0.695730   0.670531
  1262.56090    0.639206   0.666123
  1262.62757    0.695730   0.660578
  1262.67768    0.719848   0.656296
  1262.74435    0.567075   0.650820
  1262.79432    0.729190   0.646686
  1262.86099    0.577618   0.641417
  1262.91096    0.673660   0.637393
  1262.97763    0.653492   0.632288
  1263.02760    0.682402   0.628434
  1263.07757    0.550606   0.624845
  1263.16094    0.591072   0.618929
  1263.21091    0.538568   0.615457
  1263.27758    0.579750   0.611198
  1263.34426    0.587815   0.607141
  1263.41093    0.573906   0.603394
  1263.51101    0.609313   0.599163
  1263.57768    0.638029   0.597780
  1263.66091    0.603171   0.597771
  1263.74429    0.642748   0.597762
  1263.81096    0.580284   0.597755
  1263.87763    0.745488   0.597748
  1263.96101    0.546060   0.597739
  1264.04424    0.638617   0.597730
  1264.12762    0.563950   0.597721
  1264.17758    0.603727   0.597715
  1264.24426    0.582962   0.597708
  1264.29422    0.544052   0.597703
  1264.36090    0.612126   0.597696
  1264.41101    0.594895   0.597690
  1264.47768    0.573906   0.597683
  1264.54435    0.595444   0.598024
  1264.59432    0.546060   0.599215
  1264.66099    0.620641   0.602104
  1264.71096    0.595444   0.604387
  1264.77763    0.576555   0.608189
  1264.82760    0.609875   0.611024
  1264.89427    0.554167   0.615328
  1264.94424    0.729190   0.618574
  1264.99435    0.612126   0.622078
  1265.06088    0.635683   0.626719
  1265.11099    0.572850   0.630492
  1265.17766    0.626384   0.635438
  1265.22763    0.610999   0.639314
  1265.29430    0.619499   0.644496
  1265.34427    0.631598   0.648453
  1265.39424    0.659539   0.652365
  1265.46091    0.741380   0.657940
  1265.51088    0.648098   0.661880
  1265.57755    0.645715   0.667554
  1265.62766    0.692533   0.671692
  1265.69434    0.660147   0.677380
  1265.74430    0.662583   0.681667
  1265.79427    0.666869   0.685968
  1265.86094    0.722505   0.691650
  1265.91091    0.761449   0.695949
  1265.97758    0.667484   0.701810
  1266.02755    0.848087   0.706180
  1266.09422    0.764963   0.712089
  1266.14434    0.651089   0.716498
  1266.21101    0.746175   0.722349
  1266.26098    0.654697   0.726834
  1266.31094    0.769911   0.731090
  1266.37762    0.663194   0.737040
  1266.42758    0.764259   0.741458
  1266.49426    0.744116   0.747408
  1266.54422    0.779903   0.751788
  1266.61090    0.629855   0.757624
  1266.66101    0.666255   0.762164
  1266.72768    0.940244   0.767963
  1266.77765    0.962145   0.772334
  1266.84432    0.610437   0.778233
  1266.89429    1.007490   0.782551
  1267.01093    0.849651   0.792776
  1267.06090    0.654095   0.797102
  1267.17768    0.708664   0.807176
  1267.24435    0.698941   0.812853
  1267.34429    0.984556   0.821338
  1267.41096    0.927343   0.826920
  1267.46093    0.809917   0.831085
  1267.52760    1.055943   0.836661
  1267.59427    1.093555   0.842151
  1268.12765    0.706709   0.884265
  1268.24429    0.718523   0.892928
  1268.29426    0.828783   0.896632
  1268.36093    0.704759   0.901449
  1268.41090    0.865447   0.905016
  1268.47757    0.958607   0.909696
  1268.52768    0.925637   0.913176
  1268.59435    0.870243   0.917751
  1268.64432    0.879105   0.921129
  1268.71099    0.941978   0.925523
  1268.82763    0.884791   0.933049
  1268.89430    0.959490   0.937206
  1268.94427    0.811410   0.940336
  1269.01094    0.897099   0.944258
  1269.07762    0.851218   0.948175
  1269.12758    0.929053   0.951091
  1269.19426    0.983650   0.954755
  1269.26093    0.899582   0.958361
  1269.31090    0.891334   0.961028
  1269.37757    1.004710   0.964404
  1269.42768    0.931624   0.966976
  1269.49435    0.863059   0.970162
  1269.56088    0.863854   0.973251
  1269.61099    1.126265   0.975505
  1269.67766    1.018687   0.978420
  1269.74434    1.057890   0.981132
  1269.79430    0.960374   0.983056
  1269.86098    0.990925   0.985515
  1269.91094    0.906234   0.987280
  1269.97762    1.067679   0.989491
  1270.09426    0.999173   0.993016
  1270.21090    0.922233   0.995961
  1270.27757    0.951570   0.997321
  1270.32768    1.095571   0.998270
  1270.39435    0.879105   0.999236
  1270.44432    0.972838   0.999801
  1270.51099    0.972838   1.000000
  1270.57766    0.787845   1.000000
  1270.64434    0.937650   1.000000
  1270.69430    1.006562   1.000000
  1270.76098    0.802492   1.000000
  1270.82765    1.043375   1.000000
