   883.34400    1.023733   1.000000
   883.35480    1.025618   1.000000
   883.36500    0.987911   1.000000
   883.37580    1.043529   1.000000
   883.38660    1.019019   1.000000
   883.39740    1.054841   1.000000
   883.40820    0.961517   1.000000
   883.41840    1.024675   1.000000
   883.42920    1.033159   1.000000
   883.44000    1.038815   1.000000
   883.45080    0.976599   1.000000
   883.46100    1.015249   1.000000
   883.47180    1.036930   1.000000
   883.48260    0.952090   1.000000
   883.49340    0.959631   1.000000
   883.50420    0.953033   1.000000
   883.51440    1.007707   1.000000
   883.52520    0.959631   1.000000
   883.53600    0.974714   1.000000
   883.54680    1.030331   1.000000
   883.55700    1.009593   1.000000
   883.56780    0.953976   1.000000
   883.57860    0.969058   1.000000
   883.58940    0.976599   1.000000
   883.60020    0.998281   1.000000
   883.61040    1.011478   1.000000
   883.62120    1.091604   1.000000
   883.63200    1.041643   1.000000
   883.64280    0.978485   1.000000
   883.65300    0.978485   1.000000
   883.66380    1.016191   1.000000
   883.67460    1.038815   1.000000
   883.68540    0.975657   1.000000
   883.69620    0.956803   1.000000
   883.70640    0.996395   1.000000
   883.71720    1.025618   1.000000
   883.72800    1.012421   1.000000
   883.73880    1.019019   1.000000
   883.74900    0.987911   1.000000
   883.75980    0.992625   1.000000
   883.77060    1.064267   1.000000
   883.78140    1.041643   1.000000
   883.79220    0.979427   1.000000
   883.80240    0.989797   1.000000
   883.81320    0.954918   1.000000
   883.82400    0.991682   1.000000
   883.83480    0.982255   1.000000
   883.84500    0.998281   1.000000
   883.85580    0.931352   1.000000
   883.86660    1.019019   1.000000
   883.87740    0.979427   1.000000
   883.88820    0.979427   1.000000
   883.89840    0.937008   1.000000
   883.90920    0.962459   1.000000
   883.92000    1.019019   1.000000
   883.93080    0.982255   1.000000
   883.94100    0.959631   1.000000
   883.95180    0.953976   1.000000
   883.96260    0.920982   1.000000
   883.97340    1.010535   1.000000
   883.98420    1.002994   1.000000
   883.99440    1.002051   1.000000
   884.00520    0.961517   1.000000
   884.01600    0.986969   1.000000
   884.02680    1.010535   1.000000
   884.03700    0.969058   1.000000
   884.04780    1.040701   1.000000
   884.05860    0.942664   1.000000
   884.06940    1.008650   1.000000
   884.08020    0.952090   1.000000
   884.09040    0.983198   1.000000
   884.10120    1.011478   1.000000
   884.11200    0.993567   1.000000
   884.12280    1.053898   1.000000
   884.13300    1.019019   1.000000
   884.14380    0.998281   1.000000
   884.15460    0.960574   1.000000
   884.16540    0.953033   1.000000
   884.17620    1.023733   1.000000
   884.18640    0.983198   1.000000
   884.19720    1.077464   1.000000
   884.20800    1.060496   1.000000
   884.21880    1.031274   1.000000
   884.22900    0.963402   1.000000
   884.23980    0.964345   1.000000
   884.25060    1.019962   1.000000
   884.26140    0.984141   1.000000
   884.27220    1.016191   1.000000
   884.28240    0.973771   1.000000
   884.29320    0.976599   1.000000
   884.30400    1.028446   1.000000
   884.31480    0.937008   1.000000
   884.32500    0.992625   1.000000
   884.33580    1.002051   1.000000
   884.34660    1.028446   1.000000
   884.35740    0.954918   1.000000
   884.36820    1.033159   1.000000
   884.37840    1.055783   1.000000
   884.38920    1.029389   1.000000
   884.40000    1.029389   1.000000
   884.41080    0.993567   1.000000
   884.42100    0.993567   1.000000
   884.43180    0.951148   1.000000
   884.44260    0.991682   1.000000
   884.45340    0.970943   1.000000
   884.46420    0.976599   1.000000
   884.47440    0.950205   1.000000
   884.48520    0.977542   1.000000
   884.49600    0.959631   1.000000
   884.50680    0.994510   1.000000
   884.51700    1.023733   1.000000
   884.52780    0.979427   1.000000
   884.53860    0.926638   1.000000
   884.54940    0.980370   1.000000
   884.56020    0.997338   1.000000
   884.57040    0.987911   1.000000
   884.58120    0.957746   1.000000
   884.59200    1.012421   1.000000
   884.60280    1.028446   1.000000
   884.61300    0.995453   1.000000
   884.62380    0.961517   1.000000
   884.63460    1.036930   1.000000
   884.64540    0.928524   1.000000
   884.65620    0.986969   0.999999
   884.66640    1.007707   0.999999
   884.67720    1.033159   0.999998
   884.68800    0.938893   0.999997
   884.69880    0.984141   0.999995
   884.70900    0.971886   0.999993
   884.71980    0.935122   0.999989
   884.73060    0.953976   0.999985
   884.74140    0.976599   0.999980
   884.75220    1.012421   0.999974
   884.76240    0.970943   0.999967
   884.77320    0.993567   0.999958
   884.78400    0.991682   0.999948
   884.79480    0.999223   0.999936
   884.80500    0.966230   0.999923
   884.81580    0.999223   0.999908
   884.82660    1.006765   0.999890
   884.83740    0.922868   0.999870
   884.84820    1.001109   0.999848
   884.85840    1.000166   0.999825
   884.86920    1.008650   0.999797
   884.88000    1.048242   0.999767
   884.89080    0.986969   0.999734
   884.90100    0.984141   0.999700
   884.91180    0.997338   0.999661
   884.92260    1.026561   0.999618
   884.93340    0.988854   0.999571
   884.94420    0.943606   0.999521
   884.95440    1.065210   0.999470
   884.96520    1.020905   0.999412
   884.97600    1.029389   0.999350
   884.98680    1.007707   0.999284
   884.99700    1.020905   0.999216
   885.00780    0.975657   0.999141
   885.01860    1.028446   0.999060
   885.02940    0.972829   0.998975
   885.04020    0.990739   0.998884
   885.05040    1.004879   0.998793
   885.06120    0.961517   0.998692
   885.07200    1.004879   0.998584
   885.08280    1.004879   0.998471
   885.09300    1.007707   0.998359
   885.10380    1.055783   0.998234
   885.11460    0.987911   0.998103
   885.12540    1.014306   0.997965
   885.13620    0.993567   0.997821
   885.14640    1.031274   0.997678
   885.15720    1.005822   0.997520
   885.16800    0.964345   0.997355
   885.17880    1.006765   0.997183
   885.18900    1.026561   0.997013
   885.19980    0.984141   0.996826
   885.21060    0.988854   0.996632
   885.22140    0.988854   0.996429
   885.23220    0.976599   0.996218
   885.24240    0.924753   0.996011
   885.25320    1.013363   0.995784
   885.26400    1.001109   0.995549
   885.27480    1.019019   0.995305
   885.28500    1.008650   0.995066
   885.29580    1.022790   0.994804
   885.30660    0.955861   0.994533
   885.31740    0.981313   0.994253
   885.32820    0.980370   0.993964
   885.33840    0.993567   0.993682
   885.34920    0.972829   0.993373
   885.36000    1.027503   0.993055
   885.37080    0.976599   0.992727
   885.38100    1.055783   0.992408
   885.39180    1.002051   0.992060
   885.40260    0.979427   0.991702
   885.41340    0.949262   0.991333
   885.42420    0.989797   0.990953
   885.43440    1.004879   0.990585
   885.44520    0.934180   0.990184
   885.45600    1.018077   0.989772
   885.46680    0.968115   0.989349
   885.47700    0.964345   0.988939
   885.48780    1.016191   0.988494
   885.49860    0.999223   0.988037
   885.50940    1.009593   0.987568
   885.52020    0.990739   0.987088
   885.53040    1.032217   0.986623
   885.54120    0.965287   0.986119
   885.55200    1.027503   0.985603
   885.56280    0.982255   0.985074
   885.57300    1.043529   0.984564
   885.58380    0.979427   0.984011
   885.59460    0.979427   0.983446
   885.60540    1.041643   0.982867
   885.61620    1.063324   0.982276
   885.62640    0.977542   0.981706
   885.63720    0.938893   0.981090
   885.64800    0.983198   0.980460
   885.65880    0.997338   0.979817
   885.66900    0.983198   0.979198
   885.67980    0.942664   0.978529
   885.69060    0.978485   0.977847
   885.70140    0.975657   0.977151
   885.71220    0.974714   0.976441
   885.72240    1.058611   0.975758
   885.73320    1.065210   0.975021
   885.74400    1.037873   0.974270
   885.75480    0.944549   0.973505
   885.76500    0.956803   0.972770
   885.77580    0.991682   0.971978
   885.78660    1.014306   0.971171
   885.79740    1.001109   0.970350
   885.80820    0.957746   0.969515
   885.81840    1.013363   0.968713
   885.82920    0.989797   0.967850
   885.84000    0.963402   0.966972
   885.85080    0.986969   0.966079
   885.86100    1.020905   0.965223
   885.87180    0.953033   0.964302
   885.88260    1.002994   0.963366
   885.89340    0.989797   0.962415
   885.90420    0.970001   0.961450
   885.91440    0.912498   0.960524
   885.92520    0.954918   0.959530
   885.93600    0.886104   0.958520
   885.94680    0.928524   0.957496
   885.95700    0.908728   0.956514
   885.96780    1.009593   0.955461
   885.97860    1.012421   0.954392
   885.98940    0.953033   0.953308
   886.00020    0.980370   0.952209
   886.01040    0.954918   0.951158
   886.02120    0.943606   0.950029
   886.03200    0.937950   0.948886
   886.04280    1.004879   0.947727
   886.05300    0.922868   0.946619
   886.06380    0.970001   0.945432
   886.07460    0.943606   0.944229
   886.08540    0.921925   0.943011
   886.09620    0.927581   0.941778
   886.10640    0.991682   0.940599
   886.11720    0.956803   0.939337
   886.12800    1.004879   0.938060
   886.13880    0.874792   0.936768
   886.14900    0.971886   0.935534
   886.15980    0.871964   0.934213
   886.17060    0.930409   0.932877
   886.18140    0.943606   0.931527
   886.19220    0.951148   0.930162
   886.20240    0.904957   0.928859
   886.21320    0.905900   0.927465
   886.22400    0.962459   0.926057
   886.23480    0.907785   0.924635
   886.24500    0.885161   0.923278
   886.25580    0.914384   0.921828
   886.26660    0.907785   0.920364
   886.27740    0.895530   0.918885
   886.28820    0.944549   0.917393
   886.29840    0.948320   0.915971
   886.30920    0.921925   0.914451
   886.32000    0.901186   0.912918
   886.33080    0.939836   0.911372
   886.34100    0.907785   0.909899
   886.35180    0.915326   0.908327
   886.36260    0.939836   0.906742
   886.37340    0.939836   0.905144
   886.38420    0.893645   0.903533
   886.39440    0.929466   0.902000
   886.40520    0.950205   0.900364
   886.41600    0.893645   0.898717
   886.42680    0.847455   0.897057
   886.43700    0.901186   0.895478
   886.44780    0.920040   0.893796
   886.45860    0.939836   0.892102
   886.46940    0.891760   0.890397
   886.48020    0.847455   0.888680
   886.49040    0.958689   0.887050
   886.50120    0.926638   0.885313
   886.51200    0.942664   0.883566
   886.52280    0.871021   0.881809
   886.53300    0.876677   0.880140
   886.54380    0.884218   0.878364
   886.55460    0.896473   0.876578
   886.56540    0.907785   0.874783
   886.57620    0.880448   0.872978
   886.58640    0.863480   0.871266
   886.59720    0.904957   0.869444
   886.60800    0.871021   0.867614
   886.61880    0.891760   0.865775
   886.62900    0.825773   0.864030
   886.63980    0.874792   0.862175
   886.65060    0.861594   0.860312
   886.66140    0.808805   0.858441
   886.67220    0.828601   0.856562
   886.68240    0.838971   0.854781
   886.69320    0.815404   0.852888
   886.70400    0.861594   0.850987
   886.71480    0.847455   0.849079
   886.72500    0.807863   0.847271
   886.73580    0.822945   0.845350
   886.74660    0.801264   0.843422
   886.75740    0.882333   0.841488
   886.76820    0.873849   0.839547
   886.77840    0.836143   0.837708
   886.78920    0.855938   0.835755
   886.80000    0.820117   0.833797
   886.81080    0.900244   0.831832
   886.82100    0.801264   0.829971
   886.83180    0.833315   0.827996
   886.84260    0.810691   0.826015
   886.85340    0.830487   0.824029
   886.86420    0.767328   0.822037
   886.87440    0.864422   0.820152
   886.88520    0.823888   0.818152
   886.89600    0.774869   0.816146
   886.90680    0.781468   0.814136
   886.91700    0.782411   0.812234
   886.92780    0.806920   0.810216
   886.93860    0.834257   0.808193
   886.94940    0.794665   0.806167
   886.96020    0.829544   0.804137
   886.97040    0.808805   0.802216
   886.98120    0.842741   0.800179
   886.99200    0.798436   0.798139
   887.00280    0.779583   0.796096
   887.01300    0.798436   0.794163
   887.02380    0.809748   0.792114
   887.03460    0.773927   0.790062
   887.04540    0.786181   0.788007
   887.05620    0.779583   0.785950
   887.06640    0.723023   0.784006
   887.07720    0.765443   0.781945
   887.08800    0.784296   0.779882
   887.09880    0.813519   0.777817
   887.10900    0.756016   0.775866
   887.11980    0.805977   0.773798
   887.13060    0.767328   0.771730
   887.14140    0.772041   0.769660
   887.15220    0.828601   0.767589
   887.16240    0.803149   0.765633
   887.17320    0.772041   0.763561
   887.18400    0.744704   0.761488
   887.19480    0.749418   0.759416
   887.20500    0.746590   0.757459
   887.21580    0.764500   0.755387
   887.22660    0.766385   0.753315
   887.23740    0.783353   0.751244
   887.24820    0.735278   0.749173
   887.25840    0.707940   0.747219
   887.26920    0.714539   0.745151
   887.28000    0.739048   0.743084
   887.29080    0.718310   0.741018
   887.30100    0.725851   0.739070
   887.31180    0.721138   0.737008
   887.32260    0.739048   0.734949
   887.33340    0.678718   0.732893
   887.34420    0.695686   0.730839
   887.35440    0.727736   0.728902
   887.36520    0.711711   0.726855
   887.37600    0.741876   0.724811
   887.38680    0.750360   0.722770
   887.39700    0.707940   0.720847
   887.40780    0.711711   0.718816
   887.41860    0.750360   0.716789
   887.42940    0.691915   0.714767
   887.44020    0.663635   0.712750
   887.45040    0.696628   0.710851
   887.46120    0.675890   0.708846
   887.47200    0.738106   0.706847
   887.48280    0.699456   0.704855
   887.49300    0.692858   0.702979
   887.50380    0.686259   0.701001
   887.51460    0.700399   0.699029
   887.52540    0.676832   0.697066
   887.53620    0.671176   0.695110
   887.54640    0.673062   0.693271
   887.55720    0.670234   0.691332
   887.56800    0.704170   0.689401
   887.57880    0.679660   0.687479
   887.58900    0.671176   0.685673
   887.59980    0.654208   0.683770
   887.61060    0.643839   0.681876
   887.62140    0.690030   0.679992
   887.63220    0.674947   0.678119
   887.64240    0.647610   0.676359
   887.65320    0.663635   0.674506
   887.66400    0.665520   0.672663
   887.67480    0.653266   0.670832
   887.68500    0.641954   0.669113
   887.69580    0.661750   0.667304
   887.70660    0.635355   0.665507
   887.71740    0.695686   0.663722
   887.72820    0.657979   0.661949
   887.73840    0.646667   0.660286
   887.74920    0.635355   0.658537
   887.76000    0.631585   0.656801
   887.77080    0.608961   0.655078
   887.78100    0.650438   0.653462
   887.79180    0.640069   0.651765
   887.80260    0.648553   0.650081
   887.81340    0.647610   0.648411
   887.82420    0.685316   0.646755
   887.83440    0.666463   0.645204
   887.84520    0.641954   0.643575
   887.85600    0.634413   0.641961
   887.86680    0.646667   0.640361
   887.87700    0.643839   0.638864
   887.88780    0.631585   0.637293
   887.89860    0.664578   0.635737
   887.90940    0.599534   0.634197
   887.92020    0.594821   0.632672
   887.93040    0.596706   0.631246
   887.94120    0.611789   0.629751
   887.95200    0.578795   0.628272
   887.96280    0.628757   0.626809
   887.97300    0.624043   0.625443
   887.98380    0.584451   0.624011
   887.99460    0.642897   0.622597
   888.00540    0.608961   0.621199
   888.01620    0.586337   0.619817
   888.02640    0.594821   0.618528
   888.03720    0.594821   0.617180
   888.04800    0.624986   0.615848
   888.05880    0.587279   0.614534
   888.06900    0.605190   0.613309
   888.07980    0.629699   0.612029
   888.09060    0.611789   0.610767
   888.10140    0.612731   0.609522
   888.11220    0.607075   0.608296
   888.12240    0.583509   0.607154
   888.13320    0.586337   0.605962
   888.14400    0.568426   0.604789
   888.15480    0.607075   0.603634
   888.16500    0.590107   0.602560
   888.17580    0.590107   0.601441
   888.18660    0.611789   0.600341
   888.19740    0.611789   0.599260
   888.20820    0.591993   0.598198
   888.21840    0.585394   0.597212
   888.22920    0.644782   0.596187
   888.24000    0.615559   0.595181
   888.25080    0.586337   0.594195
   888.26100    0.612731   0.593281
   888.27180    0.627814   0.592332
   888.28260    0.577853   0.591403
   888.29340    0.568426   0.590494
   888.30420    0.619330   0.589605
   888.31440    0.608961   0.588783
   888.32520    0.584451   0.587933
   888.33600    0.591993   0.587103
   888.34680    0.607075   0.586293
   888.35700    0.622158   0.585547
   888.36780    0.581623   0.584776
   888.37860    0.578795   0.584026
   888.38940    0.592935   0.583297
   888.40020    0.558057   0.582589
   888.41040    0.645725   0.581939
   888.42120    0.617445   0.581270
   888.43200    0.554286   0.580623
   888.44280    0.568426   0.579997
   888.45300    0.546745   0.579425
   888.46380    0.572197   0.578840
   888.47460    0.527892   0.578276
   888.48540    0.580681   0.577734
   888.49620    0.589165   0.577213
   888.50640    0.557114   0.576740
   888.51720    0.559942   0.576261
   888.52800    0.573139   0.575803
   888.53880    0.603305   0.575367
   888.54900    0.529777   0.574975
   888.55980    0.545802   0.574582
   888.57060    0.608961   0.574210
   888.58140    0.588222   0.573860
   888.59220    0.544860   0.573531
   888.60240    0.602362   0.573242
   888.61320    0.553344   0.572956
   888.62400    0.548630   0.572693
   888.63480    0.550516   0.572452
   888.64500    0.584451   0.572245
   888.65580    0.583509   0.572047
   888.66660    0.537318   0.571871
   888.67740    0.529777   0.571717
   888.68820    0.567483   0.571586
   888.69840    0.595763   0.571483
   888.70920    0.591993   0.571395
   888.72000    0.575967   0.571330
   888.73080    0.524121   0.571287
   888.74100    0.564655   0.571267
   888.75180    0.615559   0.571268
   888.76260    0.573139   0.571291
   888.77340    0.624986   0.571337
   888.78420    0.639126   0.571405
   888.79440    0.618387   0.571490
   888.80520    0.596706   0.571602
   888.81600    0.611789   0.571736
   888.82680    0.595763   0.571893
   888.83700    0.629699   0.572062
   888.84780    0.611789   0.572262
   888.85860    0.596706   0.572485
   888.86940    0.559942   0.572731
   888.88020    0.575025   0.572998
   888.89040    0.584451   0.573272
   888.90120    0.587279   0.573583
   888.91200    0.590107   0.573917
   888.92280    0.579738   0.574273
   888.93300    0.631585   0.574630
   888.94380    0.583509   0.575029
   888.95460    0.575025   0.575451
   888.96540    0.599534   0.575894
   888.97620    0.594821   0.576360
   888.98640    0.574082   0.576821
   888.99720    0.553344   0.577329
   889.00800    0.596706   0.577860
   889.01880    0.619330   0.578413
   889.02900    0.591050   0.578956
   889.03980    0.629699   0.579551
   889.05060    0.635355   0.580169
   889.06140    0.598591   0.580808
   889.07220    0.591050   0.581468
   889.08240    0.637241   0.582112
   889.09320    0.586337   0.582815
   889.10400    0.612731   0.583540
   889.11480    0.611789   0.584286
   889.12500    0.588222   0.585010
   889.13580    0.609903   0.585797
   889.14660    0.598591   0.586606
   889.15740    0.609903   0.587436
   889.16820    0.603305   0.588287
   889.17840    0.565598   0.589110
   889.18920    0.586337   0.590001
   889.20000    0.582566   0.590914
   889.21080    0.639126   0.591847
   889.22100    0.558057   0.592748
   889.23180    0.629699   0.593721
   889.24260    0.628757   0.594716
   889.25340    0.648553   0.595730
   889.26420    0.617445   0.596765
   889.27440    0.643839   0.597761
   889.28520    0.603305   0.598835
   889.29600    0.611789   0.599929
   889.30680    0.602362   0.601043
   889.31700    0.574082   0.602114
   889.32780    0.617445   0.603266
   889.33860    0.605190   0.604438
   889.34940    0.591993   0.605630
   889.36020    0.568426   0.606841
   889.37040    0.602362   0.608002
   889.38120    0.598591   0.609251
   889.39200    0.634413   0.610518
   889.40280    0.602362   0.611805
   889.41300    0.628757   0.613037
   889.42380    0.588222   0.614360
   889.43460    0.622158   0.615701
   889.44540    0.642897   0.617060
   889.45620    0.624043   0.618438
   889.46640    0.608018   0.619756
   889.47720    0.642897   0.621169
   889.48800    0.572197   0.622599
   889.49880    0.564655   0.624048
   889.50900    0.641954   0.625432
   889.51980    0.655151   0.626914
   889.53060    0.638183   0.628413
   889.54140    0.608961   0.629929
   889.55220    0.640069   0.631463
   889.56240    0.648553   0.632926
   889.57320    0.611789   0.634491
   889.58400    0.603305   0.636073
   889.59480    0.588222   0.637671
   889.60500    0.641954   0.639195
   889.61580    0.646667   0.640824
   889.62660    0.646667   0.642468
   889.63740    0.644782   0.644128
   889.64820    0.638183   0.645803
   889.65840    0.635355   0.647399
   889.66920    0.665520   0.649103
   889.68000    0.679660   0.650822
   889.69080    0.624043   0.652555
   889.70100    0.663635   0.654205
   889.71180    0.632527   0.655966
   889.72260    0.662692   0.657740
   889.73340    0.648553   0.659528
   889.74420    0.621215   0.661329
   889.75440    0.635355   0.663042
   889.76520    0.664578   0.664869
   889.77600    0.665520   0.666708
   889.78680    0.703227   0.668559
   889.79700    0.689087   0.670319
   889.80780    0.621215   0.672193
   889.81860    0.698514   0.674080
   889.82940    0.691915   0.675977
   889.84020    0.631585   0.677886
   889.85040    0.705112   0.679698
   889.86120    0.674004   0.681628
   889.87200    0.625929   0.683567
   889.88280    0.655151   0.685517
   889.89300    0.696628   0.687367
   889.90380    0.712654   0.689335
   889.91460    0.675890   0.691312
   889.92540    0.658922   0.693297
   889.93620    0.698514   0.695291
   889.94640    0.728679   0.697182
   889.95720    0.674004   0.699192
   889.96800    0.696628   0.701208
   889.97880    0.663635   0.703232
   889.98900    0.708883   0.705149
   889.99980    0.726794   0.707186
   890.01060    0.749418   0.709228
   890.02140    0.748475   0.711275
   890.03220    0.716424   0.713329
   890.04240    0.700399   0.715272
   890.05320    0.728679   0.717335
   890.06400    0.682488   0.719402
   890.07480    0.725851   0.721474
   890.08500    0.700399   0.723434
   890.09580    0.722080   0.725513
   890.10660    0.732450   0.727595
   890.11740    0.737163   0.729681
   890.12820    0.750360   0.731770
   890.13840    0.741876   0.733746
   890.14920    0.770156   0.735840
   890.16000    0.718310   0.737937
   890.17080    0.679660   0.740036
   890.18100    0.703227   0.742021
   890.19180    0.671176   0.744123
   890.20260    0.727736   0.746228
   890.21340    0.747532   0.748334
   890.22420    0.739991   0.750440
   890.23440    0.749418   0.752431
   890.24520    0.788067   0.754540
   890.25600    0.775812   0.756650
   890.26680    0.752246   0.758759
   890.27700    0.702284   0.760752
   890.28780    0.740934   0.762862
   890.29860    0.702284   0.764973
   890.30940    0.671176   0.767082
   890.32020    0.772984   0.769192
   890.33040    0.727736   0.771183
   890.34120    0.767328   0.773291
   890.35200    0.814461   0.775398
   890.36280    0.772984   0.777504
   890.37300    0.816347   0.779492
   890.38380    0.820117   0.781595
   890.39460    0.789952   0.783696
   890.40540    0.759787   0.785796
   890.41620    0.776755   0.787894
   890.42640    0.779583   0.789873
   890.43720    0.750360   0.791966
   890.44800    0.794665   0.794057
   890.45880    0.817289   0.796145
   890.46900    0.813519   0.798115
   890.47980    0.741876   0.800197
   890.49060    0.870078   0.802277
   890.50140    0.753188   0.804353
   890.51220    0.819175   0.806426
   890.52240    0.866308   0.808381
   890.53320    0.842741   0.810446
   890.54400    0.811633   0.812508
   890.55480    0.838971   0.814566
   890.56500    0.790895   0.816506
   890.57580    0.824831   0.818555
   890.58660    0.772984   0.820600
   890.59740    0.783353   0.822641
   890.60820    0.833315   0.824676
   890.61840    0.813519   0.826594
   890.62920    0.796551   0.828620
   890.64000    0.871964   0.830640
   890.65080    0.857824   0.832655
   890.66100    0.837085   0.834553
   890.67180    0.876677   0.836557
   890.68260    0.890817   0.838555
   890.69340    0.795608   0.840547
   890.70420    0.810691   0.842532
   890.71440    0.900244   0.844402
   890.72520    0.863480   0.846375
   890.73600    0.832372   0.848341
   890.74680    0.821060   0.850300
   890.75700    0.837085   0.852144
   890.76780    0.858766   0.854090
   890.77860    0.822945   0.856028
   890.78940    0.816347   0.857958
   890.80020    0.854996   0.859881
   890.81040    0.915326   0.861689
   890.82120    0.827659   0.863596
   890.83200    0.870078   0.865495
   890.84280    0.804092   0.867385
   890.85300    0.907785   0.869162
   890.86380    0.845569   0.871034
   890.87460    0.838971   0.872898
   890.88540    0.837085   0.874752
   890.89620    0.834257   0.876597
   890.90640    0.865365   0.878330
   890.91720    0.872906   0.880155
   890.92800    0.852168   0.881969
   890.93880    0.887989   0.883773
   890.94900    0.937950   0.885466
   890.95980    0.907785   0.887248
   890.97060    0.912498   0.889018
   890.98140    0.891760   0.890776
   890.99220    0.896473   0.892523
   891.00240    0.916269   0.894161
   891.01320    0.909670   0.895883
   891.02400    0.945492   0.897593
   891.03480    0.905900   0.899289
   891.04500    0.876677   0.900880
   891.05580    0.881390   0.902551
   891.06660    0.880448   0.904209
   891.07740    0.868193   0.905854
   891.08820    0.926638   0.907484
   891.09840    0.917212   0.909012
   891.10920    0.863480   0.910615
   891.12000    0.881390   0.912205
   891.13080    0.925696   0.913781
   891.14100    0.945492   0.915255
   891.15180    0.929466   0.916803
   891.16260    0.913441   0.918336
   891.17340    1.000166   0.919854
   891.18420    0.945492   0.921358
   891.19440    0.964345   0.922764
   891.20520    0.936065   0.924238
   891.21600    0.922868   0.925698
   891.22680    1.020905   0.927143
   891.23700    0.932294   0.928493
   891.24780    0.923810   0.929908
   891.25860    0.952090   0.931307
   891.26940    1.010535   0.932691
   891.28020    0.948320   0.934060
   891.29040    0.946434   0.935339
   891.30120    0.963402   0.936677
   891.31200    0.987911   0.938000
   891.32280    0.931352   0.939308
   891.33300    0.861594   0.940528
   891.34380    0.930409   0.941806
   891.35460    0.990739   0.943067
   891.36540    0.952090   0.944313
   891.37620    0.963402   0.945543
   891.38640    0.970001   0.946690
   891.39720    0.869136   0.947889
   891.40800    0.956803   0.949073
   891.41880    0.939836   0.950240
   891.42900    0.882333   0.951329
   891.43980    0.943606   0.952466
   891.45060    0.953033   0.953587
   891.46140    0.933237   0.954693
   891.47220    0.882333   0.955783
   891.48240    0.991682   0.956798
   891.49320    0.930409   0.957857
   891.50400    0.962459   0.958901
   891.51480    0.927581   0.959929
   891.52500    1.012421   0.960886
   891.53580    0.958689   0.961884
   891.54660    0.944549   0.962866
   891.55740    0.951148   0.963833
   891.56820    0.944549   0.964785
   891.57840    0.990739   0.965669
   891.58920    0.937008   0.966591
   891.60000    0.964345   0.967497
   891.61080    0.970001   0.968389
   891.62100    1.003937   0.969216
   891.63180    0.928524   0.970078
   891.64260    0.964345   0.970925
   891.65340    1.014306   0.971756
   891.66420    0.908728   0.972573
   891.67440    0.948320   0.973331
   891.68520    0.984141   0.974119
   891.69600    1.045414   0.974892
   891.70680    0.987911   0.975651
   891.71700    1.001109   0.976354
   891.72780    1.011478   0.977085
   891.73860    0.970943   0.977801
   891.74940    0.948320   0.978502
   891.76020    0.924753   0.979190
   891.77040    0.927581   0.979827
   891.78120    0.996395   0.980487
   891.79200    0.927581   0.981133
   891.80280    1.002994   0.981766
   891.81300    0.940778   0.982351
   891.82380    0.980370   0.982957
   891.83460    0.979427   0.983549
   891.84540    1.040701   0.984128
   891.85620    0.986969   0.984694
   891.86640    1.039758   0.985217
   891.87720    1.012421   0.985757
   891.88800    0.925696   0.986285
   891.89880    0.997338   0.986799
   891.90900    0.947377   0.987274
   891.91980    0.975657   0.987764
   891.93060    0.975657   0.988242
   891.94140    0.932294   0.988707
   891.95220    0.999223   0.989161
   891.96240    1.008650   0.989578
   891.97320    1.008650   0.990008
   891.98400    0.938893   0.990426
   891.99480    0.941721   0.990833
   892.00500    0.967173   0.991207
   892.01580    0.939836   0.991591
   892.02660    0.901186   0.991965
   892.03740    0.913441   0.992327
   892.04820    0.996395   0.992679
   892.05840    0.979427   0.993001
   892.06920    0.977542   0.993331
   892.08000    1.052013   0.993651
   892.09080    1.007707   0.993961
   892.10100    1.007707   0.994245
   892.11180    0.979427   0.994535
   892.12260    1.053898   0.994815
   892.13340    1.000166   0.995086
   892.14420    0.974714   0.995347
   892.15440    0.977542   0.995585
   892.16520    0.986969   0.995828
   892.17600    1.032217   0.996062
   892.18680    1.009593   0.996287
   892.19700    1.002994   0.996491
   892.20780    1.057668   0.996699
   892.21860    1.003937   0.996899
   892.22940    0.955861   0.997090
   892.24020    1.048242   0.997273
   892.25040    0.971886   0.997439
   892.26120    0.980370   0.997607
   892.27200    0.990739   0.997768
   892.28280    1.028446   0.997921
   892.29300    0.999223   0.998059
   892.30380    1.021847   0.998198
   892.31460    1.026561   0.998330
   892.32540    1.055783   0.998455
   892.33620    1.083120   0.998574
   892.34640    1.083120   0.998681
   892.35720    0.999223   0.998788
   892.36800    1.002994   0.998888
   892.37880    1.000166   0.998983
   892.38900    1.058611   0.999068
   892.39980    1.021847   0.999152
   892.41060    1.022790   0.999231
   892.42140    1.063324   0.999304
   892.43220    1.019962   0.999373
   892.44240    1.024675   0.999433
   892.45320    1.068980   0.999493
   892.46400    1.046357   0.999548
   892.47480    1.095375   0.999599
   892.48500    1.022790   0.999643
   892.49580    1.019962   0.999686
   892.50660    0.992625   0.999726
   892.51740    1.003937   0.999762
   892.52820    1.000166   0.999794
   892.53840    1.047299   0.999822
   892.54920    1.050127   0.999849
   892.56000    0.971886   0.999872
   892.57080    0.980370   0.999893
   892.58100    1.022790   0.999911
   892.59180    0.951148   0.999927
   892.60260    0.998281   0.999941
   892.61340    0.999223   0.999953
   892.62420    0.974714   0.999964
   892.63440    0.989797   0.999972
   892.64520    0.991682   0.999979
   892.65600    0.995453   0.999985
   892.66680    1.041643   0.999989
   892.67700    1.058611   0.999993
   892.68780    1.104802   0.999995
   892.69860    1.010535   0.999997
   892.70940    1.134967   0.999999
   892.72020    1.023733   0.999999
   892.73040    1.053898   1.000000
   892.74120    1.045414   1.000000
   892.75200    1.017134   1.000000
   892.76280    1.030331   1.000000
   892.77300    1.046357   1.000000
   892.78380    0.974714   1.000000
   892.79460    1.030331   1.000000
   892.80540    0.925696   1.000000
   892.81620    0.973771   1.000000
   892.82640    0.998281   1.000000
   892.83720    0.965287   1.000000
   892.84800    0.967173   1.000000
   892.85880    0.989797   1.000000
   892.86900    1.013363   1.000000
   892.87980    1.005822   1.000000
   892.89060    1.011478   1.000000
   892.90140    0.995453   1.000000
   892.91220    0.971886   1.000000
   892.92240    0.966230   1.000000
   892.93320    1.030331   1.000000
   892.94400    0.990739   1.000000
   892.95480    0.975657   1.000000
   892.96500    0.975657   1.000000
   892.97580    0.978485   1.000000
   892.98660    1.042586   1.000000
   892.99740    0.947377   1.000000
   893.00820    1.012421   1.000000
   893.01840    0.951148   1.000000
   893.02920    1.011478   1.000000
   893.04000    0.984141   1.000000
   893.05080    1.054841   1.000000
   893.06100    1.061439   1.000000
   893.07180    1.074636   1.000000
   893.08260    0.997338   1.000000
   893.09340    1.022790   1.000000
   893.10420    0.943606   1.000000
   893.11440    0.986969   1.000000
   893.12520    1.022790   1.000000
   893.13600    1.002051   1.000000
   893.14680    0.862537   1.000000
   893.15700    0.937008   1.000000
   893.16780    1.012421   1.000000
   893.17860    1.023733   1.000000
   893.18940    0.966230   1.000000
   893.20020    1.002994   1.000000
   893.21040    1.049185   1.000000
   893.22120    0.997338   1.000000
   893.23200    0.985083   1.000000
   893.24280    0.953033   1.000000
   893.25300    0.993567   1.000000
   893.26380    1.014306   1.000000
   893.27460    0.953976   1.000000
   893.28540    0.960574   1.000000
   893.29620    1.026561   1.000000
   893.30640    0.969058   1.000000
   893.31720    0.940778   1.000000
   893.32800    1.044471   1.000000
   893.33880    1.008650   1.000000
   893.34900    1.000166   1.000000
   893.35980    0.990739   1.000000
   893.37060    0.980370   1.000000
   893.38140    0.997338   1.000000
   893.39220    0.984141   1.000000
   893.40240    1.042586   1.000000
   893.41320    0.930409   1.000000
   893.42400    1.005822   1.000000
   893.43480    0.949262   1.000000
   893.44500    0.986026   1.000000
   893.45580    0.994510   1.000000
   893.46660    0.938893   1.000000
   893.47740    0.941721   1.000000
   893.48820    1.053898   1.000000
   893.49840    1.060496   1.000000
   893.50920    0.970001   1.000000
   893.52000    0.984141   1.000000
   893.53080    1.010535   1.000000
   893.54100    0.956803   1.000000
   893.55180    0.956803   1.000000
   893.56260    1.019019   1.000000
   893.57340    1.031274   1.000000
   893.58420    1.085006   1.000000
   893.59440    0.998281   1.000000
   893.60520    1.051070   1.000000
   893.61600    0.997338   1.000000
   893.62680    0.937008   1.000000
   893.63700    1.051070   1.000000
   893.64780    0.916269   1.000000
   893.65860    0.937008   1.000000
   893.66940    1.043529   1.000000
