   171.52546    0.958977   1.000000
   171.58378    1.026617   1.000000
   171.64109    1.029457   1.000000
   171.69955    1.003248   1.000000
   171.75686    1.026617   1.000000
   171.81403    0.991307   1.000000
   171.87235    0.981315   1.000000
   171.92966    0.989483   1.000000
   172.37621    1.033257   1.000000
   172.43395    1.049562   1.000000
   172.49112    0.924290   1.000000
   172.54944    1.006951   1.000000
   172.60690    1.024727   1.000000
   172.66522    0.985844   1.000000
   172.72354    1.020019   1.000000
   173.45995    1.076982   1.000000
   173.51410    0.988572   1.000000
   173.57242    1.010668   1.000000
   173.62987    1.019080   1.000000
   173.68819    0.956331   1.000000
   173.74550    1.038026   1.000000
   173.80382    0.951937   1.000000
   173.86114    0.928556   1.000000
   173.91946    1.030406   1.000000
   173.97677    0.972318   1.000000
   174.03394    0.940607   1.000000
   174.09139    0.977706   1.000000
   174.14870    0.994050   1.000000
   174.20702    0.970529   1.000000
   174.26534    0.983124   1.000000
   174.32366    0.973214   1.000000
   174.38198    0.956331   1.000000
   174.44030    0.940607   1.000000
   174.49762    0.976806   1.000000
   174.55594    1.024727   1.000000
   174.61339    0.971423   1.000000
   174.67171    0.921740   1.000000
   174.72902    1.006024   1.000000
   174.78619    0.918350   1.000000
   174.84451    1.052467   1.000000
   174.90182    0.944949   1.000000
   175.41130    1.024727   1.000000
   175.46026    0.960745   1.000000
   175.50922    1.023784   1.000000
   175.55918    0.997719   1.000000
   175.60814    0.958094   1.000000
   175.65710    1.047631   1.000000
   175.70722    1.019080   1.000000
   175.75618    0.999559   1.000000
   175.80499    0.966960   1.000000
   175.85496    1.032306   1.000000
   175.90392    0.974111   1.000000
   175.95432    1.028509   1.000000
   176.00400    0.959861   1.000000
   176.05296    1.023784   1.000000
   176.10192    1.013464   1.000000
   176.15203    1.018142   1.000000
   176.20099    0.920891   1.000000
   176.25096    0.975008   1.000000
   176.30093    1.001402   1.000000
   176.35003    1.005098   1.000000
   176.40000    0.932842   1.000000
   176.44882    0.979509   1.000000
   176.49878    1.003248   1.000000
   176.54875    0.990395   1.000000
   176.59886    1.002324   1.000000
   176.64883    0.938012   1.000000
   176.69779    0.979509   1.000000
   176.74790    0.967851   1.000000
   176.79715    0.998638   1.000000
   176.84683    1.025672   1.000000
   176.89680    0.912448   1.000000
   176.94590    0.996801   1.000000
   176.99486    1.035162   1.000000
   177.04483    0.986753   1.000000
   177.09480    0.969635   1.000000
   177.14362    1.074010   1.000000
   177.19387    0.975907   1.000000
   177.24269    0.984030   1.000000
   177.29266    1.013464   1.000000
   177.34162    0.972318   1.000000
   177.39158    0.958094   1.000000
   177.44069    0.954571   1.000000
   177.49066    0.979509   1.000000
   177.53962    1.064163   1.000000
   177.58958    1.007879   1.000000
   177.63869    1.051498   1.000000
   177.68866    0.985844   1.000000
   177.73747    0.940607   1.000000
   177.78744    0.927702   1.000000
   177.83654    0.971423   1.000000
   177.88651    1.044740   1.000000
   177.93648    0.973214   1.000000
   177.98587    1.041857   1.000000
   178.03555    0.980411   1.000000
   178.08552    1.039940   1.000000
   178.13549    1.006951   1.000000
   178.34933    1.042817   1.000000
   178.38648    1.005098   1.000000
   178.42723    1.038026   1.000000
   178.46885    0.981315   1.000000
   178.50946    1.008807   1.000000
   178.55122    0.943210   1.000000
   178.59182    0.957212   1.000000
   178.63344    1.009737   1.000000
   178.67419    1.045703   1.000000
   178.71595    1.020019   1.000000
   178.75757    1.009737   1.000000
   178.79918    0.959861   0.999232
   178.84080    1.030406   0.997983
   178.88242    1.027563   0.996442
   178.92317    1.006024   0.994694
   178.96363    1.047631   0.992710
   179.00438    0.944949   0.990721
   179.04600    0.966069   0.988339
   179.08661    1.164685   0.985832
   179.12837    1.071046   0.983152
   179.16898    0.918350   0.980471
   179.21088    0.958977   0.977585
   179.25235    0.992221   0.974515
   179.29282    0.955451   0.971526
   179.33443    0.901588   0.968386
   179.39419    1.000480   0.963694
   179.45150    0.938012   0.959109
   179.49629    0.958094   0.955401
   179.53762    0.957212   0.951893
   179.57837    0.972318   0.948416
   179.61998    0.909931   0.944894
   179.66059    0.925994   0.941311
   179.70235    0.988572   0.937707
   179.74498    1.023784   0.934030
   179.78558    0.910769   0.930346
   179.82734    0.839863   0.926735
   179.86795    0.866579   0.923093
   179.91878    0.973214   0.918603
   179.95968    0.917505   0.915006
   180.00230    1.044740   0.911281
   180.04709    0.872988   0.907262
   180.08885    0.921740   0.903826
   180.13046    0.894970   0.900079
   180.17122    0.944949   0.896681
   180.21283    0.881878   0.893208
   180.25344    0.948437   0.889785
   180.29621    0.912448   0.886311
   180.33984    0.958977   0.882763
   180.38045    0.866579   0.879579
   180.42120    0.819990   0.876591
   180.46282    0.793247   0.873420
   180.50357    0.841411   0.870350
   180.54518    0.946691   0.867474
   180.58565    0.883504   0.864589
   180.62626    0.824533   0.861908
   180.66802    0.881878   0.859294
   180.70862    0.977706   0.856820
   180.74938    0.843739   0.854465
   180.79099    0.821501   0.851970
   180.83261    0.802063   0.849773
   180.87437    0.780204   0.847787
   180.91598    0.905750   0.845833
   180.95674    0.913289   0.844102
   180.99835    0.810230   0.842383
   181.03882    0.806507   0.840894
   181.08043    0.730816   0.839487
   181.12234    0.772340   0.838244
   181.16280    0.793247   0.837222
   181.20456    0.773764   0.836403
   181.24517    0.799113   0.835564
   181.28678    0.870579   0.834958
   181.32754    0.904916   0.834537
   181.36915    0.814720   0.834160
   181.40990    0.778051   0.834085
   181.45152    0.836774   0.834189
   181.49198    0.813220   0.834385
   181.53389    0.799850   0.834735
   181.57435    0.796908   0.835240
   181.61597    0.863393   0.835938
   181.65672    0.910769   0.836653
   181.69733    0.861010   0.837648
   181.73794    0.768083   0.838755
   181.77970    0.851546   0.839990
   181.82016    0.793978   0.841446
   181.86307    0.824533   0.843051
   181.90469    0.885948   0.844716
   181.94630    0.929412   0.846573
   181.98706    0.837545   0.848604
   182.02752    0.845295   0.850451
   182.06914    0.880255   0.852717
   182.10989    0.839863   0.855024
   182.15150    0.903251   0.857414
   182.19312    0.811724   0.859934
   182.23387    0.911608   0.862585
   182.27549    0.862598   0.865271
   182.31610    0.769499   0.867952
   182.35786    0.861010   0.870887
   182.39947    0.890858   0.873811
   182.44123    0.817727   0.876967
   182.48285    0.922589   0.880121
   182.52446    0.846074   0.883197
   182.56522    0.817727   0.886404
   182.60683    0.940607   0.889693
   182.64730    0.944949   0.892882
   182.68906    0.909093   0.896237
   182.72966    0.871381   0.899536
   182.77128    0.970529   0.902953
   182.81203    0.899101   0.906277
   182.85451    0.923439   0.909869
   182.89742    0.888399   0.913443
   182.93918    0.900758   0.916885
   182.97965    0.984030   0.920317
   183.02126    1.001402   0.923745
   183.06230    0.993135   0.927216
   183.10363    0.920043   0.930681
   183.14438    0.924290   0.933983
   183.18600    0.871381   0.937343
   183.22762    0.946691   0.940781
   183.26837    0.844517   0.944025
   183.30998    0.933702   0.947375
   183.35059    1.015333   0.950456
   183.39120    1.016268   0.953685
   183.43282    1.011599   0.956816
   183.47443    0.948437   0.959892
   183.51619    0.950185   0.963024
   183.55680    0.897446   0.965838
   183.59755    0.944949   0.968687
   183.63816    1.016268   0.971536
   183.67862    0.941474   0.974120
   183.72053    0.942341   0.976842
   183.76214    1.078967   0.979342
   183.80376    1.040898   0.981830
   183.84552    1.091964   0.984121
   183.88598    0.983124   0.986322
   183.93394    0.894146   0.988676
   183.99010    1.004172   0.991313
   184.03502    1.084946   0.993157
   184.07563    0.989483   0.994679
   184.11638    1.020019   0.996033
   184.15800    0.904083   0.997275
   184.19962    1.005098   0.998301
   184.24037    1.090959   0.999101
   184.28198    1.039940   0.999685
   184.32245    0.915816   0.999952
   184.36421    0.924290   1.000000
   184.40482    0.877018   1.000000
   184.44542    1.140272   1.000000
   184.48618    0.993135   1.000000
   184.52779    1.021900   1.000000
   184.56854    1.023784   1.000000
   184.61016    1.027563   1.000000
   184.65062    0.954571   1.000000
   184.69238    0.923439   1.000000
   184.73400    1.022841   1.000000
   184.77461    0.954571   1.000000
   184.81536    0.973214   1.000000
   184.85698    0.990395   1.000000
   184.89859    1.027563   1.000000
   184.94035    0.985844   1.000000
   184.98096    0.960745   1.000000
   185.02157    0.989483   1.000000
   185.06333    0.987662   1.000000
   185.10379    1.013464   1.000000
   185.14555    1.047631   1.000000
   185.18717    1.015333   1.000000
   185.22778    0.984937   1.000000
   185.26853    0.944949   1.000000
   185.31115    1.025672   1.000000
   185.35277    1.019080   1.000000
   185.39453    0.959861   1.000000
   185.43514    0.969635   1.000000
   185.47690    1.008807   1.000000
   185.51750    0.979509   1.000000
   185.56013    0.980411   1.000000
   185.60189    1.081953   1.000000
   185.64250    1.000480   1.000000
   185.68411    1.118429   1.000000
   185.72587    1.031355   1.000000
   185.76749    1.105117   1.000000
   185.80810    1.066125   1.000000
   185.84986    1.069075   1.000000
   185.89032    1.033257   1.000000
   185.93194    1.065144   1.000000
   185.97269    1.022841   1.000000
   186.01430    1.028509   1.000000
   186.05606    1.008807   1.000000
   186.09768    0.985844   1.000000
   186.13829    1.045703   1.000000
   186.18005    1.119459   1.000000
   186.22166    1.061227   1.000000
   186.26227    0.990395   1.000000
   186.30403    1.021900   1.000000
   186.34565    0.943210   1.000000
   186.38640    0.996801   1.000000
   186.42802    1.024727   1.000000
   186.46848    1.005098   1.000000
   186.50923    0.977706   1.000000
   186.54984    0.957212   1.000000
   186.59045    0.946691   1.000000
   186.63106    1.006951   1.000000
   186.67282    1.157200   1.000000
   186.71443    1.019080   1.000000
   186.75504    0.997719   1.000000
   186.79666    0.868977   1.000000
   186.83827    1.080957   1.000000
   186.87902    0.956331   1.000000
   186.92064    0.981315   1.000000
   186.96139    1.069075   1.000000
   187.00301    0.942341   1.000000
   187.04362    0.982219   1.000000
   187.08538    1.006951   1.000000
   187.12699    1.053436   1.000000
   187.16861    1.017205   1.000000
   187.20936    0.978607   1.000000
   187.25098    1.023784   1.000000
   187.29274    0.890037   1.000000
   187.33320    0.950185   1.000000
   187.37482    0.944949   1.000000
   187.41542    1.020019   1.000000
   187.45718    0.999559   1.000000
   187.49779    0.920043   1.000000
   187.53955    0.975008   1.000000
   187.58016    0.993135   1.000000
   187.62178    1.055379   1.000000
   187.66238    0.928556   1.000000
   187.70299    0.992221   1.000000
   187.74360    0.971423   1.000000
   187.78536    0.987662   1.000000
   187.82597    0.943210   1.000000
   187.86672    1.051498   1.000000
   187.90834    0.942341   1.000000
   187.94995    0.955451   1.000000
   187.99042    0.982219   1.000000
   188.03218    0.965180   1.000000
   188.07379    1.038026   1.000000
   188.11454    0.952814   1.000000
   188.15515    1.114316   1.000000
   188.19677    1.042817   1.000000
   188.23853    1.065144   1.000000
   188.27914    0.946691   1.000000
   188.32075    1.017205   1.000000
   188.36150    0.975008   1.000000
   188.40312    1.032306   1.000000
   188.44488    1.016268   1.000000
   188.48534    0.991307   1.000000
   188.52696    1.022841   1.000000
   188.56771    1.021900   1.000000
   188.60933    0.983124   1.000000
   188.65094    1.031355   1.000000
   188.69170    1.014398   1.000000
   188.73331    0.972318   1.000000
   188.77392    1.005098   1.000000
   188.81453    0.998638   1.000000
   188.85629    1.027563   1.000000
   188.89805    0.984030   1.000000
   188.93851    0.931126   1.000000
   188.98013    1.072033   1.000000
   189.02189    0.976806   1.000000
   189.06250    0.958977   1.000000
   189.10310    0.938876   1.000000
   189.14486    1.029457   1.000000
   189.18648    0.948437   1.000000
   189.22709    0.979509   1.000000
   189.26885    1.043778   1.000000
   189.30931    1.020019   1.000000
   189.35107    0.940607   1.000000
   189.39168    1.051498   1.000000
   189.43330    1.009737   1.000000
   189.47405    1.030406   1.000000
   189.51566    1.112265   1.000000
   189.55627    0.938012   1.000000
   189.59702    0.984030   1.000000
   189.63864    1.012531   1.000000
   189.67910    1.002324   1.000000
   189.72086    0.980411   1.000000
   189.76147    1.017205   1.000000
   189.80323    1.053436   1.000000
   189.84485    0.985844   1.000000
   189.88546    0.996801   1.000000
   189.92722    0.977706   1.000000
   189.96883    0.981315   1.000000
   190.00944    0.993135   1.000000
   190.05120    1.013464   1.000000
   190.09181    0.968742   1.000000
   190.13357    1.020959   1.000000
   190.17403    0.983124   1.000000
   190.21565    1.002324   1.000000
   190.25726    0.954571   1.000000
   190.29902    0.994050   1.000000
   190.34064    1.037071   1.000000
   190.38125    1.020959   1.000000
   190.42200    1.019080   1.000000
   190.46261    1.034209   1.000000
