   723.01920    1.020588   1.000000
   723.02460    1.058451   1.000000
   723.03000    1.041585   1.000000
   723.03540    1.039175   1.000000
   723.04080    0.998903   1.000000
   723.04620    1.036078   1.000000
   723.05160    1.102510   1.000000
   723.05700    1.027816   1.000000
   723.06180    0.986511   1.000000
   723.06720    0.947615   1.000000
   723.07260    1.018867   1.000000
   723.07800    0.994428   1.000000
   723.08340    1.027816   1.000000
   723.08880    1.009573   1.000000
   723.09420    1.043994   1.000000
   723.09960    1.056386   1.000000
   723.10500    1.035045   1.000000
   723.10980    1.044683   1.000000
   723.11520    1.001312   1.000000
   723.12060    1.000968   1.000000
   723.12600    0.984446   1.000000
   723.13140    1.028161   1.000000
   723.13680    1.052600   1.000000
   723.14220    1.055353   1.000000
   723.14760    1.075662   1.000000
   723.15300    1.022997   1.000000
   723.15780    1.019555   1.000000
   723.16320    0.984790   1.000000
   723.16860    0.967579   1.000000
   723.17400    1.018523   1.000000
   723.17940    1.043306   1.000000
   723.18480    1.027816   1.000000
   723.19020    0.963449   1.000000
   723.19560    0.936256   1.000000
   723.20100    1.020244   1.000000
   723.20580    1.076006   1.000000
   723.21120    0.977562   1.000000
   723.21660    0.935912   1.000000
   723.22200    0.957253   1.000000
   723.22740    0.985823   1.000000
   723.23280    0.952090   1.000000
   723.23820    0.947959   1.000000
   723.24360    1.077727   1.000000
   723.24900    1.076350   1.000000
   723.25380    0.988576   1.000000
   723.25920    1.019211   1.000000
   723.26460    1.051911   1.000000
   723.27000    1.082202   1.000000
   723.27540    1.017490   1.000000
   723.28080    0.957941   1.000000
   723.28620    1.052944   1.000000
   723.29160    1.164469   1.000000
   723.29700    0.977217   1.000000
   723.30180    1.014392   1.000000
   723.30720    1.032980   1.000000
   723.31260    1.002001   1.000000
   723.31800    0.970677   1.000000
   723.32340    1.014736   1.000000
   723.32880    1.024030   1.000000
   723.33420    0.970677   1.000000
   723.33960    1.036422   1.000000
   723.34500    1.000968   1.000000
   723.34980    1.035389   1.000000
   723.35520    1.082546   1.000000
   723.36060    1.011983   1.000000
   723.36600    1.016457   1.000000
   723.37140    1.049158   1.000000
   723.37680    1.028161   1.000000
   723.38220    0.993051   1.000000
   723.38760    0.978594   1.000000
   723.39300    1.001312   1.000000
   723.39780    1.042618   1.000000
   723.40320    0.986855   1.000000
   723.40860    1.000968   1.000000
   723.41400    1.024719   1.000000
   723.41940    1.018867   1.000000
   723.42480    1.011983   1.000000
   723.43020    0.945550   1.000000
   723.43560    0.998214   1.000000
   723.44100    1.022653   1.000000
   723.44580    0.999247   1.000000
   723.45120    1.011294   1.000000
   723.45660    0.989609   1.000000
   723.46200    1.035045   1.000000
   723.46740    0.999247   1.000000
   723.47280    1.011638   1.000000
   723.47820    1.042618   1.000000
   723.48360    1.002689   1.000000
   723.48900    0.968956   1.000000
   723.49380    1.003033   1.000000
   723.49920    1.019555   1.000000
   723.50460    1.053288   1.000000
   723.51000    1.059828   1.000000
   723.51540    1.034012   1.000000
   723.52080    0.993051   1.000000
   723.52620    1.065336   1.000000
   723.53160    1.038831   1.000000
   723.53700    1.015425   1.000000
   723.54180    1.049158   1.000000
   723.54720    0.997870   1.000000
   723.55260    1.045371   1.000000
   723.55800    1.074285   1.000000
   723.56340    1.031603   1.000000
   723.56880    1.089086   1.000000
   723.57420    0.981004   1.000000
   723.57960    1.014736   1.000000
   723.58500    0.965858   1.000000
   723.58980    1.021276   1.000000
   723.59520    1.024719   1.000000
   723.60060    1.000279   1.000000
   723.60600    0.983413   1.000000
   723.61140    1.019211   1.000000
   723.61680    1.095970   1.000000
   723.62220    1.042962   1.000000
   723.62760    1.096315   1.000000
   723.63300    0.969989   1.000000
   723.63780    1.009573   1.000000
   723.64320    0.961728   1.000000
   723.64860    0.983413   1.000000
   723.65400    0.988921   1.000000
   723.65940    1.008541   1.000000
   723.66480    0.976529   1.000000
   723.67020    1.024374   1.000000
   723.67560    1.039520   1.000000
   723.68100    1.013704   1.000000
   723.68580    1.003722   1.000000
   723.69120    0.964826   1.000000
   723.69660    0.989953   1.000000
   723.70200    0.992363   1.000000
   723.70740    0.967924   1.000000
   723.71280    0.957253   1.000000
   723.71820    1.036422   1.000000
   723.72360    0.962072   1.000000
   723.72900    1.022653   1.000000
   723.73380    1.045715   1.000000
   723.73920    1.031259   1.000000
   723.74460    1.004066   1.000000
   723.75000    0.988232   1.000000
   723.75540    0.985134   1.000000
   723.76080    0.979971   1.000000
   723.76620    1.057763   1.000000
   723.77160    1.019900   1.000000
   723.77700    0.923176   1.000000
   723.78180    0.967579   1.000000
   723.78720    1.006475   1.000000
   723.79260    0.974119   1.000000
   723.79800    1.025407   1.000000
   723.80340    0.898393   1.000000
   723.80880    0.967579   1.000000
   723.81420    0.986511   1.000000
   723.81960    1.038487   1.000000
   723.82500    0.912850   1.000000
   723.82980    0.989953   1.000000
   723.83520    0.983069   1.000000
   723.84060    0.935912   1.000000
   723.84600    1.063614   1.000000
   723.85140    1.036422   1.000000
   723.85680    1.023342   1.000000
   723.86220    0.946927   1.000000
   723.86760    1.017490   1.000000
   723.87300    0.984102   1.000000
   723.87780    1.013015   1.000000
   723.88320    1.031259   1.000000
   723.88860    0.983757   1.000000
   723.89400    0.984790   1.000000
   723.89940    1.052600   1.000000
   723.90480    1.052944   1.000000
   723.91020    1.060172   1.000000
   723.91560    1.040208   1.000000
   723.92100    1.000279   1.000000
   723.92580    0.967579   1.000000
   723.93120    1.056386   1.000000
   723.93660    1.022309   1.000000
   723.94200    1.006131   1.000000
   723.94740    0.977562   1.000000
   723.95280    0.910440   1.000000
   723.95820    1.041585   1.000000
   723.96360    1.005787   1.000000
   723.96900    0.975152   1.000000
   723.97380    0.948304   1.000000
   723.97920    1.071531   1.000000
   723.98460    0.947959   1.000000
   723.99000    1.031603   1.000000
   723.99540    1.050190   1.000000
   724.00080    1.023342   1.000000
   724.00620    0.979627   1.000000
   724.01160    1.013704   1.000000
   724.01700    1.008196   1.000000
   724.02180    1.011983   1.000000
   724.02720    1.002345   1.000000
   724.03260    1.043994   1.000000
   724.03800    1.028505   1.000000
   724.04340    1.037454   1.000000
   724.04880    1.076006   1.000000
   724.05420    0.946582   1.000000
   724.05960    0.979283   1.000000
   724.06500    0.934535   1.000000
   724.06980    1.010606   1.000000
   724.07520    1.021276   1.000000
   724.08060    1.019211   1.000000
   724.08600    1.022653   1.000000
   724.09140    0.977562   1.000000
   724.09680    0.982036   1.000000
   724.10220    1.039175   1.000000
   724.10760    1.019555   1.000000
   724.11300    1.053632   1.000000
   724.11780    1.014736   1.000000
   724.12320    0.989609   1.000000
   724.12860    1.029882   1.000000
   724.13400    1.029193   1.000000
   724.13940    1.026095   1.000000
   724.14480    0.992707   1.000000
   724.15020    1.028505   1.000000
   724.15560    0.988232   1.000000
   724.16100    0.947271   1.000000
   724.16580    1.031947   1.000000
   724.17120    1.052255   1.000000
   724.17660    0.975496   1.000000
   724.18200    0.974119   1.000000
   724.18740    1.017146   1.000000
   724.19280    1.042618   1.000000
   724.19820    0.969645   1.000000
   724.20360    0.966891   1.000000
   724.20900    0.996837   1.000000
   724.21380    1.010262   1.000000
   724.21920    1.027472   1.000000
   724.22460    1.028161   1.000000
   724.23000    1.090807   1.000000
   724.23540    1.020932   1.000000
   724.24080    1.027472   1.000000
   724.24620    0.976873   1.000000
   724.25160    1.036078   1.000000
   724.25700    1.021621   1.000000
   724.26180    1.011983   1.000000
   724.26720    0.990642   1.000000
   724.27260    0.983757   1.000000
   724.27800    0.958286   1.000000
   724.28340    1.014392   1.000000
   724.28880    1.030570   1.000000
   724.29420    1.002689   1.000000
   724.29960    0.982036   1.000000
   724.30500    0.878773   1.000000
   724.30980    0.968268   1.000000
   724.31520    1.017490   1.000000
   724.32060    0.980659   1.000000
   724.32600    1.009229   1.000000
   724.33140    0.912161   1.000000
   724.33680    1.011294   1.000000
   724.34220    0.979627   1.000000
   724.34760    0.969300   1.000000
   724.35300    1.037110   1.000000
   724.35780    0.960695   1.000000
   724.36320    0.981348   1.000000
   724.36860    1.011294   1.000000
   724.37400    0.973431   1.000000
   724.37940    0.997870   1.000000
   724.38480    0.981692   1.000000
   724.39020    0.950369   1.000000
   724.39560    0.935912   1.000000
   724.40100    0.956565   1.000000
   724.40580    0.978938   1.000000
   724.41120    1.018179   1.000000
   724.41660    0.947615   1.000000
   724.42200    0.977562   1.000000
   724.42740    1.067401   1.000000
   724.43280    1.033324   1.000000
   724.43820    1.039175   1.000000
   724.44360    0.989609   1.000000
   724.44900    1.006475   1.000000
   724.45380    0.990297   1.000000
   724.45920    0.931781   1.000000
   724.46460    0.979971   1.000000
   724.47000    1.028505   1.000000
   724.47540    0.965170   1.000000
   724.48080    1.030226   1.000000
   724.48620    1.008885   1.000000
   724.49160    0.941075   1.000000
   724.49700    0.996149   1.000000
   724.50180    0.999935   1.000000
   724.50720    1.015081   1.000000
   724.51260    0.986167   1.000000
   724.51800    0.966547   1.000000
   724.52340    0.882559   1.000000
   724.52880    1.019900   1.000000
   724.53420    0.976529   1.000000
   724.53960    0.988232   1.000000
   724.54500    1.027472   1.000000
   724.54980    1.020244   1.000000
   724.55520    0.964137   1.000000
   724.56060    1.019555   1.000000
   724.56600    1.026784   1.000000
   724.57140    0.968612   1.000000
   724.57680    0.987544   1.000000
   724.58220    1.089775   1.000000
   724.58760    1.042618   1.000000
   724.59300    1.039520   1.000000
   724.59780    0.980315   1.000000
   724.60320    1.053288   1.000000
   724.60860    1.061893   1.000000
   724.61400    0.996837   1.000000
   724.61940    1.098036   1.000000
   724.62480    1.056730   1.000000
   724.63020    1.029193   1.000000
   724.63560    0.967924   0.999894
   724.64100    1.025063   0.999835
   724.64580    1.074629   0.999799
   724.65120    1.038143   0.999764
   724.65660    1.030914   0.999609
   724.66200    1.003033   0.999526
   724.66740    0.935912   0.999455
   724.67280    1.002689   0.999407
   724.67820    0.955876   0.999240
   724.68360    0.989609   0.999133
   724.68900    1.051567   0.999038
   724.69380    1.020932   0.998978
   724.69920    1.078760   0.998812
   724.70460    1.028161   0.998669
   724.71000    1.051223   0.998562
   724.71540    1.047437   0.998478
   724.72080    1.028505   0.998264
   724.72620    0.983757   0.998133
   724.73160    0.965858   0.998002
   724.73700    1.000624   0.997919
   724.74180    0.963449   0.997669
   724.74720    0.982036   0.997538
   724.75260    1.046060   0.997407
   724.75800    1.046748   0.997289
   724.76340    1.006820   0.997062
   724.76880    1.039864   0.996884
   724.77420    1.023342   0.996707
   724.77960    1.074629   0.996611
   724.78500    1.039520   0.996338
   724.78980    1.059140   0.996220
   724.79520    1.074629   0.996054
   724.80060    1.068778   0.995888
   724.80600    1.045371   0.995639
   724.81140    1.006475   0.995449
   724.81680    1.111116   0.995272
   724.82220    1.078416   0.995095
   724.82760    1.011983   0.994870
   724.83300    1.066368   0.994657
   724.83780    0.969300   0.994492
   724.84320    1.025407   0.994314
   724.84860    1.018179   0.994044
   724.85400    1.083579   0.993796
   724.85940    0.972743   0.993619
   724.86480    1.090119   0.993442
   724.87020    0.999935   0.993184
   724.87560    1.034701   0.992948
   724.88100    1.016113   0.992737
   724.88580    1.070499   0.992572
   724.89120    1.005787   0.992290
   724.89660    0.979971   0.992044
   724.90200    1.046060   0.991833
   724.90740    0.943829   0.991610
   724.91280    0.931093   0.991341
   724.91820    0.996837   0.991107
   724.92360    0.973775   0.990849
   724.92900    0.992018   0.990639
   724.93380    0.982036   0.990382
   724.93920    0.981692   0.990103
   724.94460    1.004410   0.989880
   724.95000    1.029537   0.989671
   724.95540    1.005787   0.989344
   724.96080    0.986855   0.989100
   724.96620    0.955532   0.988822
   724.97160    0.985823   0.988600
   724.97700    0.920422   0.988334
   724.98180    1.018523   0.988057
   724.98720    1.022653   0.987824
   724.99260    0.936600   0.987510
   724.99800    1.011983   0.987336
   725.00340    0.912505   0.986969
   725.00880    0.973087   0.986679
   725.01420    1.040552   0.986458
   725.01960    0.953122   0.986205
   725.02500    0.971021   0.985838
   725.02980    0.926618   0.985598
   725.03520    0.967924   0.985285
   725.04060    0.947271   0.985089
   725.04600    0.983413   0.984724
   725.05140    1.007164   0.984461
   725.05680    0.967579   0.984161
   725.06220    1.037799   0.983885
   725.06760    0.972054   0.983556
   725.07300    0.990297   0.983285
   725.07780    0.999247   0.982996
   725.08320    0.927307   0.982664
   725.08860    0.901835   0.982394
   725.09400    0.947271   0.982088
   725.09940    0.962416   0.981711
   725.10480    0.913882   0.981472
   725.11020    0.973431   0.981122
   725.11560    1.029193   0.980819
   725.12100    0.938321   0.980477
   725.12580    0.954499   0.980204
   725.13120    0.968956   0.979935
   725.13660    1.003377   0.979542
   725.14200    0.910440   0.979214
   725.14740    0.934535   0.978921
   725.15280    0.897704   0.978617
   725.15820    0.944861   0.978318
   725.16360    0.962416   0.977891
   725.16900    0.960695   0.977633
   725.17380    0.883936   0.977351
   725.17920    0.925241   0.976976
   725.18460    0.883592   0.976596
   725.19000    0.898393   0.976316
   725.19540    0.902868   0.976037
   725.20080    0.986855   0.975640
   725.20620    0.941419   0.975296
   725.21160    0.911129   0.974917
   725.21700    0.949680   0.974641
   725.22180    1.008541   0.974324
   725.22720    0.923520   0.973902
   725.23260    0.956909   0.973604
   725.23800    0.893230   0.973250
   725.24340    0.908375   0.972923
   725.24880    0.900458   0.972539
   725.25420    0.998903   0.972156
   725.25960    0.999935   0.971880
   725.26500    0.968268   0.971561
   725.26980    1.020244   0.971174
   725.27520    0.989609   0.970802
   725.28060    1.018523   0.970440
   725.28600    0.942452   0.970148
   725.29140    0.981692   0.969728
   725.29680    0.977562   0.969380
   725.30220    1.025063   0.968933
   725.30760    0.884280   0.968705
   725.31300    0.875331   0.968246
   725.31780    0.947959   0.967910
   725.32320    0.921111   0.967532
   725.32860    0.952434   0.967199
   725.33400    0.928683   0.966892
   725.33940    0.913538   0.966428
   725.34480    0.845040   0.966056
   725.35020    0.991674   0.965713
   725.35560    0.987544   0.965401
   725.36100    0.899425   0.964894
   725.36580    0.942108   0.964556
   725.37120    0.963449   0.964258
   725.37660    0.876019   0.963872
   725.38200    0.874298   0.963451
   725.38740    0.928339   0.963040
   725.39280    0.974119   0.962669
   725.39820    0.906998   0.962344
   725.40360    0.901491   0.961924
   725.40900    0.903900   0.961476
   725.41380    0.935912   0.961116
   725.41920    0.969300   0.960815
   725.42460    0.958286   0.960421
   725.43000    0.936945   0.959958
   725.43540    0.903556   0.959561
   725.44080    0.958286   0.959210
   725.44620    0.908031   0.958846
   725.45160    0.912161   0.958372
   725.45700    1.013704   0.958002
   725.46180    0.972398   0.957649
   725.46720    0.933847   0.957309
   725.47260    0.978594   0.956841
   725.47800    0.927651   0.956427
   725.48340    0.953811   0.956069
   725.48880    0.942452   0.955635
   725.49420    0.891853   0.955285
   725.49960    0.930060   0.954825
   725.50500    0.960351   0.954455
   725.50980    0.954155   0.954061
   725.51520    0.970677   0.953679
   725.52060    0.951746   0.953210
   725.52600    0.888066   0.952799
   725.53140    0.964826   0.952444
   725.53680    0.952778   0.952047
   725.54220    0.945550   0.951621
   725.54760    0.919390   0.951183
   725.55300    0.988576   0.950721
   725.55780    0.900458   0.950393
   725.56320    0.841598   0.950037
   725.56860    0.937633   0.949535
   725.57400    0.972743   0.949152
   725.57940    0.935223   0.948743
   725.58480    0.999247   0.948332
   725.59020    1.002689   0.947883
   725.59560    0.953811   0.947452
   725.60100    0.955876   0.947024
   725.60580    0.895639   0.946687
   725.61120    0.894262   0.946343
   725.61660    1.018867   0.945830
   725.62200    0.929372   0.945397
   725.62740    0.884624   0.944964
   725.63280    0.952090   0.944583
   725.63820    1.016457   0.944129
   725.64360    0.973087   0.943670
   725.64900    0.894951   0.943203
   725.65380    0.937289   0.942913
   725.65920    0.968268   0.942535
   725.66460    0.925586   0.941977
   725.67000    0.868446   0.941575
   725.67540    0.981692   0.941204
   725.68080    0.964481   0.940784
   725.68620    1.017490   0.940245
   725.69160    0.925930   0.939877
   725.69700    0.913538   0.939411
   725.70180    0.952778   0.939091
   725.70720    0.923520   0.938630
   725.71260    0.955532   0.938205
   725.71800    0.970333   0.937694
   725.72340    0.903900   0.937326
   725.72880    0.946582   0.936862
   725.73420    0.899425   0.936428
   725.73960    0.902523   0.935959
   725.74500    0.924209   0.935570
   725.74980    0.912161   0.935202
   725.75520    0.920422   0.934763
   725.76060    0.919390   0.934266
   725.76600    0.907342   0.933816
   725.77140    0.945550   0.933406
   725.77680    0.938321   0.932964
   725.78220    0.971710   0.932485
   725.78760    0.950025   0.932060
   725.79300    0.908375   0.931598
   725.79780    1.003377   0.931177
   725.80320    0.913538   0.930841
   725.80860    0.927307   0.930317
   725.81400    0.955188   0.929859
   725.81940    0.917669   0.929490
   725.82480    0.975840   0.929038
   725.83020    0.966547   0.928564
   725.83560    0.877052   0.928095
   725.84100    0.956909   0.927656
   725.84580    0.920078   0.927251
   725.85120    0.904589   0.926848
   725.85660    0.925930   0.926383
   725.86200    0.927995   0.925870
   725.86740    0.910096   0.925473
   725.87280    0.924209   0.925048
   725.87820    0.886345   0.924658
   725.88360    0.836090   0.924072
   725.88900    0.886001   0.923656
   725.89380    0.855022   0.923295
   725.89920    0.932814   0.922813
   725.90460    0.899081   0.922352
   725.91000    0.877396   0.921922
   725.91540    0.926618   0.921441
   725.92080    0.923176   0.921004
   725.92620    0.947615   0.920584
   725.93160    0.918701   0.920134
   725.93700    0.916980   0.919646
   725.94180    0.949680   0.919228
   725.94720    0.929372   0.918774
   725.95260    0.910096   0.918408
   725.95800    0.921455   0.917891
   725.96340    0.963449   0.917446
   725.96880    0.944517   0.916962
   725.97420    0.923176   0.916559
   725.97960    0.993395   0.916105
   725.98500    0.913882   0.915589
   725.98980    0.921455   0.915146
   725.99520    0.906998   0.914715
   726.00060    0.996493   0.914324
   726.00600    0.909063   0.913842
   726.01140    0.866381   0.913349
   726.01680    0.903556   0.912949
   726.02220    0.939010   0.912495
   726.02760    0.868446   0.912050
   726.03300    0.877396   0.911528
   726.03780    0.924897   0.911140
   726.04320    0.925930   0.910662
   726.04860    0.953122   0.910227
   726.05400    0.922143   0.909829
   726.05940    0.874642   0.909366
   726.06480    0.965170   0.908828
   726.07020    0.914227   0.908418
   726.07560    0.953467   0.907979
   726.08100    0.867414   0.907549
   726.08580    0.854678   0.907100
   726.09120    0.853645   0.906653
   726.09660    0.862595   0.906221
   726.10200    0.892885   0.905765
   726.10740    0.902523   0.905361
   726.11280    0.865693   0.904853
   726.11820    0.905277   0.904377
   726.12360    0.889443   0.903930
   726.12900    0.890820   0.903478
   726.13380    0.981004   0.903029
   726.13920    0.934879   0.902531
   726.14460    0.909408   0.902076
   726.15000    0.916292   0.901666
   726.15540    0.938321   0.901175
   726.16080    0.967579   0.900794
   726.16620    0.879461   0.900279
   726.17160    0.912850   0.899707
   726.17700    0.910440   0.899334
   726.18180    0.885657   0.898970
   726.18720    0.941419   0.898516
   726.19260    0.977906   0.897983
   726.19800    0.926962   0.897603
   726.20340    0.880150   0.897122
   726.20880    0.911129   0.896640
   726.21420    0.862595   0.896211
   726.21960    0.864316   0.895826
   726.22500    0.898393   0.895271
   726.22980    0.909752   0.894862
   726.23520    0.915603   0.894519
   726.24060    0.906998   0.893999
   726.24600    0.865004   0.893546
   726.25140    0.890132   0.893095
   726.25680    0.908375   0.892624
   726.26220    0.814405   0.892191
   726.26760    0.905621   0.891820
   726.27300    0.935568   0.891291
   726.27780    0.898737   0.890863
   726.28320    0.883936   0.890488
   726.28860    0.897016   0.889984
   726.29400    0.909752   0.889590
   726.29940    0.941419   0.889139
   726.30480    0.885657   0.888658
   726.31020    0.901835   0.888173
   726.31560    0.952090   0.887737
   726.32100    0.927307   0.887295
   726.32580    0.915948   0.886854
   726.33120    0.848826   0.886412
   726.33660    0.950713   0.885900
   726.34200    0.900114   0.885464
   726.34740    0.889443   0.885068
   726.35280    0.909063   0.884616
   726.35820    0.901835   0.884091
   726.36360    0.902868   0.883696
   726.36900    0.925586   0.883208
   726.37380    0.918357   0.882855
   726.37920    0.863627   0.882477
   726.38460    0.884624   0.881928
   726.39000    0.881526   0.881494
   726.39540    0.898393   0.881095
   726.40080    0.880838   0.880632
   726.40620    0.892885   0.880206
   726.41160    0.853301   0.879805
   726.41700    0.920078   0.879279
   726.42180    0.908375   0.878951
   726.42720    0.873954   0.878492
   726.43260    0.951057   0.878079
   726.43800    0.876363   0.877682
   726.44340    0.855022   0.877171
   726.44880    0.945206   0.876719
   726.45420    0.925586   0.876335
   726.45960    0.878773   0.875898
   726.46500    0.853645   0.875433
   726.46980    0.900114   0.875069
   726.47520    0.876363   0.874517
   726.48060    0.910440   0.874106
   726.48600    0.923864   0.873712
   726.49140    0.881526   0.873246
   726.49680    0.922143   0.872882
   726.50220    0.915259   0.872369
   726.50760    0.876707   0.871892
   726.51300    0.843319   0.871506
   726.51780    0.820257   0.871112
   726.52320    0.811307   0.870687
   726.52860    0.840909   0.870284
   726.53400    0.862939   0.869803
   726.53940    0.843663   0.869388
   726.54480    0.832993   0.868961
   726.55020    0.848138   0.868538
   726.55560    0.926618   0.868181
   726.56100    0.926274   0.867683
   726.56580    0.870167   0.867300
   726.57120    0.909408   0.866895
   726.57660    0.874986   0.866454
   726.58200    0.832993   0.866092
   726.58740    0.874298   0.865609
   726.59280    0.872921   0.865143
   726.59820    0.863627   0.864731
   726.60360    0.816126   0.864279
   726.60900    0.873954   0.863914
   726.61380    0.839188   0.863488
   726.61920    0.872233   0.863116
   726.62460    0.832648   0.862689
   726.63000    0.867758   0.862176
   726.63540    0.806144   0.861841
   726.64080    0.833337   0.861397
   726.64620    0.872233   0.861020
   726.65160    0.852268   0.860580
   726.65700    0.840565   0.860129
   726.66180    0.854678   0.859806
   726.66720    0.890820   0.859392
   726.67260    0.866381   0.859043
   726.67800    0.836090   0.858646
   726.68340    0.890132   0.858187
   726.68880    0.820601   0.857762
   726.69420    0.876363   0.857312
   726.69960    0.877396   0.856910
   726.70500    0.868446   0.856489
   726.70980    0.879461   0.856156
   726.71520    0.851924   0.855785
   726.72060    0.806488   0.855287
   726.72600    0.840221   0.854926
   726.73140    0.766215   0.854515
   726.73680    0.831616   0.854131
   726.74220    0.837812   0.853728
   726.74760    0.892541   0.853360
   726.75300    0.822322   0.852924
   726.75780    0.880494   0.852548
   726.76320    0.851924   0.852226
   726.76860    0.868102   0.851782
   726.77400    0.834025   0.851401
   726.77940    0.844352   0.850989
   726.78480    0.846761   0.850573
   726.79020    0.840565   0.850140
   726.79560    0.820945   0.849781
   726.80100    0.810619   0.849371
   726.80580    0.848826   0.849065
   726.81120    0.853989   0.848729
   726.81660    0.871544   0.848260
   726.82200    0.863972   0.847945
   726.82740    0.811996   0.847506
   726.83280    0.836779   0.847141
   726.83820    0.826108   0.846763
   726.84360    0.826453   0.846384
   726.84900    0.845728   0.845972
   726.85380    0.826797   0.845601
   726.85920    0.774477   0.845195
   726.86460    0.800981   0.844869
   726.87000    0.827829   0.844478
   726.87540    0.800981   0.844101
   726.88080    0.809242   0.843736
   726.88620    0.813372   0.843417
   726.89160    0.879117   0.842980
   726.89700    0.818880   0.842636
   726.90180    0.776886   0.842274
   726.90720    0.861218   0.841932
   726.91260    0.826453   0.841565
   726.91800    0.877052   0.841182
   726.92340    0.878773   0.840814
   726.92880    0.870512   0.840461
   726.93420    0.870856   0.840089
   726.93960    0.811651   0.839743
   726.94500    0.803735   0.839355
   726.94980    0.862939   0.839092
   726.95520    0.847105   0.838749
   726.96060    0.880494   0.838324
   726.96600    0.811996   0.837941
   726.97140    0.884624   0.837573
   726.97680    0.840565   0.837216
   726.98220    0.873954   0.836907
   726.98760    0.840565   0.836538
   726.99300    0.804079   0.836250
   726.99780    0.849515   0.835901
   727.00320    0.811996   0.835560
   727.00860    0.839188   0.835178
   727.01400    0.823699   0.834862
   727.01940    0.830927   0.834471
   727.02480    0.820601   0.834151
   727.03020    0.806832   0.833850
   727.03560    0.820601   0.833528
   727.04100    0.824387   0.833172
   727.04580    0.830239   0.832858
   727.05120    0.858120   0.832507
   727.05660    0.835402   0.832146
   727.06200    0.852957   0.831827
   727.06740    0.830583   0.831520
   727.07280    0.833681   0.831193
   727.07820    0.823355   0.830892
   727.08360    0.884280   0.830514
   727.08900    0.817159   0.830171
   727.09380    0.836090   0.829890
   727.09920    0.877052   0.829565
   727.10460    0.861562   0.829283
   727.11000    0.802013   0.828941
   727.11540    0.844696   0.828607
   727.12080    0.812684   0.828311
   727.12620    0.841598   0.828002
   727.13160    0.875331   0.827649
   727.13700    0.808209   0.827350
   727.14180    0.838500   0.827125
   727.14720    0.783082   0.826800
   727.15260    0.802702   0.826472
   727.15800    0.830927   0.826134
   727.16340    0.819913   0.825867
   727.16880    0.852957   0.825581
   727.17420    0.813717   0.825245
   727.17960    0.851580   0.824952
   727.18500    0.817847   0.824612
   727.18980    0.859153   0.824350
   727.19520    0.815438   0.824077
   727.20060    0.894262   0.823786
   727.20600    0.837812   0.823470
   727.21140    0.837467   0.823200
   727.21680    0.823010   0.822878
   727.22220    0.920767   0.822617
   727.22760    0.830927   0.822333
   727.23300    0.826108   0.822021
   727.23780    0.859153   0.821802
   727.24320    0.846761   0.821510
   727.24860    0.800637   0.821236
   727.25400    0.806832   0.820933
   727.25940    0.805111   0.820662
   727.26480    0.830239   0.820378
   727.27020    0.834714   0.820117
   727.27560    0.784114   0.819840
   727.28100    0.808554   0.819573
   727.28580    0.840565   0.819328
   727.29120    0.841254   0.819089
   727.29660    0.823010   0.818776
   727.30200    0.826453   0.818511
   727.30740    0.825076   0.818256
   727.31280    0.801669   0.818016
   727.31820    0.840565   0.817761
   727.32360    0.823355   0.817496
   727.32900    0.847105   0.817237
   727.33380    0.794097   0.817005
   727.33920    0.873954   0.816734
   727.34460    0.855022   0.816525
   727.35000    0.837812   0.816270
   727.35540    0.807521   0.815990
   727.36080    0.780672   0.815798
   727.36620    0.775853   0.815427
   727.37160    0.756922   0.815151
   727.37700    0.794441   0.815148
   727.38180    0.809930   0.814806
   727.38720    0.837467   0.814448
   727.39260    0.820257   0.814417
   727.39800    0.832304   0.814113
   727.40340    0.847794   0.813821
   727.40880    0.868102   0.813656
   727.41420    0.855366   0.813396
   727.41960    0.825420   0.813123
   727.42500    0.794785   0.812949
   727.42980    0.811307   0.812732
   727.43520    0.809586   0.812533
   727.44060    0.842630   0.812320
   727.44600    0.845384   0.812097
   727.45140    0.749349   0.811871
   727.45680    0.747628   0.811671
   727.46220    0.763462   0.811445
   727.46760    0.847794   0.811257
   727.47300    0.778951   0.811016
   727.47780    0.850547   0.810858
   727.48320    0.838156   0.810640
   727.48860    0.770346   0.810452
   727.49400    0.785147   0.810240
   727.49940    0.779984   0.810045
   727.50480    0.767592   0.809857
   727.51020    0.746940   0.809646
   727.51560    0.801325   0.809437
   727.52100    0.792720   0.809260
   727.52580    0.819913   0.809087
   727.53120    0.819568   0.808889
   727.53660    0.825076   0.808683
   727.54200    0.839877   0.808504
   727.54740    0.796162   0.808318
   727.55280    0.770690   0.808148
   727.55820    0.808209   0.807956
   727.56360    0.864660   0.807783
   727.56900    0.844696   0.807612
   727.57380    0.792376   0.807466
   727.57920    0.795129   0.807313
   727.58460    0.845728   0.807139
   727.59000    0.781705   0.806978
   727.59540    0.777230   0.806787
   727.60080    0.810963   0.806615
   727.60620    0.802358   0.806471
   727.61160    0.815782   0.806334
   727.61700    0.842975   0.806152
   727.62180    0.789966   0.806027
   727.62720    0.779296   0.805852
   727.63260    0.789966   0.805733
   727.63800    0.767937   0.805583
   727.64340    0.825420   0.805425
   727.64880    0.799260   0.805285
   727.65420    0.860874   0.805139
   727.65960    0.846761   0.805022
   727.66500    0.847105   0.804812
   727.66980    0.811307   0.804762
   727.67520    0.803046   0.804570
   727.68060    0.814405   0.804467
   727.68600    0.801325   0.804340
   727.69140    0.797539   0.804190
   727.69680    0.820257   0.804093
   727.70220    0.871200   0.803930
   727.70760    0.800981   0.803819
   727.71300    0.789278   0.803689
   727.71780    0.815438   0.803560
   727.72320    0.776542   0.803470
   727.72860    0.764494   0.803338
   727.73400    0.757954   0.803235
   727.73940    0.754512   0.803151
   727.74480    0.773444   0.803021
   727.75020    0.769658   0.802957
   727.75560    0.788245   0.802811
   727.76100    0.778951   0.802695
   727.76580    0.796506   0.802624
   727.77120    0.855366   0.802516
   727.77660    0.805111   0.802420
   727.78200    0.853645   0.802303
   727.78740    0.859841   0.802257
   727.79280    0.836435   0.802145
   727.79820    0.769658   0.802034
   727.80360    0.858464   0.801967
   727.80900    0.833337   0.801852
   727.81380    0.771034   0.801771
   727.81920    0.763118   0.801731
   727.82460    0.778607   0.801629
   727.83000    0.782049   0.801566
   727.83540    0.825420   0.801501
   727.84080    0.781017   0.801419
   727.84620    0.827485   0.801354
   727.85160    0.754168   0.801319
   727.85700    0.785491   0.801202
   727.86180    0.790310   0.801131
   727.86720    0.821289   0.801091
   727.87260    0.795818   0.801029
   727.87800    0.876019   0.800997
   727.88340    0.820945   0.800947
   727.88880    0.792720   0.800888
   727.89420    0.775509   0.800859
   727.89960    0.774477   0.800779
   727.90500    0.757266   0.800735
   727.90980    0.853645   0.800727
   727.91520    0.822322   0.800648
   727.92060    0.792376   0.800620
   727.92600    0.786868   0.800563
   727.93140    0.831960   0.800534
   727.93680    0.821634   0.800503
   727.94220    0.796162   0.800466
   727.94760    0.832304   0.800452
   727.95300    0.805456   0.800394
   727.95780    0.731794   0.800403
   727.96320    0.801669   0.800411
   727.96860    0.798571   0.800281
   727.97400    0.813717   0.800289
   727.97940    0.848138   0.800305
   727.98480    0.861562   0.800291
   727.99020    0.790999   0.800255
   727.99560    0.743842   0.800223
   728.00100    0.783426   0.800244
   728.00580    0.804767   0.800231
   728.01120    0.783426   0.800212
   728.01660    0.800292   0.800207
   728.02200    0.797195   0.800183
   728.02740    0.836779   0.800230
   728.03280    0.763462   0.800211
   728.03820    0.807177   0.800201
   728.04360    0.853989   0.800203
   728.04900    0.837812   0.800234
   728.05380    0.821978   0.800270
   728.05920    0.774477   0.800234
   728.06460    0.778263   0.800259
   728.07000    0.804079   0.800332
   728.07540    0.847105   0.800327
   728.08080    0.830583   0.800334
   728.08620    0.778951   0.800373
   728.09160    0.772411   0.800439
   728.09700    0.782049   0.800401
   728.10180    0.792376   0.800419
   728.10720    0.786180   0.800491
   728.11260    0.715961   0.800523
   728.11800    0.768625   0.800558
   728.12340    0.786524   0.800588
   728.12880    0.783426   0.800652
   728.13420    0.844352   0.800722
   728.13960    0.826108   0.800705
   728.14500    0.772067   0.800768
   728.14980    0.815782   0.800849
   728.15520    0.806832   0.800894
   728.16060    0.819913   0.800906
   728.16600    0.857776   0.801019
   728.17140    0.834025   0.801064
   728.17680    0.792031   0.801111
   728.18220    0.836779   0.801142
   728.18760    0.940387   0.801278
   728.19300    0.856055   0.801317
   728.19780    0.892541   0.801416
   728.20320    0.830583   0.801501
   728.20860    0.843319   0.801526
   728.21400    0.803735   0.801590
   728.21940    0.745907   0.801690
   728.22480    0.764494   0.801763
   728.23020    0.848482   0.801834
   728.23560    0.859153   0.801928
   728.24100    0.806144   0.802035
   728.24580    0.786524   0.802119
   728.25120    0.784459   0.802177
   728.25660    0.795473   0.802270
   728.26200    0.778263   0.802348
   728.26740    0.800292   0.802506
   728.27280    0.806488   0.802575
   728.27820    0.766215   0.802684
   728.28360    0.764150   0.802766
   728.28900    0.751070   0.802902
   728.29380    0.733860   0.802985
   728.29920    0.805800   0.803095
   728.30460    0.805800   0.803220
   728.31000    0.828174   0.803262
   728.31540    0.859497   0.803412
   728.32080    0.829550   0.803488
   728.32620    0.767937   0.803652
   728.33160    0.850203   0.803765
   728.33700    0.765183   0.803889
   728.34180    0.802013   0.803988
   728.34720    0.795129   0.804115
   728.35260    0.810963   0.804234
   728.35800    0.821634   0.804389
   728.36340    0.795129   0.804520
   728.36880    0.829550   0.804636
   728.37420    0.792031   0.804786
   728.37960    0.708044   0.804917
   728.38500    0.787557   0.805058
   728.38980    0.730762   0.805209
   728.39520    0.798571   0.805355
   728.40060    0.826108   0.805528
   728.40600    0.858120   0.805641
   728.41140    0.815094   0.805790
   728.41680    0.770002   0.805936
   728.42220    0.778951   0.806125
   728.42760    0.849859   0.806256
   728.43300    0.760708   0.806440
   728.43780    0.844696   0.806553
   728.44320    0.803735   0.806731
   728.44860    0.782393   0.806898
   728.45400    0.858120   0.807019
   728.45940    0.819568   0.807210
   728.46480    0.792720   0.807368
   728.47020    0.826108   0.807560
   728.47560    0.830927   0.807725
   728.48100    0.811651   0.807891
   728.48580    0.785491   0.808076
   728.49120    0.764494   0.808235
   728.49660    0.788589   0.808426
   728.50200    0.790655   0.808602
   728.50740    0.792720   0.808791
   728.51280    0.820601   0.808967
   728.51820    0.834369   0.809149
   728.52360    0.802358   0.809359
   728.52900    0.814749   0.809530
   728.53380    0.823010   0.809756
   728.53920    0.817847   0.809918
   728.54460    0.825076   0.810126
   728.55000    0.859153   0.810311
   728.55540    0.821978   0.810529
   728.56080    0.810963   0.810716
   728.56620    0.828862   0.810910
   728.57160    0.830239   0.811119
   728.57700    0.804079   0.811328
   728.58180    0.764494   0.811535
   728.58720    0.804423   0.811731
   728.59260    0.844696   0.811975
   728.59800    0.827829   0.812163
   728.60340    0.811307   0.812396
   728.60880    0.856743   0.812607
   728.61420    0.837467   0.812844
   728.61960    0.885313   0.813049
   728.62500    0.842286   0.813279
   728.62980    0.844007   0.813452
   728.63520    0.786524   0.813711
   728.64060    0.829550   0.813908
   728.64600    0.855366   0.814161
   728.65140    0.825076   0.814410
   728.65680    0.783770   0.814656
   728.66220    0.836435   0.814869
   728.66760    0.817847   0.815148
   728.67300    0.791343   0.815365
   728.67780    0.786524   0.815606
   728.68320    0.820601   0.815851
   728.68860    0.792720   0.816094
   728.69400    0.775165   0.816345
   728.69940    0.748661   0.816558
   728.70480    0.796506   0.816820
   728.71020    0.830583   0.817039
   728.71560    0.781705   0.817337
   728.72100    0.786524   0.817609
   728.72580    0.806144   0.817819
   728.73120    0.842975   0.818104
   728.73660    0.815094   0.818356
   728.74200    0.831960   0.818614
   728.74740    0.796850   0.818883
   728.75280    0.843663   0.819127
   728.75820    0.817159   0.819418
   728.76360    0.842975   0.819665
   728.76900    0.768281   0.819926
   728.77380    0.820257   0.820217
   728.77920    0.807521   0.820429
   728.78460    0.794097   0.820724
   728.79000    0.798916   0.821102
   728.79540    0.811307   0.821187
   728.80080    0.812684   0.821550
   728.80620    0.788933   0.821960
   728.81160    0.846417   0.822137
   728.81700    0.800292   0.822323
   728.82180    0.784114   0.822714
   728.82720    0.815094   0.822965
   728.83260    0.777230   0.823283
   728.83800    0.810963   0.823583
   728.84340    0.802702   0.823836
   728.84880    0.743153   0.824137
   728.85420    0.819224   0.824430
   728.85960    0.797883   0.824737
   728.86500    0.859153   0.825047
   728.86980    0.802013   0.825290
   728.87520    0.816815   0.825600
   728.88060    0.852613   0.825889
   728.88600    0.804423   0.826208
   728.89140    0.821289   0.826538
   728.89680    0.822666   0.826830
   728.90220    0.787557   0.827120
   728.90760    0.859841   0.827472
   728.91300    0.830239   0.827764
   728.91780    0.836779   0.828046
   728.92320    0.838844   0.828353
   728.92860    0.811996   0.828673
   728.93400    0.813372   0.828998
   728.93940    0.849859   0.829292
   728.94480    0.827485   0.829638
   728.95020    0.772067   0.829976
   728.95560    0.846761   0.830276
   728.96100    0.775165   0.830617
   728.96580    0.803390   0.830897
   728.97120    0.777230   0.831208
   728.97660    0.863283   0.831530
   728.98200    0.811651   0.831864
   728.98740    0.807177   0.832212
   728.99280    0.823699   0.832540
   728.99820    0.855022   0.832859
   729.00360    0.844352   0.833233
   729.00900    0.825764   0.833544
   729.01380    0.830927   0.833844
   729.01920    0.805456   0.834191
   729.02460    0.839533   0.834531
   729.03000    0.842975   0.834876
   729.03540    0.860530   0.835217
   729.04080    0.905277   0.835546
   729.04620    0.841942   0.835890
   729.05160    0.880494   0.836243
   729.05700    0.830927   0.836618
   729.06180    0.834369   0.836923
   729.06720    0.842975   0.837248
   729.07260    0.837467   0.837604
   729.07800    0.797883   0.837969
   729.08340    0.825764   0.838305
   729.08880    0.873954   0.838690
   729.09420    0.778263   0.838982
   729.09960    0.828862   0.839364
   729.10500    0.841254   0.839770
   729.10980    0.852268   0.840104
   729.11520    0.839533   0.840450
   729.12060    0.850892   0.840764
   729.12600    0.858808   0.841118
   729.13140    0.882215   0.841492
   729.13680    0.836435   0.841841
   729.14220    0.839533   0.842246
   729.14760    0.843663   0.842674
   729.15300    0.849515   0.843013
   729.15780    0.879805   0.843320
   729.16320    0.882559   0.843661
   729.16860    0.826797   0.844046
   729.17400    0.830239   0.844406
   729.17940    0.832304   0.844827
   729.18480    0.815438   0.845199
   729.19020    0.857432   0.845573
   729.19560    0.870167   0.845905
   729.20100    0.892541   0.846300
   729.20580    0.835058   0.846616
   729.21120    0.862939   0.846979
   729.21660    0.883936   0.847380
   729.22200    0.894606   0.847758
   729.22740    0.913194   0.848184
   729.23280    0.876363   0.848572
   729.23820    0.902179   0.848910
   729.24360    0.864316   0.849288
   729.24900    0.830239   0.849671
   729.25380    0.896328   0.850024
   729.25920    0.835746   0.850416
   729.26460    0.930404   0.850801
   729.27000    0.891164   0.851196
   729.27540    0.827485   0.851591
   729.28080    0.925586   0.852041
   729.28620    0.846761   0.852382
   729.29160    0.895983   0.852765
   729.29700    0.898049   0.853182
   729.30180    0.868102   0.853569
   729.30720    0.854678   0.853918
   729.31260    0.795818   0.854312
   729.31800    0.819568   0.854738
   729.32340    0.861562   0.855101
   729.32880    0.857087   0.855551
   729.33420    0.884624   0.855923
   729.33960    0.827141   0.856381
   729.34500    0.872233   0.856759
   729.34980    0.821978   0.857123
   729.35520    0.840909   0.857481
   729.36060    0.871200   0.857874
   729.36600    0.884969   0.858317
   729.37140    0.923864   0.858717
   729.37680    0.885657   0.859130
   729.38220    0.879805   0.859484
   729.38760    0.819224   0.859946
   729.39300    0.813372   0.860319
   729.39780    0.876019   0.860730
   729.40320    0.852268   0.861151
   729.40860    0.912850   0.861587
   729.41400    0.840565   0.861974
   729.41940    0.826797   0.862362
   729.42480    0.813717   0.862799
   729.43020    0.808209   0.863198
   729.43560    0.923864   0.863626
   729.44100    0.807177   0.864039
   729.44580    0.879117   0.864425
   729.45120    0.829550   0.864793
   729.45660    0.913194   0.865196
   729.46200    0.887722   0.865635
   729.46740    0.921455   0.866040
   729.47280    0.853301   0.866505
   729.47820    0.820601   0.866871
   729.48360    0.914915   0.867339
   729.48900    0.863627   0.867725
   729.49380    0.871888   0.868106
   729.49920    0.849171   0.868578
   729.50460    0.845728   0.869028
   729.51000    0.903900   0.869453
   729.51540    0.902179   0.869826
   729.52080    0.863972   0.870225
   729.52620    0.923864   0.870705
   729.53160    0.902523   0.871085
   729.53700    0.857776   0.871574
   729.54180    0.917324   0.871881
   729.54720    0.908031   0.872317
   729.55260    0.879461   0.872723
   729.55800    0.855022   0.873178
   729.56340    0.894262   0.873632
   729.56880    0.918701   0.874025
   729.57420    0.877396   0.874454
   729.57960    0.868102   0.874900
   729.58500    0.886345   0.875281
   729.58980    0.857087   0.875770
   729.59520    0.806488   0.876148
   729.60060    0.865693   0.876648
   729.60600    0.887378   0.877057
   729.61140    0.916980   0.877437
   729.61680    0.908375   0.877941
   729.62220    0.882903   0.878303
   729.62760    0.845040   0.878785
   729.63300    0.866725   0.879208
   729.63780    0.887034   0.879530
   729.64320    0.927651   0.880001
   729.64860    0.908375   0.880429
   729.65400    0.890476   0.880819
   729.65940    0.879805   0.881396
   729.66480    0.865693   0.881747
   729.67020    0.925586   0.882141
   729.67560    0.886345   0.882653
   729.68100    0.922832   0.883013
   729.68580    0.912850   0.883444
   729.69120    0.954844   0.883916
   729.69660    0.913194   0.884293
   729.70200    0.972743   0.884816
   729.70740    0.920767   0.885190
   729.71280    0.925930   0.885620
   729.71820    0.910096   0.886198
   729.72360    0.926962   0.886575
   729.72900    0.860185   0.887026
   729.73380    0.937633   0.887417
   729.73920    0.868446   0.887808
   729.74460    0.849171   0.888266
   729.75000    0.850547   0.888762
   729.75540    0.863283   0.889135
   729.76080    0.870512   0.889604
   729.76620    0.869135   0.890003
   729.77160    0.844352   0.890401
   729.77700    0.893574   0.890976
   729.78180    0.929716   0.891319
   729.78720    0.850547   0.891683
   729.79260    0.914227   0.892190
   729.79800    0.866725   0.892553
   729.80340    0.888066   0.893024
   729.80880    0.863627   0.893546
   729.81420    0.922832   0.893912
   729.81960    0.925930   0.894367
   729.82500    0.817503   0.894821
   729.82980    0.929028   0.895190
   729.83520    0.917324   0.895662
   729.84060    0.889788   0.896144
   729.84600    0.878773   0.896518
   729.85140    0.828174   0.896920
   729.85680    0.862595   0.897467
   729.86220    0.871888   0.897927
   729.86760    0.853989   0.898389
   729.87300    0.923176   0.898838
   729.87780    0.986855   0.899228
   729.88320    0.872577   0.899611
   729.88860    0.900114   0.900125
   729.89400    0.902868   0.900572
   729.89940    0.902523   0.900979
   729.90480    0.913882   0.901449
   729.91020    0.869823   0.901838
   729.91560    0.943829   0.902246
   729.92100    0.936945   0.902826
   729.92580    0.922143   0.903158
   729.93120    0.900114   0.903543
   729.93660    0.867414   0.904060
   729.94200    0.898049   0.904465
   729.94740    0.859497   0.904906
   729.95280    0.908031   0.905425
   729.95820    0.895983   0.905772
   729.96360    0.829895   0.906178
   729.96900    0.884624   0.906673
   729.97380    0.905277   0.907127
   729.97920    0.935912   0.907493
   729.98460    0.856055   0.907947
   729.99000    0.900458   0.908417
   729.99540    0.912850   0.908778
   730.00080    0.894606   0.909297
   730.00620    0.910440   0.909763
   730.01160    0.859497   0.910170
   730.01700    0.964826   0.910537
   730.02180    0.861218   0.911080
   730.02720    0.937633   0.911493
   730.03260    0.863283   0.911897
   730.03800    0.876363   0.912309
   730.04340    0.912850   0.912806
   730.04880    0.855366   0.913200
   730.05420    0.875331   0.913693
   730.05960    0.918701   0.914214
   730.06500    0.813372   0.914613
   730.06980    0.834714   0.914936
   730.07520    0.901491   0.915420
   730.08060    0.924553   0.915937
   730.08600    0.896328   0.916294
   730.09140    0.872577   0.916717
   730.09680    0.898393   0.917148
   730.10220    0.890476   0.917594
   730.10760    0.877052   0.918061
   730.11300    0.908719   0.918518
   730.11780    0.880494   0.918877
   730.12320    0.879805   0.919258
   730.12860    0.866037   0.919734
   730.13400    0.911473   0.920228
   730.13940    0.909408   0.920609
   730.14480    0.877396   0.921015
   730.15020    0.900802   0.921506
   730.15560    0.947615   0.921918
   730.16100    0.929372   0.922393
   730.16580    0.936945   0.922784
   730.17120    0.905277   0.923191
   730.17660    0.915948   0.923575
   730.18200    0.955188   0.924026
   730.18740    0.918013   0.924542
   730.19280    0.911129   0.924911
   730.19820    0.942796   0.925322
   730.20360    0.904933   0.925791
   730.20900    0.890132   0.926249
   730.21380    0.913882   0.926623
   730.21920    0.900114   0.927029
   730.22460    0.890132   0.927438
   730.23000    0.944517   0.927859
   730.23540    0.954499   0.928326
   730.24080    0.904244   0.928786
   730.24620    0.915603   0.929174
   730.25160    0.944173   0.929572
   730.25700    0.935912   0.930060
   730.26180    0.952778   0.930456
   730.26720    0.963793   0.930833
   730.27260    0.912505   0.931265
   730.27800    0.936945   0.931708
   730.28340    0.942452   0.932118
   730.28880    0.985134   0.932608
   730.29420    0.934191   0.933034
   730.29960    1.081858   0.933398
   730.30500    1.012327   0.933780
   730.30980    1.010606   0.934190
   730.31520    1.008196   0.934670
   730.32060    0.936600   0.935002
   730.32600    0.971710   0.935445
   730.33140    0.976873   0.935873
   730.33680    1.038487   0.936344
   730.34220    0.988232   0.936770
   730.34760    1.007508   0.937154
   730.35300    0.997526   0.937525
   730.35780    0.972743   0.937940
   730.36320    0.998903   0.938399
   730.36860    0.972743   0.938793
   730.37400    1.040552   0.939204
   730.37940    0.945550   0.939616
   730.38480    0.908719   0.940017
   730.39020    0.944861   0.940473
   730.39560    0.925586   0.940843
   730.40100    0.939354   0.941256
   730.40580    0.933158   0.941618
   730.41120    0.930060   0.942072
   730.41660    0.962760   0.942457
   730.42200    1.016802   0.942885
   730.42740    0.948648   0.943251
   730.43280    0.962416   0.943674
   730.43820    0.947615   0.944122
   730.44360    0.956220   0.944548
   730.44900    0.947959   0.944894
   730.45380    0.941419   0.945225
   730.45920    0.993051   0.945681
   730.46460    0.962072   0.946072
   730.47000    0.958286   0.946491
   730.47540    1.004066   0.946814
   730.48080    0.984446   0.947326
   730.48620    0.984102   0.947733
   730.49160    0.976185   0.948109
   730.49700    0.955188   0.948471
   730.50180    1.001312   0.948817
   730.50720    0.953467   0.949212
   730.51260    0.920767   0.949685
   730.51800    0.963449   0.950081
   730.52340    0.919046   0.950383
   730.52880    0.947615   0.950792
   730.53420    0.952434   0.951301
   730.53960    0.948992   0.951671
   730.54500    0.929716   0.951947
   730.54980    0.954499   0.952353
   730.55520    0.897360   0.952765
   730.56060    0.942108   0.953177
   730.56600    0.985134   0.953528
   730.57140    0.943829   0.953891
   730.57680    0.936256   0.954278
   730.58220    0.952090   0.954712
   730.58760    0.943140   0.955047
   730.59300    0.963105   0.955443
   730.59780    0.944861   0.955805
   730.60320    0.998903   0.956173
   730.60860    1.026440   0.956632
   730.61400    0.986167   0.956969
   730.61940    1.036422   0.957308
   730.62480    1.003722   0.957697
   730.63020    0.975496   0.958128
   730.63560    0.957597   0.958451
   730.64100    0.947271   0.958793
   730.64580    0.969300   0.959150
   730.65120    0.950369   0.959486
   730.65660    0.916980   0.959923
   730.66200    0.987888   0.960235
   730.66740    0.967235   0.960665
   730.67280    0.960351   0.961009
   730.67820    0.932126   0.961428
   730.68360    0.932814   0.961742
   730.68900    0.972054   0.962136
   730.69380    0.962760   0.962423
   730.69920    0.922488   0.962777
   730.70460    0.873265   0.963177
   730.71000    0.937977   0.963531
   730.71540    0.912161   0.963870
   730.72080    0.905277   0.964226
   730.72620    0.909752   0.964623
   730.73160    0.922143   0.964967
   730.73700    0.888755   0.965269
   730.74180    0.903556   0.965609
   730.74720    0.894262   0.965992
   730.75260    0.900802   0.966378
   730.75800    0.935568   0.966671
   730.76340    0.970333   0.967005
   730.76880    0.926618   0.967387
   730.77420    0.984446   0.967780
   730.77960    0.921111   0.968093
   730.78500    0.867758   0.968400
   730.78980    0.953122   0.968742
   730.79520    0.941763   0.969095
   730.80060    0.919390   0.969438
   730.80600    0.889099   0.969746
   730.81140    0.931781   0.970029
   730.81680    0.920422   0.970481
   730.82220    0.914571   0.970802
   730.82760    0.954499   0.971127
   730.83300    0.953467   0.971391
   730.83780    0.895295   0.971705
   730.84320    0.975840   0.972090
   730.84860    0.970677   0.972410
   730.85400    0.972054   0.972698
   730.85940    0.965858   0.973029
   730.86480    0.952434   0.973465
   730.87020    0.969645   0.973675
   730.87560    0.971021   0.974002
   730.88100    1.012327   0.974326
   730.88580    0.964481   0.974616
   730.89120    0.964481   0.974989
   730.89660    0.943829   0.975228
   730.90200    0.923520   0.975573
   730.90740    0.931093   0.975878
   730.91280    0.906998   0.976269
   730.91820    0.897704   0.976514
   730.92360    0.971021   0.976821
   730.92900    0.901835   0.977140
   730.93380    0.979627   0.977488
   730.93920    0.939010   0.977742
   730.94460    0.915603   0.977990
   730.95000    0.980659   0.978336
   730.95540    0.964137   0.978658
   730.96080    0.953811   0.978937
   730.96620    0.975152   0.979244
   730.97160    0.988576   0.979512
   730.97700    0.964137   0.979813
   730.98180    0.953811   0.980109
   730.98720    0.952778   0.980346
   730.99260    0.900802   0.980703
   730.99800    0.950713   0.980941
   731.00340    0.978250   0.981328
   731.00880    1.015425   0.981541
   731.01420    1.001656   0.981805
   731.01960    0.999591   0.982134
   731.02500    0.975840   0.982452
   731.02980    0.947615   0.982692
   731.03520    0.979627   0.982905
   731.04060    1.004410   0.983184
   731.04600    0.989265   0.983469
   731.05140    0.976529   0.983769
   731.05680    0.972398   0.984008
   731.06220    0.999247   0.984276
   731.06760    0.942452   0.984579
   731.07300    0.951057   0.984835
   731.07780    1.067401   0.985056
   731.08320    1.031947   0.985333
   731.08860    1.040552   0.985584
   731.09400    1.008196   0.985886
   731.09940    0.973087   0.986106
   731.10480    0.892885   0.986368
   731.11020    0.946238   0.986631
   731.11560    0.999247   0.986885
   731.12100    0.956909   0.987144
   731.12580    0.992707   0.987331
   731.13120    0.933158   0.987570
   731.13660    0.990297   0.987879
   731.14200    0.970677   0.988065
   731.14740    0.992707   0.988328
   731.15280    0.969300   0.988556
   731.15820    0.979627   0.988820
   731.16360    0.952090   0.989068
   731.16900    0.929028   0.989280
   731.17380    0.959663   0.989483
   731.17920    0.980659   0.989705
   731.18460    1.009917   0.989967
   731.19000    0.921455   0.990184
   731.19540    0.938666   0.990372
   731.20080    0.965170   0.990604
   731.20620    0.967924   0.990888
   731.21160    0.893918   0.991042
   731.21700    0.895983   0.991273
   731.22180    0.936600   0.991448
   731.22720    0.985478   0.991726
   731.23260    0.899770   0.991912
   731.23800    0.969300   0.992110
   731.24340    0.937633   0.992307
   731.24880    1.011638   0.992548
   731.25420    1.009917   0.992741
   731.25960    0.956220   0.992921
   731.26500    0.870856   0.993090
   731.26980    0.964481   0.993307
   731.27520    0.956220   0.993521
   731.28060    0.901146   0.993669
   731.28600    0.986511   0.993850
   731.29140    0.974808   0.994077
   731.29680    0.973431   0.994278
   731.30220    0.924553   0.994440
   731.30760    1.008196   0.994603
   731.31300    0.993739   0.994797
   731.31780    0.996493   0.994975
   731.32320    1.013704   0.995124
   731.32860    1.053977   0.995293
   731.33400    0.976873   0.995454
   731.33940    1.008541   0.995655
   731.34480    1.001312   0.995799
   731.35020    0.977562   0.995929
   731.35560    0.971710   0.996120
   731.36100    0.994428   0.996304
   731.36580    1.027816   0.996428
   731.37120    0.925586   0.996537
   731.37660    0.944861   0.996705
   731.38200    1.007852   0.996900
   731.38740    1.030226   0.997029
   731.39280    0.973087   0.997155
   731.39820    0.995805   0.997287
   731.40360    0.990297   0.997463
   731.40900    0.961728   0.997562
   731.41380    1.028849   0.997679
   731.41920    1.081858   0.997777
   731.42460    1.022653   0.997996
   731.43000    1.029193   0.998067
   731.43540    0.980659   0.998174
   731.44080    1.026784   0.998263
   731.44620    1.002689   0.998443
   731.45160    0.951057   0.998532
   731.45700    1.000624   0.998607
   731.46180    1.001312   0.998706
   731.46720    1.040208   0.998825
   731.47260    0.921111   0.998932
   731.47800    0.999935   0.999000
   731.48340    0.979283   0.999082
   731.48880    0.979971   0.999188
   731.49420    0.976529   0.999282
   731.49960    0.975496   0.999349
   731.50500    0.998558   0.999398
   731.50980    1.004410   0.999490
   731.51520    0.982725   0.999572
   731.52060    1.001656   0.999612
   731.52600    0.998558   0.999668
   731.53140    0.979283   0.999733
   731.53680    0.984446   0.999797
   731.54220    0.979283   0.999828
   731.54760    0.960695   0.999859
   731.55300    1.009229   0.999903
   731.55780    0.922143   0.999947
   731.56320    0.970677   0.999958
   731.56860    1.030226   0.999966
   731.57400    1.007164   0.999982
   731.57940    1.012327   1.000000
   731.58480    1.033324   1.000000
   731.59020    1.029882   1.000000
   731.59560    1.011638   1.000000
   731.60100    1.000624   1.000000
   731.60580    1.087365   1.000000
   731.61120    0.994772   1.000000
   731.61660    1.083235   1.000000
   731.62200    0.946582   1.000000
   731.62740    0.976873   1.000000
   731.63280    1.033324   1.000000
   731.63820    0.982036   1.000000
   731.64360    0.961384   1.000000
   731.64900    1.000624   1.000000
   731.65380    0.944173   1.000000
   731.65920    0.929028   1.000000
   731.66460    0.969645   1.000000
   731.67000    0.921799   1.000000
   731.67540    0.976873   1.000000
   731.68080    0.985478   1.000000
   731.68620    0.920422   1.000000
   731.69160    0.940731   1.000000
   731.69700    0.956220   1.000000
   731.70180    0.977562   1.000000
   731.70720    0.946238   1.000000
   731.71260    0.951401   1.000000
   731.71800    0.970677   1.000000
   731.72340    0.944861   1.000000
   731.72880    0.952434   1.000000
   731.73420    0.934879   1.000000
   731.73960    0.967235   1.000000
   731.74500    0.987199   1.000000
   731.74980    1.066712   1.000000
   731.75520    1.010950   1.000000
   731.76060    1.026784   1.000000
   731.76600    1.016802   1.000000
   731.77140    1.037799   1.000000
   731.77680    0.983413   1.000000
   731.78220    0.965858   1.000000
   731.78760    1.047437   1.000000
   731.79300    0.997182   1.000000
   731.79780    1.025063   1.000000
   731.80320    0.945894   1.000000
   731.80860    0.964481   1.000000
   731.81400    0.985823   1.000000
   731.81940    0.939698   1.000000
   731.82480    0.982725   1.000000
   731.83020    0.991674   1.000000
   731.83560    1.026095   1.000000
   731.84100    0.984790   1.000000
   731.84580    1.006131   1.000000
   731.85120    0.973775   1.000000
   731.85660    1.031603   1.000000
   731.86200    0.950369   1.000000
   731.86740    1.039864   1.000000
   731.87280    1.014736   1.000000
   731.87820    0.969300   1.000000
   731.88360    1.019555   1.000000
   731.88900    0.988232   1.000000
   731.89380    0.918701   1.000000
   731.89920    0.972743   1.000000
   731.90460    0.962760   1.000000
   731.91000    0.935912   1.000000
   731.91540    0.937289   1.000000
   731.92080    1.023342   1.000000
   731.92620    0.946582   1.000000
   731.93160    0.960695   1.000000
   731.93700    1.005443   1.000000
   731.94180    0.996149   1.000000
   731.94720    0.951057   1.000000
   731.95260    0.976873   1.000000
   731.95800    1.038143   1.000000
   731.96340    0.987888   1.000000
   731.96880    1.078071   1.000000
   731.97420    1.000279   1.000000
   731.97960    1.035389   1.000000
   731.98500    1.091840   1.000000
   731.98980    0.994428   1.000000
   731.99520    1.084611   1.000000
   732.00060    1.073941   1.000000
   732.00600    1.007852   1.000000
   732.01140    1.032980   1.000000
   732.01680    0.987888   1.000000
   732.02220    0.978938   1.000000
   732.02760    1.021965   1.000000
   732.03300    1.004066   1.000000
   732.03780    1.033668   1.000000
   732.04320    0.985134   1.000000
   732.04860    0.983757   1.000000
   732.05400    0.989609   1.000000
   732.05940    0.972054   1.000000
   732.06480    0.999935   1.000000
   732.07020    0.995805   1.000000
   732.07560    1.021621   1.000000
   732.08100    1.039175   1.000000
   732.08580    1.016457   1.000000
   732.09120    0.997870   1.000000
   732.09660    0.953122   1.000000
   732.10200    0.950025   1.000000
   732.10740    0.973775   1.000000
   732.11280    0.917324   1.000000
   732.11820    0.985478   1.000000
   732.12360    0.957253   1.000000
   732.12900    0.962416   1.000000
   732.13380    0.929716   1.000000
   732.13920    0.945894   1.000000
   732.14460    0.984446   1.000000
   732.15000    0.984790   1.000000
   732.15540    0.956565   1.000000
   732.16080    0.971710   1.000000
   732.16620    1.013360   1.000000
   732.17160    1.014392   1.000000
   732.17700    0.988921   1.000000
   732.18180    1.006475   1.000000
   732.18720    0.999935   1.000000
   732.19260    1.019555   1.000000
   732.19800    0.990642   1.000000
   732.20340    0.993395   1.000000
   732.20880    0.999935   1.000000
   732.21420    1.032635   1.000000
   732.21960    1.077039   1.000000
   732.22500    0.997526   1.000000
   732.22980    1.015081   1.000000
   732.23520    0.978250   1.000000
   732.24060    0.989265   1.000000
   732.24600    0.989609   1.000000
   732.25140    1.078071   1.000000
   732.25680    0.968612   1.000000
   732.26220    0.990297   1.000000
   732.26760    0.940731   1.000000
   732.27300    0.959318   1.000000
   732.27780    0.965514   1.000000
   732.28320    0.995805   1.000000
   732.28860    0.967924   1.000000
   732.29400    1.027128   1.000000
   732.29940    0.997526   1.000000
   732.30480    0.977562   1.000000
   732.31020    0.965170   1.000000
   732.31560    1.020932   1.000000
   732.32100    0.978250   1.000000
   732.32580    0.972054   1.000000
   732.33120    0.939698   1.000000
   732.33660    1.006475   1.000000
   732.34200    1.055353   1.000000
   732.34740    1.028161   1.000000
   732.35280    1.047781   1.000000
   732.35820    1.052600   1.000000
   732.36360    1.008196   1.000000
   732.36900    1.002689   1.000000
   732.37380    0.990297   1.000000
   732.37920    0.985478   1.000000
   732.38460    1.031947   1.000000
   732.39000    0.967579   1.000000
   732.39540    0.986511   1.000000
   732.40080    1.010262   1.000000
   732.40620    1.017834   1.000000
   732.41160    1.033324   1.000000
   732.41700    1.064303   1.000000
   732.42180    0.974464   1.000000
   732.42720    0.990986   1.000000
   732.43260    0.989953   1.000000
   732.43800    0.941419   1.000000
   732.44340    0.992018   1.000000
   732.44880    1.043650   1.000000
   732.45420    1.035045   1.000000
   732.45960    1.015081   1.000000
   732.46500    1.031259   1.000000
   732.46980    1.032291   1.000000
   732.47520    1.028161   1.000000
   732.48060    1.066712   1.000000
   732.48600    0.966547   1.000000
   732.49140    0.960007   1.000000
   732.49680    0.995805   1.000000
   732.50220    1.033668   1.000000
   732.50760    1.000279   1.000000
   732.51300    1.025751   1.000000
   732.51780    1.023686   1.000000
   732.52320    0.979971   1.000000
   732.52860    1.027128   1.000000
   732.53400    1.092184   1.000000
   732.53940    0.978594   1.000000
   732.54480    1.004754   1.000000
   732.55020    1.009573   1.000000
   732.55560    1.032980   1.000000
   732.56100    0.997526   1.000000
   732.56580    1.044339   1.000000
   732.57120    0.969300   1.000000
   732.57660    1.004066   1.000000
   732.58200    0.959663   1.000000
   732.58740    1.007852   1.000000
   732.59280    0.998558   1.000000
   732.59820    1.025407   1.000000
   732.60360    1.059484   1.000000
   732.60900    1.040208   1.000000
   732.61380    1.012671   1.000000
   732.61920    1.046748   1.000000
   732.62460    1.085644   1.000000
   732.63000    1.017146   1.000000
   732.63540    1.030226   1.000000
   732.64080    1.054665   1.000000
   732.64620    1.038487   1.000000
   732.65160    0.939354   1.000000
   732.65700    0.975152   1.000000
   732.66180    0.935223   1.000000
   732.66720    0.951746   1.000000
   732.67260    0.974119   1.000000
   732.67800    0.950713   1.000000
   732.68340    0.995116   1.000000
   732.68880    0.934535   1.000000
   732.69420    1.000279   1.000000
   732.69960    0.965170   1.000000
   732.70500    1.003033   1.000000
   732.70980    1.043994   1.000000
   732.71520    1.012327   1.000000
   732.72060    0.962072   1.000000
   732.72600    1.032980   1.000000
   732.73140    0.972743   1.000000
   732.73680    1.010262   1.000000
   732.74220    0.986511   1.000000
   732.74760    0.988921   1.000000
   732.75300    0.984446   1.000000
   732.75780    0.941763   1.000000
   732.76320    1.003722   1.000000
   732.76860    0.956565   1.000000
   732.77400    1.018523   1.000000
   732.77940    0.982036   1.000000
   732.78480    1.007164   1.000000
   732.79020    1.004066   1.000000
   732.79560    0.946927   1.000000
   732.80100    1.007508   1.000000
   732.80580    0.983069   1.000000
   732.81120    0.953811   1.000000
   732.81660    0.967579   1.000000
   732.82200    0.957941   1.000000
   732.82740    0.993051   1.000000
   732.83280    0.979971   1.000000
   732.83820    0.991330   1.000000
   732.84360    1.021276   1.000000
   732.84900    1.010606   1.000000
   732.85380    1.028849   1.000000
   732.85920    1.047092   1.000000
   732.86460    1.062582   1.000000
   732.87000    1.057763   1.000000
   732.87540    1.028849   1.000000
   732.88080    0.985134   1.000000
   732.88620    1.028161   1.000000
   732.89160    1.012327   1.000000
   732.89700    1.008541   1.000000
   732.90180    1.000624   1.000000
   732.90720    1.031259   1.000000
   732.91260    1.041241   1.000000
   732.91800    1.001656   1.000000
   732.92340    1.052600   1.000000
   732.92880    1.006475   1.000000
   732.93420    1.084956   1.000000
   732.93960    0.984790   1.000000
   732.94500    1.000279   1.000000
   732.94980    0.983413   1.000000
   732.95520    0.973431   1.000000
   732.96060    1.021276   1.000000
   732.96600    1.036078   1.000000
   732.97140    0.991674   1.000000
   732.97680    0.956220   1.000000
   732.98220    0.967924   1.000000
   732.98760    1.028849   1.000000
   732.99300    0.939354   1.000000
   732.99780    0.977217   1.000000
   733.00320    0.946927   1.000000
   733.00860    1.074285   1.000000
   733.01400    1.000968   1.000000
   733.01940    0.979627   1.000000
   733.02480    0.949680   1.000000
   733.03020    0.964481   1.000000
   733.03560    1.002345   1.000000
   733.04100    1.071876   1.000000
   733.04580    1.060517   1.000000
   733.05120    0.956220   1.000000
   733.05660    1.013015   1.000000
   733.06200    1.067745   1.000000
   733.06740    1.044683   1.000000
   733.07280    1.074973   1.000000
   733.07820    1.035045   1.000000
   733.08360    1.034701   1.000000
   733.08900    0.986855   1.000000
   733.09380    0.996493   1.000000
   733.09920    1.019555   1.000000
   733.10460    1.032980   1.000000
   733.11000    1.008885   1.000000
   733.11540    1.056042   1.000000
   733.12080    1.044683   1.000000
   733.12620    1.066368   1.000000
   733.13160    1.007164   1.000000
   733.13700    1.029882   1.000000
   733.14180    1.061549   1.000000
   733.14720    1.059828   1.000000
   733.15260    1.079792   1.000000
   733.15800    1.050190   1.000000
   733.16340    1.040896   1.000000
   733.16880    1.032291   1.000000
   733.17420    0.988576   1.000000
   733.17960    0.968268   1.000000
   733.18500    0.930404   1.000000
   733.18980    1.009917   1.000000
   733.19520    0.927995   1.000000
   733.20060    0.981004   1.000000
   733.20600    1.043306   1.000000
   733.21140    1.043994   1.000000
   733.21680    0.983069   1.000000
   733.22220    0.961728   1.000000
   733.22760    1.008541   1.000000
   733.23300    1.021276   1.000000
   733.23780    0.998558   1.000000
   733.24320    1.025063   1.000000
   733.24860    1.008541   1.000000
   733.25400    1.005098   1.000000
   733.25940    0.993395   1.000000
   733.26480    1.021621   1.000000
   733.27020    0.985478   1.000000
   733.27560    0.934191   1.000000
   733.28100    1.031947   1.000000
