  1251.02304    1.050428   1.000000
  1251.06365    0.980316   1.000000
  1251.10310    0.983029   1.000000
  1251.14170    0.998542   1.000000
  1251.18230    1.038882   1.000000
  1251.22306    0.988476   1.000000
  1251.26366    0.990299   1.000000
  1251.30312    0.953600   1.000000
  1251.34286    1.029358   1.000000
  1251.38232    0.973120   1.000000
  1251.42293    0.959768   1.000000
  1251.46368    0.957120   1.000000
  1251.50314    0.954479   1.000000
  1251.54288    1.025572   1.000000
  1251.58334    0.950093   1.000000
  1251.62496    1.013366   1.000000
  1251.66470    0.968649   1.000000
  1251.70531    1.036970   1.000000
  1251.74578    0.983935   1.000000
  1251.78653    1.004075   1.000000
  1251.82613    1.055277   1.000000
  1251.86674    0.993954   1.000000
  1251.90634    0.960652   1.000000
  1251.94694    1.033157   1.000000
  1251.98755    1.067988   1.000000
  1252.02816    0.996704   1.000000
  1252.06790    1.008710   1.000000
  1252.10736    1.019920   1.000000
  1252.15272    1.024628   1.000000
  1252.19218    1.020860   1.000000
  1252.23494    0.993954   1.000000
  1252.27454    0.995787   1.000000
  1252.31515    0.974016   1.000000
  1252.35461    1.026517   1.000000
  1252.39435    0.981220   1.000000
  1252.43381    0.977611   1.000000
  1252.47355    0.999462   1.000000
  1252.51301    1.025572   1.000000
  1252.55362    1.023685   1.000000
  1252.59336    1.009639   1.000000
  1252.63282    0.958884   1.000000
  1252.67256    0.980316   1.000000
  1252.71302    0.999462   1.000000
  1252.75262    1.005927   1.000000
  1252.79222    0.997623   1.000000
  1252.83182    1.014300   1.000000
  1252.87243    1.000383   1.000000
  1252.91203    1.005927   1.000000
  1252.95264    1.045602   1.000000
  1252.99210    1.006854   1.000000
  1253.03285    1.018043   1.000000
  1253.07346    0.999462   1.000000
  1253.11306    1.025572   1.000000
  1253.15266    1.003151   1.000000
  1253.19326    1.012433   1.000000
  1253.23387    1.018981   1.000000
  1253.27347    0.994870   1.000000
  1253.31293    0.979414   1.000000
  1253.35267    1.000383   1.000000
  1253.39213    0.983029   1.000000
  1253.43187    0.928467   1.000000
  1253.47133    0.988476   1.000000
  1253.51093    0.972224   1.000000
  1253.55168    0.973120   1.000000
  1253.59114    0.976711   1.000000
  1253.63189    1.013366   1.000000
  1253.67250    0.976711   1.000000
  1253.71195    0.982124   1.000000
  1253.75170    0.966866   1.000000
  1253.79115    1.036016   1.000000
  1253.83190    0.971329   1.000000
  1253.87136    0.961538   1.000000
  1253.91096    1.005927   1.000000
  1253.95171    0.998542   1.000000
  1253.99117    1.002227   1.000000
  1254.03178    1.024628   1.000000
  1254.07138    1.008710   1.000000
  1254.11098    1.000383   1.000000
  1254.15043    0.993039   1.000000
  1254.19018    0.993954   1.000000
  1254.23078    0.994870   1.000000
  1254.27038    1.058196   1.000000
  1254.30998    1.024628   1.000000
  1254.34944    0.996704   1.000000
  1254.39019    0.969541   1.000000
  1254.42965    0.996704   1.000000
  1254.46939    0.977611   1.000000
  1254.50885    1.010570   1.000000
  1254.54845    0.933612   1.000000
  1254.58920    1.034109   1.000000
  1254.62966    1.035062   1.000000
  1254.66926    1.010570   1.000000
  1254.70886    1.024628   1.000000
  1254.74947    0.989387   1.000000
  1254.78922    0.987566   1.000000
  1254.82867    1.029358   1.000000
  1254.86928    1.037926   1.000000
  1254.90888    0.985749   1.000000
  1254.94747    1.007781   1.000000
  1254.98794    0.972224   1.000000
  1255.02869    0.993039   1.000000
  1255.06930    1.030306   1.000000
  1255.10890    1.012433   1.000000
  1255.14950    0.998542   1.000000
  1255.18910    0.987566   1.000000
  1255.22971    1.004075   1.000000
  1255.26931    1.058196   1.000000
  1255.30877    0.962424   1.000000
  1255.34952    1.005927   1.000000
  1255.38912    1.015234   1.000000
  1255.42973    1.006854   1.000000
  1255.46933    1.030306   1.000000
  1255.50878    0.957120   1.000000
  1255.54954    1.024628   1.000000
  1255.59014    0.998542   1.000000
  1255.62960    0.997623   1.000000
  1255.66934    0.984841   1.000000
  1255.70880    0.998542   1.000000
  1255.74955    1.051396   1.000000
  1255.78915    1.020860   1.000000
  1255.82861    1.020860   1.000000
  1255.86936    1.021801   1.000000
  1255.90882    1.033157   1.000000
  1255.94755    1.049461   1.000000
  1255.98701    1.005001   1.000000
  1256.02762    0.992125   1.000000
  1256.06722    0.978512   1.000000
  1256.10682    1.000383   1.000000
  1256.14627    0.984841   1.000000
  1256.18702    1.041757   1.000000
  1256.22662    0.965976   1.000000
  1256.26622    0.978512   1.000000
  1256.30582    0.970435   1.000000
  1256.34629    0.984841   1.000000
  1256.38603    0.993954   1.000000
  1256.42549    1.004075   1.000000
  1256.46610    0.972224   1.000000
  1256.50584    1.042717   1.000000
  1256.54530    0.983935   1.000000
  1256.58504    1.015234   1.000000
  1256.62450    0.993954   1.000000
  1256.66410    1.026517   1.000000
  1256.70370    0.983935   1.000000
  1256.74430    0.972224   1.000000
  1256.78390    0.980316   1.000000
  1256.82350    0.987566   1.000000
  1256.86411    0.997623   1.000000
  1256.90472    0.994870   1.000000
  1256.94432    1.002227   1.000000
  1256.98493    1.055277   1.000000
  1257.02554    0.934472   1.000000
  1257.06514    0.990299   1.000000
  1257.10589    1.017106   1.000000
  1257.14635    1.053334   1.000000
  1257.18696    1.034109   1.000000
  1257.22771    1.020860   1.000000
  1257.26832    1.032206   1.000000
  1257.30878    0.992125   1.000000
  1257.34954    1.039839   1.000000
  1257.38914    0.988476   1.000000
  1257.42874    1.033157   1.000000
  1257.46834    1.033157   1.000000
  1257.50779    0.979414   1.000000
  1257.54854    0.999462   1.000000
  1257.58800    0.974914   1.000000
  1257.62760    0.951845   1.000000
  1257.66720    0.985749   1.000000
  1257.70680    1.015234   1.000000
  1257.74640    0.992125   1.000000
  1257.78701    0.992125   1.000000
  1257.82661    1.005001   1.000000
  1257.86621    1.014300   0.999998
  1257.90682    0.988476   0.999993
  1257.94526    0.955358   0.999985
  1257.98602    0.978512   0.999969
  1258.02547    1.034109   0.999945
  1258.06622    1.027463   0.999910
  1258.10683    0.994870   0.999864
  1258.14744    0.993039   0.999803
  1258.18805    1.004075   0.999726
  1258.22765    0.974914   0.999633
  1258.26710    0.987566   0.999522
  1258.30685    1.016170   0.999390
  1258.34630    0.984841   0.999236
  1258.38605    1.003151   0.999058
  1258.42666    0.988476   0.998849
  1258.46611    0.965976   0.998618
  1258.50586    1.014300   0.998358
  1258.54632    0.991211   0.998062
  1258.58606    0.995787   0.997739
  1258.62552    0.998542   0.997386
  1258.66512    1.001305   0.996998
  1258.70472    1.056249   0.996575
  1258.74533    0.966866   0.996104
  1258.78493    0.996704   0.995606
  1258.82453    0.934472   0.995070
  1258.86413    1.006854   0.994495
  1258.90474    0.983935   0.993863
  1258.94434    0.979414   0.993206
  1258.98494    0.996704   0.992489
  1259.02454    0.969541   0.991747
  1259.06515    0.976711   0.990942
  1259.10461    0.986657   0.990117
  1259.14435    0.961538   0.989242
  1259.18496    0.965976   0.988303
  1259.22456    0.975812   0.987343
  1259.26416    1.020860   0.986340
  1259.30462    0.976711   0.985269
  1259.34538    0.973120   0.984145
  1259.38598    0.983935   0.982979
  1259.42443    0.972224   0.981834
  1259.46518    0.990299   0.980577
  1259.50579    0.994870   0.979280
  1259.54539    0.983029   0.977975
  1259.58600    0.983029   0.976594
  1259.62546    0.991211   0.975213
  1259.66621    0.991211   0.973748
  1259.70581    0.989387   0.972287
  1259.74627    0.965087   0.970758
  1259.78602    0.984841   0.969222
  1259.82547    0.976711   0.967666
  1259.86522    0.961538   0.966069
  1259.90582    0.961538   0.964410
  1259.94528    0.972224   0.962772
  1259.98603    0.931036   0.961055
  1260.02549    0.919954   0.959369
  1260.06523    0.934472   0.957649
  1260.10584    0.912360   0.955871
  1260.14530    0.980316   0.954125
  1260.18605    0.965976   0.952302
  1260.22550    0.959768   0.950520
  1260.26611    0.954479   0.948670
  1260.30686    0.929322   0.946798
  1260.34747    0.965087   0.944919
  1260.38693    0.913201   0.943081
  1260.42667    0.955358   0.941218
  1260.46714    0.940516   0.939311
  1260.50789    0.960652   0.937380
  1260.54850    0.925052   0.935448
  1260.58795    0.951845   0.933563
  1260.62870    0.961538   0.931611
  1260.66830    0.949219   0.929708
  1260.70790    0.936195   0.927801
  1260.74851    0.931894   0.925842
  1260.78912    0.945728   0.923882
  1260.82973    0.867294   0.921920
  1260.86933    0.931036   0.920006
  1260.90878    0.961538   0.918100
  1260.94853    0.928467   0.916183
  1260.98798    0.908168   0.914281
  1261.02773    0.914885   0.912370
  1261.06834    0.928467   0.910422
  1261.10779    0.919107   0.908534
  1261.14754    0.889132   0.906640
  1261.18800    0.874513   0.904718
  1261.22861    0.923350   0.902799
  1261.26835    0.899842   0.900930
  1261.30781    0.903996   0.899085
  1261.34755    0.850680   0.897237
  1261.38802    0.887496   0.895368
  1261.42762    0.895708   0.893552
  1261.46722    0.908168   0.891751
  1261.50682    0.882605   0.889963
  1261.54757    0.898186   0.888140
  1261.58702    0.897359   0.886392
  1261.62662    0.894883   0.884655
  1261.66723    0.914885   0.882892
  1261.70683    0.863309   0.881193
  1261.74744    0.876125   0.879471
  1261.78805    0.860927   0.877772
  1261.82866    0.873708   0.876095
  1261.86926    0.874513   0.874442
  1261.90886    0.903163   0.872854
  1261.94846    0.890771   0.871290
  1261.98806    0.893236   0.869751
  1262.02766    0.836693   0.868238
  1262.06712    0.845992   0.866758
  1262.10686    0.853820   0.865294
  1262.14632    0.876933   0.863869
  1262.18693    0.847552   0.862433
  1262.22667    0.797565   0.861058
  1262.26714    0.891592   0.859690
  1262.30688    0.868093   0.858378
  1262.34749    0.845213   0.857071
  1262.38694    0.811645   0.855834
  1262.42770    0.886679   0.854592
  1262.46830    0.829786   0.853390
  1262.50790    0.840555   0.852253
  1262.54750    0.874513   0.851152
  1262.58595    0.864901   0.850118
  1262.62555    0.835923   0.849090
  1262.66616    0.859342   0.848074
  1262.70677    0.832082   0.847098
  1262.74752    0.845213   0.846159
  1262.78698    0.832082   0.845290
  1262.82672    0.845992   0.844455
  1262.86718    0.881792   0.843646
  1262.90678    0.826735   0.842896
  1262.94538    0.808661   0.842204
  1262.98498    0.829786   0.841536
  1263.02544    0.802724   0.840897
  1263.06619    0.835923   0.840297
  1263.10680    0.832082   0.839745
  1263.14755    0.840555   0.839237
  1263.18802    0.865698   0.838778
  1263.22762    0.871297   0.838373
  1263.26837    0.828259   0.838003
  1263.30782    0.873708   0.837689
  1263.34757    0.864901   0.837417
  1263.38702    0.835923   0.837192
  1263.42763    0.813891   0.837007
  1263.46723    0.825213   0.836872
  1263.50683    0.821422   0.836783
  1263.54629    0.834385   0.836738
  1263.58704    0.839781   0.836740
  1263.62664    0.862514   0.836787
  1263.66610    0.845992   0.836879
  1263.70584    0.822936   0.837017
  1263.74630    0.806429   0.837204
  1263.78605    0.827497   0.837434
  1263.82550    0.823695   0.837707
  1263.86510    0.836693   0.838025
  1263.90470    0.842105   0.838388
  1263.94430    0.869694   0.838795
  1263.98506    0.871297   0.839260
  1264.02451    0.836693   0.839755
  1264.06411    0.839008   0.840295
  1264.10371    0.867294   0.840878
  1264.14331    0.860134   0.841504
  1264.18277    0.876125   0.842169
  1264.22251    0.861720   0.842882
  1264.26298    0.813891   0.843651
  1264.30272    0.842105   0.844448
  1264.34218    0.842881   0.845280
  1264.38178    0.822936   0.846155
  1264.42253    0.876933   0.847097
  1264.46299    0.818401   0.848073
  1264.50274    0.823695   0.849072
  1264.54219    0.852249   0.850100
  1264.58280    0.864901   0.851198
  1264.62355    0.834385   0.852338
  1264.66301    0.864105   0.853478
  1264.70362    0.793170   0.854689
  1264.74336    0.868093   0.855908
  1264.78282    0.836693   0.857153
  1264.82357    0.847552   0.858474
  1264.86302    0.806429   0.859785
  1264.90262    0.853034   0.861133
  1264.94222    0.850680   0.862512
  1264.98182    0.864105   0.863921
  1265.02128    0.845992   0.865355
  1265.06102    0.882605   0.866827
  1265.10048    0.852249   0.868317
  1265.14123    0.886679   0.869884
  1265.18184    0.867294   0.871473
  1265.22245    0.924201   0.873088
  1265.26306    0.904829   0.874730
  1265.30266    0.883418   0.876354
  1265.34211    0.929322   0.877995
  1265.38186    0.866495   0.879670
  1265.42246    0.883418   0.881403
  1265.46293    0.888314   0.883151
  1265.50267    0.909843   0.884888
  1265.54213    0.896533   0.886630
  1265.58187    0.915728   0.888402
  1265.62248    0.895708   0.890229
  1265.66194    0.894883   0.892021
  1265.70168    0.914042   0.893840
  1265.74114    0.886679   0.895659
  1265.78189    0.899842   0.897551
  1265.82250    0.930178   0.899449
  1265.86296    0.894059   0.901352
  1265.90270    0.866495   0.903230
  1265.94331    0.906497   0.905159
  1265.98378    0.880169   0.907089
  1266.02352    0.905662   0.908991
  1266.06413    0.916571   0.910941
  1266.10474    0.907332   0.912896
  1266.14434    0.876933   0.914807
  1266.18379    0.910681   0.916714
  1266.22354    0.936195   0.918636
  1266.26299    0.967757   0.920546
  1266.30360    0.946600   0.922512
  1266.34334    0.928467   0.924434
  1266.38381    0.899014   0.926390
  1266.42355    0.955358   0.928307
  1266.46416    0.914042   0.930263
  1266.50362    0.925905   0.932158
  1266.54437    0.918261   0.934108
  1266.58382    0.901501   0.935990
  1266.62357    0.921651   0.937877
  1266.66418    0.914042   0.939796
  1266.70363    0.980316   0.941651
  1266.74338    0.941383   0.943507
  1266.78384    0.944857   0.945385
  1266.82344    0.947472   0.947209
  1266.86304    0.944857   0.949019
  1266.90365    0.925905   0.950859
  1266.94339    0.948345   0.952644
  1266.98386    0.966866   0.954442
  1267.02346    0.943119   0.956183
  1267.06306    0.958002   0.957904
  1267.10366    0.998542   0.959647
  1267.14427    0.924201   0.961367
  1267.18502    1.005927   0.963068
  1267.22448    0.979414   0.964690
  1267.26422    0.971329   0.966298
  1267.30368    0.951845   0.967867
  1267.34328    0.983935   0.969413
  1267.38288    0.960652   0.970929
  1267.42248    0.967757   0.972412
  1267.46194    0.972224   0.973857
  1267.50269    0.934472   0.975312
  1267.54214    0.987566   0.976683
  1267.58189    0.951845   0.978025
  1267.62134    0.986657   0.979319
  1267.66094    0.993954   0.980577
  1267.70170    1.001305   0.981828
  1267.74115    1.005001   0.982997
  1267.78090    0.967757   0.984133
  1267.82136    0.991211   0.985244
  1267.86096    1.002227   0.986289
  1267.89955    0.976711   0.987265
  1267.93915    0.980316   0.988223
  1267.98912    0.988476   0.989371
  1268.02872    0.976711   0.990232
  1268.06832    0.978512   0.991049
  1268.10878    0.981220   0.991841
  1268.15270    0.986657   0.992650
  1268.19634    1.005001   0.993403
  1268.23910    1.016170   0.994093
  1268.28187    0.965087   0.994736
  1268.32550    0.972224   0.995345
  1268.36827    1.012433   0.995896
  1268.40888    1.022742   0.996379
  1268.45266    1.004075   0.996857
  1268.49744    0.976711   0.997302
  1268.54122    0.960652   0.997696
  1268.58499    0.999462   0.998049
  1268.62862    1.011501   0.998365
  1268.67355    1.023685   0.998652
  1268.71718    1.050428   0.998897
  1268.76197    0.952722   0.999115
  1268.80474    1.016170   0.999295
  1268.84851    0.962424   0.999452
  1268.89330    0.971329   0.999586
  1268.93606    0.970435   0.999691
  1268.97970    1.041757   0.999779
  1269.02347    1.014300   0.999847
  1269.06710    1.005001   0.999900
  1269.11203    1.022742   0.999939
  1269.15782    0.958002   0.999967
  1269.20261    0.977611   0.999984
  1269.24754    1.020860   0.999994
  1269.29333    1.051396   0.999998
  1269.33797    0.991211   1.000000
  1269.38189    0.998542   1.000000
  1269.42667    0.976711   1.000000
  1269.47131    0.987566   1.000000
  1269.51523    0.997623   1.000000
  1269.55886    0.974914   1.000000
  1269.60264    0.998542   1.000000
  1269.64627    0.990299   1.000000
  1269.69336    1.007781   1.000000
  1269.73382    0.999462   1.000000
  1269.77674    1.018981   1.000000
  1269.82138    0.987566   1.000000
  1269.86717    0.993954   1.000000
  1269.91094    0.978512   1.000000
  1269.95472    0.983029   1.000000
  1269.99850    0.997623   1.000000
  1270.04213    1.003151   1.000000
  1270.08389    1.022742   1.000000
  1270.12450    1.008710   1.000000
  1270.16294    0.995787   1.000000
  1270.20269    1.017106   1.000000
  1270.24214    1.027463   1.000000
  1270.28189    0.998542   1.000000
  1270.32250    1.008710   1.000000
  1270.36195    0.958884   1.000000
  1270.40170    0.983935   1.000000
  1270.44216    1.005001   1.000000
  1270.48277    0.968649   1.000000
  1270.52352    1.005927   1.000000
  1270.56298    0.963310   1.000000
  1270.60373    1.022742   1.000000
  1270.64333    0.997623   1.000000
  1270.68278    1.014300   1.000000
  1270.72354    1.028410   1.000000
  1270.76299    0.986657   1.000000
  1270.80360    1.023685   1.000000
  1270.84334    0.980316   1.000000
  1270.88381    0.990299   1.000000
  1270.92355    1.010570   1.000000
  1270.96301    0.975812   1.000000
  1271.00362    0.979414   1.000000
  1271.04336    0.972224   1.000000
  1271.08282    1.015234   1.000000
  1271.12256    0.985749   1.000000
  1271.16302    0.974914   1.000000
  1271.20162    1.057222   1.000000
  1271.24122    0.979414   1.000000
  1271.28182    1.025572   1.000000
  1271.32128    0.968649   1.000000
  1271.36203    1.034109   1.000000
  1271.40264    1.010570   1.000000
  1271.44210    1.015234   1.000000
  1271.48285    1.025572   1.000000
  1271.52245    0.996704   1.000000
  1271.56205    0.980316   1.000000
  1271.60266    0.997623   1.000000
  1271.64211    1.005001   1.000000
  1271.68286    1.058196   1.000000
  1271.72347    0.982124   1.000000
  1271.76422    0.943988   1.000000
  1271.80368    0.976711   1.000000
  1271.84328    1.014300   1.000000
  1271.88389    0.952722   1.000000
  1271.92349    0.948345   1.000000
  1271.96410    0.971329   1.000000
  1272.00370    0.973120   1.000000
  1272.04330    1.023685   1.000000
  1272.08390    0.983935   1.000000
  1272.12350    1.024628   1.000000
  1272.16296    0.996704   1.000000
  1272.20270    1.043677   1.000000
  1272.24216    1.004075   1.000000
  1272.28190    0.980316   1.000000
  1272.32251    0.992125   1.000000
  1272.36197    0.970435   1.000000
  1272.40272    1.015234   1.000000
  1272.44218    0.983029   1.000000
  1272.48278    0.958884   1.000000
  1272.52253    1.015234   1.000000
  1272.56198    1.013366   1.000000
  1272.60173    0.996704   1.000000
  1272.64219    1.004075   1.000000
  1272.68280    0.975812   1.000000
  1272.72254    0.980316   1.000000
  1272.76301    1.047530   1.000000
  1272.80261    1.025572   1.000000
  1272.84221    0.988476   1.000000
  1272.88282    1.037926   1.000000
  1272.92256    0.980316   1.000000
  1272.96202    0.982124   1.000000
  1273.00162    0.947472   1.000000
  1273.04122    1.027463   1.000000
  1273.08082    0.969541   1.000000
  1273.12027    0.993954   1.000000
  1273.16002    0.988476   1.000000
  1273.20048    1.042717   1.000000
  1273.24022    0.985749   1.000000
  1273.27968    0.996704   1.000000
  1273.31928    0.965087   1.000000
  1273.35888    1.056249   1.000000
  1273.39848    0.983029   1.000000
  1273.43794    0.994870   1.000000
  1273.47768    1.034109   1.000000
  1273.51829    0.996704   1.000000
  1273.55789    1.068972   1.000000
  1273.59749    1.003151   1.000000
  1273.63795    0.962424   1.000000
  1273.67770    1.053334   1.000000
  1273.71715    1.008710   1.000000
  1273.75690    1.018981   1.000000
  1273.79750    0.988476   1.000000
  1273.83696    0.966866   1.000000
  1273.87670    1.011501   1.000000
  1273.91717    0.991211   1.000000
  1273.95778    1.004075   1.000000
  1273.99752    0.995787   1.000000
  1274.03798    1.031256   1.000000
  1274.07773    0.994870   1.000000
  1274.11834    1.002227   1.000000
  1274.15678    0.964198   1.000000
  1274.19638    0.983935   1.000000
  1274.23699    1.002227   1.000000
  1274.27674    0.995787   1.000000
  1274.31619    0.999462   1.000000
  1274.35680    0.983935   1.000000
  1274.39640    0.997623   1.000000
  1274.43701    0.997623   1.000000
  1274.47661    0.965087   1.000000
  1274.51722    1.000383   1.000000
  1274.55682    0.992125   1.000000
  1274.59757    0.987566   1.000000
  1274.63702    0.965087   1.000000
  1274.67662    0.994870   1.000000
  1274.71622    0.993954   1.000000
  1274.75582    0.997623   1.000000
  1274.79528    0.974016   1.000000
  1274.83603    0.993954   1.000000
  1274.87549    0.997623   1.000000
  1274.91523    0.982124   1.000000
  1274.95469    1.060147   1.000000
  1274.99530    1.011501   1.000000
  1275.03504    0.996704   1.000000
  1275.07450    1.016170   1.000000
  1275.11510    1.006854   1.000000
  1275.15586    0.991211   1.000000
  1275.19531    0.985749   1.000000
  1275.23506    0.975812   1.000000
  1275.27451    1.003151   1.000000
  1275.31411    0.964198   1.000000
  1275.35472    1.006854   1.000000
  1275.39533    0.983029   1.000000
  1275.43594    0.994870   1.000000
  1275.47554    1.039839   1.000000
  1275.51514    0.962424   1.000000
  1275.55474    1.022742   1.000000
  1275.59534    0.986657   1.000000
  1275.63494    0.982124   1.000000
  1275.67354    1.019920   1.000000
  1275.71414    1.008710   1.000000
  1275.75461    1.036970   1.000000
  1275.79536    1.008710   1.000000
  1275.83496    1.006854   1.000000
  1275.87456    1.031256   1.000000
  1275.91416    1.047530   1.000000
  1275.95261    1.026517   1.000000
  1275.99221    1.030306   1.000000
  1276.03282    0.972224   1.000000
  1276.07256    0.949219   1.000000
  1276.11302    0.982124   1.000000
  1276.15363    0.987566   1.000000
  1276.19338    1.041757   1.000000
  1276.23283    0.974914   1.000000
  1276.27344    1.050428   1.000000
  1276.31419    1.026517   1.000000
  1276.35365    0.995787   1.000000
  1276.39339    0.984841   1.000000
  1276.43386    1.030306   1.000000
  1276.47346    1.005927   1.000000
  1276.51421    0.979414   1.000000
  1276.55467    0.965087   1.000000
  1276.59528    1.030306   1.000000
  1276.63603    0.954479   1.000000
  1276.67549    1.012433   1.000000
  1276.71610    1.023685   1.000000
  1276.75584    0.960652   1.000000
  1276.79530    1.027463   1.000000
  1276.83504    0.958884   1.000000
  1276.87550    1.001305   1.000000
  1276.91611    1.002227   1.000000
  1276.95586    0.982124   1.000000
  1276.99531    0.997623   1.000000
  1277.03606    1.031256   1.000000
  1277.07552    1.088846   1.000000
  1277.11613    1.051396   1.000000
  1277.15587    0.992125   1.000000
  1277.19533    1.002227   1.000000
  1277.23594    0.987566   1.000000
  1277.27554    0.942250   1.000000
  1277.31514    0.993039   1.000000
  1277.35474    0.967757   1.000000
  1277.39534    0.967757   1.000000
  1277.43494    1.002227   1.000000
  1277.47454    1.000383   1.000000
  1277.51414    1.002227   1.000000
  1277.55461    1.006854   1.000000
  1277.59435    0.976711   1.000000
  1277.63381    0.985749   1.000000
  1277.67355    1.030306   1.000000
  1277.71416    0.981220   1.000000
  1277.75462    0.958884   1.000000
  1277.79437    0.977611   1.000000
  1277.83382    1.016170   1.000000
  1277.87357    0.984841   1.000000
  1277.91302    0.967757   1.000000
  1277.95162    1.022742   1.000000
  1277.99122    0.993954   1.000000
  1278.03182    0.959768   1.000000
  1278.07128    1.018981   1.000000
  1278.11102    1.016170   1.000000
  1278.15163    1.040798   1.000000
  1278.19123    1.036016   1.000000
  1278.23083    1.018981   1.000000
  1278.27130    1.016170   1.000000
  1278.31104    0.988476   1.000000
  1278.35050    0.994870   1.000000
  1278.39010    0.969541   1.000000
  1278.43085    1.005001   1.000000
  1278.47030    0.990299   1.000000
  1278.51005    0.983935   1.000000
  1278.54950    1.004075   1.000000
  1278.59011    1.042717   1.000000
  1278.62971    1.027463   1.000000
  1278.66931    0.973120   1.000000
  1278.70877    1.011501   1.000000
  1278.74952    1.027463   1.000000
  1278.78912    0.957120   1.000000
  1278.82872    1.032206   1.000000
  1278.86832    1.005927   1.000000
  1278.90778    1.013366   1.000000
  1278.94637    1.011501   1.000000
  1278.98597    0.999462   1.000000
  1279.02557    1.011501   1.000000
  1279.06618    1.019920   1.000000
  1279.10578    1.067005   1.000000
  1279.14538    1.003151   1.000000
  1279.18498    1.030306   1.000000
  1279.22443    1.021801   1.000000
  1279.26418    1.012433   1.000000
  1279.30363    1.011501   1.000000
  1279.34338    1.010570   1.000000
  1279.38384    1.005927   1.000000
  1279.42344    0.995787   1.000000
  1279.46304    1.012433   1.000000
  1279.50466    1.031256   1.000000
  1279.54526    0.994870   1.000000
  1279.58501    1.026517   1.000000
  1279.62446    0.979414   1.000000
  1279.66421    1.007781   1.000000
  1279.70366    1.024628   1.000000
  1279.74326    1.007781   1.000000
  1279.78286    1.027463   1.000000
  1279.82246    0.998542   1.000000
  1279.86206    1.045602   1.000000
  1279.90166    0.986657   1.000000
  1279.94112    0.999462   1.000000
  1279.98086    0.998542   1.000000
  1280.02133    1.024628   1.000000
  1280.06093    1.002227   1.000000
  1280.10053    0.990299   1.000000
  1280.14013    1.004075   1.000000
  1280.18088    1.002227   1.000000
  1280.22034    0.987566   1.000000
  1280.25994    0.991211   1.000000
  1280.29954    0.974016   1.000000
  1280.34014    1.018981   1.000000
  1280.37960    0.973120   1.000000
  1280.41934    1.006854   1.000000
  1280.45880    0.973120   1.000000
  1280.49955    0.972224   1.000000
  1280.53915    1.000383   1.000000
  1280.57962    0.986657   1.000000
  1280.62037    0.983935   1.000000
  1280.65997    1.012433   1.000000
  1280.70043    0.975812   1.000000
  1280.74118    1.056249   1.000000
  1280.78078    1.036970   1.000000
  1280.82139    0.969541   1.000000
  1280.86099    0.983029   1.000000
  1280.90045    1.015234   1.000000
  1280.94019    0.982124   1.000000
  1280.98080    0.989387   1.000000
  1281.02126    0.977611   1.000000
  1281.06101    0.981220   1.000000
  1281.10046    0.990299   1.000000
  1281.14021    1.032206   1.000000
  1281.17866    0.992125   1.000000
  1281.21840    0.961538   1.000000
  1281.25786    0.987566   1.000000
