   555.01768    1.060198   1.000000
   555.03547    1.014548   1.000000
   555.05327    1.017809   1.000000
   555.07107    1.001505   1.000000
   555.08885    0.965172   1.000000
   555.10665    0.958650   1.000000
   555.12445    0.950731   1.000000
   555.14225    0.980078   1.000000
   555.16003    0.967035   1.000000
   555.17783    0.949800   1.000000
   555.19563    0.931167   1.000000
   555.21343    0.968898   1.000000
   555.23122    0.972159   1.000000
   555.24902    0.976817   1.000000
   555.26682    0.984736   1.000000
   555.28462    0.990791   1.000000
   555.30240    0.968898   1.000000
   555.32020    1.028988   1.000000
   555.33800    0.978214   1.000000
   555.35578    0.988462   1.000000
   555.37358    0.945141   1.000000
   555.39138    0.960513   1.000000
   555.40918    0.936291   1.000000
   555.42697    0.947936   1.000000
   555.44477    0.968432   1.000000
   555.46257    1.015480   1.000000
   555.48037    1.041565   1.000000
   555.49815    0.995450   1.000000
   555.51595    0.991723   1.000000
   555.53375    0.969830   1.000000
   555.55155    0.990326   1.000000
   555.56933    1.001971   1.000000
   555.58713    1.028988   1.000000
   555.60493    0.964706   1.000000
   555.62272    1.045758   1.000000
   555.64052    0.945141   1.000000
   555.65832    0.982873   1.000000
   555.67612    1.002903   1.000000
   555.69390    1.003834   1.000000
   555.71170    1.047155   1.000000
   555.72950    0.996381   1.000000
   555.74730    1.050416   1.000000
   555.76508    1.059266   1.000000
   555.78288    0.975885   1.000000
   555.80068    1.049019   1.000000
   555.81848    0.957719   1.000000
   555.83627    0.970296   1.000000
   555.85407    0.995450   1.000000
   555.87187    1.025728   1.000000
   555.88965    1.016411   1.000000
   555.90745    0.990326   1.000000
   555.92525    1.017809   1.000000
   555.94305    1.028057   1.000000
   555.96083    1.027125   1.000000
   555.97863    1.007561   1.000000
   555.99643    0.991723   1.000000
   556.01423    0.984736   1.000000
   556.03202    1.015946   1.000000
   556.04982    0.974022   1.000000
   556.06762    1.040634   1.000000
   556.08542    0.995915   1.000000
   556.10320    1.026194   0.999941
   556.12100    0.954924   0.999691
   556.13880    1.001505   0.999346
   556.15660    1.058801   0.998794
   556.17438    0.980544   0.998211
   556.19218    1.015480   0.997442
   556.20998    1.027591   0.996601
   556.22777    1.005698   0.995716
   556.24557    1.027591   0.994666
   556.26337    1.021535   0.993593
   556.28117    1.031317   0.992336
   556.29895    0.989394   0.991146
   556.31675    0.949334   0.989734
   556.33455    1.053677   0.988340
   556.35235    1.050416   0.986881
   556.37013    0.994052   0.985287
   556.38793    0.979612   0.983685
   556.40573    0.930235   0.981966
   556.42353    0.988462   0.980278
   556.44132    0.967035   0.978515
   556.45912    1.010822   0.976590
   556.47692    0.982873   0.974754
   556.49470    1.005698   0.972776
   556.51250    0.940949   0.970734
   556.53030    0.951663   0.968753
   556.54810    0.894367   0.966621
   556.56588    0.939552   0.964483
   556.58368    0.949800   0.962343
   556.60148    0.969830   0.960129
   556.61928    0.933030   0.957836
   556.63707    0.947005   0.955596
   556.65487    0.981009   0.953308
   556.67267    0.949334   0.950899
   556.69047    0.989860   0.948538
   556.70825    0.982873   0.946130
   556.72605    0.958650   0.943739
   556.74385    0.984270   0.941205
   556.76163    0.897162   0.938734
   556.77943    0.855705   0.936229
   556.79723    0.937688   0.933764
   556.81503    0.911137   0.931282
   556.83282    0.923714   0.928652
   556.85062    0.889709   0.926145
   556.86842    0.947936   0.923536
   556.88622    0.959116   0.920943
   556.90400    0.868748   0.918399
   556.92180    0.897162   0.915862
   556.93960    0.922782   0.913288
   556.95740    0.912534   0.910616
   556.97518    0.880393   0.907991
   556.99298    0.884120   0.905377
   557.01078    0.879927   0.902806
   557.02857    0.873872   0.900322
   557.04637    0.898560   0.897687
   557.06417    0.930701   0.895133
   557.08197    0.902752   0.892595
   557.09975    0.896697   0.890054
   557.11755    0.909274   0.887542
   557.13535    0.838470   0.885071
   557.15315    0.891107   0.882564
   557.17093    0.890641   0.880072
   557.18873    0.877598   0.877647
   557.20653    0.891573   0.875184
   557.22433    0.852444   0.872812
   557.24212    0.944210   0.870481
   557.25992    0.857102   0.868095
   557.27772    0.865953   0.865798
   557.29552    0.865487   0.863540
   557.31330    0.858034   0.861459
   557.33110    0.872008   0.859144
   557.34890    0.849649   0.856983
   557.36668    0.858034   0.854937
   557.38448    0.832414   0.852795
   557.40228    0.876666   0.850806
   557.42008    0.858034   0.848867
   557.43787    0.823563   0.846901
   557.45567    0.837538   0.845002
   557.47347    0.847786   0.843147
   557.49127    0.822166   0.841405
   557.50905    0.859431   0.839699
   557.52685    0.830551   0.838039
   557.54465    0.858500   0.836400
   557.56245    0.849183   0.834876
   557.58023    0.833811   0.833348
   557.59803    0.815645   0.831912
   557.61583    0.845457   0.830566
   557.63362    0.880393   0.829227
   557.65142    0.857102   0.828047
   557.66922    0.819837   0.826842
   557.68702    0.768131   0.825768
   557.70480    0.806794   0.824731
   557.72260    0.851512   0.823764
   557.74040    0.776050   0.822857
   557.75820    0.829619   0.822053
   557.77598    0.833811   0.821312
   557.79378    0.798875   0.820619
   557.81158    0.828687   0.820029
   557.82938    0.835675   0.819479
   557.84717    0.858965   0.819071
   557.86497    0.838935   0.818676
   557.88277    0.794217   0.818362
   557.90055    0.773721   0.818126
   557.91835    0.819837   0.817985
   557.93615    0.814713   0.817873
   557.95395    0.822166   0.817892
   557.97173    0.820768   0.817960
   557.98953    0.810521   0.818145
   558.00733    0.831948   0.818370
   558.02513    0.847786   0.818696
   558.04292    0.777448   0.819037
   558.06072    0.843128   0.819534
   558.07852    0.801670   0.820066
   558.09632    0.802602   0.820647
   558.11410    0.811452   0.821353
   558.13190    0.846388   0.822062
   558.14970    0.805397   0.822936
   558.16748    0.796546   0.823767
   558.18528    0.837072   0.824797
   558.20308    0.857102   0.825797
   558.22088    0.848252   0.826948
   558.23867    0.830551   0.828114
   558.25647    0.817042   0.829332
   558.27427    0.853841   0.830619
   558.29207    0.850581   0.832030
   558.30985    0.853841   0.833504
   558.32765    0.834277   0.834920
   558.34545    0.851047   0.836531
   558.36325    0.862692   0.838144
   558.38103    0.858034   0.839834
   558.39883    0.859897   0.841632
   558.41663    0.834743   0.843415
   558.43443    0.895299   0.845182
   558.45222    0.845923   0.847138
   558.47002    0.873872   0.849053
   558.48782    0.892038   0.851065
   558.50560    0.843593   0.853127
   558.52340    0.865953   0.855226
   558.54120    0.864555   0.857384
   558.55900    0.824495   0.859585
   558.57678    0.838470   0.861715
   558.59458    0.807260   0.864030
   558.61238    0.880393   0.866351
   558.63018    0.836140   0.868766
   558.64797    0.814247   0.871134
   558.66577    0.871077   0.873566
   558.68357    0.856636   0.876002
   558.70137    0.827756   0.878475
   558.71915    0.871542   0.881016
   558.73695    0.863158   0.883597
   558.75475    0.867350   0.886097
   558.77253    0.836140   0.888633
   558.79033    0.896231   0.891210
   558.80813    0.892970   0.893747
   558.82593    0.861295   0.896398
   558.84372    0.930701   0.899046
   558.86152    0.888778   0.901649
   558.87932    0.907410   0.904346
   558.89712    0.888312   0.907108
   558.91490    0.906945   0.909797
   558.93270    0.910671   0.912471
   558.95050    0.935359   0.915112
   558.96830    0.926043   0.917875
   558.98608    0.932099   0.920548
   559.00388    0.895765   0.923242
   559.02168    0.897162   0.925929
   559.03947    0.967035   0.928603
   559.05727    0.927440   0.931256
   559.07507    0.927440   0.933956
   559.09287    0.949334   0.936593
   559.11065    0.916261   0.939214
   559.12845    0.911137   0.941839
   559.14625    0.969364   0.944451
   559.16405    0.907410   0.947050
   559.18183    0.961911   0.949589
   559.19963    0.967035   0.952098
   559.21743    0.935359   0.954678
   559.23523    1.003834   0.957061
   559.25302    0.990791   0.959533
   559.27082    0.919056   0.961964
   559.28862    0.978214   0.964296
   559.30640    0.949334   0.966657
   559.32420    1.011753   0.968926
   559.34200    0.958184   0.971238
   559.35980    0.946539   0.973307
   559.37758    0.973556   0.975550
   559.39538    1.045292   0.977622
   559.41318    1.018275   0.979578
   559.43098    1.022001   0.981656
   559.44877    1.030386   0.983496
   559.46657    1.028523   0.985339
   559.48437    0.998710   0.987144
   559.50217    1.016411   0.988789
   559.51995    0.986133   0.990495
   559.53775    1.003369   0.991987
   559.55555    0.988928   0.993458
   559.57335    0.984736   0.994764
   559.59113    0.998245   0.996115
   559.60893    0.983804   0.997119
   559.62673    1.000574   0.998115
   559.64452    0.974954   0.998961
   559.66232    0.953992   0.999605
   559.68012    0.979612   1.000000
   559.69792    0.964706   1.000000
   559.71570    0.958184   1.000000
   559.73350    0.944210   1.000000
   559.75130    0.979146   1.000000
   559.76910    1.030852   1.000000
   559.78688    1.028057   1.000000
   559.80468    1.064856   1.000000
   559.82248    1.033181   1.000000
   559.84028    1.065788   1.000000
   559.85807    0.994052   1.000000
   559.87587    0.994984   1.000000
   559.89367    0.999176   1.000000
   559.91145    1.028988   1.000000
   559.92925    0.902286   1.000000
   559.94705    1.063925   1.000000
   559.96485    1.004766   1.000000
   559.98263    0.938620   1.000000
   560.00043    0.975885   1.000000
   560.01823    0.997313   1.000000
   560.03603    0.960513   1.000000
   560.05382    1.019672   1.000000
   560.07162    1.002903   1.000000
   560.08942    0.961445   1.000000
   560.10722    1.030386   1.000000
   560.12500    1.002903   1.000000
   560.14280    1.072775   1.000000
   560.16060    1.014082   1.000000
   560.17838    1.039236   1.000000
   560.19618    1.031783   1.000000
   560.21398    1.092339   1.000000
   560.23178    1.062527   1.000000
   560.24957    1.062993   1.000000
   560.26737    1.040168   1.000000
   560.28517    1.027125   1.000000
   560.30297    1.007095   1.000000
   560.32075    0.974954   1.000000
   560.33855    0.960979   1.000000
   560.35635    1.018275   1.000000
   560.37415    0.984270   1.000000
   560.39193    0.991257   1.000000
   560.40973    1.040168   1.000000
   560.42753    0.998710   1.000000
   560.44532    0.973090   1.000000
   560.46312    1.013616   1.000000
   560.48092    1.032249   1.000000
   560.49872    0.969830   1.000000
   560.51650    1.047621   1.000000
   560.53430    1.032715   1.000000
   560.55210    1.002437   1.000000
   560.56990    0.952129   1.000000
   560.58768    0.966103   1.000000
   560.60548    1.028523   1.000000
   560.62328    1.012685   1.000000
   560.64108    1.040634   1.000000
   560.65887    0.979146   1.000000
   560.67667    0.993121   1.000000
   560.69447    0.984736   1.000000
   560.71227    0.961445   1.000000
   560.73005    0.964706   1.000000
   560.74785    0.991257   1.000000
   560.76565    0.957253   1.000000
   560.78343    1.031783   1.000000
   560.80123    1.007095   1.000000
   560.81903    0.981941   1.000000
   560.83683    0.978214   1.000000
   560.85462    0.956321   1.000000
   560.87242    0.988928   1.000000
   560.89022    1.024330   1.000000
   560.90802    0.965172   1.000000
   560.92580    0.979146   1.000000
   560.94360    1.046224   1.000000
   560.96140    1.013616   1.000000
   560.97920    1.063925   1.000000
   560.99698    0.995915   1.000000
   561.01478    1.013151   1.000000
   561.03258    0.987065   1.000000
   561.05037    0.992655   1.000000
   561.06817    0.929770   1.000000
