  1090.97040    1.047808   1.000000
  1090.98120    1.094113   1.000000
  1090.99200    1.051058   1.000000
  1091.00280    1.031019   1.000000
  1091.01360    1.020323   1.000000
  1091.02380    0.999608   1.000000
  1091.03460    1.079084   1.000000
  1091.04540    1.015178   1.000000
  1091.05620    0.961021   1.000000
  1091.06640    1.005836   1.000000
  1091.07720    1.024250   1.000000
  1091.08800    0.998390   1.000000
  1091.09880    1.020053   1.000000
  1091.10960    0.951002   1.000000
  1091.11980    1.020594   1.000000
  1091.13060    1.052141   1.000000
  1091.14140    1.056744   1.000000
  1091.15220    1.030478   1.000000
  1091.16240    0.987152   1.000000
  1091.17320    1.007596   1.000000
  1091.18400    0.976321   1.000000
  1091.19480    1.057421   1.000000
  1091.20560    0.993922   1.000000
  1091.21580    1.036164   1.000000
  1091.22660    1.019646   1.000000
  1091.23740    1.022219   1.000000
  1091.24820    1.035623   1.000000
  1091.25840    1.003264   1.000000
  1091.26920    1.000150   1.000000
  1091.28000    0.997713   1.000000
  1091.29080    1.018292   1.000000
  1091.30160    0.908895   1.000000
  1091.31180    1.000827   1.000000
  1091.32260    0.970092   1.000000
  1091.33340    0.997036   1.000000
  1091.34420    0.999067   1.000000
  1091.35440    0.998525   1.000000
  1091.36520    0.974696   1.000000
  1091.37600    0.982007   1.000000
  1091.38680    1.085041   1.000000
  1091.39760    1.041445   1.000000
  1091.40780    1.049704   1.000000
  1091.41860    0.965760   1.000000
  1091.42940    1.062566   1.000000
  1091.44020    1.052953   1.000000
  1091.45040    0.974425   1.000000
  1091.46120    0.987558   1.000000
  1091.47200    0.966572   1.000000
  1091.48280    0.971717   1.000000
  1091.49360    1.020459   1.000000
  1091.50380    1.010710   1.000000
  1091.51460    1.021813   1.000000
  1091.52540    1.026822   1.000000
  1091.53620    1.011252   1.000000
  1091.54640    1.009221   1.000000
  1091.55720    0.946128   1.000000
  1091.56800    1.027770   1.000000
  1091.57880    1.025739   1.000000
  1091.58960    1.007326   1.000000
  1091.59980    1.040903   1.000000
  1091.61060    0.976862   1.000000
  1091.62140    0.982955   1.000000
  1091.63220    1.005159   1.000000
  1091.64240    0.994599   1.000000
  1091.65320    0.950731   1.000000
  1091.66400    1.017886   1.000000
  1091.67480    1.029259   1.000000
  1091.68560    1.039820   1.000000
  1091.69580    1.023302   1.000000
  1091.70660    0.974290   1.000000
  1091.71740    1.031561   1.000000
  1091.72820    0.984444   1.000000
  1091.73840    0.958178   1.000000
  1091.74920    1.017345   1.000000
  1091.76000    1.022490   1.000000
  1091.77080    0.986204   1.000000
  1091.78160    1.043746   1.000000
  1091.79180    1.040768   1.000000
  1091.80260    1.009627   1.000000
  1091.81340    1.012064   1.000000
  1091.82420    0.977810   1.000000
  1091.83440    0.934890   1.000000
  1091.84520    0.967926   1.000000
  1091.85600    0.976050   1.000000
  1091.86680    0.978622   1.000000
  1091.87760    1.002451   1.000000
  1091.88780    0.958990   1.000000
  1091.89860    1.006649   1.000000
  1091.90940    0.971311   1.000000
  1091.92020    1.053359   1.000000
  1091.93040    1.009627   1.000000
  1091.94120    1.039278   1.000000
  1091.95200    0.977404   1.000000
  1091.96280    0.960344   1.000000
  1091.97360    1.034133   1.000000
  1091.98380    0.983767   1.000000
  1091.99460    1.030749   1.000000
  1092.00540    1.111443   1.000000
  1092.01620    1.048485   1.000000
  1092.02640    1.035623   1.000000
  1092.03720    1.011252   1.000000
  1092.04800    1.010033   1.000000
  1092.05880    0.938410   1.000000
  1092.06960    1.016532   1.000000
  1092.07980    1.033592   1.000000
  1092.09060    1.021813   1.000000
  1092.10140    1.054984   1.000000
  1092.11220    0.993651   1.000000
  1092.12240    1.019646   1.000000
  1092.13320    1.034269   1.000000
  1092.14400    1.058910   1.000000
  1092.15480    1.052547   1.000000
  1092.16560    0.981872   1.000000
  1092.17580    0.958313   1.000000
  1092.18660    1.013012   1.000000
  1092.19740    1.056609   1.000000
  1092.20820    1.053765   1.000000
  1092.21840    1.032915   1.000000
  1092.22920    0.954522   1.000000
  1092.24000    1.009492   1.000000
  1092.25080    1.017209   1.000000
  1092.26160    0.975508   1.000000
  1092.27180    1.001910   1.000000
  1092.28260    0.980924   1.000000
  1092.29340    0.998525   1.000000
  1092.30420    0.957095   1.000000
  1092.31440    1.009898   1.000000
  1092.32520    0.947211   1.000000
  1092.33600    0.944638   1.000000
  1092.34680    0.960615   1.000000
  1092.35760    1.017209   1.000000
  1092.36780    0.991620   1.000000
  1092.37860    0.905781   1.000000
  1092.38940    1.082198   1.000000
  1092.40020    1.061077   1.000000
  1092.41040    1.008273   1.000000
  1092.42120    0.990266   1.000000
  1092.43200    1.002858   1.000000
  1092.44280    0.957501   1.000000
  1092.45360    1.022219   1.000000
  1092.46380    0.936244   0.999970
  1092.47460    0.996765   0.999743
  1092.48540    1.022490   0.999402
  1092.49620    1.002587   0.999010
  1092.50640    0.986340   0.998664
  1092.51720    0.990672   0.998209
  1092.52800    1.001504   0.997640
  1092.53880    0.971853   0.997087
  1092.54960    1.069606   0.996566
  1092.55980    1.042122   0.995968
  1092.57060    0.963052   0.995276
  1092.58140    1.037924   0.994568
  1092.59220    1.020188   0.993973
  1092.60240    0.997983   0.993191
  1092.61320    1.017345   0.992415
  1092.62400    0.992838   0.991688
  1092.63480    0.919049   0.990898
  1092.64560    1.009763   0.990083
  1092.65580    0.987694   0.989211
  1092.66660    0.989995   0.988430
  1092.67740    1.029665   0.987491
  1092.68820    0.987964   0.986587
  1092.69840    0.974560   0.985753
  1092.70920    0.997577   0.984878
  1092.72000    0.950190   0.983873
  1092.73080    0.947888   0.982971
  1092.74160    0.932589   0.982009
  1092.75180    0.967114   0.981075
  1092.76260    1.028718   0.980086
  1092.77340    0.957230   0.979136
  1092.78420    0.968874   0.978158
  1092.79440    0.918643   0.977167
  1092.80520    0.990401   0.976196
  1092.81600    1.042799   0.975106
  1092.82680    0.938275   0.974082
  1092.83760    0.935161   0.973130
  1092.84780    0.995140   0.972103
  1092.85860    0.937192   0.971054
  1092.86940    0.970905   0.970041
  1092.88020    0.956688   0.968962
  1092.89040    1.000150   0.968039
  1092.90120    0.998525   0.966934
  1092.91200    0.910113   0.965916
  1092.92280    1.001504   0.964851
  1092.93360    0.973071   0.963764
  1092.94380    0.928256   0.962877
  1092.95460    1.002993   0.961736
  1092.96540    0.999473   0.960664
  1092.97620    0.939223   0.959668
  1092.98640    0.927173   0.958643
  1092.99720    0.903344   0.957648
  1093.00800    0.963729   0.956524
  1093.01880    0.983632   0.955502
  1093.02960    0.924871   0.954438
  1093.03980    0.956688   0.953483
  1093.05060    0.964135   0.952461
  1093.06140    0.967114   0.951363
  1093.07220    0.960886   0.950395
  1093.08240    0.961833   0.949456
  1093.09320    0.904021   0.948485
  1093.10400    0.948159   0.947429
  1093.11480    0.959532   0.946469
  1093.12560    0.943691   0.945426
  1093.13580    0.991755   0.944578
  1093.14660    0.947888   0.943569
  1093.15740    0.987423   0.942702
  1093.16820    0.952762   0.941628
  1093.17840    0.953710   0.940795
  1093.18920    0.969551   0.939829
  1093.20000    1.010710   0.938902
  1093.21080    1.001504   0.937919
  1093.22160    0.957501   0.937072
  1093.23180    0.994599   0.936174
  1093.24260    0.981195   0.935370
  1093.25340    0.837678   0.934522
  1093.26420    0.822649   0.933531
  1093.27440    1.022760   0.932886
  1093.28520    1.092623   0.931927
  1093.29600    0.939358   0.931154
  1093.30680    0.885878   0.930337
  1093.31760    0.931370   0.929575
  1093.32780    0.837136   0.928879
  1093.33860    0.872068   0.928033
  1093.34940    0.875046   0.927324
  1093.36020    0.928256   0.926553
  1093.37040    0.849592   0.925864
  1093.38120    0.888721   0.925162
  1093.39200    0.851894   0.924516
  1093.40280    0.891700   0.923839
  1093.41360    0.917289   0.923169
  1093.42380    0.857716   0.922520
  1093.43460    0.834158   0.921967
  1093.44540    0.887773   0.921289
  1093.45620    0.825086   0.920748
  1093.46640    0.885742   0.920128
  1093.47720    0.901719   0.919639
  1093.48800    0.923653   0.919132
  1093.49880    0.905374   0.918584
  1093.50960    0.944638   0.918065
  1093.51980    0.863944   0.917610
  1093.53060    0.861778   0.917172
  1093.54140    0.890481   0.916626
  1093.55220    0.964135   0.916275
  1093.56240    0.953033   0.915954
  1093.57320    0.912009   0.915531
  1093.58400    0.926360   0.915180
  1093.59480    0.916477   0.914791
  1093.60560    0.925548   0.914400
  1093.61580    0.940306   0.914153
  1093.62660    0.942201   0.913959
  1093.63740    0.976321   0.913587
  1093.64820    0.958449   0.913295
  1093.65840    0.977268   0.913101
  1093.66920    0.904156   0.912935
  1093.68000    0.888044   0.912633
  1093.69080    0.883441   0.912539
  1093.70160    0.918508   0.912548
  1093.71180    0.926767   0.912318
  1093.72260    0.818723   0.912218
  1093.73340    0.921757   0.912150
  1093.74420    0.946534   0.912028
  1093.75440    0.901313   0.911960
  1093.76520    0.885472   0.911916
  1093.77600    0.902125   0.911875
  1093.78680    0.965218   0.912007
  1093.79760    0.929474   0.912120
  1093.80780    0.835105   0.912019
  1093.81860    0.847697   0.912027
  1093.82940    0.900500   0.912152
  1093.84020    0.885472   0.912287
  1093.85040    0.886284   0.912539
  1093.86120    1.008815   0.912761
  1093.87200    1.092894   0.912787
  1093.88280    0.965624   0.912892
  1093.89360    0.969822   0.913126
  1093.90380    1.058775   0.913396
  1093.91460    1.086666   0.913715
  1093.92540    0.884524   0.913958
  1093.93620    0.921892   0.914309
  1093.94640    1.001774   0.914521
  1093.95720    0.973342   0.914872
  1093.96800    1.051328   0.915294
  1093.97880    0.899282   0.915618
  1093.98960    0.756577   0.915984
  1093.99980    0.938004   0.916451
  1094.01060    0.928797   0.916812
  1094.02140    0.961833   0.917231
  1094.03220    0.928527   0.917695
  1094.04240    0.829825   0.918254
  1094.05320    0.749537   0.918694
  1094.06400    0.831856   0.919125
  1094.07480    0.909030   0.919689
  1094.08560    0.891971   0.920228
  1094.09580    0.850269   0.920767
  1094.10660    0.999202   0.921415
  1094.11740    0.997442   0.921939
  1094.12820    0.913092   0.922553
  1094.13840    0.931776   0.923144
  1094.14920    0.896980   0.923793
  1094.16000    0.898063   0.924530
  1094.17080    0.831314   0.925108
  1094.18160    0.992838   0.925816
  1094.19180    0.890346   0.926606
  1094.20260    0.896439   0.927265
  1094.21340    0.852030   0.927972
  1094.22420    0.889804   0.928699
  1094.23440    0.904968   0.929550
  1094.24520    0.954522   0.930146
  1094.25600    1.052411   0.930947
  1094.26680    0.869224   0.931819
  1094.27760    0.849457   0.932548
  1094.28780    0.948700   0.933258
  1094.29860    1.174536   0.934148
  1094.30940    0.982819   0.934923
  1094.32020    0.891158   0.935755
  1094.33040    0.917289   0.936625
  1094.34120    0.876942   0.937499
  1094.35200    0.953981   0.938328
  1094.36280    0.888586   0.939240
  1094.37360    0.898740   0.940141
  1094.38380    1.005159   0.941008
  1094.39460    0.951002   0.941871
  1094.40540    1.021948   0.942789
  1094.41620    0.970634   0.943741
  1094.42640    0.919862   0.944546
  1094.43720    0.909165   0.945542
  1094.44800    0.867735   0.946404
  1094.45880    0.961698   0.947483
  1094.46960    1.025197   0.948348
  1094.47980    0.993380   0.949240
  1094.49060    0.980112   0.950263
  1094.50140    0.924465   0.951229
  1094.51220    0.988777   0.952109
  1094.52240    0.923517   0.953084
  1094.53320    0.957365   0.954064
  1094.54400    0.967655   0.955020
  1094.55480    0.999337   0.955979
  1094.56560    1.002858   0.956982
  1094.57580    0.997442   0.957902
  1094.58660    1.014095   0.958952
  1094.59740    0.944503   0.959942
  1094.60820    0.941389   0.960907
  1094.61840    0.899146   0.961807
  1094.62920    0.954387   0.962816
  1094.64000    0.935838   0.963736
  1094.65080    0.961292   0.964824
  1094.66160    0.938140   0.965700
  1094.67180    0.950460   0.966664
  1094.68260    0.892106   0.967592
  1094.69340    1.036435   0.968665
  1094.70420    0.925413   0.969658
  1094.71440    0.996629   0.970446
  1094.72520    0.996629   0.971485
  1094.73600    0.958042   0.972394
  1094.74680    0.991214   0.973364
  1094.75760    1.039685   0.974273
  1094.76780    0.931099   0.975113
  1094.77860    0.929881   0.976151
  1094.78940    0.956959   0.976953
  1094.80020    0.998254   0.977911
  1094.81040    0.993651   0.978844
  1094.82120    0.877077   0.979629
  1094.83200    0.918508   0.980563
  1094.84280    0.977133   0.981431
  1094.85360    1.054849   0.982240
  1094.86380    1.041986   0.983137
  1094.87460    1.100747   0.983914
  1094.88540    1.043340   0.984764
  1094.89620    1.068117   0.985622
  1094.90640    0.957230   0.986293
  1094.91720    0.970092   0.987083
  1094.92800    1.010981   0.987910
  1094.93880    0.896032   0.988654
  1094.94960    0.907270   0.989386
  1094.95980    0.946128   0.990107
  1094.97060    0.942878   0.990807
  1094.98140    0.980382   0.991461
  1094.99220    0.936650   0.992124
  1095.00240    0.905916   0.992769
  1095.01320    0.934349   0.993375
  1095.02400    0.859205   0.993965
  1095.03480    0.977404   0.994607
  1095.04560    0.998119   0.995128
  1095.05580    0.969957   0.995629
  1095.06660    0.984038   0.996190
  1095.07740    0.932047   0.996693
  1095.08820    0.905104   0.997082
  1095.09840    0.970769   0.997534
  1095.10920    0.809651   0.997951
  1095.12000    1.036300   0.998313
  1095.13080    1.040497   0.998640
  1095.14160    1.002587   0.998951
  1095.15180    0.953981   0.999256
  1095.16260    0.965083   0.999449
  1095.17340    1.017074   0.999639
  1095.18420    0.957501   0.999805
  1095.19440    1.016803   0.999933
  1095.20520    0.964000   0.999974
  1095.21600    0.947211   1.000000
  1095.22680    1.030884   1.000000
  1095.23760    1.004076   1.000000
  1095.24780    0.969415   1.000000
  1095.25860    1.060129   1.000000
  1095.26940    1.031696   1.000000
  1095.28020    1.054984   1.000000
  1095.29040    0.909842   1.000000
  1095.30120    0.956959   1.000000
  1095.31200    0.981465   1.000000
  1095.32280    1.001639   1.000000
  1095.33360    1.008679   1.000000
  1095.34380    1.007732   1.000000
  1095.35460    0.917560   1.000000
  1095.36540    0.941389   1.000000
  1095.37620    1.004212   1.000000
  1095.38640    0.961021   1.000000
  1095.39720    1.016397   1.000000
  1095.40800    0.932318   1.000000
  1095.41880    0.958990   1.000000
  1095.42960    0.996359   1.000000
  1095.43980    1.031832   1.000000
  1095.45060    0.991755   1.000000
  1095.46140    1.002451   1.000000
  1095.47220    1.018428   1.000000
  1095.48240    0.978081   1.000000
  1095.49320    1.025062   1.000000
  1095.50400    1.011387   1.000000
  1095.51480    0.957501   1.000000
  1095.52560    0.970228   1.000000
  1095.53580    1.024791   1.000000
  1095.54660    0.948294   1.000000
  1095.55740    1.009763   1.000000
  1095.56820    1.016803   1.000000
  1095.57840    1.002858   1.000000
  1095.58920    0.922028   1.000000
  1095.60000    0.918508   1.000000
  1095.61080    0.992162   1.000000
  1095.62160    1.036300   1.000000
  1095.63180    0.969551   1.000000
  1095.64260    1.060400   1.000000
  1095.65340    0.974696   1.000000
  1095.66420    0.946399   1.000000
  1095.67440    0.989183   1.000000
  1095.68520    1.065815   1.000000
  1095.69600    0.919455   1.000000
  1095.70680    0.924194   1.000000
  1095.71760    1.072720   1.000000
  1095.72780    1.043746   1.000000
  1095.73860    0.986881   1.000000
  1095.74940    0.895085   1.000000
  1095.76020    1.016803   1.000000
  1095.77040    0.963729   1.000000
  1095.78120    0.963594   1.000000
  1095.79200    1.001910   1.000000
  1095.80280    1.018699   1.000000
  1095.81360    1.023573   1.000000
  1095.82380    1.007461   1.000000
  1095.83460    0.982007   1.000000
  1095.84540    0.909842   1.000000
  1095.85620    1.062837   1.000000
  1095.86640    0.920539   1.000000
  1095.87720    0.861778   1.000000
  1095.88800    0.932724   1.000000
  1095.89880    1.091946   1.000000
  1095.90960    1.122545   1.000000
  1095.91980    1.050110   1.000000
  1095.93060    0.998390   1.000000
  1095.94140    0.994463   1.000000
  1095.95220    1.020594   1.000000
  1095.96240    1.098987   1.000000
  1095.97320    1.050516   1.000000
  1095.98400    0.994599   1.000000
  1095.99480    1.028447   1.000000
  1096.00560    1.046454   1.000000
  1096.01580    1.037112   1.000000
  1096.02660    1.036300   1.000000
  1096.03740    1.041174   1.000000
  1096.04820    1.000691   1.000000
  1096.05840    1.028041   1.000000
  1096.06920    0.976591   1.000000
  1096.08000    1.034540   1.000000
  1096.09080    1.011252   1.000000
  1096.10160    1.018969   1.000000
  1096.11180    1.028718   1.000000
  1096.12260    0.961563   1.000000
  1096.13340    1.006784   1.000000
  1096.14420    0.984579   1.000000
  1096.15440    0.990943   1.000000
  1096.16520    0.957365   1.000000
  1096.17600    0.988235   1.000000
  1096.18680    1.006107   1.000000
  1096.19760    1.079084   1.000000
  1096.20780    1.044423   1.000000
  1096.21860    0.981195   1.000000
  1096.22940    1.020865   1.000000
  1096.24020    1.030478   1.000000
  1096.25040    0.977674   1.000000
  1096.26120    0.979570   1.000000
  1096.27200    0.997442   1.000000
  1096.28280    0.937463   1.000000
  1096.29360    0.987558   1.000000
  1096.30380    1.056609   1.000000
  1096.31460    1.009356   1.000000
  1096.32540    0.991891   1.000000
  1096.33620    1.005972   1.000000
  1096.34640    0.959803   1.000000
  1096.35720    0.958178   1.000000
  1096.36800    0.966843   1.000000
  1096.37880    1.038466   1.000000
  1096.38960    0.970499   1.000000
  1096.39980    1.051599   1.000000
