   459.55467    0.991811   1.000000
   459.57184    0.999161   1.000000
   459.58916    0.989370   1.000000
   459.60650    0.987176   1.000000
   459.62366    0.996621   1.000000
   459.64083    0.987640   1.000000
   459.65817    0.991257   1.000000
   459.67533    0.988612   1.000000
   459.69267    0.995293   1.000000
   459.70983    1.004443   1.000000
   459.72717    1.001940   1.000000
   459.74434    1.006388   1.000000
   459.76166    1.000289   1.000000
   459.77884    1.001252   1.000000
   459.79616    1.004459   1.000000
   459.81350    0.998467   1.000000
   459.83066    1.002894   1.000000
   459.84783    1.008954   1.000000
   459.86499    1.006928   1.000000
   459.88250    1.000736   1.000000
   459.89967    0.993070   1.000000
   459.91683    0.999687   1.000000
   459.93400    1.003889   1.000000
   459.95134    1.004471   1.000000
   459.96867    1.002568   1.000000
   459.98584    0.994357   1.000000
   460.00316    0.988924   1.000000
   460.02033    1.002859   1.000000
   460.03766    0.997328   1.000000
   460.05483    0.989778   1.000000
   460.07217    0.996598   1.000000
   460.08933    1.007354   1.000000
   460.10667    0.992691   1.000000
   460.12401    0.997140   1.000000
   460.14117    0.994340   1.000000
   460.15834    1.003538   1.000000
   460.17567    0.996782   1.000000
   460.19284    0.998043   1.000000
   460.21016    1.004140   1.000000
   460.22733    1.005230   1.000000
   460.24466    0.998982   1.000000
   460.26200    0.996768   1.000000
   460.27917    0.994815   1.000000
   460.29633    0.998266   1.000000
   460.31350    1.009019   1.000000
   460.33101    1.003502   1.000000
   460.34817    0.996580   1.000000
   460.36534    0.992811   1.000000
   460.38267    0.995188   1.000000
   460.39984    0.998407   1.000000
   460.41716    1.001106   1.000000
   460.43433    0.998162   1.000000
   460.45166    0.996265   1.000000
   460.46883    0.993434   1.000000
   460.48617    0.995499   1.000000
   460.50333    0.997340   1.000000
   460.52067    0.999653   1.000000
   460.53783    1.002318   1.000000
   460.55517    1.002787   1.000000
   460.57249    0.999020   1.000000
   460.58967    1.008814   1.000000
   460.60684    0.997626   1.000000
   460.62416    0.998618   1.000000
   460.64150    1.005066   1.000000
   460.65866    0.996845   1.000000
   460.67583    0.991851   1.000000
   460.69317    0.996397   1.000000
   460.71050    0.993850   1.000000
   460.72767    0.993238   1.000000
   460.74483    1.002243   1.000000
   460.76200    0.987234   1.000000
   460.77949    0.999993   1.000000
   460.79667    0.994806   1.000000
   460.81384    0.988391   1.000000
   460.83116    0.993012   1.000000
   460.84833    0.990017   1.000000
   460.86566    1.001540   1.000000
   460.88283    0.996873   1.000000
   460.90017    0.996992   1.000000
   460.91733    1.000939   1.000000
   460.93467    0.995526   1.000000
   460.95183    0.989506   1.000000
   460.96917    1.000313   1.000000
   460.98634    0.998036   1.000000
   461.00367    0.997062   1.000000
   461.02084    1.003407   1.000000
   461.03816    0.998922   1.000000
   461.05533    0.993334   1.000000
   461.07266    1.002949   1.000000
   461.08983    0.993285   1.000000
   461.10717    0.996124   1.000000
   461.12433    0.995367   1.000000
   461.14167    1.002422   1.000000
   461.15883    1.004830   1.000000
   461.17617    0.995695   1.000000
   461.19334    1.007119   1.000000
   461.21050    1.007695   1.000000
   461.22784    1.003858   1.000000
   461.24516    0.998196   1.000000
   461.26233    0.998787   1.000000
   461.27951    1.003999   1.000000
   461.29683    0.995135   1.000000
   461.31417    0.997120   1.000000
   461.33133    1.004062   1.000000
   461.34850    0.999188   1.000000
   461.36583    0.995586   1.000000
   461.38317    1.000656   1.000000
   461.40034    0.996624   1.000000
   461.41767    1.003192   1.000000
   461.43484    0.995289   1.000000
   461.45216    0.991207   1.000000
   461.46934    0.991563   1.000000
   461.48666    1.001271   1.000000
   461.50383    0.998118   1.000000
   461.52117    1.007159   1.000000
   461.53833    0.996951   1.000000
   461.55567    0.992354   1.000000
   461.57283    1.001064   1.000000
   461.59000    1.005864   1.000000
   461.60749    0.999049   1.000000
   461.62466    0.997708   1.000000
   461.64184    0.997386   1.000000
   461.65900    0.993938   1.000000
   461.67650    1.001351   1.000000
   461.69366    0.998626   1.000000
   461.71083    0.996988   1.000000
   461.72799    1.003367   1.000000
   461.74533    0.995951   1.000000
   461.76267    1.000985   1.000000
   461.77983    0.995957   1.000000
   461.79717    1.000553   1.000000
   461.81434    0.993167   1.000000
   461.83167    0.991934   1.000000
   461.84900    0.999351   1.000000
   461.86616    1.002912   1.000000
   461.88333    0.993680   1.000000
   461.90066    0.993514   1.000000
   461.91800    0.999925   1.000000
   461.93517    1.001263   1.000000
   461.95233    0.997826   1.000000
   461.96967    0.997116   1.000000
   461.98701    1.002816   1.000000
   462.00417    1.007250   1.000000
   462.02134    1.001036   1.000000
   462.03867    1.002005   1.000000
   462.05600    1.003319   1.000000
   462.07316    0.999160   1.000000
   462.09050    0.993066   1.000000
   462.10766    0.993801   1.000000
   462.12500    1.002659   1.000000
   462.14217    0.998286   1.000000
   462.15950    0.999669   1.000000
   462.17667    0.998482   1.000000
   462.19383    1.000438   1.000000
   462.21117    1.000638   1.000000
   462.22849    0.996753   1.000000
   462.24567    0.992905   1.000000
   462.26284    0.993073   1.000000
   462.28016    0.995665   1.000000
   462.29750    1.001530   1.000000
   462.31466    1.000132   1.000000
   462.33183    0.997224   1.000000
   462.34934    0.994846   1.000000
   462.36650    1.001675   1.000000
   462.38383    0.999499   1.000000
   462.40116    1.000640   1.000000
   462.41833    1.006696   1.000000
   462.43549    1.005469   1.000000
   462.45283    0.999728   1.000000
   462.47017    1.006752   1.000000
   462.48733    1.007679   1.000000
   462.50450    1.008475   1.000000
   462.52184    1.002350   1.000000
   462.53916    1.011383   1.000000
   462.55634    1.006582   1.000000
   462.57350    1.007489   1.000000
   462.59083    1.010590   1.000000
   462.60816    1.019588   1.000000
   462.62533    1.006978   1.000000
   462.64249    1.004969   1.000000
   462.65983    1.005168   1.000000
   462.67717    1.002446   1.000000
   462.69433    1.000258   1.000000
   462.71150    1.005218   1.000000
   462.72866    1.008501   1.000000
   462.74616    1.010100   1.000000
   462.76334    0.998522   1.000000
   462.78050    0.998600   1.000000
   462.79783    1.004234   1.000000
   462.81501    1.001388   1.000000
   462.83233    1.010964   1.000000
   462.84949    1.007070   1.000000
   462.86683    1.005492   1.000000
   462.88400    1.006786   1.000000
   462.90133    1.002944   1.000000
   462.91850    1.000543   1.000000
   462.93584    1.011582   1.000000
   462.95300    1.014340   1.000000
   462.97034    1.007464   1.000000
   462.98766    0.999103   1.000000
   463.00483    1.010918   1.000000
   463.02201    0.998078   1.000000
   463.03933    1.017526   1.000000
   463.05667    1.001707   1.000000
   463.07383    1.000103   1.000000
   463.09100    0.993993   1.000000
   463.10833    1.002864   1.000000
   463.12567    1.007768   1.000000
   463.14284    0.994847   1.000000
   463.16000    1.011858   1.000000
   463.17734    1.002625   1.000000
   463.19466    1.004933   1.000000
   463.21183    1.005937   1.000000
   463.22901    0.985649   1.000000
   463.24633    1.000705   1.000000
   463.26349    1.005149   1.000000
   463.28083    1.002476   1.000000
   463.29817    1.007066   1.000000
   463.31533    1.004497   1.000000
   463.33250    1.001028   1.000000
   463.34984    1.000060   1.000000
   463.36716    1.005758   1.000000
   463.38434    0.993845   1.000000
   463.40150    1.009550   1.000000
   463.41883    1.007372   1.000000
   463.43616    1.001972   1.000000
   463.45333    0.993936   1.000000
   463.47049    1.005906   1.000000
   463.48783    0.999956   1.000000
   463.50517    1.003250   1.000000
   463.52233    1.004016   1.000000
   463.53967    0.998528   1.000000
   463.55684    1.015930   1.000000
   463.57416    1.003448   1.000000
   463.59134    1.007072   1.000000
   463.60866    0.996619   1.000000
   463.62583    1.002986   1.000000
   463.64316    0.992508   1.000000
   463.66050    1.011384   1.000000
   463.67767    1.004231   1.000000
   463.69483    1.007046   1.000000
   463.71200    1.004196   1.000000
   463.72949    1.001038   1.000000
   463.74667    1.001024   1.000000
   463.76384    0.992454   1.000000
   463.78100    1.005313   1.000000
   463.79834    1.013392   1.000000
   463.81566    1.007251   1.000000
   463.83283    0.999660   1.000000
   463.85016    1.013184   1.000000
   463.86733    1.007203   1.000000
   463.88467    1.011348   1.000000
   463.90183    1.011101   1.000000
   463.91917    1.019973   1.000000
   463.93633    1.012202   1.000000
   463.95367    1.008788   1.000000
   463.97084    1.005623   1.000000
   463.98816    1.009468   1.000000
   464.00534    1.015090   1.000000
   464.02266    0.995406   1.000000
   464.03983    1.002597   1.000000
   464.05717    1.001534   1.000000
   464.07433    1.007793   1.000000
   464.09167    1.000676   1.000000
   464.10900    0.999312   1.000000
   464.12617    1.006865   1.000000
   464.14333    1.009972   1.000000
   464.16067    0.997457   1.000000
   464.17800    1.008380   1.000000
   464.19516    0.988001   1.000000
   464.21234    1.015678   1.000000
   464.22966    1.011581   1.000000
   464.24683    0.999969   1.000000
   464.26416    1.008613   1.000000
   464.28150    1.007231   1.000000
   464.29867    1.001538   1.000000
   464.31583    1.006782   1.000000
   464.33317    0.998186   1.000000
   464.35051    1.014100   1.000000
   464.36767    0.999666   1.000000
   464.38484    0.998872   1.000000
   464.40216    1.001810   1.000000
   464.41950    1.007082   1.000000
   464.43666    1.006954   1.000000
   464.45383    1.006389   1.000000
   464.47116    1.009045   1.000000
   464.48850    0.997780   1.000000
   464.50567    1.004223   1.000000
   464.52283    1.009950   1.000000
   464.54017    1.012368   1.000000
   464.55751    1.018296   1.000000
   464.57467    1.001756   1.000000
   464.59199    0.994477   1.000000
   464.60916    1.005787   1.000000
   464.62650    0.999257   1.000000
   464.64366    1.002487   1.000000
   464.66100    1.000538   1.000000
   464.67816    1.015781   1.000000
   464.69533    1.002214   1.000000
   464.71284    1.001870   1.000000
   464.73016    1.008138   1.000000
   464.74733    1.001364   1.000000
   464.76467    0.998278   1.000000
   464.78183    1.001258   1.000000
   464.79917    1.004464   1.000000
   464.81633    1.002871   1.000000
   464.83367    1.005587   1.000000
   464.85084    1.008540   1.000000
   464.86800    1.005764   1.000000
   464.88550    1.007690   1.000000
   464.90266    1.001881   1.000000
   464.91984    0.998996   1.000000
   464.93716    0.999823   1.000000
   464.95450    1.001260   1.000000
   464.97184    1.005620   1.000000
   464.98900    0.989401   1.000000
   465.00617    0.999974   1.000000
   465.02351    0.998996   1.000000
   465.04083    1.011875   1.000000
   465.05799    1.007575   1.000000
   465.07517    0.995855   1.000000
   465.09250    1.008733   1.000000
   465.10983    0.999203   1.000000
   465.12717    1.006468   1.000000
   465.14434    0.999574   1.000000
   465.16150    0.999088   1.000000
   465.17867    0.996169   1.000000
   465.19616    1.007737   1.000000
   465.21333    1.001294   1.000000
   465.23051    1.009897   1.000000
   465.24767    1.004536   1.000000
   465.26499    1.003237   1.000000
   465.28233    0.996951   1.000000
   465.29950    1.011202   1.000000
   465.31666    1.000070   1.000000
   465.33400    0.993116   1.000000
   465.35134    0.999775   1.000000
   465.36850    1.009391   1.000000
   465.38584    1.010601   1.000000
   465.40300    1.006249   1.000000
   465.42033    0.993088   1.000000
   465.43751    1.000027   1.000000
   465.45483    0.997014   1.000000
   465.47199    0.989764   1.000000
   465.48933    1.000947   1.000000
   465.50650    1.001725   1.000000
   465.52383    0.986336   1.000000
   465.54100    1.006629   1.000000
   465.55834    0.994813   1.000000
   465.57550    1.007558   1.000000
   465.59284    0.994435   1.000000
   465.61000    0.994983   1.000000
   465.62717    1.004945   1.000000
   465.64466    0.989169   1.000000
   465.66183    0.998603   1.000000
   465.67899    0.997811   1.000000
   465.69633    0.990462   1.000000
   465.71350    0.994392   0.999785
   465.73083    0.983922   0.999467
   465.74800    0.996989   0.999086
   465.76534    1.007553   0.998628
   465.78250    1.002643   0.998159
   465.79984    0.995394   0.997577
   465.81700    0.993111   0.997072
   465.83433    0.990453   0.996415
   465.85151    0.981335   0.995722
   465.86883    0.997828   0.994995
   465.88599    0.980980   0.994207
   465.90333    0.989871   0.993395
   465.92050    0.984767   0.992624
   465.93783    0.982129   0.991756
   465.95517    0.976853   0.990890
   465.97234    0.987374   0.990038
   465.98950    0.987388   0.989068
   466.00667    0.977192   0.988113
   466.02416    0.982855   0.987050
   466.04133    0.979257   0.986041
   466.05851    0.976463   0.984999
   466.07567    0.974412   0.984012
   466.09317    0.972018   0.982943
   466.11033    0.971813   0.981816
   466.12750    0.974717   0.980661
   466.14466    0.965620   0.979512
   466.16200    0.976484   0.978321
   466.17934    0.972292   0.977172
   466.19650    0.971538   0.975964
   466.21384    0.974154   0.974810
   466.23100    0.974799   0.973501
   466.24833    0.969023   0.972248
   466.26551    0.966146   0.970971
   466.28283    0.958138   0.969644
   466.29999    0.964973   0.968441
   466.31733    0.961428   0.967077
   466.33467    0.968701   0.965757
   466.35183    0.971030   0.964378
   466.36917    0.958666   0.963007
   466.38634    0.956049   0.961605
   466.40367    0.952938   0.960307
   466.42084    0.960744   0.958933
   466.43816    0.945293   0.957490
   466.45533    0.953684   0.956052
   466.47266    0.953693   0.954616
   466.48983    0.953147   0.953255
   466.50717    0.950726   0.951777
   466.52433    0.941004   0.950354
   466.54167    0.940424   0.948863
   466.55883    0.940644   0.947403
   466.57617    0.949475   0.945919
   466.59334    0.933883   0.944511
   466.61050    0.938915   0.942934
   466.62800    0.928304   0.941421
   466.64516    0.926204   0.940040
   466.66233    0.935317   0.938463
   466.67966    0.936881   0.936933
   466.69683    0.925660   0.935432
   466.71417    0.925511   0.933912
   466.73133    0.926388   0.932425
   466.74867    0.934742   0.930943
   466.76583    0.919544   0.929365
   466.78317    0.908680   0.927828
   466.80049    0.916659   0.926298
   466.81767    0.919432   0.924783
   466.83484    0.922037   0.923222
   466.85216    0.926653   0.921740
   466.86950    0.924728   0.920121
   466.88666    0.913468   0.918674
   466.90383    0.918882   0.917124
   466.92117    0.908153   0.915605
   466.93850    0.909522   0.914058
   466.95567    0.904014   0.912549
   466.97283    0.904783   0.911056
   466.99017    0.905470   0.909464
   467.00749    0.904773   0.907917
   467.02467    0.903044   0.906489
   467.04184    0.894601   0.904982
   467.05900    0.914644   0.903468
   467.07650    0.900188   0.902009
   467.09366    0.887328   0.900483
   467.11083    0.888730   0.898993
   467.12817    0.886415   0.897555
   467.14533    0.896039   0.896063
   467.16267    0.892482   0.894495
   467.18001    0.887014   0.893068
   467.19717    0.886708   0.891563
   467.21434    0.888849   0.890128
   467.23167    0.883406   0.888703
   467.24900    0.885349   0.887247
   467.26616    0.886436   0.885830
   467.28333    0.880184   0.884407
   467.30066    0.874493   0.882946
   467.31800    0.877124   0.881612
   467.33517    0.883269   0.880221
   467.35250    0.873219   0.878880
   467.36967    0.875565   0.877459
   467.38701    0.876823   0.876134
   467.40417    0.870860   0.874834
   467.42149    0.872063   0.873464
   467.43867    0.876209   0.872239
   467.45600    0.869354   0.870856
   467.47316    0.870667   0.869651
   467.49050    0.863193   0.868288
   467.50766    0.865889   0.867080
   467.52500    0.870026   0.865798
   467.54217    0.868326   0.864592
   467.55950    0.859720   0.863295
   467.57667    0.870416   0.862188
   467.59383    0.864751   0.860945
   467.61133    0.861441   0.859769
   467.62849    0.856790   0.858639
   467.64566    0.859906   0.857534
   467.66284    0.855379   0.856405
   467.68016    0.853464   0.855360
   467.69750    0.854809   0.854195
   467.71466    0.848560   0.853183
   467.73200    0.846863   0.852075
   467.74917    0.856040   0.851044
   467.76650    0.850996   0.850051
   467.78367    0.844205   0.849000
   467.80101    0.851198   0.848153
   467.81817    0.853664   0.847089
   467.83549    0.843076   0.846277
   467.85283    0.844844   0.845304
   467.87000    0.850453   0.844398
   467.88716    0.843963   0.843484
   467.90450    0.851276   0.842681
   467.92184    0.845201   0.841827
   467.93900    0.844702   0.841054
   467.95617    0.843438   0.840290
   467.97333    0.843715   0.839499
   467.99083    0.838403   0.838747
   468.00801    0.839357   0.838045
   468.02517    0.839400   0.837363
   468.04234    0.836143   0.836722
   468.05983    0.844001   0.836084
   468.07700    0.841612   0.835427
   468.09416    0.841596   0.834820
   468.11150    0.834996   0.834220
   468.12866    0.835058   0.833715
   468.14600    0.837328   0.833178
   468.16317    0.828340   0.832656
   468.18050    0.832214   0.832177
   468.19767    0.845489   0.831769
   468.21501    0.836751   0.831292
   468.23233    0.848681   0.830878
   468.24949    0.836216   0.830587
   468.26667    0.825413   0.830168
   468.28400    0.830958   0.829853
   468.30133    0.845421   0.829575
   468.31850    0.830093   0.829251
   468.33566    0.842678   0.829016
   468.35300    0.833223   0.828786
   468.37034    0.830158   0.828590
   468.38750    0.830573   0.828435
   468.40467    0.834543   0.828324
   468.42201    0.830266   0.828186
   468.43933    0.831278   0.828031
   468.45649    0.832247   0.827979
   468.47383    0.836273   0.827917
   468.49100    0.830155   0.827897
   468.50833    0.831960   0.827948
   468.52550    0.837160   0.827974
   468.54284    0.837730   0.828031
   468.56000    0.838257   0.828153
   468.57717    0.840020   0.828222
   468.59450    0.830367   0.828350
   468.61183    0.842605   0.828576
   468.62901    0.832277   0.828737
   468.64617    0.832341   0.828928
   468.66349    0.831597   0.829167
   468.68083    0.836264   0.829453
   468.69800    0.844994   0.829747
   468.71533    0.829453   0.830084
   468.73250    0.843460   0.830397
   468.74984    0.842711   0.830798
   468.76700    0.841968   0.831187
   468.78434    0.833669   0.831607
   468.80150    0.834100   0.832034
   468.81883    0.844643   0.832496
   468.83616    0.833625   0.832980
   468.85333    0.832347   0.833520
   468.87049    0.831741   0.834048
   468.88783    0.840970   0.834636
   468.90517    0.846541   0.835238
   468.92233    0.846103   0.835835
   468.93950    0.837916   0.836458
   468.95666    0.838577   0.837112
   468.97416    0.842172   0.837832
   468.99134    0.845507   0.838549
   469.00850    0.843583   0.839259
   469.02567    0.848767   0.839953
   469.04316    0.853467   0.840758
   469.06033    0.840325   0.841590
   469.07749    0.842375   0.842342
   469.09483    0.848564   0.843145
   469.11200    0.841950   0.844089
   469.13583    0.819327   0.845253
   469.15299    0.842849   0.846121
   469.17033    0.843554   0.847160
   469.18767    0.857338   0.848022
   469.20483    0.852874   0.848977
   469.22217    0.849510   0.850037
   469.23934    0.853130   0.851014
   469.25667    0.848362   0.851987
   469.27384    0.858252   0.853063
   469.29116    0.852330   0.854063
   469.30833    0.862978   0.855143
   469.32566    0.854952   0.856252
   469.34283    0.857722   0.857298
   469.36017    0.863276   0.858507
   469.37733    0.850278   0.859623
   469.39467    0.865701   0.860807
   469.41201    0.871096   0.861900
   469.42917    0.863035   0.863076
   469.44634    0.870861   0.864306
   469.46350    0.867907   0.865434
   469.48100    0.861785   0.866813
   469.49816    0.875014   0.867942
   469.51533    0.867030   0.869237
   469.53266    0.865067   0.870541
   469.54983    0.865446   0.871751
   469.56717    0.877144   0.873123
   469.58450    0.882964   0.874366
   469.60167    0.876655   0.875606
   469.61883    0.893193   0.876976
   469.63617    0.880092   0.878278
   469.65349    0.871942   0.879637
   469.67067    0.880701   0.880999
   469.68784    0.882515   0.882384
   469.70516    0.881647   0.883688
   469.72250    0.873429   0.885140
   469.73966    0.882587   0.886518
   469.75683    0.882370   0.887908
   469.77417    0.891253   0.889279
   469.79150    0.890232   0.890730
   469.80867    0.889155   0.892198
   469.82583    0.898259   0.893572
   469.84317    0.882746   0.895049
   469.86049    0.898444   0.896406
   469.87767    0.900563   0.897885
   469.89517    0.897694   0.899347
   469.91233    0.907310   0.900742
   469.92967    0.899305   0.902224
   469.94684    0.900833   0.903631
   469.96416    0.909260   0.905083
   469.98150    0.906295   0.906570
   469.99866    0.904550   0.908061
   470.01583    0.901838   0.909587
   470.03316    0.898849   0.910972
   470.05050    0.910368   0.912462
   470.06767    0.907816   0.913975
   470.08483    0.911523   0.915376
   470.10217    0.916700   0.916846
   470.11949    0.916470   0.918399
   470.13667    0.918330   0.919809
   470.15384    0.912648   0.921262
   470.17116    0.917578   0.922795
   470.18850    0.925551   0.924261
   470.20566    0.926803   0.925730
   470.22283    0.922947   0.927171
   470.24016    0.921688   0.928619
   470.25750    0.928418   0.930116
   470.27467    0.931194   0.931568
   470.29183    0.920875   0.933004
   470.30917    0.937267   0.934392
   470.32651    0.934316   0.935903
   470.34367    0.936311   0.937385
   470.36100    0.941593   0.938709
   470.37816    0.928849   0.940189
   470.39534    0.938148   0.941631
   470.41266    0.937215   0.943031
   470.43000    0.943507   0.944381
   470.44716    0.937396   0.945820
   470.46433    0.946429   0.947216
   470.48167    0.941659   0.948647
   470.49901    0.947377   0.949972
   470.51617    0.949940   0.951276
   470.53333    0.940453   0.952698
   470.55067    0.948646   0.954108
   470.56800    0.952777   0.955330
   470.58516    0.942955   0.956674
   470.60234    0.949488   0.958014
   470.61966    0.944142   0.959368
   470.63700    0.949973   0.960654
   470.65416    0.954521   0.961860
   470.67150    0.966128   0.963126
   470.68867    0.949340   0.964439
   470.70600    0.952186   0.965693
   470.72317    0.947671   0.966877
   470.74049    0.962844   0.968090
   470.75767    0.961009   0.969278
   470.77499    0.966027   0.970523
   470.79216    0.960449   0.971693
   470.80950    0.963633   0.972824
   470.82666    0.975219   0.973915
   470.84383    0.963287   0.975064
   470.86116    0.963944   0.976226
   470.87850    0.971450   0.977364
   470.89567    0.969350   0.978380
   470.91283    0.964048   0.979418
   470.93017    0.972373   0.980441
   470.94749    0.970560   0.981484
   470.96467    0.976049   0.982500
   470.98184    0.970045   0.983452
   470.99916    0.973482   0.984425
   471.01650    0.969647   0.985316
   471.03366    0.978085   0.986255
   471.05100    0.987477   0.987136
   471.06817    0.984273   0.988042
   471.08550    0.983968   0.988861
   471.10284    0.984631   0.989762
   471.12000    0.979016   0.990462
   471.13733    0.988669   0.991259
   471.15451    0.984226   0.992011
   471.17183    0.981121   0.992712
   471.18900    0.982263   0.993452
   471.20633    0.993571   0.994150
   471.22350    0.985075   0.994789
   471.24083    0.984962   0.995365
   471.25800    0.991395   0.995918
   471.27516    0.982797   0.996499
   471.29250    0.985776   0.997009
   471.30984    1.000642   0.997507
   471.32700    0.996419   0.997965
   471.34433    0.997857   0.998383
   471.36151    0.993081   0.998748
   471.37867    0.983137   0.999055
   471.39600    1.000025   0.999337
   471.41333    0.992129   0.999587
   471.43050    0.988776   0.999782
   471.44766    0.990790   0.999921
   471.46500    0.987173   1.000000
   471.48234    0.987848   1.000000
   471.49950    0.991208   1.000000
   471.51667    0.984123   1.000000
   471.53401    0.998719   1.000000
   471.55133    0.998221   1.000000
   471.56851    0.991807   1.000000
   471.58583    0.992526   1.000000
   471.60299    0.995386   1.000000
   471.62033    0.997609   1.000000
   471.63750    0.994819   1.000000
   471.65484    0.983110   1.000000
   471.67200    0.985674   1.000000
   471.68934    0.994300   1.000000
   471.70650    1.005304   1.000000
   471.72384    0.996018   1.000000
   471.74100    0.995339   1.000000
   471.75833    0.992521   1.000000
   471.77567    0.992621   1.000000
   471.79283    0.986435   1.000000
   471.81017    1.001808   1.000000
   471.82733    0.992370   1.000000
   471.84467    0.992502   1.000000
   471.86199    0.990855   1.000000
   471.87917    0.982577   1.000000
   471.89634    0.989928   1.000000
   471.91350    0.986883   1.000000
   471.93100    0.993082   1.000000
   471.94816    0.995532   1.000000
   471.96533    1.000169   1.000000
   471.98267    0.994363   1.000000
   471.99983    0.993228   1.000000
   472.01733    0.994252   1.000000
   472.03451    1.000679   1.000000
   472.05167    0.999621   1.000000
   472.06883    0.996632   1.000000
   472.08617    0.993336   1.000000
   472.10350    0.977339   1.000000
   472.12066    0.990735   1.000000
   472.13800    0.997386   1.000000
   472.15516    0.995851   1.000000
   472.17250    0.994851   1.000000
   472.18967    0.987892   1.000000
   472.20700    0.990223   1.000000
   472.22417    0.992011   1.000000
   472.24151    0.995024   1.000000
   472.25984    0.990035   1.000000
   472.27700    0.998751   1.000000
   472.29417    0.994126   1.000000
   472.31150    0.997304   1.000000
   472.32867    0.992276   1.000000
   472.34601    1.003485   1.000000
   472.36333    0.988363   1.000000
   472.38049    0.998884   1.000000
   472.39766    0.992979   1.000000
   472.41500    0.995351   1.000000
   472.43233    0.996066   1.000000
   472.44950    0.994667   1.000000
   472.46684    0.998393   1.000000
   472.48400    0.994661   1.000000
   472.50134    0.994768   1.000000
   472.51866    0.993334   1.000000
   472.53583    1.000227   1.000000
   472.55301    0.994705   1.000000
   472.57033    1.003071   1.000000
   472.58767    0.989618   1.000000
   472.60483    0.987315   1.000000
   472.62200    0.999380   1.000000
   472.63933    0.994973   1.000000
   472.65667    0.990911   1.000000
   472.67384    1.001313   1.000000
   472.69116    0.994123   1.000000
   472.70834    0.989011   1.000000
   472.72566    0.997593   1.000000
   472.74283    0.996848   1.000000
   472.76016    0.988776   1.000000
   472.77733    0.990891   1.000000
   472.79467    0.997511   1.000000
   472.81183    0.991509   1.000000
   472.82917    0.998341   1.000000
   472.84633    0.990432   1.000000
   472.86350    0.993539   1.000000
   472.88100    0.988334   1.000000
   472.89816    0.997755   1.000000
   472.91534    0.998803   1.000000
   472.93266    0.999889   1.000000
   472.94983    0.996123   1.000000
   472.96717    0.996599   1.000000
   472.98433    0.994746   1.000000
   473.00167    0.996115   1.000000
   473.01883    0.992150   1.000000
   473.03617    1.002420   1.000000
   473.05333    1.002804   1.000000
   473.07067    0.997843   1.000000
   473.08784    0.989932   1.000000
   473.10516    1.000466   1.000000
   473.12250    0.993468   1.000000
   473.13966    0.996147   1.000000
   473.15683    0.994813   1.000000
   473.17416    0.992731   1.000000
   473.19150    0.994599   1.000000
   473.20867    0.994066   1.000000
   473.22583    0.990385   1.000000
   473.24317    0.988967   1.000000
   473.26051    0.994242   1.000000
   473.27767    0.998789   1.000000
   473.29484    0.997966   1.000000
   473.31216    0.995540   1.000000
   473.32950    0.990220   1.000000
   473.34666    1.005444   1.000000
   473.36400    0.995724   1.000000
   473.38116    0.994858   1.000000
   473.39833    0.992086   1.000000
   473.41567    1.001273   1.000000
   473.43301    1.005153   1.000000
   473.45017    0.999525   1.000000
   473.46733    0.992969   1.000000
   473.48467    0.994568   1.000000
   473.50200    0.989181   1.000000
   473.51916    0.997363   1.000000
   473.53634    0.993330   1.000000
   473.55366    0.995398   1.000000
   473.57100    0.992983   1.000000
   473.58816    0.996682   1.000000
   473.60550    1.004188   1.000000
   473.62267    0.996336   1.000000
   473.64000    1.000695   1.000000
   473.65733    1.000900   1.000000
   473.67449    0.991584   1.000000
   473.69167    0.995745   1.000000
   473.70899    0.991190   1.000000
   473.72633    0.998972   1.000000
   473.74350    0.994092   1.000000
   473.76066    0.994237   1.000000
   473.77800    0.990293   1.000000
   473.79534    0.990860   1.000000
   473.81250    0.991991   1.000000
   473.82967    0.997217   1.000000
   473.84700    0.995069   1.000000
   473.86433    1.002835   1.000000
   473.88149    0.996445   1.000000
   473.89883    0.996102   1.000000
   473.91600    0.988228   1.000000
   473.93316    0.986790   1.000000
   473.95067    0.989004   1.000000
   473.96784    0.988509   1.000000
   473.98500    0.986559   1.000000
   474.00234    0.993533   1.000000
   474.01950    0.995786   1.000000
   474.03684    0.994235   1.000000
   474.05400    1.000027   1.000000
   474.07133    0.996419   1.000000
   474.08851    0.995734   1.000000
   474.10583    0.990846   1.000000
   474.12317    0.997911   1.000000
   474.14033    0.992159   1.000000
   474.15750    0.992057   1.000000
   474.17484    1.000944   1.000000
   474.19217    0.995527   1.000000
   474.20934    0.983219   1.000000
   474.22650    0.999568   1.000000
   474.24384    0.996927   1.000000
   474.26116    0.989046   1.000000
   474.27833    0.998721   1.000000
   474.29567    1.000192   1.000000
   474.31283    1.007807   1.000000
   474.33017    1.001965   1.000000
   474.34751    1.002786   1.000000
   474.36467    1.009051   1.000000
   474.38184    1.003871   1.000000
   474.39917    1.018185   1.000000
   474.41650    0.998969   1.000000
   474.43366    1.005204   1.000000
   474.45084    0.997484   1.000000
   474.46800    0.994186   1.000000
   474.48550    0.997137   1.000000
   474.50267    1.005364   1.000000
   474.51983    1.002412   1.000000
   474.53717    1.008385   1.000000
   474.55451    1.013310   1.000000
   474.57167    1.008227   1.000000
   474.58899    1.005016   1.000000
   474.60617    1.006580   1.000000
   474.62334    1.011026   1.000000
   474.64066    1.005186   1.000000
   474.65800    0.997252   1.000000
   474.67516    1.001319   1.000000
   474.69233    1.004654   1.000000
   474.70967    1.004987   1.000000
   474.72700    1.003519   1.000000
   474.74417    1.003655   1.000000
   474.76133    1.005938   1.000000
   474.77867    1.003172   1.000000
   474.79599    1.000979   1.000000
   474.81317    1.005378   1.000000
   474.83034    1.002375   1.000000
   474.84766    1.009558   1.000000
   474.86500    1.001031   1.000000
   474.88216    1.002149   1.000000
   474.89933    1.004915   1.000000
   474.91667    1.006689   1.000000
   474.93400    0.995707   1.000000
   474.95117    1.007750   1.000000
   474.96833    0.999877   1.000000
   474.98567    1.010666   1.000000
   475.00283    1.000537   1.000000
   475.02017    1.009144   1.000000
   475.03734    1.008976   1.000000
   475.05466    1.006079   1.000000
   475.07217    1.006644   1.000000
   475.08934    1.002494   1.000000
   475.10667    1.001532   1.000000
   475.12400    1.001648   1.000000
   475.14116    0.997299   1.000000
   475.15833    1.001012   1.000000
   475.17566    1.007979   1.000000
   475.19300    1.007462   1.000000
   475.21017    1.005652   1.000000
   475.22733    1.006162   1.000000
   475.24467    0.999591   1.000000
   475.26201    1.004745   1.000000
   475.27917    1.002590   1.000000
   475.29634    1.013310   1.000000
   475.31350    1.003213   1.000000
   475.33100    1.001900   1.000000
   475.34816    1.010050   1.000000
   475.36533    1.007833   1.000000
   475.38266    1.001063   1.000000
   475.39983    1.003187   1.000000
   475.41717    1.006797   1.000000
   475.43433    1.009541   1.000000
   475.45167    1.010351   1.000000
   475.46883    1.003185   1.000000
   475.48617    0.998634   1.000000
   475.50334    1.004201   1.000000
   475.52067    1.004866   1.000000
   475.53784    1.010709   1.000000
   475.55516    1.001764   1.000000
   475.57234    1.002244   1.000000
   475.58966    0.999230   1.000000
   475.60683    1.003258   1.000000
   475.62417    1.005907   1.000000
   475.64150    0.996240   1.000000
   475.65867    0.999470   1.000000
   475.67583    1.009064   1.000000
   475.69317    0.998819   1.000000
   475.71034    1.006996   1.000000
   475.72766    1.002756   1.000000
   475.74484    1.008360   1.000000
   475.76200    0.992237   1.000000
   475.77950    1.011059   1.000000
   475.79666    1.010915   1.000000
   475.81383    1.006223   1.000000
   475.83099    1.004748   1.000000
   475.84833    0.999360   1.000000
   475.86567    1.005420   1.000000
   475.88283    0.992371   1.000000
   475.90017    1.002362   1.000000
   475.91734    1.007816   1.000000
   475.93467    1.003141   1.000000
   475.95184    1.007206   1.000000
   475.96900    1.004221   1.000000
   475.98633    1.003504   1.000000
   476.00366    1.007353   1.000000
   476.02100    1.007246   1.000000
   476.03817    0.997972   1.000000
   476.05533    1.006468   1.000000
   476.07267    0.997694   1.000000
   476.09001    0.999536   1.000000
   476.10717    1.004241   1.000000
   476.12434    1.003390   1.000000
   476.14167    1.003408   1.000000
   476.15900    1.001442   1.000000
   476.17616    1.007239   1.000000
   476.19333    1.005355   1.000000
   476.21051    1.006885   1.000000
   476.22800    0.997141   1.000000
   476.24517    1.008360   1.000000
   476.26233    0.996869   1.000000
   476.27967    1.001606   1.000000
   476.29683    1.001775   1.000000
   476.31417    0.996155   1.000000
   476.33134    0.998666   1.000000
   476.34867    1.000413   1.000000
   476.36584    1.003491   1.000000
   476.38316    0.996392   1.000000
   476.40033    1.007933   1.000000
   476.41766    1.001633   1.000000
   476.43483    1.009198   1.000000
   476.45217    1.003789   1.000000
   476.46933    1.006165   1.000000
   476.48667    0.998726   1.000000
   476.50383    1.003842   1.000000
   476.52117    1.004904   1.000000
   476.53834    1.011763   1.000000
   476.55566    0.999304   1.000000
   476.57284    1.006427   1.000000
   476.59016    1.005368   1.000000
   476.60750    1.007506   1.000000
   476.62466    1.010087   1.000000
   476.64183    1.009940   1.000000
   476.65899    1.000927   1.000000
   476.67650    0.998622   1.000000
   476.69367    0.997384   1.000000
   476.71083    1.001271   1.000000
   476.72800    1.009912   1.000000
   476.74534    1.009775   1.000000
   476.76267    1.000723   1.000000
   476.77984    1.001842   1.000000
   476.79716    1.003498   1.000000
   476.81433    0.995500   1.000000
   476.83166    1.005990   1.000000
   476.84883    1.004265   1.000000
   476.86617    1.000260   1.000000
   476.88333    1.007172   1.000000
   476.90067    0.997549   1.000000
   476.91801    0.997032   1.000000
   476.93517    1.007114   1.000000
   476.95234    1.002940   1.000000
   476.96950    0.998015   1.000000
   476.98700    1.005868   1.000000
   477.00416    0.995788   1.000000
   477.02133    1.004910   1.000000
   477.03851    1.003599   1.000000
   477.05600    1.011396   1.000000
   477.07317    1.010109   1.000000
   477.09033    1.010371   1.000000
   477.10767    1.001891   1.000000
   477.12501    1.015442   1.000000
   477.14217    1.007462   1.000000
   477.15934    1.005609   1.000000
   477.17667    1.003711   1.000000
   477.19384    1.006272   1.000000
   477.21116    1.006535   1.000000
   477.22833    1.001553   1.000000
   477.24566    0.998977   1.000000
   477.26283    1.008705   1.000000
   477.28017    0.998380   1.000000
   477.29750    1.018825   1.000000
   477.31467    1.002406   1.000000
   477.33183    1.001653   1.000000
   477.34917    1.001693   1.000000
   477.36649    1.000891   1.000000
   477.38367    0.999826   1.000000
   477.40084    1.006296   1.000000
   477.41816    1.010603   1.000000
   477.43550    0.995094   1.000000
   477.45266    1.005541   1.000000
   477.46983    1.000246   1.000000
   477.48717    1.002386   1.000000
   477.50450    1.004789   1.000000
   477.52183    1.009095   1.000000
   477.53901    1.003938   1.000000
   477.55617    1.008410   1.000000
   477.57334    1.005084   1.000000
   477.59083    1.001639   1.000000
   477.60817    1.009712   1.000000
   477.62533    1.002289   1.000000
   477.64250    0.996786   1.000000
   477.65984    0.998651   1.000000
   477.67716    1.005187   1.000000
   477.69434    1.013008   1.000000
   477.71150    0.999309   1.000000
   477.72867    1.008024   1.000000
   477.74616    1.011691   1.000000
   477.76333    1.004816   1.000000
   477.78049    1.001003   1.000000
   477.79783    1.002712   1.000000
   477.81500    0.998073   1.000000
   477.83233    1.006416   1.000000
   477.84967    1.002211   1.000000
   477.86684    1.002603   1.000000
   477.88400    0.998455   1.000000
   477.90134    0.997798   1.000000
   477.91866    0.999243   1.000000
   477.93583    1.004979   1.000000
   477.95301    1.004622   1.000000
   477.97033    1.001620   1.000000
   477.98767    0.999354   1.000000
   478.00483    1.003841   1.000000
   478.02200    0.998418   1.000000
   478.03933    1.002424   1.000000
   478.05667    0.999806   1.000000
   478.07384    1.010743   1.000000
   478.09116    0.997329   1.000000
   478.10834    1.003790   1.000000
   478.12566    1.000324   1.000000
   478.14283    1.006249   1.000000
   478.16001    0.993146   1.000000
   478.17733    0.999985   1.000000
   478.19467    1.004286   1.000000
   478.21183    0.994771   1.000000
   478.22900    1.005550   1.000000
   478.24633    1.010452   1.000000
   478.26350    1.011318   1.000000
   478.28084    1.009992   1.000000
   478.29816    1.002490   1.000000
   478.31534    1.003803   1.000000
   478.33250    1.008113   1.000000
   478.34983    0.996820   1.000000
   478.36716    0.996418   1.000000
   478.38433    1.004484   1.000000
   478.40149    1.012666   1.000000
   478.41883    1.004197   1.000000
   478.43617    1.004321   1.000000
   478.45333    1.007545   1.000000
   478.47050    1.002738   1.000000
   478.48784    1.004351   1.000000
   478.50516    0.997388   1.000000
   478.52234    1.000915   1.000000
   478.53950    1.001025   1.000000
   478.55683    1.001146   1.000000
   478.57416    1.007012   1.000000
   478.59133    0.992385   1.000000
   478.60849    0.996667   1.000000
   478.62583    1.007581   1.000000
   478.64317    1.001565   1.000000
   478.66033    0.995172   1.000000
   478.67767    1.000296   1.000000
   478.69484    1.005882   1.000000
   478.71200    1.009647   1.000000
   478.72934    1.005199   1.000000
   478.74666    1.004345   1.000000
   478.76383    1.002601   1.000000
   478.78101    1.002304   1.000000
   478.79833    0.998678   1.000000
   478.81567    1.003476   1.000000
   478.83283    1.001449   1.000000
   478.85000    1.001008   1.000000
   478.86733    1.006204   1.000000
   478.88467    1.012249   1.000000
   478.90184    1.003144   1.000000
   478.91900    1.004735   1.000000
   478.93634    1.006775   1.000000
   478.95366    1.007173   1.000000
   478.97083    1.007379   1.000000
   478.98801    0.997576   1.000000
   479.00533    1.005961   1.000000
   479.02267    1.000600   1.000000
   479.03983    1.002730   1.000000
   479.05700    0.996135   1.000000
   479.07433    1.009512   1.000000
   479.09167    1.001782   1.000000
   479.10884    1.002753   1.000000
   479.12600    0.995713   1.000000
   479.14334    1.003553   1.000000
   479.16050    1.000619   1.000000
   479.17783    1.003076   1.000000
   479.19516    1.003227   1.000000
   479.21233    0.998883   1.000000
   479.22949    1.003145   1.000000
   479.24683    0.994630   1.000000
   479.26417    0.998808   1.000000
   479.28133    1.006430   1.000000
   479.29850    0.998777   1.000000
   479.31584    1.000456   1.000000
   479.33316    1.001308   1.000000
   479.35034    0.987270   1.000000
   479.36750    1.004087   1.000000
   479.38483    1.006112   1.000000
   479.40216    1.007024   1.000000
   479.41933    1.001232   1.000000
   479.43667    1.008595   1.000000
   479.45383    1.000890   1.000000
   479.47117    1.003562   1.000000
   479.48833    1.010074   1.000000
   479.50567    0.991771   1.000000
   479.52284    1.006545   1.000000
   479.54000    1.009118   1.000000
   479.55734    0.996642   1.000000
   479.57466    0.992883   1.000000
   479.59183    1.004299   1.000000
   479.60901    0.998288   1.000000
   479.62650    0.996965   1.000000
   479.64367    1.009665   1.000000
   479.66083    0.998356   1.000000
   479.67800    0.998073   1.000000
   479.69533    1.005693   1.000000
   479.71267    1.010207   1.000000
   479.73017    1.007769   1.000000
   479.74733    1.002892   1.000000
   479.76467    0.998705   1.000000
   479.78184    1.001010   1.000000
   479.79917    1.015758   1.000000
   479.81650    1.006509   1.000000
   479.83366    1.001850   1.000000
   479.85084    1.004153   1.000000
   479.86800    1.001232   1.000000
   479.88550    1.002937   1.000000
   479.90267    1.006024   1.000000
   479.91983    1.007723   1.000000
   479.93700    1.000840   1.000000
   479.95451    0.993573   1.000000
   479.97167    0.994350   1.000000
   479.98884    0.992475   1.000000
   480.00600    1.005274   1.000000
   480.02334    1.003711   1.000000
   480.04066    0.999647   1.000000
   480.05784    0.995451   1.000000
   480.07500    1.005555   1.000000
   480.09233    0.999070   1.000000
   480.10967    1.004077   1.000000
   480.12683    0.995591   1.000000
   480.14417    1.000080   1.000000
   480.16133    1.007096   1.000000
   480.17867    0.998849   1.000000
   480.19599    1.003065   1.000000
   480.21317    0.987463   1.000000
   480.23034    1.005759   1.000000
   480.24783    1.003578   1.000000
