     1.65989    0.965057   1.000000
     1.70986    1.104976   1.000000
     1.77653    1.365692   1.000000
     1.82650    0.904801   1.000000
     1.89317    1.105994   1.000000
     1.94314    0.956209   1.000000
     2.00981    0.998511   1.000000
     2.05992    1.194959   1.000000
     2.12659    1.009608   1.000000
     2.17656    0.982094   1.000000
     2.24323    0.847526   1.000000
     2.30990    1.153859   1.000000
     2.35987    0.921622   1.000000
     2.42654    0.915699   1.000000
     2.47651    0.905634   1.000000
     2.54318    0.899814   1.000000
     2.59315    1.080819   1.000000
     2.65982    0.908977   1.000000
     2.70994    0.993008   1.000000
     2.77646    1.090820   1.000000
     2.82658    1.012402   1.000000
     2.89325    1.136980   1.000000
     2.95992    1.052332   1.000000
     3.00989    1.020829   1.000000
     3.07656    1.052332   1.000000
     3.12653    0.916543   1.000000
     3.19320    1.086808   1.000000
     3.25987    0.984811   1.000000
     3.30984    1.073873   1.000000
     3.37651    0.996673   1.000000
     3.42648    0.914014   1.000000
     3.49315    0.951816   1.000000
     3.54326    0.852222   1.000000
     3.60994    0.935304   1.000000
     3.65990    0.770110   1.000000
     3.72658    0.818376   1.000000
     3.77654    1.103959   1.000000
     3.84322    0.880142   1.000000
     3.90989    0.951816   1.000000
     3.95986    0.951816   1.000000
     4.02653    1.132799   1.000000
     4.07650    1.081815   1.000000
     4.14317    1.076844   1.000000
     4.19314    1.056216   1.000000
     4.25981    0.995756   1.000000
     4.30992    1.200474   1.000000
     4.37659    0.911492   1.000000
     4.44326    1.039807   1.000000
     4.49323    1.070910   1.000000
     4.55990    1.169911   1.000000
     4.60987    0.936166   1.000000
     4.67654    0.964168   1.000000
     4.72651    0.914856   1.000000
     4.79318    0.974884   1.000000
     4.84315    1.058164   1.000000
     4.90982    1.009608   1.000000
     4.95994    1.103959   1.000000
     5.02646    0.992094   1.000000
     5.07658    0.982999   1.000000
     5.14325    0.944828   1.000000
     5.19322    1.045570   1.000000
     5.25989    0.850654   1.000000
     5.30986    1.014268   1.000000
     5.37653    0.908140   1.000000
     5.42650    1.007750   1.000000
     5.49317    1.104976   1.000000
     5.54314    0.945699   1.000000
     5.60981    0.979384   1.000000
     5.65992    1.051364   1.000000
     5.72659    0.942221   1.000000
     5.77656    1.002197   1.000000
     5.84323    1.006822   1.000000
     5.89320    1.110076   1.000000
     5.95987    1.266348   1.000000
     6.00984    1.103959   1.000000
     6.07651    0.999431   1.000000
     6.12648    0.993923   1.000000
     6.19315    0.957972   1.000000
     6.24326    1.030274   1.000000
     6.30994    0.996673   1.000000
     6.35990    1.073873   1.000000
     6.42658    1.018012   1.000000
     6.47654    1.034077   1.000000
     6.54322    0.940487   1.000000
     6.59318    1.041725   1.000000
     6.65986    1.052332   1.000000
     6.72653    1.339531   1.000000
     6.77650    1.040766   1.000000
     6.84317    1.030274   1.000000
     6.90984    0.931865   1.000000
     6.97651    0.948316   1.000000
     7.02648    1.033125   1.000000
     7.10986    0.977581   1.000000
     7.17653    1.115200   1.000000
     7.24320    1.004970   1.000000
     7.29317    0.933583   1.000000
     7.35984    0.980286   1.000000
     7.40981    1.002197   1.000000
     7.47648    1.048463   1.000000
     7.52659    0.989357   1.000000
     7.59326    0.844409   1.000000
     7.64323    0.931865   1.000000
     7.70990    0.994839   1.000000
     7.75987    1.114174   1.000000
     7.82654    1.055244   1.000000
     7.87651    1.099899   1.000000
     7.94318    1.030274   1.000000
     7.99315    0.899814   1.000000
     8.05982    1.054273   1.000000
     8.10994    1.028378   1.000000
     8.17646    0.985719   1.000000
     8.22658    0.898158   1.000000
     8.29325    0.941354   1.000000
     8.34322    1.046533   1.000000
     8.40989    0.982999   1.000000
     8.45986    0.933583   1.000000
     8.52653    1.242090   1.000000
     8.57650    0.986627   1.000000
     8.64317    0.888286   1.000000
     8.69314    1.012402   1.000000
     8.75981    0.925024   1.000000
     8.80992    0.926729   1.000000
     8.87659    0.848307   1.000000
     8.94326    1.089815   1.000000
     8.99323    0.945699   1.000000
     9.05990    0.948316   1.000000
     9.10987    1.035984   1.000000
     9.17654    1.019889   1.000000
     9.22651    0.889924   1.000000
     9.29318    0.905634   1.000000
     9.34315    0.885835   1.000000
     9.40982    0.955329   1.000000
     9.45994    0.960623   1.000000
     9.52646    1.077837   1.000000
     9.57658    0.939621   1.000000
     9.64325    0.921622   1.000000
     9.69322    1.018012   1.000000
     9.75989    0.967727   1.000000
     9.80986    1.038850   1.000000
     9.87653    0.835897   1.000000
     9.92650    0.888286   1.000000
     9.99317    1.026486   1.000000
    10.04314    0.970405   1.000000
    10.09325    0.921622   1.000000
    10.15992    0.888286   1.000000
    10.20989    1.152797   1.000000
    10.27656    1.051364   1.000000
    10.32653    1.022711   1.000000
    10.39320    1.037894   1.000000
    10.44317    0.914014   1.000000
    10.50984    0.988446   1.000000
    10.57651    0.874486   1.000000
    10.62648    1.123448   1.000000
    10.67659    0.942221   1.000000
    10.74326    0.898986   1.000000
    10.80994    1.004970   1.000000
    10.85990    1.079824   1.000000
    10.90987    1.090820   1.000000
    10.97654    1.125519   1.000000
    11.02651    0.999431   1.000000
    11.09318    1.175311   1.000000
    11.14315    1.255894   1.000000
    11.20982    1.050396   1.000000
    11.25994    1.086808   0.999994
    11.32646    1.103959   0.999957
    11.37658    1.069924   0.999884
    11.44325    0.980286   0.999692
    11.49322    0.968619   0.999450
    11.55989    0.945699   0.998957
    11.62656    1.001274   0.998224
    11.67653    0.908140   0.997487
    11.74320    1.034077   0.996215
    11.79317    0.980286   0.995020
    11.85984    1.029326   0.993069
    11.90981    0.943089   0.991316
    11.95992    0.965057   0.989291
    12.02659    0.942221   0.986156
    12.07656    0.987536   0.983461
    12.14323    1.082812   0.979383
    12.20990    0.971299   0.974735
    12.25987    0.867267   0.970870
    12.30984    0.908140   0.966674
    12.37651    0.897331   0.960554
    12.44318    0.900643   0.953843
    12.49315    0.876098   0.948431
    12.55982    0.898986   0.940710
    12.60994    0.915699   0.934545
    12.67646    0.848307   0.925903
    12.72658    0.865671   0.919069
    12.79325    0.966836   0.909583
    12.84322    1.064028   0.902208
    12.90989    0.942221   0.892056
    12.95986    1.089815   0.884240
    13.00982    0.889105   0.876266
    13.07650    0.876906   0.865411
    13.12646    0.897331   0.857138
    13.19314    0.784428   0.845944
    13.24325    0.889924   0.837437
    13.30992    0.842855   0.826024
    13.35989    0.760944   0.817421
    13.42656    0.751195   0.805905
    13.47653    0.837438   0.797268
    13.54320    0.856156   0.785765
    13.59317    0.750504   0.777180
    13.65984    0.716066   0.765803
    13.70981    0.627123   0.757355
    13.77648    0.617380   0.746217
    13.82659    0.615110   0.737967
    13.89326    0.806404   0.727181
    13.95994    0.779387   0.716646
    14.00990    0.779387   0.708935
    14.07658    0.702349   0.698923
    14.12654    0.676944   0.691646
    14.19322    0.661535   0.682264
    14.24318    0.612848   0.675497
    14.30986    0.710809   0.666848
    14.35982    0.644099   0.660668
    14.42650    0.584188   0.652849
    14.47646    0.586345   0.647325
    14.54314    0.639960   0.640426
    14.59325    0.631761   0.635610
    14.65992    0.654264   0.629715
    14.70989    0.689530   0.625692
    14.77656    0.640550   0.620870
    14.82653    0.544694   0.617676
    14.89320    0.740889   0.613987
    14.94317    0.548723   0.611661
    15.00984    0.565657   0.609153
    15.05981    0.591770   0.607724
    15.12648    0.664589   0.606426
    15.17659    0.648863   0.605912
    15.24326    0.681323   0.605843
    15.29323    0.631180   0.606252
    15.35990    0.518266   0.607411
    15.40987    0.649461   0.608737
    15.47654    0.597246   0.611108
    15.52651    0.613413   0.613332
    15.59318    0.612848   0.616886
    15.64315    0.580434   0.619980
    15.70982    0.553800   0.624671
    15.75994    0.686361   0.628610
    15.82646    0.710809   0.634369
    15.87658    0.691437   0.639094
    15.94325    0.651858   0.645877
    15.99322    0.621374   0.651318
    16.05989    0.729378   0.659034
    16.10986    0.873681   0.665142
    16.17653    0.653060   0.673702
    16.22650    0.736127   0.680409
    16.29317    0.719371   0.689722
    16.34314    0.651258   0.696956
    16.40981    0.756751   0.706922
    16.45992    0.632343   0.714629
    16.52659    0.748433   0.725146
    16.57656    0.720697   0.733205
    16.64323    0.814616   0.744165
    16.69320    0.747056   0.752516
    16.75987    0.719371   0.763812
    16.80984    0.735450   0.772373
    16.87651    0.697193   0.783894
    16.92648    0.740889   0.792581
    16.99315    0.801222   0.804213
    17.04326    0.768693   0.812967
    17.10994    0.845187   0.824596
    17.15990    0.786598   0.833277
    17.22658    0.701056   0.844785
    17.27654    0.822911   0.853331
    17.34322    0.846746   0.864594
    17.39318    0.931865   0.872910
    17.45986    0.788048   0.883800
    17.50982    0.993008   0.891783
    17.57650    0.867267   0.902156
    17.62646    0.825948   0.909685
    17.69314    0.848307   0.919355
    17.75981    0.920774   0.928545
    17.80992    0.880953   0.935112
    17.87659    1.028378   0.943365
    17.92656    0.973986   0.949172
    17.99323    0.919079   0.956402
    18.04320    1.121380   0.961422
    18.10987    0.938756   0.967583
    18.15984    1.129673   0.971798
    18.22651    1.049429   0.976888
    18.27648    0.936166   0.980309
    18.32659    0.838210   0.983407
    18.39326    1.075853   0.987030
    18.44323    0.943959   0.989385
    18.50990    1.005896   0.992074
    18.55987    0.950064   0.993768
    18.62654    0.904801   0.995634
    18.67651    1.012402   0.996759
    18.74318    1.066972   0.997935
    18.79315    0.921622   0.998598
    18.85982    0.887468   0.999236
    18.90994    0.938756   0.999560
    18.97646    0.978482   0.999825
    19.02658    1.083809   0.999931
    19.09325    0.896505   0.999990
    19.14322    0.910653   0.999999
    19.20989    1.025541   1.000000
    19.25986    0.922471   1.000000
    19.32653    0.918233   1.000000
    19.37650    0.967727   1.000000
    19.44317    1.222793   1.000000
    19.49314    0.985719   1.000000
    19.55981    0.957090   1.000000
    19.60992    1.053302   1.000000
    19.67659    1.051364   1.000000
    19.72656    1.033125   1.000000
    19.79323    1.009608   1.000000
    19.84320    1.033125   1.000000
    19.90987    1.061092   1.000000
    19.95984    0.948316   1.000000
    20.02651    0.957090   1.000000
    20.07648    0.970405   1.000000
    20.14315    1.090820   1.000000
    20.20982    0.955329   1.000000
    20.25994    1.020829   1.000000
    20.32646    0.803439   1.000000
    20.37658    0.962394   1.000000
    20.44325    1.063048   1.000000
    20.50992    0.973986   1.000000
    20.55989    1.043645   1.000000
    20.62656    0.964168   1.000000
    20.67653    1.093838   1.000000
    20.74320    1.072884   1.000000
    20.79317    0.974884   1.000000
    20.85984    1.011470   1.000000
    20.90981    1.150676   1.000000
    20.97648    0.948316   1.000000
    21.02659    0.978482   1.000000
    21.09326    1.010539   1.000000
    21.14323    0.876098   1.000000
    21.20990    1.174229   1.000000
    21.25987    1.016139   1.000000
    21.32654    0.914856   1.000000
    21.37651    0.964168   1.000000
    21.44318    1.025541   1.000000
    21.49315    0.827471   1.000000
    21.55982    0.983904   1.000000
    21.60994    0.957090   1.000000
    21.67646    0.985719   1.000000
    21.72658    0.917388   1.000000
    21.79325    0.920774   1.000000
    21.84322    1.003120   1.000000
    21.90989    0.989357   1.000000
    21.95986    1.092831   1.000000
    22.02653    0.850654   1.000000
    22.07650    1.151736   1.000000
    22.14317    0.979384   1.000000
    22.19314    0.972194   1.000000
    22.25981    1.033125   1.000000
    22.30992    0.905634   1.000000
    22.37659    0.979384   1.000000
    22.42656    1.004044   1.000000
    22.49323    1.004044   1.000000
    22.54320    1.193859   1.000000
    22.60987    1.035030   1.000000
    22.65984    0.968619   1.000000
    22.72651    0.919079   1.000000
    22.77648    1.011470   1.000000
    22.84315    1.018950   1.000000
    22.89326    0.975782   1.000000
    22.95994    1.091825   1.000000
    23.00990    0.920774   1.000000
    23.07658    0.902304   1.000000
    23.12654    1.025541   1.000000
    23.19322    0.914856   1.000000
    23.24318    0.958855   1.000000
    23.30986    1.050396   1.000000
    23.35982    1.026486   1.000000
    23.42650    0.998511   1.000000
    23.47646    0.991181   1.000000
    23.54314    0.977581   1.000000
    23.59325    0.911492   1.000000
    23.65992    0.937029   1.000000
    23.70989    0.952693   1.000000
    23.77656    1.070910   1.000000
    23.82653    1.131756   1.000000
    23.89320    1.038850   1.000000
    23.94317    0.893209   1.000000
    24.00984    0.971299   1.000000
    24.05981    1.007750   1.000000
    24.12648    1.042684   1.000000
    24.17659    0.942221   1.000000
    24.24326    0.924172   1.000000
    24.29323    1.153859   1.000000
    24.35990    1.122414   1.000000
    24.40987    0.853008   1.000000
    24.47654    0.937029   1.000000
    24.52651    1.022711   1.000000
    24.59318    0.991181   1.000000
    24.64315    0.921622   1.000000
    24.70982    1.005896   1.000000
    24.75994    1.070910   1.000000
    24.82646    1.268682   1.000000
    24.87658    1.060115   1.000000
    24.94325    0.939621   1.000000
    24.99322    0.900643   1.000000
    25.05989    0.932723   1.000000
    25.10986    0.947443   1.000000
    25.17653    0.911492   1.000000
    25.22650    1.044607   1.000000
    25.29317    0.979384   1.000000
    25.34314    0.950940   1.000000
    25.40981    1.273365   1.000000
    25.45992    0.959738   1.000000
    25.52659    0.947443   1.000000
    25.57656    0.915699   1.000000
    25.64323    0.963281   1.000000
    25.69320    1.163464   1.000000
    25.75987    0.981190   1.000000
    25.80984    0.911492   1.000000
    25.87651    0.920774   1.000000
    25.92648    0.976681   1.000000
    25.99315    0.937892   1.000000
    26.04326    1.125519   1.000000
    26.10994    1.006822   1.000000
    26.15990    0.966836   1.000000
    26.22658    1.004044   1.000000
    26.27654    0.920774   1.000000
    26.34322    1.016139   1.000000
    26.39318    1.022711   1.000000
    26.45986    0.993008   1.000000
    26.50982    1.044607   1.000000
    26.57650    1.157052   1.000000
    26.64317    0.951816   1.000000
