  1267.03862    0.752893   1.000000
  1267.04670    1.023705   1.000000
  1267.05476    0.894853   1.000000
  1267.06284    0.953253   1.000000
  1267.07090    0.999431   1.000000
  1267.07898    0.964191   1.000000
  1267.08705    0.846027   1.000000
  1267.09512    0.639618   1.000000
  1267.10319    0.839288   1.000000
  1267.11127    1.216942   1.000000
  1267.11935    0.753224   1.000000
  1267.12741    0.724491   1.000000
  1267.13549    0.911151   1.000000
  1267.14355    1.003563   1.000000
  1267.15163    0.909016   1.000000
  1267.15969    0.740188   1.000000
  1267.16777    1.017079   1.000000
  1267.17584    1.141125   1.000000
  1267.18392    0.991604   1.000000
  1267.19198    1.041136   1.000000
  1267.20006    0.736623   1.000000
  1267.20814    1.007136   1.000000
  1267.21620    1.037439   1.000000
  1267.22428    0.897401   1.000000
  1267.23234    1.014752   1.000000
  1267.24042    0.936260   1.000000
  1267.24848    1.061817   1.000000
  1267.25656    0.752634   1.000000
  1267.26463    0.835904   1.000000
  1267.27271    0.914166   1.000000
  1267.28077    0.893648   1.000000
  1267.28885    1.094907   1.000000
  1267.29693    1.343314   1.000000
  1267.30499    0.943444   1.000000
  1267.31307    0.953491   1.000000
  1267.32113    1.097595   1.000000
  1267.32921    0.798993   1.000000
  1267.33728    1.052712   1.000000
  1267.34535    0.803812   1.000000
  1267.35342    0.844953   1.000000
  1267.36150    0.803482   1.000000
  1267.36956    0.940473   1.000000
  1267.37764    1.139906   1.000000
  1267.38572    0.960512   1.000000
  1267.39378    0.822068   1.000000
  1267.40186    1.083618   1.000000
  1267.40992    0.990568   1.000000
  1267.41800    1.098606   1.000000
  1267.42607    0.991727   1.000000
  1267.43414    0.877785   1.000000
  1267.44221    1.028550   1.000000
  1267.45029    0.969450   1.000000
  1267.45836    0.833554   1.000000
  1267.46643    1.008915   1.000000
  1267.47451    0.780226   1.000000
  1267.48257    0.919094   1.000000
  1267.49065    1.081315   1.000000
  1267.49871    0.993401   1.000000
  1267.50679    1.042252   1.000000
  1267.51486    1.068940   1.000000
  1267.52293    0.832349   1.000000
  1267.53101    0.850750   1.000000
  1267.53908    0.942925   1.000000
  1267.54716    1.025878   1.000000
  1267.55522    0.819282   1.000000
  1267.56330    0.914039   1.000000
  1267.57136    0.854840   1.000000
  1267.57944    1.014575   1.000000
  1267.58750    1.006427   1.000000
  1267.59558    0.986168   1.000000
  1267.60365    0.889670   1.000000
  1267.61172    0.868072   1.000000
  1267.61979    0.808308   1.000000
  1267.62787    1.076557   1.000000
  1267.63593    0.906354   1.000000
  1267.64401    1.100056   1.000000
  1267.65209    0.894478   1.000000
  1267.66015    0.789373   1.000000
  1267.66823    0.836473   1.000000
  1267.67629    1.085924   1.000000
  1267.68437    0.864039   1.000000
  1267.69245    0.968199   1.000000
  1267.70052    0.756282   1.000000
  1267.70859    0.934331   1.000000
  1267.71666    0.854926   1.000000
  1267.72474    1.143815   1.000000
  1267.73280    0.891439   1.000000
  1267.74088    1.250225   1.000000
  1267.74894    0.876578   1.000000
  1267.75702    0.972920   1.000000
  1267.76510    1.053835   1.000000
  1267.77316    0.855094   1.000000
  1267.78124    0.965322   1.000000
  1267.78930    0.886228   1.000000
  1267.79738    0.878230   1.000000
  1267.80545    1.157362   1.000000
  1267.81353    1.111000   1.000000
  1267.82159    0.955854   1.000000
  1267.82967    0.976523   1.000000
  1267.83773    1.020653   1.000000
  1267.84581    1.115213   1.000000
  1267.85388    1.096955   1.000000
  1267.86195    1.280650   1.000000
  1267.87003    0.999575   1.000000
  1267.87810    0.943508   1.000000
  1267.88617    0.668022   1.000000
  1267.89424    0.948537   1.000000
  1267.90232    1.006087   1.000000
  1267.91038    0.900238   1.000000
  1267.91846    0.860295   1.000000
  1267.92652    1.325966   1.000000
  1267.93460    1.100022   1.000000
  1267.94267    0.834675   1.000000
  1267.95074    1.054937   1.000000
  1267.95882    0.940470   1.000000
  1267.96689    0.809807   1.000000
  1267.97497    0.942918   1.000000
  1267.98303    1.072378   1.000000
  1267.99111    1.081394   1.000000
  1267.99917    0.912112   1.000000
  1268.00725    1.380855   1.000000
  1268.01533    1.242238   1.000000
  1268.02339    0.970447   1.000000
  1268.03147    1.057792   1.000000
  1268.03953    1.105572   1.000000
  1268.04761    1.011176   1.000000
  1268.05568    0.786765   1.000000
  1268.06376    0.857114   1.000000
  1268.07182    1.263721   1.000000
  1268.07990    1.127506   1.000000
  1268.08796    1.006402   1.000000
  1268.09604    0.948864   1.000000
  1268.10412    0.894641   1.000000
  1268.11218    1.149865   1.000000
  1268.12026    0.959338   1.000000
  1268.12833    0.926022   1.000000
  1268.13640    0.941276   1.000000
  1268.14447    0.771590   1.000000
  1268.15255    1.069343   1.000000
  1268.16061    1.015655   1.000000
  1268.16869    1.131780   1.000000
  1268.17677    0.902357   1.000000
  1268.18483    1.001027   1.000000
  1268.19291    0.941505   1.000000
  1268.20097    0.980812   1.000000
  1268.20905    1.015068   1.000000
  1268.21712    1.026958   1.000000
  1268.22519    0.965807   1.000000
  1268.23326    0.986725   1.000000
  1268.24134    0.953924   1.000000
  1268.24940    0.912873   1.000000
  1268.25748    0.989332   1.000000
  1268.26556    0.975201   1.000000
  1268.27362    1.095463   1.000000
  1268.28170    1.122103   1.000000
  1268.28976    0.904630   1.000000
  1268.29784    1.066756   1.000000
  1268.30591    1.035840   1.000000
  1268.31398    1.278288   1.000000
  1268.32206    1.065721   1.000000
  1268.33013    1.039444   1.000000
  1268.33820    0.970922   1.000000
  1268.34627    1.176674   1.000000
  1268.35435    1.311403   1.000000
  1268.36241    0.715561   1.000000
  1268.37049    0.926733   1.000000
  1268.37855    1.075897   1.000000
  1268.38663    1.094888   1.000000
  1268.39470    1.383508   1.000000
  1268.40277    1.086282   1.000000
  1268.41084    0.737948   1.000000
  1268.41892    1.130982   1.000000
  1268.42700    0.988926   1.000000
  1268.43506    1.131635   1.000000
  1268.44314    0.872305   1.000000
  1268.45120    0.975704   1.000000
  1268.45928    1.206451   1.000000
  1268.46734    0.823088   1.000000
  1268.47542    0.942439   1.000000
  1268.48349    1.480107   1.000000
  1268.49156    1.106179   1.000000
  1268.49964    1.024367   1.000000
  1268.50771    1.084473   1.000000
  1268.51579    1.035605   1.000000
  1268.52385    0.952474   1.000000
  1268.53193    1.101138   1.000000
  1268.53999    0.926859   1.000000
  1268.54807    0.907600   1.000000
  1268.55613    1.055665   1.000000
  1268.56421    1.162427   1.000000
  1268.57229    0.940549   1.000000
  1268.58036    1.022782   1.000000
  1268.58843    1.077010   1.000000
  1268.59650    1.285160   1.000000
  1268.60458    0.903801   1.000000
  1268.61264    1.199375   1.000000
  1268.62072    1.072002   1.000000
  1268.62878    1.215583   1.000000
  1268.63686    1.091378   1.000000
  1268.64492    1.073385   1.000000
  1268.65300    1.028845   1.000000
  1268.66108    1.112953   1.000000
  1268.66915    1.267638   1.000000
  1268.67722    1.110744   1.000000
  1268.68529    0.805906   1.000000
  1268.69337    1.227412   1.000000
  1268.70143    0.854042   1.000000
  1268.70951    1.077748   1.000000
  1268.71757    1.085937   1.000000
  1268.72565    1.196253   1.000000
  1268.73373    0.828295   1.000000
  1268.74179    0.936915   1.000000
  1268.74987    0.993947   1.000000
  1268.75794    1.195266   1.000000
  1268.76601    1.131566   1.000000
  1268.77408    1.088054   1.000000
  1268.78216    0.882091   1.000000
  1268.79022    1.058216   1.000000
  1268.79830    0.977980   1.000000
  1268.80636    1.093780   1.000000
  1268.81444    0.778082   1.000000
  1268.82252    1.120693   1.000000
  1268.83058    0.886260   1.000000
  1268.83865    1.171011   1.000000
  1268.84673    1.101461   1.000000
  1268.85480    1.159721   1.000000
  1268.86287    0.881486   1.000000
  1268.87095    1.034049   1.000000
  1268.87901    1.139009   1.000000
  1268.88709    1.054716   1.000000
  1268.89515    0.968662   1.000000
  1268.90323    0.877654   1.000000
  1268.91130    1.064378   1.000000
  1268.91937    1.124464   1.000000
  1268.92745    0.858331   1.000000
  1268.93552    0.998014   1.000000
  1268.94360    1.142408   1.000000
  1268.95166    0.961627   1.000000
  1268.95974    1.107902   1.000000
  1268.96780    0.823435   1.000000
  1268.97588    1.201619   1.000000
  1268.98396    1.036505   1.000000
  1268.99202    1.013030   1.000000
  1269.00010    1.145964   1.000000
  1269.00816    1.132030   1.000000
  1269.01624    1.120851   1.000000
  1269.02431    0.977647   1.000000
  1269.03239    0.991338   1.000000
  1269.04045    0.835517   1.000000
  1269.04853    0.887255   1.000000
  1269.05659    0.902963   1.000000
  1269.06467    1.034618   1.000000
  1269.07275    1.177400   1.000000
  1269.08081    1.225100   1.000000
  1269.08889    0.975472   1.000000
  1269.09696    0.975057   1.000000
  1269.10503    0.973446   1.000000
  1269.11310    1.130493   1.000000
  1269.12118    0.927306   1.000000
  1269.12924    1.094712   1.000000
  1269.13732    0.727618   1.000000
  1269.14540    1.065088   1.000000
  1269.15346    0.990357   1.000000
  1269.16154    1.032729   1.000000
  1269.16960    1.121661   1.000000
  1269.17768    1.065421   1.000000
  1269.18575    0.991140   1.000000
  1269.19382    1.230245   1.000000
  1269.20189    0.922257   1.000000
  1269.20997    1.134013   1.000000
  1269.21803    0.890326   1.000000
  1269.22611    1.122557   1.000000
  1269.23419    0.949162   1.000000
  1269.24225    1.128791   1.000000
  1269.25033    1.064677   1.000000
  1269.25839    1.059326   1.000000
  1269.26647    0.966007   1.000000
  1269.27454    1.044932   1.000000
  1269.28261    1.235486   1.000000
  1269.29068    1.033819   1.000000
  1269.29876    1.206639   1.000000
  1269.30682    0.825772   1.000000
  1269.31490    1.054312   1.000000
  1269.32296    0.975820   1.000000
  1269.33104    0.730147   1.000000
  1269.33912    0.811116   1.000000
  1269.34718    1.030629   1.000000
  1269.35526    1.131859   1.000000
  1269.36333    1.279284   1.000000
  1269.37140    1.028316   1.000000
  1269.37948    1.049922   1.000000
  1269.38755    1.070230   1.000000
  1269.39562    0.998939   1.000000
  1269.40369    1.145444   1.000000
  1269.41177    0.996018   1.000000
  1269.41983    1.120302   1.000000
  1269.42791    0.967934   1.000000
  1269.43597    1.270015   1.000000
  1269.44405    0.970513   1.000000
  1269.45212    1.109519   1.000000
  1269.46020    1.077637   1.000000
  1269.46826    1.068450   1.000000
  1269.47634    1.249067   1.000000
  1269.48442    1.065805   1.000000
  1269.49248    1.096922   1.000000
  1269.50056    1.121343   1.000000
  1269.50862    0.821891   1.000000
  1269.51670    1.074645   1.000000
  1269.52476    0.970691   1.000000
  1269.53284    0.960559   1.000000
  1269.54091    0.986416   1.000000
  1269.54899    0.941846   1.000000
  1269.55705    0.875897   1.000000
  1269.56513    1.009722   1.000000
  1269.57321    0.916802   1.000000
  1269.58127    0.969309   1.000000
  1269.58935    1.123557   1.000000
  1269.59741    1.211264   1.000000
  1269.60549    1.265940   1.000000
  1269.61356    0.800768   1.000000
  1269.62163    1.048476   1.000000
  1269.62970    0.881610   1.000000
  1269.63778    0.945784   1.000000
  1269.64585    1.051433   1.000000
  1269.65392    0.907694   1.000000
  1269.66200    1.137470   1.000000
  1269.67006    0.973443   1.000000
  1269.67814    0.968238   0.999999
  1269.68620    0.987735   0.999999
  1269.69428    1.082749   0.999999
  1269.70234    1.206106   0.999998
  1269.71042    0.899485   0.999998
  1269.71850    1.006240   0.999997
  1269.72657    1.116214   0.999996
  1269.73465    1.132384   0.999995
  1269.74271    1.054579   0.999994
  1269.75079    0.891964   0.999993
  1269.75885    1.143143   0.999991
  1269.76693    1.026279   0.999990
  1269.77499    0.890987   0.999988
  1269.78307    0.961733   0.999986
  1269.79114    1.013388   0.999984
  1269.79921    1.533019   0.999982
  1269.80728    0.809830   0.999979
  1269.81536    1.018606   0.999976
  1269.82344    0.924089   0.999973
  1269.83150    1.377377   0.999970
  1269.83958    1.262456   0.999967
  1269.84764    0.920169   0.999963
  1269.85572    0.872160   0.999959
  1269.86378    1.042120   0.999954
  1269.87186    1.108494   0.999949
  1269.87994    1.087626   0.999944
  1269.88801    1.067509   0.999939
  1269.89608    1.250437   0.999933
  1269.90415    1.013030   0.999927
  1269.91223    1.183214   0.999920
  1269.92029    0.932624   0.999913
  1269.92837    1.039683   0.999906
  1269.93643    0.964706   0.999899
  1269.94451    0.913984   0.999890
  1269.95257    1.172551   0.999882
  1269.96065    1.077176   0.999873
  1269.96873    0.974431   0.999864
  1269.97680    0.876260   0.999854
  1269.98487    1.080714   0.999843
  1269.99294    1.040950   0.999833
  1270.00102    1.000411   0.999821
  1270.00908    0.912171   0.999809
  1270.01716    0.949997   0.999797
  1270.02522    0.852790   0.999784
  1270.03330    1.063092   0.999771
  1270.04137    0.961819   0.999757
  1270.04944    0.915922   0.999742
  1270.05752    0.953567   0.999727
  1270.06559    1.043186   0.999712
  1270.07366    0.939220   0.999695
  1270.08173    1.136033   0.999679
  1270.08981    1.144668   0.999661
  1270.09787    0.863509   0.999643
  1270.10595    0.866672   0.999624
  1270.11403    1.095430   0.999605
  1270.12209    1.166778   0.999585
  1270.13017    0.881696   0.999564
  1270.13823    0.908789   0.999543
  1270.14631    1.077180   0.999521
  1270.15438    1.063883   0.999498
  1270.16245    1.208616   0.999474
  1270.17052    0.809868   0.999450
  1270.17860    1.059552   0.999425
  1270.18666    0.928953   0.999400
  1270.19474    1.242777   0.999373
  1270.20282    0.856185   0.999346
  1270.21088    1.193576   0.999318
  1270.21896    0.953028   0.999289
  1270.22702    1.009551   0.999260
  1270.23510    1.001861   0.999229
  1270.24317    1.082507   0.999198
  1270.25124    1.060044   0.999166
  1270.25931    0.952595   0.999133
  1270.26739    0.982100   0.999099
  1270.27545    0.871237   0.999065
  1270.28353    1.080178   0.999029
  1270.29159    1.097837   0.998993
  1270.29967    0.989442   0.998956
  1270.30775    1.190123   0.998918
  1270.31581    0.849198   0.998879
  1270.32389    1.071516   0.998839
  1270.33196    0.932024   0.998798
  1270.34004    0.927318   0.998756
  1270.34810    0.979570   0.998714
  1270.35618    1.073537   0.998670
  1270.36426    1.211900   0.998625
  1270.37232    1.237239   0.998580
  1270.38040    1.028254   0.998533
  1270.38846    1.132716   0.998486
  1270.39654    1.075497   0.998437
  1270.40460    0.909791   0.998388
  1270.41268    1.193356   0.998337
  1270.42075    0.908978   0.998286
  1270.42883    0.945286   0.998233
  1270.43689    1.057821   0.998179
  1270.44497    1.044343   0.998125
  1270.45305    0.906251   0.998069
  1270.46114    1.056891   0.998012
  1270.46919    1.102017   0.997954
  1270.47725    0.920917   0.997895
  1270.48533    1.072084   0.997835
  1270.49340    1.144822   0.997774
  1270.50147    1.162123   0.997712
  1270.50955    0.971269   0.997648
  1270.51762    1.013703   0.997584
  1270.52568    1.254272   0.997518
  1270.53376    0.965324   0.997452
  1270.54182    1.173196   0.997384
  1270.54990    1.046149   0.997315
  1270.55796    1.077455   0.997245
  1270.56604    0.837317   0.997173
  1270.57412    0.842941   0.997100
  1270.58219    1.039568   0.997027
  1270.59026    0.883437   0.996952
  1270.59833    0.834673   0.996876
  1270.60641    1.098719   0.996798
  1270.61448    1.063210   0.996720
  1270.62255    0.895940   0.996640
  1270.63063    0.973183   0.996559
  1270.63869    1.008577   0.996477
  1270.64677    1.123910   0.996393
  1270.65483    1.089036   0.996309
  1270.66291    0.927306   0.996223
  1270.67099    0.783275   0.996135
  1270.67905    0.846269   0.996047
  1270.68713    0.883852   0.995957
  1270.69520    0.931757   0.995866
  1270.70328    0.969351   0.995774
  1270.71134    0.907582   0.995680
  1270.71942    0.937576   0.995586
  1270.72748    1.006608   0.995489
  1270.73556    0.910579   0.995392
  1270.74362    0.836064   0.995293
  1270.75170    0.832771   0.995193
  1270.75977    1.041249   0.995092
  1270.76784    0.923527   0.994989
  1270.77592    0.854755   0.994885
  1270.78399    1.213118   0.994780
  1270.79205    0.848596   0.994673
  1270.80013    0.986662   0.994565
  1270.80821    0.880336   0.994455
  1270.81627    1.048470   0.994345
  1270.82435    0.859668   0.994233
  1270.83241    0.900926   0.994119
  1270.84049    1.352300   0.994004
  1270.84857    0.843222   0.993888
  1270.85664    1.023255   0.993770
  1270.86471    1.020174   0.993651
  1270.87278    0.857397   0.993531
  1270.88086    0.874476   0.993409
  1270.88892    0.961617   0.993286
  1270.89700    1.060637   0.993162
  1270.90506    0.981683   0.993036
  1270.91314    0.974756   0.992909
  1270.92120    1.195947   0.992780
  1270.92928    0.853811   0.992650
  1270.93736    0.973460   0.992519
  1270.94543    0.696670   0.992386
  1270.95350    0.849743   0.992251
  1270.96157    0.945648   0.992116
  1270.96965    0.897351   0.991979
  1270.97771    0.982905   0.991840
  1270.98579    0.781375   0.991700
  1270.99385    1.040030   0.991559
  1271.00193    0.982232   0.991416
  1271.01000    0.841810   0.991272
  1271.01807    0.948812   0.991126
  1271.02614    0.901471   0.990980
  1271.03422    0.878709   0.990831
  1271.04229    0.847619   0.990681
  1271.05036    1.068125   0.990530
  1271.05844    1.001300   0.990377
  1271.06650    0.720968   0.990223
  1271.07458    0.922422   0.990067
  1271.08264    0.951561   0.989910
  1271.09072    0.939510   0.989752
  1271.09880    0.822446   0.989592
  1271.10686    0.898532   0.989430
  1271.11494    0.824253   0.989267
  1271.12301    0.886605   0.989103
  1271.13108    0.626493   0.988938
  1271.13915    1.007924   0.988771
  1271.14723    1.092177   0.988602
  1271.15529    1.135725   0.988432
  1271.16337    0.810658   0.988261
  1271.17145    1.020722   0.988088
  1271.17951    1.231489   0.987913
  1271.18759    0.950515   0.987738
  1271.19565    0.916702   0.987561
  1271.20373    0.928548   0.987382
  1271.21180    1.010499   0.987202
  1271.21988    0.984532   0.987021
  1271.22794    0.891958   0.986838
  1271.23602    0.878688   0.986653
  1271.24408    0.757213   0.986468
  1271.25216    1.080741   0.986281
  1271.26022    0.959814   0.986092
  1271.26830    0.845978   0.985902
  1271.27638    0.846244   0.985711
  1271.28444    1.037454   0.985518
  1271.29252    1.043601   0.985324
  1271.30059    1.059769   0.985128
  1271.30867    0.751078   0.984931
  1271.31674    0.888501   0.984733
  1271.32481    0.987412   0.984533
  1271.33287    1.014134   0.984332
  1271.34095    1.248393   0.984130
  1271.34901    0.908403   0.983926
  1271.35709    1.137819   0.983720
  1271.36517    0.882963   0.983514
  1271.37324    1.028329   0.983306
  1271.38131    0.946699   0.983096
  1271.38938    0.930678   0.982886
  1271.39746    1.126889   0.982673
  1271.40552    1.113750   0.982460
  1271.41360    0.974320   0.982245
  1271.42168    0.955115   0.982029
  1271.42974    1.037186   0.981811
  1271.43782    0.628080   0.981592
  1271.44588    0.860169   0.981372
  1271.45396    1.061823   0.981151
  1271.46202    1.189911   0.980928
  1271.47010    1.173258   0.980704
  1271.47818    1.039770   0.980478
  1271.48625    0.925945   0.980252
  1271.49433    0.971522   0.980023
  1271.50239    0.903792   0.979794
  1271.51047    0.971990   0.979564
  1271.51853    1.040885   0.979332
  1271.52661    0.878034   0.979099
  1271.53467    0.828802   0.978865
  1271.54275    1.074180   0.978629
  1271.55082    0.983039   0.978392
  1271.55889    0.861416   0.978154
  1271.56696    0.900198   0.977915
  1271.57504    0.915809   0.977674
  1271.58312    1.040809   0.977432
  1271.59118    0.738003   0.977190
  1271.59926    1.027001   0.976946
  1271.60732    1.208557   0.976701
  1271.61540    0.847027   0.976454
  1271.62346    0.895635   0.976207
  1271.63154    1.091834   0.975958
  1271.63961    0.937545   0.975708
  1271.64768    0.880725   0.975457
  1271.65575    1.057847   0.975205
  1271.66383    0.828243   0.974952
  1271.67191    0.871127   0.974698
  1271.67997    0.918904   0.974443
  1271.68805    1.044667   0.974186
  1271.69611    1.089696   0.973929
  1271.70419    1.048957   0.973670
  1271.71227    0.893759   0.973411
  1271.72033    1.013798   0.973150
  1271.72840    0.792346   0.972889
  1271.73648    0.919155   0.972627
  1271.74455    0.896527   0.972363
  1271.75262    0.896495   0.972099
  1271.76070    1.132842   0.971834
  1271.76876    0.837227   0.971568
  1271.77684    0.935430   0.971300
  1271.78490    0.851829   0.971033
  1271.79298    0.840549   0.970763
  1271.80104    0.979419   0.970494
  1271.80912    0.887673   0.970223
  1271.81719    0.884086   0.969951
  1271.82527    0.929756   0.969679
  1271.83333    0.872815   0.969406
  1271.84141    0.900171   0.969131
  1271.84949    1.083687   0.968856
  1271.85755    1.017645   0.968580
  1271.86563    0.865616   0.968303
  1271.87369    1.082095   0.968026
  1271.88177    0.942646   0.967747
  1271.88984    0.960042   0.967469
  1271.89791    1.062493   0.967188
  1271.90599    0.967305   0.966907
  1271.91406    0.881826   0.966626
  1271.92213    0.908162   0.966344
  1271.93020    0.970687   0.966061
  1271.93828    0.969372   0.965777
  1271.94634    0.952061   0.965492
  1271.95442    1.130937   0.965207
  1271.96248    1.076924   0.964921
  1271.97056    0.858422   0.964634
  1271.97863    0.957627   0.964346
  1271.98670    1.116379   0.964058
  1271.99478    1.203946   0.963769
  1272.00285    0.936746   0.963479
  1272.01092    0.873217   0.963189
  1272.01899    0.847808   0.962898
  1272.02707    1.003107   0.962606
  1272.03513    1.089008   0.962314
  1272.04321    0.896545   0.962020
  1272.05127    1.030645   0.961727
  1272.05935    0.659306   0.961432
  1272.06743    0.984552   0.961137
  1272.07549    1.101465   0.960841
  1272.08357    1.006378   0.960545
  1272.09164    0.751573   0.960248
  1272.09972    0.819695   0.959950
  1272.10778    0.779005   0.959652
  1272.11586    0.926717   0.959353
  1272.12392    1.089711   0.959054
  1272.13200    1.016111   0.958754
  1272.14006    1.033217   0.958453
  1272.14814    1.030242   0.958152
  1272.15622    0.944284   0.957850
  1272.16428    0.910837   0.957548
  1272.17236    0.881991   0.957244
  1272.18043    1.033655   0.956941
  1272.18851    0.819972   0.956637
  1272.19657    0.730642   0.956333
  1272.20465    0.985047   0.956027
  1272.21271    0.678700   0.955722
  1272.22079    0.782000   0.955416
  1272.22887    0.964702   0.955109
  1272.23693    1.044828   0.954802
  1272.24501    0.936799   0.954494
  1272.25308    0.853019   0.954186
  1272.26115    1.188472   0.953877
  1272.26922    0.750160   0.953568
  1272.27730    0.929800   0.953258
  1272.28536    0.798818   0.952948
  1272.29344    0.966623   0.952637
  1272.30152    0.906721   0.952326
  1272.30958    0.848838   0.952015
  1272.31766    0.953973   0.951702
  1272.32572    0.944585   0.951390
  1272.33380    0.868381   0.951077
  1272.34187    1.002714   0.950764
  1272.34994    0.998049   0.950450
  1272.35801    0.859219   0.950136
  1272.36609    1.048490   0.949821
  1272.37415    1.003364   0.949507
  1272.38223    0.929973   0.949191
  1272.39029    0.893006   0.948876
  1272.39837    0.785873   0.948559
  1272.40644    0.760719   0.948243
  1272.41451    0.778684   0.947926
  1272.42259    0.879009   0.947608
  1272.43066    1.176827   0.947291
  1272.43873    0.955011   0.946972
  1272.44680    1.117737   0.946654
  1272.45488    0.918648   0.946335
  1272.46294    0.833877   0.946016
  1272.47102    0.957598   0.945697
  1272.47910    0.904927   0.945377
  1272.48716    0.863773   0.945057
  1272.49524    0.935360   0.944736
  1272.50330    0.875766   0.944416
  1272.51138    1.050286   0.944095
  1272.51945    0.888947   0.943773
  1272.52752    0.947600   0.943452
  1272.53559    0.813853   0.943130
  1272.54367    1.194237   0.942807
  1272.55175    1.082953   0.942485
  1272.55981    0.805126   0.942162
  1272.56789    0.982422   0.941839
  1272.57595    0.890020   0.941516
  1272.58403    0.999931   0.941192
  1272.59209    0.772537   0.940869
  1272.60017    0.993665   0.940544
  1272.60824    0.760596   0.940220
  1272.61632    0.935520   0.939896
  1272.62438    0.978531   0.939571
  1272.63246    0.947455   0.939246
  1272.64052    0.873412   0.938921
  1272.64860    0.791865   0.938595
  1272.65668    0.792069   0.938269
  1272.66474    0.995397   0.937944
  1272.67282    0.820766   0.937618
  1272.68088    0.930227   0.937292
  1272.68896    0.969846   0.936965
  1272.69703    1.059368   0.936639
  1272.70511    0.744776   0.936312
  1272.71318    0.981473   0.935985
  1272.72125    0.790498   0.935658
  1272.72933    0.728273   0.935330
  1272.73739    0.718971   0.935003
  1272.74547    0.803918   0.934676
  1272.75353    0.884601   0.934348
  1272.76161    0.783312   0.934020
  1272.76968    0.811293   0.933693
  1272.77775    0.858847   0.933364
  1272.78583    0.930988   0.933036
  1272.79390    0.908492   0.932708
  1272.80197    0.944188   0.932379
  1272.81004    1.147298   0.932051
  1272.81812    0.861048   0.931722
  1272.82618    1.016294   0.931394
  1272.83426    0.872724   0.931065
  1272.84232    0.882415   0.930737
  1272.85040    0.920334   0.930407
  1272.85847    0.918597   0.930079
  1272.86654    0.920579   0.929750
  1272.87461    0.935841   0.929421
  1272.88269    0.838757   0.929091
  1272.89075    0.923013   0.928763
  1272.89883    1.021032   0.928433
  1272.90691    0.962594   0.928104
  1272.91497    0.715925   0.927775
  1272.92305    0.924498   0.927445
  1272.93111    1.032618   0.927116
  1272.93919    0.989026   0.926787
  1272.94726    0.948394   0.926458
  1272.95533    0.871017   0.926128
  1272.96340    0.866874   0.925799
  1272.97148    0.920311   0.925470
  1272.97956    1.056668   0.925140
  1272.98762    0.919016   0.924811
  1272.99570    1.006686   0.924481
  1273.00376    0.947905   0.924153
  1273.01184    0.877991   0.923823
  1273.01990    0.752084   0.923494
  1273.02798    1.013074   0.923165
  1273.03605    0.977008   0.922836
  1273.04412    0.894646   0.922507
  1273.05220    0.818173   0.922178
  1273.06027    0.922331   0.921849
  1273.06835    0.837229   0.921520
  1273.07641    0.853557   0.921192
  1273.08449    0.776889   0.920863
  1273.09255    0.943300   0.920535
  1273.10063    0.769906   0.920206
  1273.10869    0.614219   0.919878
  1273.11677    0.759155   0.919550
  1273.12484    0.863644   0.919222
  1273.13292    1.030172   0.918894
  1273.14099    0.895534   0.918566
  1273.14906    1.019117   0.918238
  1273.15714    0.885183   0.917911
  1273.16520    0.884834   0.917583
  1273.17328    0.988887   0.917256
  1273.18134    1.040203   0.916929
  1273.18942    0.910920   0.916602
  1273.19748    0.830937   0.916275
  1273.20556    0.774317   0.915948
  1273.21363    0.820444   0.915622
  1273.22171    0.863299   0.915296
  1273.22978    0.937338   0.914969
  1273.23785    0.972168   0.914644
  1273.24593    0.939235   0.914318
  1273.25399    0.931297   0.913992
  1273.26207    0.859759   0.913667
  1273.27013    1.077000   0.913342
  1273.27821    1.019703   0.913017
  1273.28629    1.015830   0.912692
  1273.29435    1.020903   0.912368
  1273.30243    0.994472   0.912043
  1273.31050    0.929956   0.911719
  1273.31857    0.821478   0.911395
  1273.32664    0.872388   0.911072
  1273.33472    1.080794   0.910749
  1273.34278    0.768044   0.910426
  1273.35086    0.850664   0.910103
  1273.35892    0.846673   0.909781
  1273.36700    0.796554   0.909458
  1273.37508    0.871426   0.909136
  1273.38314    0.865943   0.908815
  1273.39122    0.964293   0.908493
  1273.39929    0.935897   0.908172
  1273.40736    0.812091   0.907851
  1273.41543    0.696636   0.907531
  1273.42351    0.839818   0.907211
  1273.43157    0.950875   0.906891
  1273.43965    0.968507   0.906571
  1273.44773    0.975653   0.906252
  1273.45579    0.791823   0.905933
  1273.46387    0.995607   0.905615
  1273.47193    0.871396   0.905297
  1273.48001    0.785687   0.904979
  1273.48808    1.244837   0.904661
  1273.49616    1.162671   0.904344
  1273.50422    0.914958   0.904027
  1273.51230    0.855566   0.903711
  1273.52036    0.970823   0.903395
  1273.52844    0.803704   0.903079
  1273.53652    0.745270   0.902763
  1273.54458    0.952901   0.902449
  1273.55266    0.927111   0.902134
  1273.56072    0.906482   0.901820
  1273.56880    0.947205   0.901506
  1273.57687    0.879366   0.901193
  1273.58495    0.816347   0.900880
  1273.59301    0.853398   0.900568
  1273.60109    1.041082   0.900256
  1273.60917    0.900152   0.899944
  1273.61723    0.856841   0.899633
  1273.62531    0.729565   0.899322
  1273.63337    0.870142   0.899012
  1273.64145    0.776393   0.898702
  1273.64952    0.877979   0.898393
  1273.65759    0.814793   0.898083
  1273.66566    0.885991   0.897775
  1273.67374    0.930411   0.897467
  1273.68181    1.022703   0.897159
  1273.68988    1.033620   0.896852
  1273.69796    1.135232   0.896545
  1273.70602    1.063902   0.896240
  1273.71408    0.866861   0.895934
  1273.72216    0.860072   0.895629
  1273.73024    1.007274   0.895324
  1273.73831    0.756300   0.895020
  1273.74638    1.044926   0.894716
  1273.75445    0.848570   0.894414
  1273.76253    0.906586   0.894111
  1273.77060    0.991224   0.893809
  1273.77867    0.917968   0.893507
  1273.78673    1.120738   0.893207
  1273.79481    0.894329   0.892906
  1273.80289    0.750140   0.892606
  1273.81095    0.910787   0.892307
  1273.81903    0.843072   0.892008
  1273.82710    0.774448   0.891710
  1273.83517    0.900356   0.891412
  1273.84324    0.817659   0.891115
  1273.85132    0.964249   0.890819
  1273.85940    0.873510   0.890523
  1273.86746    0.879694   0.890228
  1273.87554    0.912297   0.889933
  1273.88360    0.897524   0.889639
  1273.89168    1.053853   0.889345
  1273.89974    0.830461   0.889053
  1273.90782    0.834508   0.888760
  1273.91589    0.843960   0.888469
  1273.92396    0.806497   0.888178
  1273.93203    0.906395   0.887887
  1273.94011    1.042893   0.887597
  1273.94817    0.926565   0.887309
  1273.95625    1.137499   0.887020
  1273.96433    1.040974   0.886732
  1273.97239    0.885501   0.886445
  1273.98047    0.871367   0.886158
  1273.98853    0.720101   0.885873
  1273.99661    0.769960   0.885587
  1274.00468    0.825206   0.885303
  1274.01276    0.783252   0.885019
  1274.02083    0.641991   0.884736
  1274.02890    0.833123   0.884454
  1274.03696    1.006092   0.884172
  1274.04504    0.879440   0.883891
  1274.05312    0.837266   0.883610
  1274.06118    0.831082   0.883331
  1274.06926    0.896857   0.883052
  1274.07732    0.889916   0.882774
  1274.08540    0.695986   0.882496
  1274.09348    0.899098   0.882219
  1274.10155    0.826927   0.881943
  1274.10962    0.906374   0.881668
  1274.11769    0.937906   0.881393
  1274.12577    0.897595   0.881119
  1274.13383    0.816786   0.880846
  1274.14191    0.830365   0.880574
  1274.14997    0.614478   0.880303
  1274.15805    0.921512   0.880032
  1274.16612    0.950242   0.879762
  1274.17419    0.968752   0.879492
  1274.18227    0.954976   0.879224
  1274.19034    0.913362   0.878956
  1274.19841    0.590972   0.878689
  1274.20648    0.965364   0.878423
  1274.21456    0.778172   0.878158
  1274.22262    0.852279   0.877894
  1274.23070    0.963163   0.877630
  1274.23876    0.823905   0.877367
  1274.24684    0.801431   0.877105
  1274.25491    0.776297   0.876844
  1274.26298    0.895272   0.876583
  1274.27106    0.913507   0.876323
  1274.27913    0.783337   0.876065
  1274.28720    0.904255   0.875806
  1274.29527    0.823224   0.875550
  1274.30335    0.810264   0.875293
  1274.31141    0.923980   0.875038
  1274.31949    0.948362   0.874783
  1274.32755    0.844193   0.874530
  1274.33563    0.725287   0.874277
  1274.34371    0.819191   0.874025
  1274.35177    0.737592   0.873774
  1274.35985    0.714448   0.873523
  1274.36792    0.822252   0.873274
  1274.37600    0.643933   0.873026
  1274.38406    0.790105   0.872779
  1274.39214    0.845342   0.872532
  1274.40022    0.949615   0.872286
  1274.40828    0.779303   0.872041
  1274.41636    0.902806   0.871797
  1274.42442    0.790901   0.871554
  1274.43250    0.811482   0.871312
  1274.44056    0.734719   0.871071
  1274.44864    0.930330   0.870831
  1274.45671    0.865986   0.870592
  1274.46479    1.101361   0.870353
  1274.47285    0.798465   0.870116
  1274.48093    1.275296   0.869879
  1274.48899    1.016856   0.869644
  1274.49707    0.827337   0.869409
  1274.50515    0.681184   0.869175
  1274.51321    0.833757   0.868943
  1274.52128    0.654780   0.868711
  1274.52936    0.763902   0.868481
  1274.53743    0.944106   0.868251
  1274.54550    0.843857   0.868022
  1274.55358    1.046280   0.867794
  1274.56164    0.953278   0.867568
  1274.56972    0.972956   0.867342
  1274.57780    1.019969   0.867117
  1274.58586    0.655261   0.866893
  1274.59394    0.802128   0.866670
  1274.60200    0.949970   0.866448
  1274.61008    0.808656   0.866227
  1274.61815    0.858708   0.866008
  1274.62622    0.928466   0.865789
  1274.63430    0.881248   0.865571
  1274.64237    0.832520   0.865355
  1274.65043    0.806598   0.865139
  1274.65851    1.001078   0.864924
  1274.66659    1.081658   0.864711
  1274.67465    0.763348   0.864498
  1274.68273    1.201244   0.864287
  1274.69079    0.822838   0.864076
  1274.69887    0.853614   0.863867
  1274.70694    0.882814   0.863659
  1274.71501    0.816250   0.863451
  1274.72308    0.836397   0.863245
  1274.73116    0.880367   0.863040
  1274.73922    0.797296   0.862836
  1274.74730    0.789117   0.862633
  1274.75538    0.903757   0.862431
  1274.76344    0.957677   0.862230
  1274.77152    1.148721   0.862030
  1274.77958    0.687087   0.861832
  1274.78766    0.719840   0.861634
  1274.79573    1.029902   0.861438
  1274.80380    0.917713   0.861242
  1274.81187    0.744200   0.861048
  1274.81995    1.233884   0.860855
  1274.82801    1.117785   0.860663
  1274.83609    0.772009   0.860472
  1274.84417    0.969680   0.860282
  1274.85223    0.767544   0.860094
  1274.86031    0.755415   0.859906
  1274.86837    0.788645   0.859720
  1274.87645    0.729562   0.859535
  1274.88452    0.901193   0.859351
  1274.89260    0.949849   0.859168
  1274.90067    0.931210   0.858986
  1274.90874    0.860604   0.858805
  1274.91682    0.799900   0.858626
  1274.92488    0.874112   0.858447
  1274.93296    0.714629   0.858270
  1274.94102    0.979973   0.858094
  1274.94910    0.931925   0.857919
  1274.95716    0.601257   0.857746
  1274.96524    0.986228   0.857573
  1274.97331    0.720665   0.857402
  1274.98139    0.842311   0.857232
  1274.98946    0.960638   0.857063
  1274.99753    0.714911   0.856895
  1275.00561    0.777693   0.856728
  1275.01367    0.724837   0.856563
  1275.02175    0.684660   0.856399
  1275.02981    0.787914   0.856236
  1275.03789    1.218072   0.856074
  1275.04596    1.015270   0.855914
  1275.05403    0.804996   0.855754
  1275.06210    0.867685   0.855596
  1275.07018    0.709726   0.855439
  1275.07825    0.910969   0.855283
  1275.08632    0.784311   0.855129
  1275.09440    0.880102   0.854976
  1275.10246    0.876653   0.854824
  1275.11054    0.860969   0.854673
  1275.11860    0.744458   0.854523
  1275.12668    1.055408   0.854375
  1275.13475    0.807421   0.854228
  1275.14282    0.759718   0.854082
  1275.15089    0.993173   0.853937
  1275.15897    0.806761   0.853794
  1275.16704    1.042679   0.853652
  1275.17511    1.155717   0.853511
  1275.18319    0.978977   0.853371
  1275.19125    0.749809   0.853233
  1275.19933    0.862484   0.853096
  1275.20739    0.845883   0.852960
  1275.21547    0.609906   0.852826
  1275.22354    0.806417   0.852692
  1275.23161    0.583111   0.852560
  1275.23968    0.797213   0.852430
  1275.24776    0.844366   0.852300
  1275.25584    0.681213   0.852172
  1275.26390    0.938564   0.852045
  1275.27198    0.906924   0.851919
  1275.28004    0.735271   0.851795
  1275.28812    0.934766   0.851672
  1275.29618    1.056250   0.851550
  1275.30426    0.927893   0.851430
  1275.31233    0.794900   0.851311
  1275.32040    0.744522   0.851193
  1275.32848    0.854746   0.851076
  1275.33655    0.809141   0.850961
  1275.34463    0.999099   0.850847
  1275.35269    0.692487   0.850734
  1275.36077    0.876018   0.850623
  1275.36883    1.122856   0.850513
  1275.37691    0.979977   0.850404
  1275.38497    0.867297   0.850297
  1275.39305    1.040943   0.850191
  1275.40112    0.832316   0.850086
  1275.40920    0.992186   0.849983
  1275.41727    1.106270   0.849880
  1275.42534    0.867110   0.849780
  1275.43342    1.129547   0.849680
  1275.44148    0.847524   0.849582
  1275.44956    1.031904   0.849485
  1275.45762    0.905115   0.849390
  1275.46570    0.888830   0.849296
  1275.47376    0.921434   0.849203
  1275.48184    0.991282   0.849112
  1275.48992    0.773764   0.849021
  1275.49799    0.675206   0.848933
  1275.50606    1.111414   0.848845
  1275.51413    0.978908   0.848759
  1275.52221    1.008141   0.848675
  1275.53027    0.716019   0.848591
  1275.53835    0.748678   0.848509
  1275.54641    0.806399   0.848429
  1275.55449    0.816823   0.848349
  1275.56257    1.143915   0.848271
  1275.57063    0.870292   0.848195
  1275.57871    0.832873   0.848119
  1275.58678    0.922309   0.848046
  1275.59485    0.875035   0.847973
  1275.60292    0.948890   0.847902
  1275.61100    0.758024   0.847832
  1275.61906    0.859494   0.847764
  1275.62714    0.781395   0.847697
  1275.63522    1.076169   0.847631
  1275.64328    0.858271   0.847567
  1275.65136    0.835672   0.847504
  1275.65942    0.767078   0.847442
  1275.66750    0.882420   0.847382
  1275.67557    0.879838   0.847323
  1275.68364    0.924026   0.847266
  1275.69171    1.029417   0.847210
  1275.69979    0.818222   0.847155
  1275.70785    1.011777   0.847102
  1275.71593    0.878977   0.847050
  1275.72399    0.798933   0.846999
  1275.73207    1.217959   0.846950
  1275.74015    0.834180   0.846902
  1275.74822    0.897758   0.846856
  1275.75629    0.721958   0.846811
  1275.76436    0.828937   0.846767
  1275.77244    0.975388   0.846725
  1275.78050    0.887648   0.846684
  1275.78858    0.884626   0.846645
  1275.79664    0.990805   0.846607
  1275.80472    1.079929   0.846570
  1275.81278    0.866134   0.846535
  1275.82086    0.818242   0.846501
  1275.82894    0.779985   0.846468
  1275.83700    0.817830   0.846437
  1275.84508    1.051731   0.846407
  1275.85315    1.073165   0.846379
  1275.86123    0.815524   0.846352
  1275.86929    0.728701   0.846327
  1275.87737    0.924717   0.846302
  1275.88545    0.887875   0.846280
  1275.89351    0.974500   0.846258
  1275.90159    0.804354   0.846238
  1275.90965    0.960130   0.846220
  1275.91773    0.835545   0.846202
  1275.92580    0.751475   0.846187
  1275.93387    0.969677   0.846172
  1275.94194    0.886283   0.846159
  1275.95002    0.759434   0.846148
  1275.95808    0.938525   0.846137
  1275.96616    0.876170   0.846129
  1275.97424    0.817173   0.846121
  1275.98230    0.865613   0.846115
  1275.99038    0.848380   0.846111
  1275.99844    0.937382   0.846107
  1276.00652    0.776946   0.846106
  1276.01459    0.801466   0.846105
  1276.02266    0.849519   0.846106
  1276.03073    0.764154   0.846108
  1276.03881    0.925079   0.846112
  1276.04687    0.848185   0.846117
  1276.05495    1.058051   0.846124
  1276.06303    0.920616   0.846132
  1276.07109    0.754793   0.846141
  1276.07917    0.752523   0.846152
  1276.08723    1.153188   0.846164
  1276.09531    0.798048   0.846178
  1276.10338    0.741138   0.846192
  1276.11145    1.239444   0.846209
  1276.11952    1.011203   0.846226
  1276.12760    0.879398   0.846246
  1276.13568    0.963544   0.846266
  1276.14374    1.003872   0.846288
  1276.15180    0.818879   0.846311
  1276.15988    1.076697   0.846336
  1276.16796    1.021146   0.846362
  1276.17602    1.075170   0.846389
  1276.18410    0.718874   0.846418
  1276.19218    0.714228   0.846448
  1276.20024    0.618259   0.846480
  1276.20832    1.029996   0.846513
  1276.21639    0.988258   0.846547
  1276.22447    0.938904   0.846583
  1276.23253    0.735167   0.846620
  1276.24061    0.994214   0.846659
  1276.24867    0.942405   0.846698
  1276.25675    0.789075   0.846740
  1276.26481    0.734513   0.846782
  1276.27289    1.027208   0.846826
  1276.28096    0.893228   0.846872
  1276.28904    0.982446   0.846919
  1276.29711    1.105171   0.846967
  1276.30518    0.826938   0.847016
  1276.31326    0.855117   0.847067
  1276.32132    0.961971   0.847119
  1276.32940    0.684883   0.847173
  1276.33746    0.637392   0.847228
  1276.34554    0.777054   0.847284
  1276.35360    0.851731   0.847342
  1276.36168    1.026130   0.847401
  1276.36976    0.871290   0.847462
  1276.37783    1.113854   0.847524
  1276.38590    0.795659   0.847587
  1276.39397    0.899805   0.847651
  1276.40205    0.959776   0.847717
  1276.41011    0.959928   0.847784
  1276.41819    0.952646   0.847853
  1276.42625    1.030191   0.847923
  1276.43433    0.853535   0.847994
  1276.44240    0.938992   0.848067
  1276.45047    0.921589   0.848141
  1276.45855    0.820994   0.848217
  1276.46662    0.879902   0.848293
  1276.47469    1.082542   0.848371
  1276.48276    0.914599   0.848451
  1276.49084    0.820087   0.848531
  1276.49890    0.883272   0.848613
  1276.50698    0.943730   0.848697
  1276.51504    0.707725   0.848782
  1276.52312    0.817755   0.848868
  1276.53120    0.791038   0.848955
  1276.53926    0.708053   0.849044
  1276.54734    1.089061   0.849134
  1276.55541    0.839806   0.849225
  1276.56348    0.797597   0.849318
  1276.57155    0.819181   0.849412
  1276.57963    0.883145   0.849507
  1276.58769    0.877276   0.849604
  1276.59577    0.945280   0.849702
  1276.60383    0.835943   0.849801
  1276.61191    1.022028   0.849902
  1276.61999    0.796079   0.850004
  1276.62805    1.214649   0.850107
  1276.63612    0.909995   0.850211
  1276.64420    1.033701   0.850317
  1276.65228    1.111599   0.850424
  1276.66034    1.019261   0.850533
  1276.66842    0.732551   0.850643
  1276.67650    0.745764   0.850754
  1276.68456    0.985959   0.850866
  1276.69264    0.896799   0.850979
  1276.70070    0.923510   0.851094
  1276.70878    0.966717   0.851210
  1276.71684    1.032969   0.851328
  1276.72492    1.023250   0.851447
  1276.73299    0.869675   0.851566
  1276.74107    0.760630   0.851688
  1276.74914    0.938535   0.851810
  1276.75721    0.905787   0.851934
  1276.76529    0.770767   0.852059
  1276.77335    0.808755   0.852185
  1276.78141    1.064439   0.852313
  1276.78949    0.992901   0.852442
  1276.79757    0.909956   0.852572
  1276.80564    0.912072   0.852703
  1276.81371    0.771923   0.852836
  1276.82178    1.069985   0.852969
  1276.82986    0.841781   0.853105
  1276.83792    0.765676   0.853241
  1276.84600    0.764963   0.853378
  1276.85406    0.731625   0.853517
  1276.86214    0.750610   0.853657
  1276.87020    0.890437   0.853798
  1276.87828    0.634472   0.853941
  1276.88636    0.996448   0.854085
  1276.89443    0.853510   0.854229
  1276.90250    0.777534   0.854376
  1276.91057    0.934800   0.854523
  1276.91865    0.918488   0.854671
  1276.92671    0.753205   0.854821
  1276.93479    1.122725   0.854972
  1276.94287    0.785453   0.855124
  1276.95093    0.997914   0.855278
  1276.95901    0.791736   0.855432
  1276.96707    1.035402   0.855588
  1276.97515    1.201418   0.855745
  1276.98322    0.863802   0.855903
  1276.99129    0.910196   0.856062
  1276.99936    0.801394   0.856223
  1277.00744    0.787491   0.856384
  1277.01551    0.703723   0.856547
  1277.02358    0.726921   0.856711
  1277.03166    0.908133   0.856876
  1277.03972    0.769471   0.857042
  1277.04780    0.799755   0.857210
  1277.05586    0.902254   0.857379
  1277.06394    0.987086   0.857548
  1277.07201    0.844176   0.857719
  1277.08008    0.866383   0.857891
  1277.08815    0.884198   0.858064
  1277.09623    0.805519   0.858239
  1277.10431    0.871332   0.858414
  1277.11237    0.799687   0.858591
  1277.12043    1.011959   0.858769
  1277.12851    0.919968   0.858948
  1277.13659    0.765595   0.859128
  1277.14465    0.795353   0.859309
  1277.15273    0.999955   0.859491
  1277.16080    0.967129   0.859674
  1277.16887    1.009735   0.859859
  1277.17694    0.884408   0.860044
  1277.18502    0.787529   0.860231
  1277.19308    1.076013   0.860418
  1277.20116    0.828483   0.860607
  1277.20924    1.003022   0.860797
  1277.21730    0.898108   0.860988
  1277.22538    0.664063   0.861180
  1277.23344    0.995437   0.861373
  1277.24152    0.751480   0.861568
  1277.24959    0.911268   0.861763
  1277.25767    0.909373   0.861959
  1277.26573    1.088583   0.862157
  1277.27381    0.764265   0.862355
  1277.28189    0.690145   0.862555
  1277.28995    0.842381   0.862755
  1277.29803    0.970707   0.862957
  1277.30609    0.822708   0.863160
  1277.31417    0.976589   0.863363
  1277.32223    0.968060   0.863568
  1277.33031    0.696761   0.863774
  1277.33838    0.861856   0.863980
  1277.34646    0.597416   0.864188
  1277.35453    0.787250   0.864397
  1277.36260    0.810085   0.864607
  1277.37068    0.886719   0.864818
  1277.37874    0.732716   0.865030
  1277.38682    1.055816   0.865243
  1277.39488    0.799833   0.865456
  1277.40296    0.831180   0.865671
  1277.41103    0.627512   0.865887
  1277.41910    0.923501   0.866104
  1277.42717    0.695963   0.866322
  1277.43525    0.761424   0.866541
  1277.44332    0.724888   0.866760
  1277.45139    0.885123   0.866981
  1277.45947    0.977567   0.867203
  1277.46753    0.934026   0.867425
  1277.47561    0.548491   0.867649
  1277.48367    0.793884   0.867873
  1277.49175    1.070273   0.868099
  1277.49983    0.898147   0.868326
  1277.50790    0.894484   0.868553
  1277.51597    0.778405   0.868781
  1277.52404    0.943796   0.869011
  1277.53212    1.076712   0.869241
  1277.54018    0.851298   0.869472
  1277.54826    0.783550   0.869704
  1277.55632    0.673072   0.869937
  1277.56440    0.826798   0.870171
  1277.57246    0.832762   0.870405
  1277.58054    0.819467   0.870641
  1277.58862    0.804500   0.870878
  1277.59668    0.854557   0.871115
  1277.60476    0.861536   0.871354
  1277.61283    0.798508   0.871593
  1277.62091    0.736926   0.871833
  1277.62897    0.759175   0.872074
  1277.63705    0.794846   0.872316
  1277.64511    1.017477   0.872558
  1277.65319    0.813657   0.872802
  1277.66125    0.820256   0.873046
  1277.66933    0.949879   0.873292
  1277.67741    0.954842   0.873538
  1277.68548    0.814784   0.873785
  1277.69355    0.836325   0.874033
  1277.70162    0.954720   0.874281
  1277.70970    0.911277   0.874531
  1277.71776    0.633799   0.874781
  1277.72584    0.679171   0.875032
  1277.73390    0.673965   0.875284
  1277.74198    0.697676   0.875537
  1277.75004    0.698935   0.875790
  1277.75812    0.801359   0.876045
  1277.76620    0.738860   0.876300
  1277.77427    0.505339   0.876556
  1277.78234    0.798725   0.876813
  1277.79041    0.967003   0.877070
  1277.79849    0.568948   0.877329
  1277.80655    0.586202   0.877588
  1277.81463    0.899108   0.877848
  1277.82269    0.947872   0.878108
  1277.83077    0.849298   0.878370
  1277.83885    0.934780   0.878632
  1277.84691    0.890202   0.878895
  1277.85499    1.124387   0.879159
  1277.86306    1.024486   0.879423
  1277.87113    0.700355   0.879688
  1277.87920    0.919149   0.879954
  1277.88728    0.683500   0.880221
  1277.89534    0.885415   0.880488
  1277.90342    0.867506   0.880756
  1277.91148    0.958470   0.881025
  1277.91956    0.725370   0.881294
  1277.92764    1.168550   0.881565
  1277.93570    0.765881   0.881835
  1277.94378    0.965405   0.882107
  1277.95185    0.819902   0.882379
  1277.95992    0.919596   0.882652
  1277.96799    0.767615   0.882926
  1277.97607    0.812331   0.883200
  1277.98415    1.003665   0.883475
  1277.99221    0.805259   0.883751
  1278.00027    0.969266   0.884027
  1278.00835    0.829537   0.884304
  1278.01643    0.897963   0.884582
  1278.02449    0.839659   0.884860
  1278.03257    0.803559   0.885139
  1278.04064    0.660688   0.885419
  1278.04872    0.630718   0.885699
  1278.05678    0.867561   0.885980
  1278.06486    0.903804   0.886261
  1278.07292    0.890157   0.886543
  1278.08100    0.897531   0.886826
  1278.08908    0.795827   0.887110
  1278.09714    0.811551   0.887393
  1278.10522    0.970069   0.887678
  1278.11328    0.802896   0.887963
  1278.12136    0.836749   0.888249
  1278.12943    0.758111   0.888535
  1278.13751    1.136452   0.888822
  1278.14557    0.823501   0.889109
  1278.15365    0.863759   0.889398
  1278.16173    0.708043   0.889686
  1278.16979    0.918804   0.889975
  1278.17787    1.056649   0.890265
  1278.18593    1.032475   0.890555
  1278.19401    0.741243   0.890846
  1278.20208    0.778265   0.891138
  1278.21015    1.038493   0.891430
  1278.21822    1.200176   0.891722
  1278.22630    0.816747   0.892015
  1278.23436    0.826589   0.892308
  1278.24244    0.874778   0.892603
  1278.25050    0.858403   0.892897
  1278.25858    0.595462   0.893192
  1278.26666    0.862463   0.893488
  1278.27472    1.032008   0.893784
  1278.28280    1.014319   0.894081
  1278.29087    0.634231   0.894377
  1278.29894    0.974845   0.894675
  1278.30701    1.052483   0.894973
  1278.31509    1.048916   0.895272
  1278.32315    0.671594   0.895570
  1278.33123    0.819436   0.895870
  1278.33931    0.737314   0.896170
  1278.34737    0.910908   0.896470
  1278.35545    0.631774   0.896771
  1278.36351    0.667497   0.897072
  1278.37159    0.987444   0.897374
  1278.37966    1.150915   0.897676
  1278.38773    0.829387   0.897979
  1278.39580    0.782032   0.898282
  1278.40388    0.844719   0.898585
  1278.41196    0.739941   0.898889
  1278.42002    0.729769   0.899193
  1278.42810    0.870560   0.899498
  1278.43616    0.902569   0.899803
  1278.44424    0.909386   0.900109
  1278.45230    0.858324   0.900414
  1278.46038    0.702088   0.900721
  1278.46845    0.840860   0.901027
  1278.47652    0.788518   0.901334
  1278.48460    1.197031   0.901642
  1278.49267    0.727239   0.901949
  1278.50075    0.928307   0.902258
  1278.50881    0.879660   0.902566
  1278.51689    0.993205   0.902875
  1278.52495    0.905316   0.903184
  1278.53303    0.625169   0.903493
  1278.54109    0.868024   0.903803
  1278.54917    0.688461   0.904113
  1278.55724    0.859165   0.904424
  1278.56532    1.083542   0.904735
  1278.57338    0.738999   0.905045
  1278.58146    0.876940   0.905357
  1278.58954    0.737709   0.905669
  1278.59760    0.776506   0.905981
  1278.60568    0.951400   0.906294
  1278.61374    0.611875   0.906606
  1278.62182    0.732488   0.906919
  1278.62990    1.027817   0.907233
  1278.63796    0.972604   0.907546
  1278.64603    1.035418   0.907859
  1278.65411    0.887035   0.908174
  1278.66218    0.765203   0.908488
  1278.67025    0.860894   0.908802
  1278.67833    0.896314   0.909117
  1278.68639    0.806684   0.909432
  1278.69447    0.963478   0.909748
  1278.70253    0.849023   0.910063
  1278.71061    0.779429   0.910379
  1278.71868    0.902699   0.910695
  1278.72675    0.862631   0.911011
  1278.73482    1.209041   0.911327
  1278.74290    0.920900   0.911644
  1278.75097    0.822664   0.911962
  1278.75904    0.795328   0.912278
  1278.76712    0.841765   0.912596
  1278.77518    0.738254   0.912913
  1278.78326    0.967250   0.913231
  1278.79132    0.930055   0.913549
  1278.79940    0.886791   0.913867
  1278.80747    0.810125   0.914185
  1278.81554    0.753256   0.914503
  1278.82361    0.741062   0.914822
  1278.83169    0.664175   0.915141
  1278.83976    0.975818   0.915460
  1278.84783    0.992326   0.915778
  1278.85591    0.676631   0.916098
  1278.86397    0.848135   0.916417
  1278.87205    0.879347   0.916736
  1278.88011    0.843520   0.917056
  1278.88819    1.103343   0.917376
  1278.89627    0.781721   0.917696
  1278.90433    0.827459   0.918015
  1278.91241    0.891770   0.918336
  1278.92048    0.778023   0.918655
  1278.92855    0.801320   0.918976
  1278.93662    0.876959   0.919296
  1278.94470    0.822243   0.919617
  1278.95276    0.827431   0.919937
  1278.96084    0.840289   0.920257
  1278.96890    0.862369   0.920578
  1278.97698    0.699177   0.920899
  1278.98506    0.777614   0.921220
  1278.99312    0.672501   0.921540
  1279.00120    0.743828   0.921861
  1279.00927    0.931424   0.922182
  1279.01735    1.032138   0.922503
  1279.02541    0.752254   0.922824
  1279.03349    0.771975   0.923145
  1279.04155    0.843673   0.923466
  1279.04963    0.777067   0.923787
  1279.05771    0.965340   0.924109
  1279.06577    1.058528   0.924430
  1279.07385    0.616377   0.924751
  1279.08191    0.897193   0.925072
  1279.08999    0.935585   0.925393
  1279.09806    0.747676   0.925714
  1279.10614    0.888830   0.926036
  1279.11420    1.112440   0.926356
  1279.12228    0.925454   0.926678
  1279.13036    0.802440   0.926999
  1279.13842    0.889342   0.927320
  1279.14650    0.876605   0.927641
  1279.15456    0.864838   0.927962
  1279.16264    0.950910   0.928283
  1279.17071    0.960867   0.928603
  1279.17878    1.006545   0.928924
  1279.18685    0.993939   0.929245
  1279.19493    0.748089   0.929566
  1279.20299    0.811360   0.929886
  1279.21107    1.003138   0.930207
  1279.21913    0.877617   0.930527
  1279.22721    0.777322   0.930847
  1279.23527    0.991016   0.931167
  1279.24335    0.809512   0.931488
  1279.25143    0.828421   0.931808
  1279.25950    0.909351   0.932128
  1279.26757    0.921803   0.932448
  1279.27564    0.911451   0.932767
  1279.28372    0.903556   0.933087
  1279.29180    0.890734   0.933407
  1279.29986    1.004651   0.933726
  1279.30792    0.871052   0.934045
  1279.31600    0.807526   0.934364
  1279.32408    0.906846   0.934683
  1279.33214    0.803049   0.935001
  1279.34022    0.842203   0.935320
  1279.34830    0.828557   0.935639
  1279.35636    0.698249   0.935957
  1279.36443    0.855085   0.936275
  1279.37251    0.843003   0.936593
  1279.38059    0.788534   0.936911
  1279.38865    1.016998   0.937228
  1279.39673    1.081941   0.937545
  1279.40479    0.687472   0.937862
  1279.41287    0.749014   0.938179
  1279.42093    0.788695   0.938496
  1279.42901    0.892861   0.938813
  1279.43708    1.079172   0.939129
  1279.44516    0.947484   0.939445
  1279.45323    1.075457   0.939761
  1279.46130    0.912839   0.940076
  1279.46938    0.793371   0.940392
  1279.47744    0.780103   0.940706
  1279.48552    1.021392   0.941022
  1279.49358    1.093729   0.941336
  1279.50166    0.864166   0.941650
  1279.50972    0.781247   0.941964
  1279.51780    0.831157   0.942278
  1279.52587    0.997152   0.942591
  1279.53395    0.840828   0.942905
  1279.54202    0.930712   0.943218
  1279.55009    0.747265   0.943530
  1279.55817    1.052159   0.943843
  1279.56623    0.884697   0.944155
  1279.57431    0.919216   0.944466
  1279.58237    0.816579   0.944778
  1279.59045    0.985523   0.945089
  1279.59852    0.974667   0.945399
  1279.60659    1.193596   0.945710
  1279.61467    1.192834   0.946020
  1279.62274    0.987085   0.946330
  1279.63080    0.860076   0.946639
  1279.63888    0.993399   0.946948
  1279.64696    0.965345   0.947257
  1279.65502    0.883068   0.947565
  1279.66310    1.019553   0.947873
  1279.67118    0.770088   0.948181
  1279.67924    0.928073   0.948488
  1279.68731    1.026883   0.948795
  1279.69538    0.910685   0.949101
  1279.70345    0.823360   0.949407
  1279.71153    0.748604   0.949713
  1279.71960    1.052626   0.950018
  1279.72767    0.875253   0.950323
  1279.73575    0.805035   0.950628
  1279.74381    1.145631   0.950931
  1279.75189    0.939985   0.951235
  1279.75995    0.845159   0.951538
  1279.76803    1.025095   0.951841
  1279.77610    1.040170   0.952143
  1279.78417    0.805719   0.952445
  1279.79225    1.022148   0.952746
  1279.80032    1.056818   0.953047
  1279.80840    0.919129   0.953348
  1279.81646    0.712648   0.953647
  1279.82454    0.942903   0.953947
  1279.83260    0.788300   0.954246
  1279.84068    1.016209   0.954545
  1279.84874    1.052528   0.954842
  1279.85682    0.919936   0.955140
  1279.86490    0.820964   0.955437
  1279.87296    0.990877   0.955734
  1279.88104    0.799462   0.956030
  1279.88911    0.989953   0.956325
  1279.89719    1.060844   0.956620
  1279.90525    0.783390   0.956914
  1279.91333    1.041978   0.957208
  1279.92139    1.126195   0.957501
  1279.92947    0.903392   0.957794
  1279.93755    0.870356   0.958087
  1279.94561    0.856480   0.958378
  1279.95368    1.043450   0.958669
  1279.96176    0.996344   0.958960
  1279.96983    1.152320   0.959250
  1279.97790    0.922927   0.959539
  1279.98598    1.028052   0.959828
  1279.99404    0.891249   0.960116
  1280.00212    0.968292   0.960404
  1280.01018    1.132729   0.960691
  1280.01826    0.722504   0.960977
  1280.02632    1.006915   0.961263
  1280.03440    1.134012   0.961548
  1280.04247    0.960526   0.961832
  1280.05055    1.022377   0.962116
  1280.05862    1.134770   0.962400
  1280.06669    0.900307   0.962682
  1280.07477    1.111532   0.962964
  1280.08283    0.965513   0.963245
  1280.09091    0.931151   0.963526
  1280.09897    0.837929   0.963806
  1280.10705    1.017174   0.964085
  1280.11513    0.966700   0.964364
  1280.12319    1.123860   0.964642
  1280.13127    1.012893   0.964919
  1280.13934    0.813454   0.965195
  1280.14741    1.170878   0.965471
  1280.15548    1.022299   0.965746
  1280.16356    1.009130   0.966020
  1280.17162    0.868287   0.966294
  1280.17970    1.084305   0.966567
  1280.18778    0.993986   0.966839
  1280.19584    1.027239   0.967110
  1280.20392    1.024850   0.967381
  1280.21198    1.003742   0.967651
  1280.22006    1.102515   0.967920
  1280.22813    0.974691   0.968188
  1280.23620    0.903133   0.968456
  1280.24427    0.910566   0.968722
  1280.25235    1.164151   0.968989
  1280.26041    1.065545   0.969253
  1280.26849    1.025878   0.969518
  1280.27657    0.977688   0.969782
  1280.28463    0.987133   0.970044
  1280.29271    0.944673   0.970306
  1280.30077    0.989192   0.970567
  1280.30885    0.997983   0.970827
  1280.31692    1.098997   0.971087
  1280.32500    1.033233   0.971345
  1280.33306    0.990629   0.971603
  1280.34114    1.163671   0.971860
  1280.34922    0.971327   0.972116
  1280.35728    0.881579   0.972370
  1280.36536    0.953682   0.972625
  1280.37342    1.104651   0.972878
  1280.38150    0.822754   0.973130
  1280.38956    0.984906   0.973381
  1280.39764    0.972249   0.973632
  1280.40571    0.843815   0.973881
  1280.41379    0.938704   0.974129
  1280.42186    1.183142   0.974377
  1280.42993    1.021266   0.974624
  1280.43801    1.162045   0.974869
  1280.44607    1.147488   0.975114
  1280.45415    0.870340   0.975357
  1280.46221    1.106789   0.975600
  1280.47029    0.977536   0.975841
  1280.47836    0.899490   0.976082
  1280.48643    1.150671   0.976321
  1280.49450    0.883281   0.976559
  1280.50258    1.015000   0.976797
  1280.51065    0.969902   0.977033
  1280.51872    1.077640   0.977268
  1280.52680    1.031636   0.977502
  1280.53486    1.037675   0.977735
  1280.54294    1.178411   0.977967
  1280.55100    0.821249   0.978197
  1280.55908    1.005679   0.978427
  1280.56715    1.002955   0.978655
  1280.57522    0.856922   0.978882
  1280.58330    0.926774   0.979109
  1280.59137    1.288818   0.979333
  1280.59944    1.027312   0.979557
  1280.60751    0.912767   0.979779
  1280.61559    1.036342   0.980001
  1280.62365    1.031443   0.980221
  1280.63173    0.960820   0.980440
  1280.63979    1.111536   0.980657
  1280.64787    0.930005   0.980874
  1280.65595    0.904538   0.981089
  1280.66401    1.063014   0.981303
  1280.67209    0.986286   0.981516
  1280.68021    1.010894   0.981729
  1280.68823    0.953215   0.981938
  1280.69630    0.857409   0.982147
  1280.70438    0.973003   0.982355
  1280.71244    1.059164   0.982561
  1280.72052    1.031864   0.982767
  1280.72858    1.197157   0.982971
  1280.73666    1.245039   0.983173
  1280.74473    1.023538   0.983375
  1280.75280    0.781225   0.983575
  1280.76088    1.144514   0.983774
  1280.76895    1.054946   0.983972
  1280.77703    1.150211   0.984168
  1280.78509    0.914140   0.984363
  1280.79317    1.228694   0.984557
  1280.80123    1.066864   0.984749
  1280.80931    1.282849   0.984941
  1280.81737    0.946056   0.985130
  1280.82545    1.134030   0.985319
  1280.83352    0.881456   0.985506
  1280.84160    1.045036   0.985692
  1280.84967    1.017845   0.985877
  1280.85774    0.953068   0.986060
  1280.86582    0.981263   0.986242
  1280.87388    1.288888   0.986423
  1280.88196    1.040451   0.986602
  1280.89002    1.095769   0.986780
  1280.89810    1.240016   0.986957
  1280.90616    0.957868   0.987132
  1280.91424    1.044370   0.987306
  1280.92232    0.868121   0.987479
  1280.93039    1.158503   0.987650
  1280.93845    1.050781   0.987820
  1280.94653    1.141638   0.987989
  1280.95461    1.224893   0.988156
  1280.96267    0.987946   0.988322
  1280.97075    0.958197   0.988487
  1280.97881    1.086417   0.988650
  1280.98689    1.142964   0.988812
  1280.99497    0.960183   0.988973
  1281.00303    0.920055   0.989132
  1281.01111    1.143176   0.989290
  1281.01918    1.230313   0.989447
  1281.02725    1.180638   0.989602
  1281.03532    1.039875   0.989756
  1281.04340    1.070792   0.989909
  1281.05146    1.253048   0.990060
  1281.05954    1.145901   0.990210
  1281.06760    1.070841   0.990358
  1281.07568    0.938578   0.990506
  1281.08376    1.236136   0.990652
  1281.09182    1.222588   0.990796
  1281.09990    1.075496   0.990940
  1281.10797    1.065601   0.991082
  1281.11604    0.848144   0.991222
  1281.12411    1.029384   0.991361
  1281.13219    1.112176   0.991499
  1281.14025    1.144619   0.991636
  1281.14833    1.063765   0.991771
  1281.15639    1.024614   0.991905
  1281.16447    0.918382   0.992038
  1281.17255    1.130119   0.992170
  1281.18061    1.166812   0.992299
  1281.18869    0.918696   0.992428
  1281.19676    0.991019   0.992556
  1281.20484    1.166139   0.992682
  1281.21290    0.991912   0.992807
  1281.22098    1.041853   0.992930
  1281.22904    1.018302   0.993052
  1281.23712    1.036306   0.993173
  1281.24520    0.858544   0.993293
  1281.25326    1.160474   0.993411
  1281.26133    0.934780   0.993528
  1281.26940    0.989520   0.993644
  1281.27748    1.125526   0.993759
  1281.28555    1.198743   0.993872
  1281.29363    1.277839   0.993984
  1281.30169    1.155571   0.994094
  1281.30977    1.186632   0.994204
  1281.31783    1.185512   0.994312
  1281.32591    1.055597   0.994419
  1281.33399    1.096700   0.994524
  1281.34205    0.959947   0.994629
  1281.35013    0.927077   0.994732
  1281.35820    1.065870   0.994834
  1281.36627    1.198625   0.994934
  1281.37434    1.020108   0.995034
  1281.38242    1.017391   0.995132
  1281.39048    1.232872   0.995229
  1281.39856    1.054641   0.995325
  1281.40662    1.047630   0.995419
  1281.41470    0.977084   0.995513
  1281.42276    0.869116   0.995605
  1281.43084    1.059979   0.995696
  1281.43892    0.931545   0.995785
  1281.44699    1.110618   0.995874
  1281.45506    1.006393   0.995961
  1281.46313    1.046497   0.996047
  1281.47121    1.014592   0.996132
  1281.47928    1.119614   0.996216
  1281.48735    0.893239   0.996299
  1281.49543    1.087699   0.996380
  1281.50349    0.837183   0.996461
  1281.51157    1.235459   0.996540
  1281.51963    0.863361   0.996618
  1281.52771    1.101512   0.996695
  1281.53578    0.940142   0.996770
  1281.54385    0.955052   0.996845
  1281.55192    1.054257   0.996919
  1281.56000    0.984341   0.996991
  1281.56808    1.014551   0.997063
  1281.57614    1.067243   0.997133
  1281.58422    0.963916   0.997202
  1281.59228    1.032974   0.997270
  1281.60036    1.080005   0.997337
  1281.60842    1.069328   0.997403
  1281.61650    1.065683   0.997468
  1281.62457    1.089186   0.997532
  1281.63264    1.062785   0.997594
  1281.64071    1.084893   0.997656
  1281.64879    1.012360   0.997717
  1281.65685    0.887226   0.997776
  1281.66493    1.040076   0.997835
  1281.67299    0.952422   0.997892
  1281.68107    1.176673   0.997949
  1281.68915    0.778037   0.998005
  1281.69721    0.950787   0.998059
  1281.70529    1.055905   0.998113
  1281.71337    0.940641   0.998166
  1281.72144    1.049226   0.998217
  1281.72951    0.929329   0.998268
  1281.73758    0.978359   0.998318
  1281.74566    0.828639   0.998367
  1281.75372    1.113259   0.998415
  1281.76180    1.102553   0.998462
  1281.76986    1.149714   0.998507
  1281.77794    1.026301   0.998553
  1281.78600    1.185511   0.998597
  1281.79408    0.958555   0.998640
  1281.80216    1.086259   0.998683
  1281.81023    1.170737   0.998724
  1281.81830    0.855370   0.998765
  1281.82637    0.769611   0.998805
  1281.83445    1.061233   0.998844
  1281.84251    0.970846   0.998882
  1281.85059    1.147853   0.998919
  1281.85865    0.884983   0.998955
  1281.86673    1.118771   0.998991
  1281.87480    1.050739   0.999026
  1281.88287    1.035088   0.999060
  1281.89094    0.964788   0.999093
  1281.89902    0.789499   0.999125
  1281.90708    0.938616   0.999157
  1281.91516    0.919276   0.999188
  1281.92324    0.927061   0.999218
  1281.93130    1.035449   0.999247
  1281.93938    1.203860   0.999276
  1281.94744    1.108286   0.999304
  1281.95552    0.961987   0.999331
  1281.96360    1.089828   0.999357
  1281.97166    1.187419   0.999383
  1281.97974    1.100071   0.999408
  1281.98781    1.092003   0.999432
  1281.99588    1.002020   0.999456
  1282.00395    0.990347   0.999479
  1282.01203    0.856591   0.999501
  1282.02009    1.075291   0.999523
  1282.02817    1.001703   0.999544
  1282.03623    1.024114   0.999565
  1282.04431    1.028823   0.999584
  1282.05239    1.121783   0.999603
  1282.06045    1.103936   0.999622
  1282.06853    1.097889   0.999640
  1282.07660    1.210899   0.999657
  1282.08468    0.846262   0.999674
  1282.09274    0.923659   0.999690
  1282.10082    1.245005   0.999706
  1282.10888    1.262320   0.999721
  1282.11696    0.929494   0.999736
  1282.12502    1.026211   0.999750
  1282.13310    1.146158   0.999764
  1282.14117    0.894195   0.999777
  1282.14924    0.979233   0.999789
  1282.15732    0.957623   0.999801
  1282.16539    0.840086   0.999813
  1282.17347    0.928184   0.999824
  1282.18153    1.094177   0.999835
  1282.18961    1.014657   0.999845
  1282.19767    1.156781   0.999855
  1282.20575    0.974205   0.999864
  1282.21383    0.945688   0.999873
  1282.22189    1.011756   0.999882
  1282.22997    1.145009   0.999890
  1282.23804    1.026243   0.999897
  1282.24611    1.036286   0.999905
  1282.25418    0.865624   0.999912
  1282.26226    1.020324   0.999918
  1282.27032    1.155112   0.999925
  1282.27840    1.056763   0.999931
  1282.28648    1.114271   0.999936
  1282.29454    1.078436   0.999942
  1282.30262    1.136544   0.999947
  1282.31068    0.924053   0.999951
  1282.31876    0.897965   0.999956
  1282.32683    1.061574   0.999960
  1282.33490    0.906732   0.999964
  1282.34297    0.870328   0.999967
  1282.35105    0.967184   0.999971
  1282.35911    1.088290   0.999974
  1282.36719    1.023800   0.999977
  1282.37527    1.131935   0.999979
  1282.38333    1.129413   0.999982
  1282.39140    1.036982   0.999984
  1282.39947    1.219205   0.999986
  1282.40755    0.993034   0.999988
  1282.41562    0.917240   0.999990
  1282.42369    1.059559   0.999991
  1282.43176    1.058558   0.999992
  1282.43984    1.068011   0.999994
  1282.44790    1.090370   0.999995
  1282.45598    0.694966   0.999996
  1282.46404    0.911075   0.999996
  1282.47212    1.123856   0.999997
  1282.48020    0.950661   0.999998
  1282.48826    1.295762   0.999998
  1282.49634    0.941405   0.999999
  1282.50441    1.104162   0.999999
  1282.51248    0.938976   0.999999
  1282.52056    0.913186   1.000000
  1282.52863    1.000163   1.000000
  1282.53671    0.961842   1.000000
  1282.54477    0.916562   1.000000
  1282.55283    1.038617   1.000000
  1282.56091    1.120449   1.000000
  1282.56899    1.089714   1.000000
  1282.57705    1.003155   1.000000
  1282.58513    0.974536   1.000000
  1282.59320    1.133590   1.000000
  1282.60128    0.939471   1.000000
  1282.60934    1.144894   1.000000
  1282.61742    1.053869   1.000000
  1282.62550    1.100944   1.000000
  1282.63356    0.952051   1.000000
  1282.64164    1.253024   1.000000
  1282.64970    1.032294   1.000000
  1282.65778    0.688677   1.000000
  1282.66584    0.981158   1.000000
  1282.67392    0.960074   1.000000
  1282.68199    1.111784   1.000000
  1282.69007    0.988543   1.000000
  1282.69814    1.032937   1.000000
  1282.70621    0.779008   1.000000
  1282.71429    1.004639   1.000000
  1282.72235    0.899205   1.000000
  1282.73043    1.122271   1.000000
  1282.73849    1.021542   1.000000
  1282.74657    1.110992   1.000000
  1282.75464    0.943966   1.000000
  1282.76271    0.916532   1.000000
  1282.77078    1.092684   1.000000
  1282.77886    0.929448   1.000000
  1282.78693    1.103292   1.000000
  1282.79500    1.117215   1.000000
  1282.80308    1.008358   1.000000
  1282.81114    1.064369   1.000000
  1282.81922    0.964017   1.000000
  1282.82730    1.013637   1.000000
  1282.83536    1.070765   1.000000
  1282.84343    1.044642   1.000000
  1282.85150    1.034659   1.000000
  1282.85958    1.119946   1.000000
  1282.86765    0.780022   1.000000
  1282.87572    0.939655   1.000000
  1282.88379    1.095226   1.000000
  1282.89187    0.811703   1.000000
  1282.89993    1.167765   1.000000
  1282.90801    0.971907   1.000000
  1282.91607    1.196411   1.000000
  1282.92415    0.908320   1.000000
  1282.93222    0.983834   1.000000
  1282.94029    0.920471   1.000000
  1282.94836    1.094788   1.000000
  1282.95644    0.972940   1.000000
  1282.96452    0.932010   1.000000
  1282.97258    0.901343   1.000000
  1282.98066    1.084429   1.000000
  1282.98872    0.990335   1.000000
  1282.99680    0.894407   1.000000
  1283.00486    0.996517   1.000000
  1283.01294    1.012517   1.000000
  1283.02102    0.946863   1.000000
  1283.02908    1.030472   1.000000
  1283.03715    0.958295   1.000000
  1283.04523    0.875594   1.000000
  1283.05331    1.065355   1.000000
  1283.06137    1.074845   1.000000
  1283.06945    0.895836   1.000000
  1283.07751    1.305695   1.000000
  1283.08559    0.985343   1.000000
  1283.09365    1.025260   1.000000
  1283.10173    0.958373   1.000000
  1283.10981    1.008517   1.000000
  1283.11788    0.977295   1.000000
  1283.12595    1.048632   1.000000
  1283.13402    0.913530   1.000000
  1283.14210    0.998278   1.000000
  1283.15016    0.878609   1.000000
  1283.15824    0.929008   1.000000
  1283.16630    0.921010   1.000000
  1283.17438    0.937489   1.000000
  1283.18244    0.906577   1.000000
  1283.19052    1.008216   1.000000
  1283.19860    1.083516   1.000000
  1283.20667    1.155014   1.000000
  1283.21474    1.048346   1.000000
  1283.22281    1.070628   1.000000
  1283.23089    0.897586   1.000000
  1283.23895    1.067978   1.000000
  1283.24703    1.065974   1.000000
  1283.25509    1.091436   1.000000
  1283.26317    0.882675   1.000000
  1283.27125    0.850392   1.000000
  1283.27931    0.724412   1.000000
  1283.28739    1.076605   1.000000
  1283.29546    0.992687   1.000000
  1283.30353    0.880685   1.000000
  1283.31160    0.934946   1.000000
  1283.31968    0.840850   1.000000
  1283.32774    1.128409   1.000000
  1283.33582    1.123234   1.000000
  1283.34390    0.958681   1.000000
  1283.35196    1.051368   1.000000
  1283.36004    1.060411   1.000000
  1283.36810    0.913294   1.000000
  1283.37618    0.996311   1.000000
  1283.38425    0.944703   1.000000
  1283.39232    0.934396   1.000000
  1283.40039    0.950848   1.000000
  1283.40847    0.803711   1.000000
  1283.41653    0.966252   1.000000
  1283.42461    1.089062   1.000000
  1283.43267    1.009984   1.000000
  1283.44075    0.966297   1.000000
  1283.44883    1.064813   1.000000
  1283.45689    1.148777   1.000000
  1283.46497    1.181671   1.000000
  1283.47304    1.120909   1.000000
  1283.48112    1.035007   1.000000
  1283.48918    1.040596   1.000000
  1283.49726    0.817440   1.000000
  1283.50532    0.851754   1.000000
  1283.51340    0.978439   1.000000
  1283.52146    0.872701   1.000000
  1283.52954    0.794686   1.000000
  1283.53762    0.977141   1.000000
  1283.54568    1.146612   1.000000
  1283.55376    0.898428   1.000000
  1283.56183    1.158502   1.000000
  1283.56991    0.777750   1.000000
  1283.57797    1.062590   1.000000
  1283.58605    1.119272   1.000000
  1283.59413    0.889237   1.000000
  1283.60219    0.981649   1.000000
  1283.61027    0.954658   1.000000
  1283.61833    1.000830   1.000000
  1283.62641    0.880490   1.000000
  1283.63448    0.891430   1.000000
  1283.64255    0.933812   1.000000
  1283.65062    0.995249   1.000000
  1283.65870    1.010447   1.000000
  1283.66676    0.878266   1.000000
  1283.67484    1.101771   1.000000
  1283.68292    1.103007   1.000000
  1283.69098    0.946545   1.000000
  1283.69906    0.869435   1.000000
  1283.70712    1.103233   1.000000
  1283.71520    0.979713   1.000000
  1283.72327    1.077573   1.000000
  1283.73134    1.053967   1.000000
  1283.73941    1.001966   1.000000
  1283.74749    1.032785   1.000000
  1283.75555    1.042766   1.000000
  1283.76363    0.905319   1.000000
  1283.77169    0.989810   1.000000
  1283.77977    0.828115   1.000000
  1283.78785    0.951133   1.000000
  1283.79591    1.283171   1.000000
  1283.80399    1.114750   1.000000
  1283.81206    1.077741   1.000000
  1283.82013    0.970802   1.000000
  1283.82820    1.001839   1.000000
  1283.83628    1.007284   1.000000
  1283.84436    1.018914   1.000000
  1283.85242    0.994084   1.000000
  1283.86050    0.988336   1.000000
  1283.86856    0.914668   1.000000
  1283.87664    0.942819   1.000000
  1283.88470    1.088749   1.000000
  1283.89278    0.827247   1.000000
  1283.90086    1.192810   1.000000
  1283.90892    1.085777   1.000000
  1283.91700    0.863852   1.000000
  1283.92507    1.204041   1.000000
  1283.93315    1.016210   1.000000
  1283.94121    1.004924   1.000000
  1283.94929    0.855155   1.000000
  1283.95735    1.002591   1.000000
  1283.96543    1.070351   1.000000
  1283.97349    1.063942   1.000000
  1283.98157    1.000532   1.000000
  1283.98964    0.896262   1.000000
  1283.99772    0.849923   1.000000
  1284.00579    1.011588   1.000000
  1284.01386    0.912793   1.000000
  1284.02194    1.017632   1.000000
  1284.03000    0.772251   1.000000
  1284.03808    0.929785   1.000000
  1284.04614    1.091874   1.000000
  1284.05422    0.913662   1.000000
  1284.06228    1.057899   1.000000
  1284.07036    1.202821   1.000000
  1284.07844    1.035163   1.000000
  1284.08651    1.135904   1.000000
  1284.09458    0.767493   1.000000
  1284.10265    1.060607   1.000000
  1284.11073    1.039109   1.000000
  1284.11879    1.010284   1.000000
  1284.12687    0.901681   1.000000
  1284.13493    1.044818   1.000000
  1284.14301    0.840470   1.000000
  1284.15108    0.831448   1.000000
  1284.15915    0.883293   1.000000
  1284.16723    0.971022   1.000000
  1284.17530    0.931608   1.000000
  1284.18337    0.802552   1.000000
  1284.19144    0.961816   1.000000
  1284.19952    0.712840   1.000000
  1284.20758    1.013078   1.000000
  1284.21566    0.850494   1.000000
  1284.22372    1.052424   1.000000
  1284.23180    0.902299   1.000000
  1284.23987    0.874563   1.000000
  1284.24794    1.123137   1.000000
  1284.25601    0.869623   1.000000
  1284.26409    0.943558   1.000000
  1284.27216    1.042534   1.000000
  1284.28023    0.837612   1.000000
  1284.28831    0.910876   1.000000
  1284.29637    0.799303   1.000000
  1284.30445    0.889738   1.000000
  1284.31251    0.998560   1.000000
  1284.32059    1.016050   1.000000
  1284.32867    0.985617   1.000000
  1284.33673    0.987614   1.000000
  1284.34480    1.088347   1.000000
  1284.35288    0.992137   1.000000
  1284.36096    1.152539   1.000000
  1284.36902    1.003494   1.000000
  1284.37710    0.787292   1.000000
  1284.38516    0.924359   1.000000
  1284.39324    0.980598   1.000000
  1284.40132    1.073963   1.000000
  1284.40938    0.968439   1.000000
  1284.41746    0.899452   1.000000
  1284.42552    1.115356   1.000000
  1284.43360    1.116812   1.000000
  1284.44167    0.888515   1.000000
  1284.44975    1.053602   1.000000
  1284.45781    0.919055   1.000000
  1284.46589    0.931433   1.000000
  1284.47395    1.121922   1.000000
  1284.48203    0.846017   1.000000
  1284.49009    0.859985   1.000000
  1284.49817    1.006659   1.000000
  1284.50625    0.965211   1.000000
  1284.51432    0.921822   1.000000
  1284.52239    0.843151   1.000000
  1284.53046    1.068325   1.000000
  1284.53854    1.039696   1.000000
  1284.54660    0.861257   1.000000
  1284.55468    0.925593   1.000000
  1284.56274    0.922201   1.000000
  1284.57082    0.876840   1.000000
  1284.57890    1.003228   1.000000
  1284.58696    0.914735   1.000000
  1284.59504    0.985225   1.000000
  1284.60311    0.785283   1.000000
  1284.61118    0.968143   1.000000
  1284.61926    0.832603   1.000000
  1284.62733    1.186352   1.000000
  1284.63539    0.942982   1.000000
  1284.64347    0.988051   1.000000
  1284.65155    1.077670   1.000000
  1284.65961    1.046707   1.000000
  1284.66768    1.007749   1.000000
  1284.67575    1.181751   1.000000
  1284.68383    0.978920   1.000000
  1284.69190    1.065665   1.000000
  1284.69997    0.899450   1.000000
  1284.70804    1.182753   1.000000
  1284.71612    0.954762   1.000000
  1284.72418    0.947342   1.000000
  1284.73226    0.914611   1.000000
  1284.74034    0.744214   1.000000
  1284.74840    1.031425   1.000000
  1284.75648    1.007856   1.000000
  1284.76454    0.993634   1.000000
  1284.77262    0.874158   1.000000
  1284.78070    1.023239   1.000000
  1284.78876    1.037563   1.000000
  1284.79683    0.941530   1.000000
  1284.80491    1.040834   1.000000
  1284.81297    1.054257   1.000000
  1284.82105    0.945554   1.000000
  1284.82911    0.991378   1.000000
  1284.83719    1.060092   1.000000
  1284.84527    1.032889   1.000000
  1284.85333    0.934576   1.000000
  1284.86141    1.000972   1.000000
  1284.86948    0.778266   1.000000
  1284.87756    0.802739   1.000000
  1284.88563    1.099738   1.000000
  1284.89370    0.995069   1.000000
  1284.90178    0.797014   1.000000
  1284.90984    0.872096   1.000000
  1284.91792    0.884676   1.000000
  1284.92598    1.036674   1.000000
  1284.93406    1.071218   1.000000
  1284.94212    1.106544   1.000000
  1284.95020    0.995463   1.000000
  1284.95827    1.104213   1.000000
  1284.96635    0.933721   1.000000
  1284.97441    0.918794   1.000000
  1284.98249    0.762920   1.000000
  1284.99057    0.951057   1.000000
  1284.99863    0.799373   1.000000
  1285.00671    1.061314   1.000000
  1285.01477    0.782766   1.000000
  1285.02285    0.792081   1.000000
  1285.03092    1.029385   1.000000
  1285.03899    0.867213   1.000000
  1285.04706    0.839472   1.000000
  1285.05514    0.845721   1.000000
  1285.06320    0.992736   1.000000
  1285.07128    0.879229   1.000000
  1285.07936    1.022747   1.000000
  1285.08742    1.074084   1.000000
  1285.09550    0.921463   1.000000
  1285.10356    1.071324   1.000000
  1285.11164    1.010998   1.000000
  1285.11971    0.931336   1.000000
  1285.12778    1.067476   1.000000
  1285.13585    1.195961   1.000000
  1285.14393    0.874301   1.000000
  1285.15200    1.019511   1.000000
  1285.16007    0.993925   1.000000
  1285.16815    1.046372   1.000000
  1285.17621    0.922595   1.000000
  1285.18429    0.915187   1.000000
  1285.19235    0.933317   1.000000
