    99.84355    1.046932   1.000000
    99.88531    1.015590   1.000000
    99.92506    1.036379   1.000000
    99.96350    0.940846   1.000000
   100.00195    0.977954   1.000000
   100.04170    1.047897   1.000000
   100.08014    0.934800   1.000000
   100.11874    1.021218   1.000000
   100.15834    0.913521   1.000000
   100.19779    1.001656   1.000000
   100.23638    1.030667   1.000000
   100.27498    1.064434   1.000000
   100.31458    1.026877   1.000000
   100.35418    1.064434   1.000000
   100.39262    0.932220   1.000000
   100.43122    1.033519   1.000000
   100.47082    0.968988   1.000000
   100.50941    0.999812   1.000000
   100.54886    0.970775   1.000000
   100.58904    0.995219   1.000000
   100.62806    0.970775   1.000000
   100.66666    0.999812   1.000000
   100.70525    1.035425   1.000000
   100.74370    0.984280   1.000000
   100.78330    0.993387   1.000000
   100.82189    1.063454   1.000000
   100.86034    1.005353   1.000000
   100.90008    1.073294   1.000000
   100.93954    0.994303   1.000000
   100.97798    1.042122   1.000000
   101.01773    1.063454   1.000000
   101.05618    1.101333   1.000000
   101.09592    0.997054   1.000000
   101.13437    1.040204   1.000000
   101.17282    0.979757   1.000000
   101.21141    1.093248   1.000000
   101.25000    1.027824   1.000000
   101.28946    1.027824   1.000000
   101.32805    1.071318   1.000000
   101.36765    0.994303   1.000000
   101.40725    1.080236   1.000000
   101.44584    1.090231   1.000000
   101.48429    1.022159   1.000000
   101.52389    0.921974   1.000000
   101.56349    0.987913   1.000000
   101.60309    1.128025   1.000000
   101.64269    0.915205   1.000000
   101.68214    1.064434   1.000000
   101.72189    1.046932   1.000000
   101.76034    1.075273   1.000000
   101.80008    1.029719   1.000000
   101.83954    1.024044   1.000000
   101.87798    1.082227   1.000000
   101.91672    1.037334   1.000000
   101.95517    0.977054   1.000000
   101.99462    0.994303   1.000000
   102.03336    0.996136   1.000000
   102.07181    0.961875   1.000000
   102.11040    0.954814   1.000000
   102.15000    0.962761   1.000000
   102.18845    0.974358   1.000000
   102.22704    0.964536   1.000000
   102.26664    1.050796   1.000000
   102.30624    1.020278   1.000000
   102.34469    1.016526   1.000000
   102.38342    0.972565   1.000000
   102.42288    0.962761   1.000000
   102.46133    1.116654   1.000000
   102.50006    1.116654   1.000000
   102.53851    0.928792   1.000000
   102.57696    1.015590   1.000000
   102.61670    0.994303   1.000000
   102.65515    0.999812   1.000000
   102.69374    0.977054   1.000000
   102.73219    1.030667   1.000000
   102.77078    0.957455   1.000000
   102.80938    0.991559   1.000000
   102.84883    1.024987   1.000000
   102.88757    1.010924   1.000000
   102.92602    0.977054   1.000000
   102.96547    0.985187   1.000000
   103.00421    0.937386   1.000000
   103.04266    0.953935   0.999999
   103.08226    0.988823   0.999997
   103.12186    0.997054   0.999994
   103.16131    0.973461   0.999988
   103.20005    0.998892   0.999980
   103.23950    1.012788   0.999967
   103.27795    1.054675   0.999952
   103.31770    0.963648   0.999931
   103.35614    1.133231   0.999905
   103.39589    0.998892   0.999873
   103.43434    1.118713   0.999834
   103.47379    0.960105   0.999788
   103.51253    0.976154   0.999734
   103.55098    1.009064   0.999672
   103.58957    0.987003   0.999601
   103.62917    0.963648   0.999518
   103.66762    0.981564   0.999426
   103.70621    0.981564   0.999323
   103.74466    0.997054   0.999208
   103.78440    1.005353   0.999076
   103.82285    1.040204   0.998935
   103.86130    1.015590   0.998779
   103.90003    0.960105   0.998608
   103.93949    1.027824   0.998418
   103.97808    1.002579   0.998216
   104.01768    0.991559   0.997991
   104.05714    1.052734   0.997748
   104.09688    1.031617   0.997485
   104.13634    0.950427   0.997203
   104.17507    1.019339   0.996907
   104.21453    1.060519   0.996585
   104.25413    1.001656   0.996240
   104.29272    1.041163   0.995881
   104.33117    0.968988   0.995503
   104.37091    1.023101   0.995087
   104.41037    0.994303   0.994651
   104.44997    0.977054   0.994188
   104.48856    0.960989   0.993711
   104.52701    0.997054   0.993212
   104.56546    0.948677   0.992688
   104.60419    0.962761   0.992133
   104.64264    0.957455   0.991555
   104.68224    1.032568   0.990933
   104.72083    0.955693   0.990298
   104.75942    0.990646   0.989635
   104.79888    0.962761   0.988927
   104.83848    0.981564   0.988187
   104.87707    1.005353   0.987435
   104.91667    0.921974   0.986633
   104.95613    0.950427   0.985801
   104.99472    1.009993   0.984957
   105.03432    0.951302   0.984059
   105.07291    0.951302   0.983151
   105.11136    0.968096   0.982215
   105.14995    1.017463   0.981244
   105.18854    0.926229   0.980240
   105.22800    1.022159   0.979180
   105.26674    0.956574   0.978106
   105.30619    0.973461   0.976978
   105.34464    0.933939   0.975845
   105.38438    0.938250   0.974639
   105.42384    1.038290   0.973406
   105.46258    0.988823   0.972162
   105.50203    0.996136   0.970860
   105.54048    1.011856   0.969557
   105.58022    0.924525   0.968174
   105.61968    0.990646   0.966767
   105.65942    1.038290   0.965313
   105.69888    0.916893   0.963835
   105.73747    1.009064   0.962355
   105.77606    0.968988   0.960842
   105.81451    0.946060   0.959301
   105.85426    0.967205   0.957675
   105.89270    0.978855   0.956069
   105.93216    0.925377   0.954387
   105.97090    0.978855   0.952704
   106.00934    0.964536   0.951003
   106.04779    0.983374   0.949271
   106.08754    0.917738   0.947450
   106.12598    0.955693   0.945659
   106.16558    0.950427   0.943785
   106.20518    0.988823   0.941883
   106.24363    0.891905   0.940010
   106.28338    0.935661   0.938046
   106.32182    0.943449   0.936121
   106.36042    0.965425   0.934164
   106.39886    0.857272   0.932191
   106.43746    0.907650   0.930186
   106.47605    0.926229   0.928159
   106.51550    0.905980   0.926062
   106.55525    0.895197   0.923928
   106.59470    0.890263   0.921786
   106.63330    0.853333   0.919669
   106.67290    0.891084   0.917476
   106.71250    0.872406   0.915261
   106.75109    0.960989   0.913083
   106.79054    0.902648   0.910837
   106.83014    0.960989   0.908562
   106.86974    0.872406   0.906268
   106.90934    0.894373   0.903955
   106.94880    0.854119   0.901632
   106.98754    0.876433   0.899334
   107.02598    0.847849   0.897037
   107.06558    0.897674   0.894653
   107.10518    0.912680   0.892254
   107.14363    0.849412   0.889908
   107.18222    0.983374   0.887539
   107.22082    0.813427   0.885156
   107.25941    0.863612   0.882758
   107.29886    0.866001   0.880292
   107.33846    0.944319   0.877804
   107.37706    0.870800   0.875365
   107.41666    0.917738   0.872851
   107.45525    0.902648   0.870387
   107.49470    0.871603   0.867857
   107.53430    0.886173   0.865306
   107.57290    0.866799   0.862809
   107.61134    0.824743   0.860311
   107.65008    0.883728   0.857784
   107.68954    0.866001   0.855201
   107.72914    0.845510   0.852598
   107.76773    0.817182   0.850053
   107.80618    0.860436   0.847509
   107.84592    0.802266   0.844872
   107.88538    0.794911   0.842246
   107.92382    0.822467   0.839680
   107.96357    0.813427   0.837021
   108.00202    0.807455   0.834443
   108.04162    0.843177   0.831782
   108.08021    0.771114   0.829183
   108.11866    0.766864   0.826590
   108.15725    0.814176   0.823982
   108.19685    0.783283   0.821303
   108.23530    0.808199   0.818699
   108.27389    0.836987   0.816082
   108.31349    0.820953   0.813395
   108.35309    0.816429   0.810706
   108.39168    0.797111   0.808084
   108.43114    0.839303   0.805403
   108.47088    0.843177   0.802703
   108.50933    0.831608   0.800090
   108.54792    0.749408   0.797469
   108.58637    0.827787   0.794860
   108.62496    0.818688   0.792242
   108.66456    0.851763   0.789559
   108.70301    0.840850   0.786958
   108.74174    0.830077   0.784341
   108.78120    0.725636   0.781679
   108.81965    0.789075   0.779091
   108.85838    0.794911   0.776490
   108.89784    0.778249   0.773846
   108.93629    0.809690   0.771278
   108.97502    0.761235   0.768697
   109.01448    0.814927   0.766078
   109.05307    0.767571   0.763525
   109.09267    0.800790   0.760916
   109.13213    0.788349   0.758328
   109.17187    0.782562   0.755734
   109.21075    0.701970   0.753208
   109.24891    0.757040   0.750742
   109.28750    0.778249   0.748263
   109.32595    0.746653   0.745808
   109.36454    0.745278   0.743361
   109.40299    0.720309   0.740939
   109.44173    0.739126   0.738519
   109.48118    0.713705   0.736074
   109.52078    0.739807   0.733643
   109.55938    0.761235   0.731298
   109.59883    0.719645   0.728926
   109.63858    0.724300   0.726564
   109.67803    0.711735   0.724247
   109.71662    0.757737   0.722008
   109.75622    0.686623   0.719742
   109.79467    0.735053   0.717571
   109.83341    0.713705   0.715415
   109.87286    0.695534   0.713252
   109.91131    0.722302   0.711176
   109.95106    0.700033   0.709064
   109.98950    0.805227   0.707055
   110.02795    0.679702   0.705079
   110.06770    0.685991   0.703074
   110.10614    0.646723   0.701169
   110.14474    0.711080   0.699293
   110.18434    0.668526   0.697405
   110.22278    0.655117   0.695609
   110.26253    0.665455   0.693791
   110.30098    0.695534   0.692070
   110.33957    0.671612   0.690380
   110.37917    0.678451   0.688685
   110.41762    0.641385   0.687078
   110.45722    0.664230   0.685463
   110.49581    0.659354   0.683928
   110.53440    0.653911   0.682431
   110.57285    0.658140   0.680979
   110.61130    0.663008   0.679566
   110.65104    0.643159   0.678145
   110.69050    0.647916   0.676775
   110.73024    0.666682   0.675437
   110.76869    0.651506   0.674182
   110.80829    0.743907   0.672929
   110.84688    0.677203   0.671748
   110.88634    0.706510   0.670580
   110.92507    0.622184   0.669473
   110.96352    0.636676   0.668413
   111.00298    0.633167   0.667364
   111.04171    0.689793   0.666372
   111.08117    0.652707   0.665402
   111.12091    0.604670   0.664464
   111.15936    0.694254   0.663593
   111.19781    0.629098   0.662760
   111.23640    0.678451   0.661959
   111.27499    0.677827   0.661194
   111.31358    0.680955   0.660465
   111.35203    0.674091   0.659774
   111.39163    0.623331   0.659097
   111.43022    0.644939   0.658472
   111.46968    0.631420   0.657868
   111.50842    0.634919   0.657308
   111.54787    0.679076   0.656771
   111.58632    0.627363   0.656279
   111.62506    0.668526   0.655815
   111.66451    0.625055   0.655374
   111.70296    0.628519   0.654974
   111.74170    0.660570   0.654599
   111.78115    0.662397   0.654247
   111.82090    0.646723   0.653920
   111.85934    0.615345   0.653631
   111.89779    0.646723   0.653366
   111.93754    0.561718   0.653118
   111.97598    0.562754   0.652902
   112.01558    0.648513   0.652703
   112.05518    0.592541   0.652526
   112.09363    0.615912   0.652375
   112.13338    0.618185   0.652239
   112.17283    0.632002   0.652122
   112.21258    0.667296   0.652023
   112.25203    0.622184   0.651940
   112.29163    0.623331   0.651872
   112.33022    0.629098   0.651819
   112.36968    0.675956   0.651777
   112.40928    0.605785   0.651746
   112.44888    0.604114   0.651724
   112.48747    0.622184   0.651710
   112.52606    0.669759   0.651701
   112.56552    0.654513   0.651697
   112.60426    0.661787   0.651696
   112.64270    0.663619   0.651696
   112.68216    0.634919   0.651696
   112.72090    0.606902   0.651696
   112.75934    0.596374   0.651697
   112.79880    0.644939   0.651697
   112.83854    0.656324   0.651697
   112.87699    0.653911   0.651697
   112.91674    0.647319   0.651697
   112.95619    0.661787   0.651698
   112.99579    0.651506   0.651698
   113.03539    0.675334   0.651698
   113.07384    0.658747   0.651698
   113.11358    0.667296   0.651698
   113.15203    0.618755   0.651698
   113.19048    0.607461   0.651699
   113.23022    0.622757   0.651699
   113.26867    0.591451   0.651699
   113.30712    0.657535   0.651699
   113.34686    0.676579   0.651699
   113.38531    0.592541   0.651700
   113.42390    0.616479   0.651700
   113.46350    0.634919   0.651700
   113.50195    0.652107   0.651700
   113.54054    0.646723   0.651700
   113.57914    0.648513   0.651701
   113.61773    0.677203   0.651701
   113.65618    0.634335   0.651701
   113.69462    0.632585   0.651701
   113.73437    0.614212   0.651701
   113.77382    0.636676   0.651702
   113.81256    0.639615   0.651702
   113.85202    0.639026   0.651702
   113.89162    0.619896   0.651702
   113.93122    0.609703   0.651702
   113.96966    0.658747   0.651703
   114.00840    0.692977   0.651703
   114.04685    0.630839   0.651706
   114.08630    0.600231   0.651713
   114.12504    0.650906   0.651724
   114.16349    0.695534   0.651741
   114.20208    0.637850   0.651766
   114.24053    0.620467   0.651800
   114.28013    0.666068   0.651846
   114.31973    0.655117   0.651905
   114.35832    0.654513   0.651975
   114.39792    0.657535   0.652061
   114.43752    0.636090   0.652165
   114.47597    0.638438   0.652281
   114.51557    0.634919   0.652420
   114.55416    0.631420   0.652575
   114.59275    0.612518   0.652749
   114.63221    0.644939   0.652950
   114.67080    0.666068   0.653168
   114.70939    0.648513   0.653409
   114.74784    0.683469   0.653673
   114.78758    0.647916   0.653971
   114.82632    0.643159   0.654289
   114.86448    0.640794   0.654627
   114.90422    0.581191   0.655009
   114.94368    0.632002   0.655416
   114.98342    0.652107   0.655858
   115.02288    0.572161   0.656327
   115.06248    0.696817   0.656830
   115.10107    0.687889   0.657351
   115.14053    0.629678   0.657916
   115.18013    0.659961   0.658518
   115.21973    0.638438   0.659153
   115.25832    0.624480   0.659807
   115.29691    0.644345   0.660494
   115.33637    0.633751   0.661231
   115.37496    0.677827   0.661988
   115.41456    0.625055   0.662800
   115.45416    0.603557   0.663651
   115.49275    0.699389   0.664515
   115.53221    0.660570   0.665437
   115.57080    0.616479   0.666375
   115.60939    0.659961   0.667350
   115.64885    0.663008   0.668386
   115.68758    0.644939   0.669440
   115.72603    0.623905   0.670524
   115.76549    0.629098   0.671675
   115.80523    0.659961   0.672874
   115.84368    0.650307   0.674073
   115.88342    0.662397   0.675351
   115.92288    0.669142   0.676660
   115.96133    0.664842   0.677974
   116.00006    0.659961   0.679336
   116.03952    0.664842   0.680762
   116.07912    0.658140   0.682234
   116.11771    0.679076   0.683706
   116.15616    0.714362   0.685210
   116.19475    0.652707   0.686758
   116.23334    0.665455   0.688343
   116.27280    0.666682   0.690001
   116.31254    0.669142   0.691711
   116.35200    0.657535   0.693447
   116.39045    0.622184   0.695175
   116.43019    0.726973   0.696999
   116.46965    0.698745   0.698847
   116.50939    0.724968   0.700746
   116.54784    0.672231   0.702617
   116.58629    0.715021   0.704523
   116.62603    0.682839   0.706528
   116.66549    0.659354   0.708554
   116.70523    0.717660   0.710629
   116.74368    0.634335   0.712668
   116.78342    0.722302   0.714809
   116.82187    0.700033   0.716911
   116.86032    0.698745   0.719042
   116.89891    0.793448   0.721210
   116.93750    0.700678   0.723406
   116.97595    0.720972   0.725621
   117.01555    0.694894   0.727930
   117.05515    0.737766   0.730265
   117.09475    0.753561   0.732626
   117.13435    0.740489   0.735010
   117.17280    0.686623   0.737347
   117.21254    0.713048   0.739782
   117.25099    0.735053   0.742157
   117.29045    0.783283   0.744612
   117.32918    0.722302   0.747039
   117.36864    0.689793   0.749526
   117.40723    0.703912   0.751973
   117.44582    0.726973   0.754433
   117.48528    0.705860   0.756961
   117.52502    0.715021   0.759520
   117.56448    0.744592   0.762071
   117.60422    0.721637   0.764652
   117.64267    0.796377   0.767158
   117.68213    0.812678   0.769738
   117.72086    0.850978   0.772280
   117.75931    0.741171   0.774809
   117.79891    0.795644   0.777421
   117.83750    0.771114   0.779973
   117.87595    0.795644   0.782520
   117.91555    0.776817   0.785148
   117.95515    0.777533   0.787781
   117.99475    0.753561   0.790417
   118.03334    0.840850   0.792990
   118.07179    0.832374   0.795555
   118.11139    0.811930   0.798198
   118.15099    0.831608   0.800843
   118.18958    0.807455   0.803422
   118.22918    0.802266   0.806068
   118.26763    0.804486   0.808637
   118.30622    0.807455   0.811214
   118.34467    0.827787   0.813781
   118.38442    0.847849   0.816432
   118.42286    0.852547   0.818995
   118.46131    0.873210   0.821555
   118.50005    0.784727   0.824131
   118.53850    0.830077   0.826685
   118.57709    0.810436   0.829244
   118.61554    0.850195   0.831788
   118.65413    0.833909   0.834338
   118.69272    0.799316   0.836882
   118.73117    0.856483   0.839411
   118.76962    0.858852   0.841934
   118.80835    0.900158   0.844469
   118.84781    0.779684   0.847043
   118.88755    0.838530   0.849629
   118.92600    0.837758   0.852122
   118.96445    0.834677   0.854608
   119.00419    0.877240   0.857167
   119.04264    0.815678   0.859634
   119.08123    0.889444   0.862101
   119.11968    0.918583   0.864549
   119.15842    0.865204   0.867005
   119.19686    0.915205   0.869432
   119.23632    0.878858   0.871911
   119.27506    0.825503   0.874333
   119.31350    0.892727   0.876725
   119.35195    0.868397   0.879105
   119.39170    0.927937   0.881552
   119.43014    0.947804   0.883906
   119.46974    0.852547   0.886317
   119.50834    0.801528   0.888652
   119.54678    0.855694   0.890964
   119.58538    0.879668   0.893270
   119.62498    0.857272   0.895621
   119.66357    0.882101   0.897897
   119.70202    0.895197   0.900148
   119.74046    0.906815   0.902383
   119.78021    0.900158   0.904676
   119.81866    1.013721   0.906877
   119.85725    1.002579   0.909069
   119.89584    0.843177   0.911243
   119.93530    0.942581   0.913447
   119.97389    0.894373   0.915583
   120.01248    0.927083   0.917701
   120.05107    0.919430   0.919799
   120.09053    0.939980   0.921923
   120.13013    0.882914   0.924034
   120.16973    0.984280   0.926123
   120.20832    0.925377   0.928137
   120.24792    0.898501   0.930181
   120.28752    0.888625   0.932202
   120.32597    0.939115   0.934141
   120.36557    0.945189   0.936113
   120.40517    0.982468   0.938061
   120.44362    0.973461   0.939928
   120.48336    0.930505   0.941832
   120.52181    0.882101   0.943648
   120.56040    0.881289   0.945444
   120.60000    0.952179   0.947260
   120.63845    0.982468   0.948994
   120.67704    1.022159   0.950707
   120.71549    0.936523   0.952384
   120.75422    0.933939   0.954043
   120.79267    0.952179   0.955659
   120.83213    0.926229   0.957287
   120.87187    1.005353   0.958892
   120.91032    0.958338   0.960414
   120.95006    1.021218   0.961954
   120.98851    0.955693   0.963411
   121.02797    0.946931   0.964873
   121.06771    0.910162   0.966311
   121.10616    1.009064   0.967670
   121.14475    1.029719   0.969001
   121.18334    0.996136   0.970300
   121.22280    0.936523   0.971594
   121.26254    0.940846   0.972863
   121.30200    1.095263   0.974088
   121.34045    1.043082   0.975250
   121.37918    0.902648   0.976388
   121.41763    0.937386   0.977485
   121.45622    0.989734   0.978554
   121.49467    0.977054   0.979588
   121.53442    0.974358   0.980624
   121.57387    1.013721   0.981619
   121.61347    1.091236   0.982585
   121.65206    1.028771   0.983495
   121.69166    1.034472   0.984398
   121.73112    0.931362   0.985265
   121.77086    0.976154   0.986107
   121.80931    0.977054   0.986892
   121.84891    1.006279   0.987670
   121.88750    0.978855   0.988400
   121.92595    1.005353   0.989098
   121.96454    1.085222   0.989771
   122.00414    0.997054   0.990433
   122.04274    1.024987   0.991051
   122.08118    1.051765   0.991640
   122.11963    0.981564   0.992203
   122.15837    0.990646   0.992745
   122.19682    1.040204   0.993257
   122.23541    1.015590   0.993748
   122.27501    0.995219   0.994225
   122.31346    0.977054   0.994665
   122.35205    1.043082   0.995084
   122.39050    1.021218   0.995480
   122.42923    1.000734   0.995856
   122.46768    0.990646   0.996208
   122.50714    0.960105   0.996548
   122.54688    0.990646   0.996869
   122.58533    1.034472   0.997160
   122.62392    0.968988   0.997434
   122.66251    0.953935   0.997689
   122.70096    0.957455   0.997926
   122.73955    0.943449   0.998146
   122.77800    1.052734   0.998350
   122.81774    1.044043   0.998544
   122.85619    1.005353   0.998716
   122.89464    0.987913   0.998874
   122.93438    1.041163   0.999023
   122.97384    1.003503   0.999157
   123.01258    0.997972   0.999276
   123.05102    0.946060   0.999382
   123.09048    1.015590   0.999479
   123.12922    0.937386   0.999564
   123.16766    0.957455   0.999639
   123.20626    1.014655   0.999704
   123.24586    0.996136   0.999762
   123.28430    0.922823   0.999811
   123.32290    1.044043   0.999852
   123.36134    1.046932   0.999887
   123.40109    0.922823   0.999916
   123.43954    0.993387   0.999940
   123.47798    1.079241   0.999958
   123.51672    0.977054   0.999972
   123.55618    0.992473   0.999983
   123.59592    0.958338   0.999990
   123.63538    1.015590   0.999995
   123.67382    0.946931   0.999998
   123.71256    1.026877   0.999999
   123.75101    1.054675   1.000000
   123.79046    1.052734   1.000000
   123.82920    0.968988   1.000000
   123.86765    0.984280   1.000000
   123.90624    1.021218   1.000000
   123.94584    1.038290   1.000000
   123.98530    0.947804   1.000000
   124.02504    0.953056   1.000000
   124.06349    0.989734   1.000000
   124.10208    0.949552   1.000000
   124.14168    1.051765   1.000000
   124.18013    1.000734   1.000000
   124.21872    0.979757   1.000000
   124.25717    1.036379   1.000000
   124.29691    0.987913   1.000000
   124.33536    1.133231   1.000000
   124.37381    0.962761   1.000000
   124.41355    1.067379   1.000000
   124.45200    1.005353   1.000000
   124.49045    0.961875   1.000000
   124.52918    0.994303   1.000000
   124.56864    1.041163   1.000000
   124.60723    0.902648   1.000000
   124.64582    1.095263   1.000000
   124.68542    0.981564   1.000000
   124.72502    0.973461   1.000000
   124.76347    0.968988   1.000000
   124.80307    1.008135   1.000000
   124.84166    0.968096   1.000000
   124.88112    0.990646   1.000000
   124.91971    0.998892   1.000000
   124.95931    1.020278   1.000000
   124.99891    1.076263   1.000000
   125.03750    0.993387   1.000000
   125.07595    1.040204   1.000000
   125.11454    0.968988   1.000000
   125.15414    1.084223   1.000000
   125.19274    1.032568   1.000000
   125.23118    0.964536   1.000000
   125.27078    1.008135   1.000000
   125.30938    1.050796   1.000000
   125.34782    0.954814   1.000000
   125.38642    0.982468   1.000000
   125.42501    1.023101   1.000000
   125.46446    1.007207   1.000000
   125.50421    1.035425   1.000000
   125.54266    0.997054   1.000000
   125.58226    0.956574   1.000000
   125.62085    0.937386   1.000000
   125.66030    1.015590   1.000000
   125.70005    0.996136   1.000000
   125.73850    1.107436   1.000000
   125.77709    0.954814   1.000000
   125.81554    1.024044   1.000000
   125.85514    0.977954   1.000000
   125.89373    0.994303   1.000000
   125.93218    1.029719   1.000000
   125.97091    1.021218   1.000000
