   616.69980    0.987050   1.000000
   616.71660    0.995765   1.000000
   616.75020    0.988169   1.000000
   616.76640    0.997792   1.000000
   616.78320    1.030650   1.000000
   616.80000    1.039405   1.000000
   616.83360    1.019641   1.000000
   616.84980    1.001289   1.000000
   616.86660    1.068615   1.000000
   616.90020    1.021814   1.000000
   616.91640    1.040735   1.000000
   616.93320    1.029868   1.000000
   616.95000    1.001226   1.000000
   616.98360    1.013025   1.000000
   616.99980    1.085832   1.000000
   617.01660    1.064524   1.000000
   617.05020    1.001217   1.000000
   617.06640    1.041691   1.000000
   617.08320    1.011367   1.000000
   617.10000    1.015461   1.000000
   617.13360    1.043309   1.000000
   617.14980    1.036112   1.000000
   617.16660    0.990627   1.000000
   617.18340    1.053554   1.000000
   617.21640    1.014930   1.000000
   617.23320    1.028660   1.000000
   617.25000    0.996181   1.000000
   617.28360    1.013518   1.000000
   617.29980    0.976281   1.000000
   617.31660    1.059460   1.000000
   617.33340    1.030727   1.000000
   617.36640    1.050777   1.000000
   617.38320    1.039920   1.000000
   617.40000    1.030736   1.000000
   617.43360    0.990554   1.000000
   617.44980    0.985919   1.000000
   617.46660    1.037157   1.000000
   617.48340    1.039722   1.000000
   617.51640    1.031186   1.000000
   617.53320    1.011529   1.000000
   617.55000    0.963992   1.000000
   617.58360    1.049287   1.000000
   617.59980    0.996095   1.000000
   617.61660    1.020018   1.000000
   617.63340    1.045547   1.000000
   617.66640    1.024781   1.000000
   617.68320    1.025815   1.000000
   617.70000    1.006995   1.000000
   617.71680    1.029630   1.000000
   617.74980    1.048176   1.000000
   617.76660    1.052165   1.000000
   617.78340    1.023784   1.000000
   617.81640    1.039836   1.000000
   617.83320    1.003525   1.000000
   617.85000    0.994606   1.000000
   617.86680    1.002505   1.000000
   617.89980    1.038673   1.000000
   617.91660    1.036249   1.000000
   617.93340    1.001263   1.000000
   617.96640    1.077872   1.000000
   617.98320    1.008145   1.000000
   618.00000    1.037519   1.000000
   618.01680    1.016533   1.000000
   618.04980    0.997040   1.000000
   618.06660    1.015977   1.000000
   618.08340    1.059458   1.000000
   618.11640    0.998139   1.000000
   618.13320    1.010347   1.000000
   618.15000    1.014985   1.000000
   618.16680    0.994201   1.000000
   618.19980    1.009395   1.000000
   618.21660    0.984820   1.000000
   618.23340    1.017322   1.000000
   618.25020    1.003335   1.000000
   618.28320    1.024674   1.000000
   618.30000    1.037934   1.000000
   618.31680    1.049506   1.000000
   618.34980    1.026842   1.000000
   618.36660    1.011735   1.000000
   618.38340    1.028294   1.000000
   618.40020    1.022325   1.000000
   618.43320    1.024096   1.000000
   618.45000    0.987993   1.000000
   618.46680    0.962928   1.000000
   618.49980    0.971859   1.000000
   618.51660    1.034126   1.000000
   618.53340    1.022283   1.000000
   618.55020    0.978117   1.000000
   618.58320    1.007402   1.000000
   618.60000    1.016172   1.000000
   618.61680    1.040973   1.000000
   618.64980    1.012151   1.000000
   618.66660    0.996486   0.999999
   618.68340    1.026290   0.999998
   618.70020    0.993984   0.999996
   618.73320    0.981454   0.999989
   618.75000    1.015028   0.999983
   618.76680    0.980942   0.999976
   618.78360    1.032108   0.999967
   618.81660    0.992262   0.999943
   618.83340    1.003678   0.999927
   618.85020    1.020918   0.999909
   618.88320    1.006101   0.999863
   618.90000    0.998059   0.999834
   618.91680    1.006679   0.999802
   618.93360    1.028960   0.999765
   618.96660    0.990818   0.999680
   618.98340    0.959525   0.999630
   619.00020    0.990895   0.999575
   619.03320    0.982375   0.999451
   619.05000    0.987371   0.999379
   619.06680    1.002505   0.999301
   619.08360    1.023938   0.999216
   619.11660    0.981744   0.999031
   619.13340    1.004305   0.998926
   619.15020    1.010458   0.998814
   619.18320    1.025393   0.998570
   619.20000    1.023964   0.998435
   619.21680    0.993418   0.998291
   619.23360    0.982207   0.998138
   619.26660    1.034311   0.997813
   619.28340    0.975343   0.997633
   619.30020    1.028828   0.997445
   619.31640    1.005351   0.997253
   619.35000    1.022448   0.996827
   619.36680    0.992597   0.996598
   619.38360    1.033821   0.996359
   619.41660    1.030413   0.995857
   619.43340    1.018662   0.995586
   619.45020    0.980685   0.995302
   619.46640    0.991643   0.995018
   619.50000    0.996415   0.994394
   619.51680    1.011713   0.994064
   619.53360    0.961745   0.993722
   619.56660    0.993513   0.993014
   619.58340    1.020364   0.992634
   619.60020    1.006524   0.992242
   619.61640    1.038098   0.991851
   619.65000    1.031482   0.991002
   619.66680    0.980627   0.990557
   619.68360    1.025748   0.990099
   619.71660    1.026091   0.989160
   619.73340    0.978797   0.988661
   619.75020    0.969280   0.988149
   619.76640    0.988324   0.987641
   619.80000    0.997198   0.986547
   619.81680    0.986566   0.985979
   619.83360    0.995523   0.985397
   619.84980    0.996266   0.984822
   619.88340    1.004531   0.983587
   619.90020    1.005442   0.982948
   619.91640    1.002871   0.982318
   619.95000    0.977604   0.980969
   619.96680    1.044280   0.980273
   619.98360    0.998748   0.979563
   619.99980    1.021341   0.978865
   620.03340    0.992667   0.977375
   620.05020    0.955889   0.976609
   620.06640    0.968418   0.975857
   620.10000    1.023452   0.974257
   620.11680    0.944499   0.973436
   620.13360    1.004299   0.972602
   620.14980    0.925353   0.971785
   620.18340    0.970030   0.970051
   620.20020    0.995764   0.969164
   620.21640    0.989624   0.968298
   620.25000    0.976497   0.966464
   620.26680    0.984804   0.965529
   620.28360    1.016112   0.964582
   620.29980    0.971234   0.963659
   620.33340    0.964943   0.961711
   620.35020    0.993815   0.960721
   620.36640    1.001563   0.959757
   620.38320    1.025725   0.958747
   620.41680    1.012365   0.956696
   620.43360    0.969552   0.955657
   620.44980    0.977835   0.954645
   620.48340    0.952636   0.952519
   620.50020    0.975128   0.951442
   620.51640    0.962001   0.950395
   620.53320    0.970505   0.949301
   620.56680    0.992458   0.947087
   620.58360    0.942083   0.945967
   620.59980    0.940947   0.944879
   620.63340    0.975795   0.942598
   620.65020    1.015967   0.941446
   620.66640    0.974323   0.940328
   620.68320    0.981022   0.939160
   620.71680    0.954594   0.936802
   620.73360    0.969454   0.935612
   620.74980    0.988836   0.934458
   620.78340    0.966434   0.932043
   620.80020    0.930794   0.930825
   620.81640    0.955579   0.929644
   620.83320    0.972433   0.928413
   620.86680    0.963080   0.925931
   620.88360    0.964920   0.924680
   620.89980    0.961966   0.923468
   620.91660    0.966690   0.922205
   620.95020    0.940912   0.919662
   620.96640    0.955882   0.918427
   620.98320    0.940173   0.917141
   621.01680    0.956073   0.914552
   621.03360    0.986042   0.913249
   621.04980    0.922826   0.911988
   621.06660    0.933554   0.910675
   621.10020    0.933972   0.908033
   621.11640    0.939742   0.906753
   621.13320    0.949737   0.905420
   621.16680    0.908153   0.902741
   621.18360    0.923200   0.901394
   621.19980    0.876062   0.900092
   621.21660    0.919812   0.898737
   621.25020    0.913358   0.896014
   621.26640    0.916102   0.894696
   621.28320    0.897755   0.893325
   621.31680    0.916772   0.890571
   621.33360    0.922603   0.889189
   621.34980    0.898928   0.887853
   621.36660    0.890810   0.886464
   621.40020    0.901263   0.883677
   621.41640    0.868430   0.882328
   621.43320    0.890314   0.880927
   621.45000    0.863122   0.879522
   621.48360    0.872253   0.876706
   621.49980    0.876120   0.875344
   621.51660    0.863611   0.873929
   621.55020    0.915501   0.871092
   621.56640    0.847803   0.869722
   621.58320    0.888825   0.868298
   621.60000    0.869886   0.866873
   621.63360    0.870054   0.864016
   621.64980    0.885899   0.862636
   621.66660    0.851154   0.861204
   621.70020    0.859895   0.858334
   621.71640    0.857293   0.856949
   621.73320    0.832141   0.855512
   621.75000    0.857406   0.854073
   621.78360    0.873641   0.851193
   621.79980    0.889706   0.849803
   621.81660    0.848445   0.848361
   621.85020    0.842522   0.845476
   621.86640    0.866351   0.844084
   621.88320    0.835210   0.842641
   621.90000    0.836057   0.841198
   621.93360    0.817682   0.838311
   621.94980    0.805958   0.836920
   621.96660    0.828838   0.835477
   621.98340    0.796456   0.834035
   622.01640    0.807838   0.831203
   622.03320    0.816606   0.829763
   622.05000    0.819238   0.828323
   622.08360    0.804380   0.825447
   622.09980    0.811754   0.824063
   622.11660    0.833460   0.822628
   622.13340    0.789046   0.821194
   622.16640    0.787089   0.818383
   622.18320    0.832702   0.816955
   622.20000    0.791104   0.815528
   622.23360    0.784704   0.812681
   622.24980    0.798333   0.811312
   622.26660    0.802350   0.809894
   622.28340    0.791136   0.808478
   622.31640    0.800341   0.805706
   622.33320    0.785096   0.804298
   622.35000    0.788520   0.802894
   622.38360    0.779151   0.800094
   622.39980    0.795988   0.798749
   622.41660    0.816288   0.797358
   622.43340    0.795098   0.795970
   622.46640    0.752631   0.793255
   622.48320    0.769369   0.791878
   622.50000    0.776684   0.790506
   622.51680    0.773350   0.789137
   622.54980    0.777123   0.786462
   622.56660    0.789951   0.785107
   622.58340    0.785224   0.783757
   622.61640    0.757324   0.781118
   622.63320    0.739887   0.779783
   622.65000    0.775199   0.778452
   622.66680    0.782890   0.777127
   622.69980    0.758500   0.774541
   622.71660    0.787531   0.773232
   622.73340    0.756754   0.771930
   622.76640    0.762993   0.769389
   622.78320    0.740629   0.768105
   622.80000    0.744782   0.766827
   622.81680    0.740345   0.765556
   622.84980    0.727185   0.763079
   622.86660    0.752762   0.761828
   622.88340    0.729337   0.760585
   622.91640    0.739040   0.758163
   622.93320    0.728643   0.756941
   622.95000    0.762365   0.755727
   622.96680    0.721363   0.754521
   622.99980    0.720278   0.752176
   623.01660    0.749234   0.750994
   623.03340    0.747930   0.749820
   623.05020    0.724331   0.748656
   623.08320    0.726542   0.746393
   623.10000    0.714917   0.745254
   623.11680    0.709346   0.744125
   623.14980    0.767951   0.741933
   623.16660    0.744413   0.740832
   623.18340    0.727879   0.739740
   623.20020    0.718041   0.738659
   623.23320    0.716275   0.736563
   623.25000    0.703194   0.735512
   623.26680    0.729723   0.734471
   623.29980    0.731366   0.732457
   623.31660    0.714327   0.731448
   623.33340    0.713699   0.730451
   623.35020    0.706607   0.729464
   623.38320    0.719617   0.727559
   623.40000    0.738895   0.726607
   623.41680    0.715857   0.725667
   623.44980    0.705889   0.723854
   623.46660    0.733985   0.722950
   623.48340    0.717953   0.722058
   623.50020    0.716849   0.721178
   623.53320    0.713542   0.719488
   623.55000    0.698917   0.718647
   623.56680    0.705562   0.717819
   623.58360    0.712439   0.717004
   623.61660    0.688843   0.715443
   623.63340    0.691548   0.714668
   623.65020    0.734287   0.713907
   623.68320    0.700534   0.712454
   623.70000    0.705545   0.711735
   623.71680    0.697143   0.711031
   623.73360    0.709368   0.710341
   623.76660    0.706607   0.709029
   623.78340    0.689574   0.708384
   623.80020    0.679624   0.707753
   623.83320    0.719860   0.706557
   623.85000    0.712455   0.705972
   623.86680    0.710766   0.705401
   623.88360    0.708361   0.704847
   623.91660    0.709094   0.703804
   623.93340    0.716512   0.703297
   623.95020    0.706669   0.702805
   623.98320    0.711215   0.701888
   624.00000    0.710985   0.701445
   624.01680    0.686475   0.701019
   624.03360    0.736755   0.700609
   624.06660    0.695246   0.699853
   624.08340    0.706606   0.699493
   624.10020    0.707112   0.699150
   624.11640    0.705397   0.698836
   624.15000    0.701220   0.698234
   624.16680    0.692545   0.697960
   624.18360    0.712971   0.697702
   624.21660    0.722137   0.697247
   624.23340    0.721097   0.697042
   624.25020    0.682311   0.696854
   624.26640    0.699112   0.696689
   624.30000    0.706561   0.696400
   624.31680    0.686678   0.696282
   624.33360    0.661112   0.696182
   624.36660    0.683020   0.696038
   624.38340    0.680614   0.695991
   624.40020    0.674442   0.695962
   624.41640    0.691157   0.695950
   624.45000    0.705935   0.695980
   624.46680    0.674181   0.696022
   624.48360    0.692137   0.696082
   624.51660    0.670718   0.696252
   624.53340    0.687239   0.696366
   624.55020    0.709673   0.696497
   624.56640    0.686457   0.696640
   624.60000    0.671814   0.696990
   624.61680    0.700488   0.697192
   624.63360    0.668951   0.697412
   624.64980    0.669789   0.697640
   624.68340    0.665594   0.698167
   624.70020    0.683923   0.698456
   624.71640    0.695756   0.698752
   624.75000    0.707984   0.699418
   624.76680    0.694591   0.699777
   624.78360    0.664027   0.700153
   624.79980    0.709405   0.700532
   624.83340    0.718789   0.701369
   624.85020    0.712312   0.701813
   624.86640    0.699177   0.702257
   624.90000    0.708159   0.703227
   624.91680    0.703286   0.703738
   624.93360    0.684310   0.704265
   624.94980    0.695009   0.704788
   624.98340    0.705750   0.705922
   625.00020    0.700260   0.706514
   625.01640    0.678827   0.707099
   625.05000    0.683644   0.708359
   625.06680    0.678810   0.709013
   625.08360    0.723201   0.709683
   625.09980    0.699439   0.710343
   625.13340    0.723254   0.711756
   625.15020    0.720964   0.712486
   625.16640    0.732648   0.713203
   625.18320    0.732709   0.713962
   625.21680    0.695085   0.715522
   625.23360    0.714525   0.716323
   625.24980    0.710859   0.717110
   625.28340    0.754930   0.718782
   625.30020    0.721873   0.719639
   625.31640    0.705582   0.720478
   625.33320    0.720931   0.721361
   625.36680    0.695730   0.723167
   625.38360    0.740120   0.724089
   625.39980    0.695923   0.724991
   625.43340    0.711639   0.726898
   625.45020    0.734381   0.727870
   625.46640    0.742476   0.728819
   625.48320    0.746203   0.729815
   625.51680    0.715455   0.731841
   625.53360    0.748565   0.732872
   625.54980    0.743953   0.733877
   625.58340    0.774393   0.735994
   625.60020    0.752566   0.737068
   625.61640    0.753853   0.738115
   625.63320    0.756223   0.739210
   625.66680    0.768885   0.741432
   625.68360    0.791718   0.742559
   625.69980    0.769225   0.743654
   625.71660    0.743018   0.744799
   625.75020    0.739713   0.747119
   625.76640    0.744242   0.748251
   625.78320    0.768957   0.749433
   625.81680    0.779441   0.751825
   625.83360    0.769356   0.753033
   625.84980    0.785998   0.754207
   625.86660    0.749356   0.755432
   625.90020    0.758225   0.757907
   625.91640    0.761191   0.759111
   625.93320    0.805079   0.760368
   625.96680    0.788868   0.762903
   625.98360    0.765167   0.764182
   625.99980    0.778999   0.765421
   626.01660    0.786832   0.766714
   626.05020    0.783559   0.769318
   626.06640    0.761534   0.770583
   626.08320    0.782269   0.771901
   626.11680    0.786984   0.774556
   626.13360    0.776204   0.775892
   626.14980    0.774607   0.777185
   626.16660    0.783479   0.778533
   626.20020    0.778791   0.781243
   626.21640    0.809059   0.782557
   626.23320    0.781386   0.783925
   626.25000    0.779937   0.785297
   626.28360    0.818136   0.788056
   626.29980    0.825518   0.789393
   626.31660    0.826538   0.790783
   626.35020    0.769083   0.793576
   626.36640    0.827672   0.794928
   626.38320    0.804800   0.796334
   626.40000    0.800022   0.797743
   626.43360    0.786114   0.800572
   626.44980    0.833142   0.801941
   626.46660    0.811549   0.803363
   626.50020    0.813136   0.806216
   626.51640    0.804548   0.807596
   626.53320    0.813702   0.809029
   626.55000    0.822370   0.810464
   626.58360    0.792788   0.813342
   626.59980    0.826272   0.814732
   626.61660    0.824786   0.816176
   626.65020    0.844196   0.819069
   626.66640    0.827670   0.820466
   626.68320    0.853534   0.821916
   626.70000    0.861788   0.823367
   626.73360    0.864870   0.826273
   626.74980    0.890957   0.827676
   626.76660    0.841665   0.829131
   626.78340    0.847624   0.830587
   626.81640    0.860649   0.833448
   626.83320    0.850617   0.834905
   626.85000    0.811553   0.836363
   626.88360    0.812025   0.839278
   626.89980    0.839163   0.840683
   626.91660    0.873138   0.842140
   626.93340    0.843763   0.843597
   626.96640    0.846786   0.846457
   626.98320    0.856277   0.847912
   627.00000    0.867144   0.849366
   627.03360    0.840071   0.852271
   627.04980    0.893734   0.853671
   627.06660    0.872912   0.855120
   627.08340    0.887133   0.856569
   627.11640    0.874693   0.859410
   627.13320    0.841202   0.860854
   627.15000    0.848992   0.862296
   627.18360    0.851515   0.865174
   627.19980    0.848005   0.866558
   627.21660    0.881134   0.867992
   627.23340    0.884352   0.869424
   627.26640    0.867473   0.872229
   627.28320    0.885255   0.873652
   627.30000    0.870408   0.875074
   627.31680    0.868101   0.876492
   627.34980    0.886158   0.879269
   627.36660    0.851984   0.880679
   627.38340    0.845845   0.882085
   627.41640    0.866024   0.884837
   627.43320    0.865985   0.886233
   627.45000    0.878244   0.887625
   627.46680    0.906006   0.889013
   627.49980    0.874737   0.891729
   627.51660    0.870938   0.893105
   627.53340    0.917775   0.894478
   627.56640    0.867005   0.897161
   627.58320    0.895372   0.898520
   627.60000    0.875943   0.899875
   627.61680    0.930963   0.901225
   627.64980    0.887876   0.903863
   627.66660    0.910798   0.905199
   627.68340    0.913867   0.906529
   627.71640    0.941882   0.909128
   627.73320    0.917670   0.910443
   627.75000    0.954856   0.911752
   627.76680    0.888428   0.913056
   627.79980    0.899535   0.915601
   627.81660    0.912073   0.916888
   627.83340    0.934444   0.918168
   627.85020    0.889630   0.919443
   627.88320    0.937259   0.921929
   627.90000    0.895558   0.923185
   627.91680    0.889426   0.924434
   627.94980    0.940771   0.926870
   627.96660    0.968520   0.928099
   627.98340    0.935327   0.929322
   628.00020    0.950407   0.930538
   628.03320    0.957564   0.932906
   628.05000    0.931845   0.934100
   628.06680    0.956205   0.935287
   628.09980    0.899316   0.937597
   628.11660    0.931845   0.938761
   628.13340    0.935459   0.939918
   628.15020    0.906022   0.941067
   628.18320    0.893254   0.943299
   628.20000    0.969770   0.944424
   628.21680    0.952131   0.945540
   628.24980    0.947319   0.947707
   628.26660    0.946870   0.948798
   628.28340    0.935770   0.949880
   628.30020    0.934424   0.950952
   628.33320    0.958203   0.953033
   628.35000    0.986777   0.954079
   628.36680    0.963038   0.955115
   628.38360    0.938443   0.956141
   628.41660    0.939998   0.958129
   628.43340    0.951703   0.959127
   628.45020    0.950874   0.960114
   628.48320    0.948619   0.962024
   628.50000    0.970607   0.962981
   628.51680    0.978129   0.963927
   628.53360    0.969852   0.964862
   628.56660    0.956239   0.966667
   628.58340    0.958423   0.967569
   628.60020    0.983014   0.968460
   628.63320    0.964133   0.970176
   628.65000    0.961717   0.971032
   628.66680    0.968372   0.971875
   628.68360    0.962878   0.972706
   628.71660    0.983959   0.974301
   628.73340    0.947318   0.975094
   628.75020    0.963665   0.975873
   628.78320    0.984682   0.977365
   628.80000    0.955190   0.978105
   628.81680    0.947193   0.978831
   628.83360    0.957022   0.979544
   628.86660    0.957268   0.980903
   628.88340    0.947326   0.981575
   628.90020    0.932802   0.982233
   628.91640    0.989108   0.982854
   628.95000    0.965142   0.984101
   628.96680    0.983691   0.984704
   628.98360    0.952865   0.985293
   629.01660    0.955596   0.986409
   629.03340    0.983161   0.986957
   629.05020    0.946553   0.987492
   629.06640    0.969096   0.987994
   629.10000    0.995886   0.988996
   629.11680    0.983317   0.989477
   629.13360    0.982493   0.989944
   629.16660    0.990418   0.990824
   629.18340    0.968323   0.991252
   629.20020    0.982815   0.991668
   629.21640    0.956833   0.992057
   629.25000    0.930961   0.992826
   629.26680    0.978534   0.993192
   629.28360    0.983096   0.993545
   629.31660    0.968221   0.994205
   629.33340    0.994574   0.994523
   629.35020    0.971379   0.994830
   629.36640    1.003465   0.995115
   629.40000    0.997585   0.995672
   629.41680    0.962238   0.995934
   629.43360    0.984729   0.996186
   629.44980    0.985904   0.996419
   629.48340    0.980736   0.996871
   629.50020    1.024132   0.997082
   629.51640    1.008848   0.997276
   629.55000    0.998693   0.997651
   629.56680    0.931003   0.997825
   629.58360    0.959371   0.997990
   629.59980    0.946054   0.998141
   629.63340    1.002079   0.998429
   629.65020    0.981109   0.998561
   629.66640    0.977371   0.998681
   629.70000    0.939533   0.998908
   629.71680    1.000538   0.999010
   629.73360    1.023230   0.999106
   629.74980    0.991537   0.999193
   629.78340    1.012938   0.999353
   629.80020    0.996327   0.999424
   629.81640    1.013713   0.999488
   629.85000    0.970272   0.999604
   629.86680    1.014789   0.999654
   629.88360    0.980195   0.999700
   629.89980    0.990642   0.999740
   629.93340    0.994411   0.999811
   629.95020    0.965379   0.999841
   629.96640    0.967362   0.999867
   629.98320    0.991670   0.999890
   630.01680    0.989935   0.999928
   630.03360    1.020578   0.999943
   630.04980    0.983376   0.999955
   630.08340    1.008769   0.999974
   630.10020    0.983017   0.999981
   630.11640    0.972298   0.999987
   630.13320    0.947889   0.999991
   630.16680    0.933956   0.999997
   630.18360    0.951416   0.999998
   630.19980    0.942613   0.999999
   630.23340    0.960843   1.000000
   630.25020    0.996541   1.000000
   630.26640    0.981777   1.000000
   630.28320    1.003657   1.000000
   630.31680    0.985411   1.000000
   630.33360    0.976270   1.000000
   630.34980    0.976997   1.000000
   630.38340    0.966960   1.000000
   630.40020    1.032055   1.000000
   630.41640    0.952873   1.000000
   630.43320    1.032185   1.000000
   630.46680    0.961272   1.000000
   630.48360    0.957690   1.000000
   630.49980    1.013616   1.000000
   630.51660    1.019636   1.000000
   630.55020    1.022139   1.000000
   630.56640    0.988319   1.000000
   630.58320    0.999043   1.000000
   630.61680    0.972642   1.000000
   630.63360    0.996395   1.000000
   630.64980    1.003461   1.000000
   630.66660    0.956681   1.000000
   630.70020    0.984156   1.000000
   630.71640    0.994088   1.000000
   630.73320    1.056774   1.000000
   630.76680    1.078578   1.000000
   630.78360    0.985852   1.000000
   630.79980    1.042229   1.000000
   630.81660    1.004964   1.000000
   630.85020    0.943045   1.000000
   630.86640    0.984889   1.000000
   630.88320    0.950276   1.000000
   630.91680    0.965490   1.000000
   630.93360    0.965721   1.000000
   630.94980    0.979659   1.000000
   630.96660    0.959004   1.000000
   631.00020    0.982109   1.000000
   631.01640    0.985374   1.000000
   631.03320    0.980939   1.000000
   631.05000    0.951687   1.000000
   631.08360    0.964328   1.000000
   631.09980    0.978363   1.000000
   631.11660    0.945281   1.000000
   631.15020    0.962134   1.000000
   631.16640    0.944857   1.000000
   631.18320    0.919710   1.000000
   631.20000    0.989408   1.000000
   631.23360    0.962597   1.000000
   631.24980    0.995386   1.000000
   631.26660    1.012684   1.000000
   631.30020    1.002031   1.000000
   631.31640    0.979141   1.000000
   631.33320    0.986525   1.000000
   631.35000    0.987132   1.000000
   631.38360    1.004338   1.000000
   631.39980    0.958823   1.000000
   631.41660    1.001667   1.000000
   631.45020    1.022611   1.000000
   631.46640    1.022901   1.000000
   631.48320    1.002097   1.000000
   631.50000    1.024109   1.000000
   631.53360    1.014278   1.000000
   631.54980    0.976364   1.000000
   631.56660    1.000835   1.000000
   631.58340    0.946080   1.000000
   631.61640    0.991137   1.000000
   631.63320    1.039310   1.000000
   631.65000    0.979778   1.000000
   631.68360    1.011213   1.000000
   631.69980    1.006578   1.000000
   631.71660    0.983058   1.000000
   631.73340    0.995128   1.000000
   631.76640    1.091079   1.000000
   631.78320    0.997853   1.000000
   631.80000    0.956052   1.000000
   631.83360    0.974092   1.000000
   631.84980    0.967408   1.000000
   631.86660    1.008810   1.000000
   631.88340    0.995325   1.000000
   631.91640    0.993856   1.000000
   631.93320    0.981655   1.000000
   631.95000    0.978772   1.000000
   631.98360    0.970023   1.000000
   631.99980    0.990507   1.000000
   632.01660    0.976639   1.000000
   632.03340    0.986806   1.000000
   632.06640    0.990232   1.000000
   632.08320    0.948363   1.000000
   632.10000    0.946861   1.000000
   632.11680    0.950198   1.000000
   632.14980    0.976091   1.000000
   632.16660    0.990177   1.000000
   632.18340    0.995884   1.000000
   632.21640    0.982758   1.000000
   632.23320    0.977049   1.000000
   632.25000    1.005731   1.000000
   632.26680    1.021314   1.000000
   632.29980    1.035906   1.000000
   632.31660    0.986996   1.000000
   632.33340    0.990038   1.000000
   632.36640    0.946373   1.000000
   632.38320    0.982011   1.000000
   632.40000    1.006767   1.000000
   632.41680    1.020603   1.000000
   632.44980    1.036582   1.000000
   632.46660    0.957798   1.000000
   632.48340    1.012244   1.000000
   632.51640    1.014492   1.000000
   632.53320    0.949207   1.000000
   632.55000    0.956330   1.000000
   632.56680    0.951270   1.000000
   632.59980    0.978246   1.000000
   632.61660    0.997555   1.000000
   632.63340    0.902208   1.000000
   632.65020    0.955456   1.000000
   632.68320    0.969744   1.000000
   632.70000    0.989938   1.000000
   632.71680    1.042178   1.000000
   632.74980    1.050459   1.000000
   632.76660    0.966749   1.000000
   632.78340    0.953911   1.000000
   632.80020    0.985423   1.000000
   632.83320    0.951925   1.000000
   632.85000    0.984106   1.000000
   632.86680    0.954370   1.000000
   632.89980    0.981122   1.000000
   632.91660    0.959245   1.000000
   632.93340    0.946862   1.000000
   632.95020    0.934615   1.000000
   632.98320    0.968553   1.000000
   633.00000    0.948865   1.000000
   633.01680    0.941633   1.000000
   633.04980    0.934336   1.000000
   633.06660    0.933580   1.000000
   633.08340    0.948093   1.000000
   633.10020    1.001278   1.000000
   633.13320    0.988487   1.000000
   633.15000    0.991898   1.000000
   633.16680    0.999890   1.000000
   633.18360    0.977114   1.000000
