   465.74940    0.980565   1.000000
   465.75840    1.038916   1.000000
   465.76740    0.988220   1.000000
   465.77640    1.007274   1.000000
   465.78540    1.021053   1.000000
   465.79440    1.018502   1.000000
   465.80280    0.972910   1.000000
   465.81180    0.925957   1.000000
   465.82080    0.993154   1.000000
   465.82980    0.981756   1.000000
   465.83880    1.033132   1.000000
   465.84780    0.998087   1.000000
   465.85620    0.987370   1.000000
   465.86520    1.100159   1.000000
   465.87420    1.039086   1.000000
   465.88320    0.911327   1.000000
   465.89220    0.962362   1.000000
   465.90060    1.055928   1.000000
   465.90960    0.986179   1.000000
   465.91860    1.007104   1.000000
   465.92760    1.061372   1.000000
   465.93660    0.958280   1.000000
   465.94560    0.998087   1.000000
   465.95400    0.963383   1.000000
   465.96300    0.983287   1.000000
   465.97200    1.033302   1.000000
   465.98100    1.040957   1.000000
   465.99000    1.044190   1.000000
   465.99900    0.975972   1.000000
   466.00740    1.018672   1.000000
   466.01640    0.985839   1.000000
   466.02540    0.936334   1.000000
   466.03440    0.992303   1.000000
   466.04340    0.990602   1.000000
   466.05240    1.004212   1.000000
   466.06080    1.044190   1.000000
   466.06980    1.031260   1.000000
   466.07880    0.999108   1.000000
   466.08780    1.021564   1.000000
   466.09680    0.992303   1.000000
   466.10580    0.963213   1.000000
   466.11420    1.010846   1.000000
   466.12320    0.932421   1.000000
   466.13220    0.917451   1.000000
   466.14120    1.026667   1.000000
   466.15020    1.041978   1.000000
   466.15920    0.933102   1.000000
   466.16760    0.931571   1.000000
   466.17660    0.980735   1.000000
   466.18560    0.907414   1.000000
   466.19460    0.945861   1.000000
   466.20360    0.912858   1.000000
   466.21260    1.040617   1.000000
   466.22100    1.007104   1.000000
   466.23000    0.923745   1.000000
   466.23900    0.967806   1.000000
   466.24800    1.057289   1.000000
   466.25700    1.015099   1.000000
   466.26540    0.972740   1.000000
   466.27440    1.016630   1.000000
   466.28340    1.021734   1.000000
   466.29240    0.996556   1.000000
   466.30140    1.040107   1.000000
   466.31040    0.953686   1.000000
   466.31880    0.949093   1.000000
   466.32780    0.930550   1.000000
   466.33680    1.062392   1.000000
   466.34580    0.986179   1.000000
   466.35480    0.956578   1.000000
   466.36380    0.929870   1.000000
   466.37220    0.957089   1.000000
   466.38120    1.098117   1.000000
   466.39020    0.990432   1.000000
   466.39920    1.019863   1.000000
   466.40820    1.020203   1.000000
   466.41720    0.973760   1.000000
   466.42560    1.079914   1.000000
   466.43460    1.096926   1.000000
   466.44360    1.132992   1.000000
   466.45260    1.089611   1.000000
   466.46160    1.013568   1.000000
   466.47060    1.018842   1.000000
   466.47900    1.022074   1.000000
   466.48800    0.971209   1.000000
   466.49700    0.958620   1.000000
   466.50600    1.022074   1.000000
   466.51500    0.999278   1.000000
   466.52400    1.029389   1.000000
   466.53240    1.062052   1.000000
   466.54140    0.939396   1.000000
   466.55040    0.949944   1.000000
   466.55940    0.964064   1.000000
   466.56840    1.035003   1.000000
   466.57740    0.950284   1.000000
   466.58580    0.962362   1.000000
   466.59480    1.024456   1.000000
   466.60380    0.954877   1.000000
   466.61280    0.931911   1.000000
   466.62180    0.955047   1.000000
   466.63080    0.941608   1.000000
   466.63920    0.909455   1.000000
   466.64820    0.970358   1.000000
   466.65720    0.973930   1.000000
   466.66620    1.022925   1.000000
   466.67520    0.959130   1.000000
   466.68360    1.013228   1.000000
   466.69260    0.998768   1.000000
   466.70160    0.981926   1.000000
   466.71060    1.043679   1.000000
   466.71960    1.056608   1.000000
   466.72860    1.011016   1.000000
   466.73700    1.081616   1.000000
   466.74600    1.055077   1.000000
   466.75500    1.081105   1.000000
   466.76400    1.090802   1.000000
   466.77300    1.003531   1.000000
   466.78200    0.929870   1.000000
   466.79040    1.050994   1.000000
   466.79940    1.062052   1.000000
   466.80840    0.946711   1.000000
   466.81740    0.955047   1.000000
   466.82640    1.026667   1.000000
   466.83540    1.070558   1.000000
   466.84380    1.049463   1.000000
   466.85280    1.052866   1.000000
   466.86180    1.066305   1.000000
   466.87080    1.071409   1.000000
   466.87980    1.056098   1.000000
   466.88880    1.022755   1.000000
   466.89720    1.113938   1.000000
   466.90620    1.028368   1.000000
   466.91520    1.012207   1.000000
   466.92420    1.082466   1.000000
   466.93320    1.053376   1.000000
   466.94220    0.928849   1.000000
   466.95060    0.970358   1.000000
   466.95960    1.014078   1.000000
   466.96860    0.931060   1.000000
   466.97760    1.025476   1.000000
   466.98660    1.043339   1.000000
   466.99560    1.000809   1.000000
   467.00400    0.971379   1.000000
   467.01300    0.909966   1.000000
   467.02200    0.961682   1.000000
   467.03100    1.029900   1.000000
   467.04000    0.977333   1.000000
   467.04900    0.983287   1.000000
   467.05740    0.994515   1.000000
   467.06640    0.996046   1.000000
   467.07540    0.987710   1.000000
   467.08440    1.032451   1.000000
   467.09340    0.987370   1.000000
   467.10180    1.023945   1.000000
   467.11080    0.981756   1.000000
   467.11980    1.003531   1.000000
   467.12880    1.073110   1.000000
   467.13780    1.041298   1.000000
   467.14680    0.986519   1.000000
   467.15520    0.980735   1.000000
   467.16420    1.007104   1.000000
   467.17320    1.021394   1.000000
   467.18220    1.075321   1.000000
   467.19120    1.053376   1.000000
   467.20020    0.913368   1.000000
   467.20860    0.984818   1.000000
   467.21760    0.879344   1.000000
   467.22660    0.950284   1.000000
   467.23560    1.045721   1.000000
   467.24460    0.945691   1.000000
   467.25360    0.953176   1.000000
   467.26200    0.987200   1.000000
   467.27100    0.955728   1.000000
   467.28000    0.941608   1.000000
   467.28900    0.962703   1.000000
   467.29800    1.076342   1.000000
   467.30700    0.941098   1.000000
   467.31540    0.992303   1.000000
   467.32440    0.941608   1.000000
   467.33340    1.059670   1.000000
   467.34240    0.937355   1.000000
   467.35140    1.067666   1.000000
   467.36040    1.020373   1.000000
   467.36880    1.053716   1.000000
   467.37780    0.989922   1.000000
   467.38680    0.989751   1.000000
   467.39580    1.007104   1.000000
   467.40480    0.935313   1.000000
   467.41380    0.966785   1.000000
   467.42220    0.982436   1.000000
   467.43120    1.080765   1.000000
   467.44020    1.069197   1.000000
   467.44920    0.964234   1.000000
   467.45820    1.023265   1.000000
   467.46660    1.068517   1.000000
   467.47560    1.114789   1.000000
   467.48460    1.012718   1.000000
   467.49360    1.153236   1.000000
   467.50260    1.039256   1.000000
   467.51160    1.081446   1.000000
   467.52000    1.030410   1.000000
   467.52900    1.016971   1.000000
   467.53800    1.007954   1.000000
   467.54700    1.005573   1.000000
   467.55600    0.977333   1.000000
   467.56500    0.992473   1.000000
   467.57340    0.989751   1.000000
   467.58240    1.070558   1.000000
   467.59140    1.059670   1.000000
   467.60040    1.045550   1.000000
   467.60940    0.934293   1.000000
   467.61840    1.098968   1.000000
   467.62680    0.926297   1.000000
   467.63580    1.019522   1.000000
   467.64480    0.880025   1.000000
   467.65380    0.990772   1.000000
   467.66280    1.056268   1.000000
   467.67180    0.908265   1.000000
   467.68020    1.044360   1.000000
   467.68920    1.006763   1.000000
   467.69820    0.921534   1.000000
   467.70720    1.042148   1.000000
   467.71620    1.033812   1.000000
   467.72520    0.925787   1.000000
   467.73360    0.919833   1.000000
   467.74260    1.007954   1.000000
   467.75160    1.073280   1.000000
   467.76060    0.910646   1.000000
   467.76960    1.021394   1.000000
   467.77860    0.953516   1.000000
   467.78700    1.049123   1.000000
   467.79600    1.038405   1.000000
   467.80500    1.036364   1.000000
   467.81400    1.048613   1.000000
   467.82300    1.065114   1.000000
   467.83200    1.099648   1.000000
   467.84040    0.935654   1.000000
   467.84940    1.039426   1.000000
   467.85840    1.064093   1.000000
   467.86740    0.994855   1.000000
   467.87640    1.022584   1.000000
   467.88480    1.055247   1.000000
   467.89380    1.060181   1.000000
   467.90280    1.138095   1.000000
   467.91180    1.048102   1.000000
   467.92080    1.110536   1.000000
   467.92980    1.035003   1.000000
   467.93820    0.988731   1.000000
   467.94720    0.938886   1.000000
   467.95620    1.018161   1.000000
   467.96520    0.901970   1.000000
   467.97420    0.977843   1.000000
   467.98320    1.055928   1.000000
   467.99160    0.965595   1.000000
   468.00060    0.968827   1.000000
   468.00960    1.064774   1.000000
   468.01860    1.030580   1.000000
   468.02760    1.001490   1.000000
   468.03660    0.979885   1.000000
   468.04500    1.144390   1.000000
   468.05400    0.978013   1.000000
   468.06300    1.051675   1.000000
   468.07200    1.020373   1.000000
   468.08100    1.060181   1.000000
   468.09000    1.036874   1.000000
   468.09840    0.953686   1.000000
   468.10740    0.922555   1.000000
   468.11640    1.021564   1.000000
   468.12540    0.977843   1.000000
   468.13440    1.055758   1.000000
   468.14340    1.073790   1.000000
   468.15180    0.997747   1.000000
   468.16080    1.083827   1.000000
   468.16980    0.937525   1.000000
   468.17880    0.905883   1.000000
   468.18780    0.962532   1.000000
   468.19680    0.954537   1.000000
   468.20520    0.991793   1.000000
   468.21420    0.964744   1.000000
   468.22320    0.982607   1.000000
   468.23220    1.000979   1.000000
   468.24120    1.003871   1.000000
   468.25020    0.978524   1.000000
   468.25860    1.046061   1.000000
   468.26760    1.047762   1.000000
   468.27660    0.998087   1.000000
   468.28560    1.026667   1.000000
   468.29460    0.971719   1.000000
   468.30300    0.975972   1.000000
   468.31200    0.991963   1.000000
   468.32100    0.983797   1.000000
   468.33000    0.987200   1.000000
   468.33900    1.059330   0.999930
   468.34800    1.051845   0.999860
   468.35640    1.032451   0.999820
   468.36540    0.974951   0.999719
   468.37440    1.011527   0.999608
   468.38340    1.036194   0.999538
   468.39240    0.963723   0.999426
   468.40140    1.051675   0.999294
   468.40980    1.011016   0.999203
   468.41880    0.969507   0.999081
   468.42780    1.008294   0.998887
   468.43680    1.055247   0.998796
   468.44580    0.869137   0.998674
   468.45480    0.962873   0.998448
   468.46320    0.963893   0.998326
   468.47220    0.925957   0.998193
   468.48120    0.948923   0.997968
   468.49020    0.961852   0.997824
   468.49920    0.981246   0.997671
   468.50820    1.000979   0.997415
   468.51660    1.005743   0.997251
   468.52560    1.037045   0.997117
   468.53460    0.988050   0.996871
   468.54360    1.002000   0.996656
   468.55260    0.973590   0.996482
   468.56160    1.005573   0.996235
   468.57000    0.998768   0.996040
   468.57900    0.920683   0.995835
   468.58800    0.982777   0.995547
   468.59700    1.047762   0.995352
   468.60600    0.989922   0.995147
   468.61500    0.886659   0.994849
   468.62340    1.018331   0.994644
   468.63240    0.917791   0.994438
   468.64140    0.951815   0.994141
   468.65040    0.909455   0.993874
   468.65940    1.006083   0.993628
   468.66780    1.052866   0.993382
   468.67680    1.083657   0.993105
   468.68580    1.001490   0.992849
   468.69480    0.931571   0.992562
   468.70380    0.997067   0.992285
   468.71280    0.992644   0.992029
   468.72120    0.946371   0.991773
   468.73020    0.981756   0.991415
   468.73920    1.018502   0.991129
   468.74820    0.974441   0.990883
   468.75720    1.054737   0.990547
   468.76620    0.981075   0.990209
   468.77460    1.065114   0.989984
   468.78360    0.997747   0.989638
   468.79260    0.905032   0.989322
   468.80160    0.989071   0.989046
   468.81060    0.881216   0.988640
   468.81960    0.896526   0.988355
   468.82800    0.919152   0.988080
   468.83700    1.014589   0.987725
   468.84600    0.966956   0.987379
   468.85500    0.927148   0.987075
   468.86400    1.003701   0.986680
   468.87300    1.022074   0.986366
   468.88140    0.986859   0.986011
   468.89040    0.928679   0.985699
   468.89940    0.979885   0.985295
   468.90840    1.039937   0.984992
   468.91740    1.088250   0.984568
   468.92640    1.089952   0.984236
   468.93480    1.125847   0.983944
   468.94380    1.017481   0.983532
   468.95280    1.047932   0.983131
   468.96180    0.970528   0.982820
   468.97080    0.931911   0.982388
   468.97980    0.954027   0.982001
   468.98820    0.983797   0.981648
   468.99720    1.083317   0.981288
   469.00620    0.968997   0.980862
   469.01520    0.932081   0.980503
   469.02420    1.065454   0.980133
   469.03320    0.928679   0.979639
   469.04160    0.969677   0.979311
   469.05060    1.062222   0.978973
   469.05960    0.967976   0.978449
   469.06860    1.058650   0.978104
   469.07760    0.985328   0.977687
   469.08600    1.088250   0.977266
   469.09500    0.931911   0.976893
   469.10400    0.968487   0.976477
   469.11300    0.921874   0.975989
   469.12200    0.953516   0.975587
   469.13100    1.073790   0.975205
   469.13940    0.955728   0.974777
   469.14840    0.911667   0.974308
   469.15740    0.898057   0.973908
   469.16640    0.946882   0.973442
   469.17540    0.990262   0.972978
   469.18440    0.978864   0.972628
   469.19280    0.983457   0.972161
   469.20180    1.012207   0.971663
   469.21080    0.856038   0.971245
   469.21980    0.982266   0.970818
   469.22880    0.990602   0.970325
   469.23780    0.906223   0.969862
   469.24620    0.904012   0.969489
   469.25520    1.009826   0.968917
   469.26420    0.972740   0.968487
   469.27320    1.023435   0.968085
   469.28220    0.992814   0.967558
   469.29120    1.087570   0.967063
   469.29960    0.961172   0.966651
   469.30860    0.950454   0.966168
   469.31760    0.917281   0.965684
   469.32660    0.983967   0.965219
   469.33560    0.923065   0.964709
   469.34460    0.877133   0.964201
   469.35300    0.859270   0.963798
   469.36200    0.925787   0.963258
   469.37100    0.904522   0.962773
   469.38000    0.899759   0.962267
   469.38900    0.928339   0.961768
   469.39800    0.922214   0.961245
   469.40640    0.977503   0.960780
   469.41540    0.918472   0.960332
   469.42440    0.922214   0.959769
   469.43340    0.940927   0.959297
   469.44240    0.894315   0.958779
   469.45140    0.923745   0.958205
   469.45980    0.927318   0.957755
   469.46880    0.918302   0.957278
   469.47780    0.912858   0.956685
   469.48680    0.954877   0.956159
   469.49580    0.997577   0.955673
   469.50420    0.957429   0.955174
   469.51320    0.862503   0.954619
   469.52220    0.931060   0.954147
   469.53120    0.936334   0.953537
   469.54020    0.945691   0.953009
   469.54920    0.933953   0.952537
   469.55760    0.908945   0.951988
   469.56660    0.876282   0.951435
   469.57560    0.921874   0.950913
   469.58460    0.860291   0.950359
   469.59360    0.866075   0.949766
   469.60260    0.921364   0.949239
   469.61100    0.793775   0.948766
   469.62000    0.842599   0.948132
   469.62900    0.836985   0.947571
   469.63800    0.898738   0.947076
   469.64700    0.905883   0.946468
   469.65600    0.850084   0.945946
   469.66440    0.974271   0.945416
   469.67340    0.899589   0.944775
   469.68240    0.914899   0.944273
   469.69140    0.898057   0.943707
   469.70040    0.885299   0.943120
   469.70940    0.920343   0.942489
   469.71780    0.847532   0.942023
   469.72680    0.845150   0.941439
   469.73580    0.876112   0.940838
   469.74480    0.843279   0.940270
   469.75380    0.836474   0.939688
   469.76280    0.959130   0.939043
   469.77120    0.918131   0.938547
   469.78020    0.921364   0.938005
   469.78920    0.936334   0.937334
   469.79820    0.849233   0.936789
   469.80720    0.880365   0.936219
   469.81620    0.897547   0.935597
   469.82460    0.838005   0.935001
   469.83360    0.873560   0.934447
   469.84260    0.811467   0.933797
   469.85160    0.765024   0.933246
   469.86060    0.835284   0.932651
   469.86960    0.822184   0.932021
   469.87800    0.802110   0.931415
   469.88700    0.869477   0.930856
   469.89600    0.922044   0.930239
   469.90500    0.877303   0.929583
   469.91400    0.862162   0.929009
   469.92240    0.920853   0.928451
   469.93140    0.948242   0.927794
   469.94040    0.910476   0.927197
   469.94940    0.920853   0.926600
   469.95840    0.917621   0.925949
   469.96740    0.889722   0.925308
   469.97580    0.841578   0.924772
   469.98480    0.810786   0.924089
   469.99380    0.931401   0.923443
   470.00280    0.884448   0.922809
   470.01180    0.878324   0.922274
   470.02080    0.902821   0.921599
   470.02920    0.907584   0.921008
   470.03820    0.947902   0.920356
   470.04720    0.828309   0.919672
   470.05620    0.821334   0.919032
   470.06520    0.874411   0.918460
   470.07420    0.960831   0.917790
   470.08260    0.923405   0.917208
   470.09160    0.958109   0.916582
   470.10060    1.055247   0.915874
   470.10960    0.925617   0.915256
   470.11860    0.916941   0.914716
   470.12760    0.927488   0.913968
   470.13600    0.824056   0.913305
   470.14500    0.953856   0.912731
   470.15400    0.888191   0.911992
   470.16300    0.879174   0.911353
   470.17200    0.938035   0.910803
   470.18100    0.854507   0.910143
   470.18940    0.863523   0.909380
   470.19840    1.011186   0.908776
   470.20740    0.915580   0.908116
   470.21640    1.013398   0.907464
   470.22540    0.881216   0.906867
   470.23440    0.805002   0.906137
   470.24280    0.809936   0.905442
   470.25180    0.840217   0.904822
   470.26080    0.872369   0.904212
   470.26980    0.855868   0.903519
   470.27880    0.931231   0.902890
   470.28720    0.825076   0.902158
   470.29620    0.832051   0.901479
   470.30520    0.855528   0.900913
   470.31420    0.823886   0.900217
   470.32320    0.861652   0.899505
   470.33220    0.882917   0.898749
   470.34060    0.875602   0.898167
   470.34960    0.773701   0.897532
   470.35860    0.865395   0.896796
   470.36760    0.777103   0.896114
   470.37660    0.820313   0.895511
   470.38560    0.839537   0.894726
   470.39400    0.856378   0.894145
   470.40300    0.800579   0.893422
   470.41200    0.793945   0.892701
   470.42100    0.871519   0.892078
   470.43000    0.791393   0.891357
   470.43900    0.907584   0.890721
   470.44740    0.899759   0.889929
   470.45640    0.855698   0.889301
   470.46540    0.879174   0.888664
   470.47440    0.859951   0.887943
   470.48340    0.814189   0.887254
   470.49240    0.822355   0.886506
   470.50080    0.828139   0.885875
   470.50980    0.761622   0.885188
   470.51880    0.755328   0.884484
   470.52780    0.784588   0.883764
   470.53680    0.778974   0.883071
   470.54580    0.747502   0.882469
   470.55420    0.771829   0.881638
   470.56320    0.792073   0.881007
   470.57220    0.821504   0.880308
   470.58120    0.881386   0.879589
   470.59020    0.848723   0.878828
   470.59920    0.823205   0.878171
   470.60760    0.858250   0.877536
   470.61660    0.849403   0.876769
   470.62560    0.812658   0.876050
   470.63460    0.806193   0.875409
   470.64360    0.827118   0.874597
   470.65260    0.856038   0.873928
   470.66100    0.784928   0.873289
   470.67000    0.842429   0.872543
   470.67900    0.847192   0.871791
   470.68800    0.777103   0.871138
   470.69700    0.787310   0.870353
   470.70540    0.848213   0.869708
   470.71440    0.834093   0.868979
   470.72340    0.896526   0.868329
   470.73240    0.847872   0.867501
   470.74140    0.822184   0.866852
   470.75040    0.822184   0.866103
   470.75880    0.910986   0.865398
   470.76780    0.833923   0.864716
   470.77680    0.810276   0.863975
   470.78580    0.806193   0.863241
   470.79480    0.825076   0.862495
   470.80380    0.883257   0.861770
   470.81220    0.814699   0.861151
   470.82120    0.906904   0.860361
   470.83020    0.858080   0.859682
   470.83920    0.792073   0.858924
   470.84820    0.709055   0.858174
   470.85720    0.806704   0.857421
   470.86560    0.915580   0.856789
   470.87460    0.817931   0.856038
   470.88360    0.868627   0.855284
   470.89260    0.826778   0.854615
   470.90160    0.812828   0.853868
   470.91060    0.840047   0.853076
   470.91900    0.785099   0.852384
   470.92800    0.826097   0.851683
   470.93700    0.917961   0.850934
   470.94600    0.942969   0.850171
   470.95500    0.829329   0.849429
   470.96400    0.837495   0.848704
   470.97240    0.805683   0.847999
   470.98140    0.803812   0.847320
   470.99040    0.768937   0.846564
   470.99940    0.796837   0.845802
   471.00840    0.799559   0.845066
   471.01740    0.926637   0.844359
   471.02580    0.818952   0.843632
   471.03480    0.840557   0.842890
   471.04380    0.756859   0.842163
   471.05280    0.820823   0.841402
   471.06180    0.806193   0.840672
   471.07080    0.900439   0.839910
   471.07920    0.845491   0.839237
   471.08820    0.823205   0.838471
   471.09720    0.878494   0.837728
   471.10620    0.880875   0.836989
   471.11520    0.834093   0.836237
   471.12360    0.850935   0.835548
   471.13260    0.836645   0.834821
   471.14160    0.883427   0.834048
   471.15060    0.768257   0.833311
   471.15960    0.800409   0.832545
   471.16860    0.752266   0.831800
   471.17700    0.862503   0.831093
   471.18600    0.805343   0.830372
   471.19500    0.861822   0.829596
   471.20400    0.768257   0.828791
   471.21300    0.857229   0.828070
   471.22200    0.787140   0.827366
   471.23040    0.810786   0.826639
   471.23940    0.832392   0.825915
   471.24840    0.796156   0.825162
   471.25740    0.860461   0.824418
   471.26640    0.872029   0.823677
   471.27540    0.829159   0.822925
   471.28380    0.882917   0.822218
   471.29280    0.779314   0.821458
   471.30180    0.818442   0.820701
   471.31080    0.787820   0.819953
   471.31980    0.776082   0.819215
   471.32880    0.792244   0.818473
   471.33720    0.865735   0.817751
   471.34620    0.817081   0.817028
   471.35520    0.802451   0.816262
   471.36420    0.899418   0.815519
   471.37320    0.800920   0.814749
   471.38220    0.812318   0.814004
   471.39060    0.846001   0.813281
   471.39960    0.817931   0.812571
   471.40860    0.803471   0.811803
   471.41760    0.893294   0.811034
   471.42660    0.789862   0.810326
   471.43560    0.822525   0.809574
   471.44400    0.755498   0.808825
   471.45300    0.829500   0.808093
   471.46200    0.781866   0.807318
   471.47100    0.758220   0.806617
   471.48000    0.784758   0.805855
   471.48840    0.785269   0.805136
   471.49740    0.767236   0.804410
   471.50640    0.816060   0.803628
   471.51540    0.839707   0.802915
   471.52440    0.719092   0.802155
   471.53340    0.788501   0.801368
   471.54180    0.761282   0.800686
   471.55080    0.788841   0.799964
   471.55980    0.770468   0.799240
   471.56880    0.853316   0.798398
   471.57780    0.834093   0.797727
   471.58680    0.836474   0.796985
   471.59520    0.790372   0.796209
   471.60420    0.798028   0.795507
   471.61320    0.784758   0.794832
   471.62220    0.841748   0.793983
   471.63120    0.740357   0.793268
   471.64020    0.731341   0.792572
   471.64860    0.751415   0.791836
   471.65760    0.771319   0.791119
   471.66660    0.771149   0.790359
   471.67560    0.764854   0.789545
   471.68460    0.858080   0.788900
   471.69360    0.777954   0.788100
   471.70200    0.789522   0.787396
   471.71100    0.760601   0.786685
   471.72000    0.806533   0.785941
   471.72900    0.787480   0.785216
   471.73800    0.776252   0.784474
   471.74700    0.753116   0.783696
   471.75540    0.705823   0.782982
   471.76440    0.778804   0.782264
   471.77340    0.767576   0.781655
   471.78240    0.650534   0.780829
   471.79140    0.780165   0.780011
   471.80040    0.773360   0.779346
   471.80880    0.795136   0.778638
   471.81780    0.800920   0.777923
   471.82680    0.800920   0.777131
   471.83580    0.725557   0.776442
   471.84480    0.717051   0.775733
   471.85380    0.769788   0.774943
   471.86220    0.787650   0.774336
   471.87120    0.746482   0.773555
   471.88020    0.726237   0.772837
   471.88920    0.755838   0.772005
   471.89820    0.768427   0.771368
   471.90660    0.736274   0.770675
   471.91560    0.783738   0.769924
   471.92460    0.786119   0.769230
   471.93360    0.799899   0.768580
   471.94260    0.727598   0.767784
   471.95160    0.735084   0.767028
   471.96000    0.746311   0.766264
   471.96900    0.826778   0.765614
   471.97800    0.818442   0.764857
   471.98700    0.736274   0.764171
   471.99600    0.827458   0.763500
   472.00500    0.710246   0.762810
   472.01340    0.763493   0.762081
   472.02240    0.770468   0.761417
   472.03140    0.793775   0.760680
   472.04040    0.751075   0.760020
   472.04940    0.757029   0.759179
   472.05840    0.763834   0.758594
   472.06680    0.750564   0.757876
   472.07580    0.767236   0.757202
   472.08480    0.786459   0.756362
   472.09380    0.725387   0.755778
   472.10280    0.743930   0.755000
   472.11180    0.715520   0.754326
   472.12020    0.778124   0.753549
   472.12920    0.773871   0.752979
   472.13820    0.668057   0.752251
   472.14720    0.691023   0.751509
   472.15620    0.721134   0.750796
   472.16520    0.720453   0.750116
   472.17360    0.677243   0.749496
   472.18260    0.796667   0.748693
   472.19160    0.700209   0.748110
   472.20060    0.701400   0.747367
   472.20960    0.784588   0.746722
   472.21860    0.670609   0.745911
   472.22700    0.694765   0.745305
   472.23600    0.731171   0.744653
   472.24500    0.732362   0.743982
   472.25400    0.753116   0.743232
   472.26300    0.782547   0.742607
   472.27200    0.787650   0.741918
   472.28040    0.782717   0.741245
   472.28940    0.697828   0.740492
   472.29840    0.775742   0.739843
   472.30740    0.807044   0.739217
   472.31640    0.788841   0.738522
   472.32480    0.787820   0.737893
   472.33380    0.763153   0.737194
   472.34280    0.750905   0.736541
   472.35180    0.745801   0.735914
   472.36080    0.826608   0.735186
   472.36980    0.865565   0.734490
   472.37820    0.724536   0.733959
   472.38720    0.732192   0.733265
   472.39620    0.723345   0.732515
   472.40520    0.773871   0.731911
   472.41420    0.723856   0.731284
   472.42320    0.675712   0.730667
   472.43160    0.717561   0.729917
   472.44060    0.762473   0.729308
   472.44960    0.764854   0.728696
   472.45860    0.824906   0.728064
   472.46760    0.777613   0.727346
   472.47660    0.784418   0.726727
   472.48500    0.755328   0.726143
   472.49400    0.811467   0.725495
   472.50300    0.717221   0.724769
   472.51200    0.783567   0.724209
   472.52100    0.745291   0.723537
   472.53000    0.720283   0.722945
   472.53840    0.729640   0.722291
   472.54740    0.754817   0.721699
   472.55640    0.717051   0.721111
   472.56540    0.679965   0.720476
   472.57440    0.797177   0.719787
   472.58340    0.760261   0.719108
   472.59180    0.768427   0.718626
   472.60080    0.803641   0.718023
   472.60980    0.708375   0.717409
   472.61880    0.718582   0.716685
   472.62780    0.786800   0.716086
   472.63680    0.740697   0.715530
   472.64520    0.699188   0.714995
   472.65420    0.756689   0.714359
   472.66320    0.695956   0.713733
   472.67220    0.749884   0.713170
   472.68120    0.749203   0.712623
   472.68960    0.795136   0.712032
   472.69860    0.779485   0.711339
   472.70760    0.730150   0.710819
   472.71660    0.782036   0.710271
   472.72560    0.728109   0.709660
   472.73460    0.767236   0.708992
   472.74300    0.736104   0.708445
   472.75200    0.719603   0.707941
   472.76100    0.744610   0.707380
   472.77000    0.717731   0.706802
   472.77900    0.685919   0.706130
   472.78800    0.651725   0.705654
   472.79640    0.731341   0.705119
   472.80540    0.742909   0.704584
   472.81440    0.762303   0.703995
   472.82340    0.826778   0.703374
   472.83240    0.712118   0.702845
   472.84140    0.722325   0.702367
   472.84980    0.671629   0.701811
   472.85880    0.741038   0.701251
   472.86780    0.734233   0.700665
   472.87680    0.721134   0.700181
   472.88580    0.689322   0.699688
   472.89480    0.704292   0.699125
   472.90320    0.750224   0.698562
   472.91220    0.702251   0.698067
   472.92120    0.701910   0.697542
   472.93020    0.696126   0.697050
   472.93920    0.667717   0.696490
   472.94820    0.764514   0.695945
   472.95660    0.756519   0.695507
   472.96560    0.700890   0.695001
   472.97460    0.716541   0.694532
   472.98360    0.734403   0.694009
   472.99260    0.767746   0.693527
   473.00160    0.783057   0.692930
   473.01000    0.731681   0.692461
   473.01900    0.610727   0.691981
   473.02800    0.729640   0.691558
   473.03700    0.688981   0.691093
   473.04600    0.628929   0.690506
   473.05500    0.738316   0.690062
   473.06340    0.726408   0.689684
   473.07240    0.700039   0.689224
   473.08140    0.762643   0.688745
   473.09040    0.749033   0.688251
   473.09940    0.686940   0.687781
   473.10780    0.709566   0.687376
   473.11680    0.666866   0.686912
   473.12580    0.725727   0.686472
   473.13480    0.722155   0.686078
   473.14380    0.711947   0.685602
   473.15280    0.699699   0.685096
   473.16120    0.693064   0.684718
   473.17020    0.721304   0.684314
   473.17920    0.712288   0.683931
   473.18820    0.749544   0.683503
   473.19720    0.743079   0.683006
   473.20620    0.746141   0.682548
   473.21460    0.742739   0.682204
   473.22360    0.725217   0.681804
   473.23260    0.635394   0.681452
   473.24160    0.699699   0.681056
   473.25060    0.716200   0.680636
   473.25960    0.706504   0.680134
   473.26800    0.710757   0.679845
   473.27700    0.720794   0.679467
   473.28600    0.736274   0.679132
   473.29500    0.724706   0.678738
   473.30400    0.687110   0.678414
   473.31300    0.680646   0.678023
   473.32140    0.750054   0.677566
   473.33040    0.684388   0.677259
   473.33940    0.653427   0.676934
   473.34840    0.686259   0.676584
   473.35740    0.674861   0.676171
   473.36640    0.681496   0.675983
   473.37480    0.682006   0.675632
   473.38380    0.710927   0.675214
   473.39280    0.669418   0.674847
   473.40180    0.615660   0.674580
   473.41080    0.699699   0.674312
   473.41980    0.665165   0.673976
   473.42820    0.744440   0.673671
   473.43720    0.679795   0.673425
   473.44620    0.718752   0.673084
   473.45520    0.663804   0.672784
   473.46420    0.660912   0.672437
   473.47320    0.654447   0.672133
   473.48160    0.640497   0.671929
   473.49060    0.678434   0.671640
   473.49960    0.646962   0.671400
   473.50860    0.616681   0.671119
   473.51760    0.709566   0.670879
   473.52600    0.623656   0.670648
   473.53500    0.683367   0.670390
   473.54400    0.692384   0.670060
   473.55300    0.705823   0.669790
   473.56200    0.718072   0.669544
   473.57100    0.711947   0.669337
   473.57940    0.684558   0.669189
   473.58840    0.680305   0.668933
   473.59740    0.675882   0.668766
   473.60640    0.655468   0.668511
   473.61540    0.638116   0.668347
   473.62440    0.646622   0.668110
   473.63280    0.709566   0.667897
   473.64180    0.656829   0.667705
   473.65080    0.649854   0.667495
   473.65980    0.677924   0.667217
   473.66880    0.745461   0.667096
   473.67780    0.693234   0.666956
   473.68620    0.691023   0.666755
   473.69520    0.712118   0.666593
   473.70420    0.696126   0.666489
   473.71320    0.744610   0.666360
   473.72220    0.709906   0.666190
   473.73120    0.741888   0.666075
   473.73960    0.662103   0.665915
   473.74860    0.681326   0.665804
   473.75760    0.682177   0.665672
   473.76660    0.739337   0.665531
   473.77560    0.703441   0.665409
   473.78460    0.677073   0.665287
   473.79300    0.654107   0.665187
   473.80200    0.618382   0.665018
   473.81100    0.704802   0.664902
   473.82000    0.664144   0.664800
   473.82900    0.700720   0.664714
   473.83800    0.663634   0.664618
   473.84640    0.736445   0.664561
   473.85540    0.708545   0.664543
   473.86440    0.752606   0.664408
   473.87340    0.777273   0.664390
   473.88240    0.695276   0.664361
   473.89080    0.689662   0.664313
   473.89980    0.718752   0.664219
   473.90880    0.746992   0.664258
   473.91780    0.715010   0.664228
   473.92680    0.647132   0.664151
   473.93580    0.667546   0.664152
   473.94420    0.672650   0.664143
   473.95320    0.627058   0.664123
   473.96220    0.693915   0.664114
   473.97120    0.689492   0.664095
   473.98020    0.717391   0.664104
   473.98920    0.654277   0.664133
   473.99760    0.685749   0.664123
   474.00660    0.731511   0.664171
   474.01560    0.640327   0.664179
   474.02460    0.638456   0.664160
   474.03360    0.637605   0.664246
   474.04260    0.635224   0.664283
   474.05100    0.660061   0.664274
   474.06000    0.679795   0.664331
   474.06900    0.629440   0.664397
   474.07800    0.622465   0.664482
   474.08700    0.692214   0.664473
   474.09600    0.658870   0.664569
   474.10440    0.775062   0.664615
   474.11340    0.653256   0.664709
   474.12240    0.623656   0.664748
   474.13140    0.714329   0.664889
   474.14040    0.662613   0.665042
   474.14940    0.678604   0.665148
   474.15780    0.620253   0.665294
   474.16680    0.635224   0.665392
   474.17580    0.665845   0.665534
   474.18480    0.650705   0.665635
   474.19380    0.684388   0.665806
   474.20280    0.699869   0.665889
   474.21120    0.660401   0.666011
   474.22020    0.712288   0.666179
   474.22920    0.682517   0.666321
   474.23820    0.633693   0.666472
   474.24720    0.622975   0.666633
   474.25620    0.754477   0.666763
   474.26460    0.694765   0.666857
   474.27360    0.704292   0.667056
   474.28260    0.689322   0.667217
   474.29160    0.718752   0.667387
   474.30060    0.655468   0.667610
   474.30900    0.764004   0.667928
   474.31800    0.645771   0.668063
   474.32700    0.644240   0.668307
   474.33600    0.770468   0.668524
   474.34500    0.686089   0.668690
   474.35400    0.729640   0.668865
   474.36240    0.680135   0.669140
   474.37140    0.683538   0.669316
   474.38040    0.673671   0.669531
   474.38940    0.707865   0.669730
   474.39840    0.629440   0.669994
   474.40740    0.696637   0.670263
   474.41580    0.687620   0.670590
   474.42480    0.710927   0.670810
   474.43380    0.675372   0.671138
   474.44280    0.630801   0.671325
   474.45180    0.631311   0.671619
   474.46080    0.672650   0.671859
   474.46920    0.725047   0.672062
   474.47820    0.654107   0.672373
   474.48720    0.697998   0.672706
   474.49620    0.676733   0.673043
   474.50520    0.705823   0.673294
   474.51420    0.721304   0.673676
   474.52260    0.657509   0.673951
   474.53160    0.678434   0.674166
   474.54060    0.675202   0.674526
   474.54960    0.650875   0.674793
   474.55860    0.666356   0.675156
   474.56760    0.643390   0.675524
   474.57600    0.736274   0.675811
   474.58500    0.633182   0.676181
   474.59400    0.687110   0.676508
   474.60300    0.671289   0.676829
   474.61200    0.668227   0.677161
   474.62100    0.683367   0.677457
   474.62940    0.644580   0.677839
   474.63840    0.675882   0.678303
   474.64740    0.636245   0.678658
   474.65640    0.649514   0.678971
   474.66540    0.666866   0.679390
   474.67440    0.637776   0.679742
   474.68280    0.776252   0.680088
   474.69180    0.685409   0.680449
   474.70080    0.694085   0.680901
   474.70980    0.670098   0.681353
   474.71880    0.683027   0.681660
   474.72720    0.695956   0.682015
   474.73620    0.655808   0.682419
   474.74520    0.635394   0.682892
   474.75420    0.714669   0.683306
   474.76320    0.690512   0.683741
   474.77220    0.705993   0.684204
   474.78060    0.686089   0.684583
   474.78960    0.624336   0.684889
   474.79860    0.707694   0.685295
   474.80760    0.717561   0.685882
   474.81660    0.694425   0.686356
   474.82560    0.629440   0.686759
   474.83400    0.665335   0.687145
   474.84300    0.665505   0.687573
   474.85200    0.702251   0.688016
   474.86100    0.664654   0.688538
   474.87000    0.684558   0.689012
   474.87900    0.688641   0.689473
   474.88740    0.723515   0.689842
   474.89640    0.610557   0.690232
   474.90540    0.667036   0.690805
   474.91440    0.652746   0.691381
   474.92340    0.703952   0.691842
   474.93240    0.674351   0.692274
   474.94080    0.667376   0.692716
   474.94980    0.660742   0.693153
   474.95880    0.744950   0.693742
   474.96780    0.706674   0.694206
   474.97680    0.683538   0.694745
   474.98580    0.719603   0.695234
   474.99420    0.678944   0.695670
   475.00320    0.832051   0.696242
   475.01220    0.737295   0.696765
   475.02120    0.698338   0.697264
   475.03020    0.668737   0.697763
   475.03920    0.648493   0.698240
   475.04760    0.730831   0.698819
   475.05660    0.640497   0.699399
   475.06560    0.727598   0.699868
   475.07460    0.695786   0.700378
   475.08360    0.672990   0.700900
   475.09260    0.749714   0.701502
   475.10100    0.719433   0.702035
   475.11000    0.683708   0.702506
   475.11900    0.767576   0.703051
   475.12800    0.654617   0.703559
   475.13700    0.683538   0.704232
   475.14540    0.655298   0.704692
   475.15440    0.719773   0.705285
   475.16340    0.775912   0.705812
   475.17240    0.723175   0.706362
   475.18140    0.710076   0.706964
   475.19040    0.609706   0.707577
   475.19880    0.717051   0.708079
   475.20780    0.657509   0.708605
   475.21680    0.669418   0.709217
   475.22580    0.748523   0.709803
   475.23480    0.710416   0.710402
   475.24380    0.638116   0.710944
   475.25220    0.656489   0.711432
   475.26120    0.682177   0.712108
   475.27020    0.724876   0.712717
   475.27920    0.732021   0.713280
   475.28820    0.677413   0.713848
   475.29720    0.755668   0.714536
   475.30560    0.729129   0.715080
   475.31460    0.724366   0.715658
   475.32360    0.709736   0.716218
   475.33260    0.792414   0.716779
   475.34160    0.689662   0.717503
   475.35060    0.662273   0.718062
   475.35900    0.708885   0.718637
   475.36800    0.733382   0.719278
   475.37700    0.661082   0.719924
   475.38600    0.727088   0.720553
   475.39500    0.708885   0.721116
   475.40400    0.704632   0.721699
   475.41240    0.766045   0.722348
   475.42140    0.677583   0.723005
   475.43040    0.760431   0.723637
   475.43940    0.627568   0.724219
   475.44840    0.697828   0.724809
   475.45740    0.658530   0.725521
   475.46580    0.724536   0.726135
   475.47480    0.757539   0.726745
   475.48380    0.771489   0.727344
   475.49280    0.687961   0.728010
   475.50180    0.673841   0.728737
   475.51020    0.719433   0.729317
   475.51920    0.751075   0.729880
   475.52820    0.803301   0.730529
   475.53720    0.742739   0.731250
   475.54620    0.667717   0.731885
   475.55520    0.744440   0.732526
   475.56360    0.760431   0.733134
   475.57260    0.742399   0.733789
   475.58160    0.777783   0.734451
   475.59060    0.796326   0.735136
   475.59960    0.773190   0.735799
   475.60860    0.711607   0.736495
   475.61700    0.701740   0.737107
   475.62600    0.727768   0.737671
   475.63500    0.783057   0.738378
   475.64400    0.763153   0.739128
   475.65300    0.744610   0.739774
   475.66200    0.757879   0.740435
   475.67040    0.762983   0.741087
   475.67940    0.706844   0.741727
   475.68840    0.715350   0.742378
   475.69740    0.746652   0.743062
   475.70640    0.681496   0.743773
   475.71540    0.765705   0.744520
   475.72380    0.703612   0.745101
   475.73280    0.749714   0.745705
   475.74180    0.729470   0.746441
   475.75080    0.803131   0.747145
   475.75980    0.690683   0.747770
   475.76880    0.740357   0.748475
   475.77720    0.825757   0.749165
   475.78620    0.765024   0.749852
   475.79520    0.714159   0.750532
   475.80420    0.834263   0.751125
   475.81320    0.726408   0.751938
   475.82220    0.760261   0.752603
   475.83060    0.702421   0.753253
   475.83960    0.717561   0.753942
   475.84860    0.678094   0.754706
   475.85760    0.748693   0.755417
   475.86660    0.776252   0.756090
   475.87560    0.731341   0.756710
   475.88400    0.674011   0.757400
   475.89300    0.753286   0.758139
   475.90200    0.784758   0.758733
   475.91100    0.744270   0.759532
   475.92000    0.747842   0.760170
   475.92840    0.768427   0.760877
   475.93740    0.702081   0.761526
   475.94640    0.700039   0.762331
   475.95540    0.746992   0.763050
   475.96440    0.815039   0.763798
   475.97340    0.753967   0.764412
   475.98180    0.704802   0.765204
   475.99080    0.755838   0.765841
   475.99980    0.758220   0.766593
   476.00880    0.689151   0.767196
   476.01780    0.808915   0.768044
   476.02680    0.744440   0.768657
   476.03520    0.701060   0.769326
   476.04420    0.793264   0.770060
   476.05320    0.800239   0.770861
   476.06220    0.782547   0.771575
   476.07120    0.692043   0.772262
   476.08020    0.764854   0.773019
   476.08860    0.744950   0.773661
   476.09760    0.799388   0.774343
   476.10660    0.720283   0.775059
   476.11560    0.827288   0.775855
   476.12460    0.779144   0.776564
   476.13360    0.765705   0.777286
   476.14200    0.899759   0.777876
   476.15100    0.785099   0.778635
   476.16000    0.742058   0.779393
   476.16900    0.799048   0.780091
   476.17800    0.789351   0.780867
   476.18700    0.765705   0.781570
   476.19540    0.752946   0.782225
   476.20440    0.720113   0.782950
   476.21340    0.729980   0.783755
   476.22240    0.800239   0.784460
   476.23140    0.726748   0.785158
   476.24040    0.832902   0.785926
   476.24880    0.785269   0.786594
   476.25780    0.749714   0.787362
   476.26680    0.774381   0.788021
   476.27580    0.791903   0.788821
   476.28480    0.832392   0.789586
   476.29380    0.759751   0.790205
   476.30220    0.804152   0.790924
   476.31120    0.780335   0.791714
   476.32020    0.847702   0.792370
   476.32920    0.878834   0.793084
   476.33820    0.744270   0.793901
   476.34660    0.839026   0.794543
   476.35560    0.849063   0.795284
   476.36460    0.803301   0.796029
   476.37360    0.785269   0.796766
   476.38260    0.809766   0.797534
   476.39160    0.721304   0.798226
   476.40000    0.759581   0.798891
   476.40900    0.850084   0.799701
   476.41800    0.823545   0.800409
   476.42700    0.750564   0.801073
   476.43600    0.749374   0.801868
   476.44500    0.751755   0.802620
   476.45340    0.835454   0.803336
   476.46240    0.828649   0.804038
   476.47140    0.777443   0.804775
   476.48040    0.761452   0.805532
   476.48940    0.844130   0.806237
   476.49840    0.736104   0.806998
   476.50680    0.780165   0.807655
   476.51580    0.823375   0.808439
   476.52480    0.760261   0.809127
   476.53380    0.792244   0.809917
   476.54280    0.865054   0.810597
   476.55180    0.792924   0.811332
   476.56020    0.788671   0.812065
   476.56920    0.770809   0.812797
   476.57820    0.795306   0.813533
   476.58720    0.790372   0.814263
   476.59620    0.786119   0.815027
   476.60520    0.722325   0.815760
   476.61360    0.789692   0.816412
   476.62260    0.875772   0.817206
   476.63160    0.875602   0.817936
   476.64060    0.899418   0.818623
   476.64960    0.868117   0.819387
   476.65860    0.830010   0.820110
   476.66700    0.804662   0.820779
   476.67600    0.805343   0.821539
   476.68500    0.874751   0.822296
   476.69400    0.849403   0.823036
   476.70300    0.775232   0.823748
   476.71140    0.802281   0.824462
   476.72040    0.764004   0.825191
   476.72940    0.866075   0.825901
   476.73840    0.833582   0.826644
   476.74740    0.809085   0.827394
   476.75640    0.818102   0.828067
   476.76480    0.868627   0.828777
   476.77380    0.891933   0.829521
   476.78280    0.856889   0.830300
   476.79180    0.850764   0.831000
   476.80080    0.928509   0.831764
   476.80980    0.899759   0.832475
   476.81820    0.834603   0.833144
   476.82720    0.860801   0.833903
   476.83620    0.853316   0.834654
   476.84520    0.797517   0.835377
   476.85420    0.802791   0.836102
   476.86320    0.787140   0.836831
   476.87160    0.835113   0.837513
   476.88060    0.765024   0.838234
   476.88960    0.783567   0.838964
   476.89860    0.782036   0.839705
   476.90760    0.747332   0.840440
   476.91660    0.781356   0.841168
   476.92500    0.913538   0.841864
   476.93400    0.840047   0.842550
   476.94300    0.822014   0.843288
   476.95200    0.800920   0.844047
   476.96100    0.918472   0.844757
   476.97000    0.965935   0.845506
   476.97840    0.884278   0.846127
   476.98740    0.787820   0.846917
   476.99640    0.785269   0.847639
   477.00540    0.783567   0.848318
   477.01440    0.791563   0.849084
   477.02340    0.782547   0.849751
   477.03180    0.749203   0.850496
   477.04080    0.848383   0.851195
   477.04980    0.859611   0.851923
   477.05880    0.818612   0.852599
   477.06780    0.820653   0.853311
   477.07680    0.821334   0.854113
   477.08520    0.940587   0.854742
   477.09420    0.873050   0.855456
   477.10320    0.845491   0.856189
   477.11220    0.867606   0.856893
   477.12120    0.800920   0.857605
   477.12960    0.805343   0.858307
   477.13860    0.876963   0.859027
   477.14760    0.853827   0.859684
   477.15660    0.809085   0.860482
   477.16560    0.807044   0.861169
   477.17460    0.868117   0.861877
   477.18300    0.867436   0.862518
   477.19200    0.842769   0.863219
   477.20100    0.851445   0.864022
   477.21000    0.789181   0.864611
   477.21900    0.799559   0.865372
   477.22800    0.855017   0.866105
   477.23640    0.902140   0.866718
   477.24540    0.806533   0.867399
   477.25440    0.814189   0.868163
   477.26340    0.939737   0.868865
   477.27240    0.786119   0.869540
   477.28140    0.833412   0.870306
   477.28980    0.850424   0.870919
   477.29880    0.833072   0.871654
   477.30780    0.916260   0.872309
   477.31680    0.876112   0.873102
   477.32580    0.815550   0.873714
   477.33480    0.850594   0.874469
   477.34320    0.889381   0.875088
   477.35220    0.811127   0.875833
   477.36120    0.935484   0.876486
   477.37020    0.862162   0.877242
   477.37920    0.805173   0.877873
   477.38820    0.851785   0.878572
   477.39660    0.863523   0.879206
   477.40560    0.812658   0.879926
   477.41460    0.911667   0.880563
   477.42360    0.809255   0.881335
   477.43260    0.822695   0.882048
   477.44160    0.885639   0.882664
   477.45000    0.900949   0.883322
   477.45900    0.987200   0.884026
   477.46800    0.967466   0.884755
   477.47700    0.951475   0.885361
   477.48600    0.899589   0.886056
   477.49500    0.921364   0.886842
   477.50340    0.884958   0.887377
   477.51240    0.844130   0.888075
   477.52140    0.884618   0.888757
   477.53040    0.956748   0.889455
   477.53940    0.862503   0.890132
   477.54780    0.840217   0.890693
   477.55680    0.803131   0.891452
   477.56580    0.914559   0.892123
   477.57480    0.826097   0.892768
   477.58380    0.847702   0.893474
   477.59280    0.908435   0.894084
   477.60120    0.958960   0.894750
   477.61020    0.938716   0.895490
   477.61920    0.840217   0.896071
   477.62820    0.890912   0.896748
   477.63720    0.882236   0.897363
   477.64620    0.821674   0.898130
   477.65460    0.884958   0.898771
   477.66360    0.839537   0.899325
   477.67260    0.809596   0.900083
   477.68160    0.908605   0.900657
   477.69060    0.867436   0.901359
   477.69960    0.841068   0.902089
   477.70800    0.856038   0.902613
   477.71700    0.947392   0.903232
   477.72600    0.897037   0.903960
   477.73500    0.924936   0.904578
   477.74400    0.900269   0.905245
   477.75300    0.865224   0.905925
   477.76140    0.885979   0.906471
   477.77040    0.827628   0.907086
   477.77940    0.858080   0.907800
   477.78840    0.879514   0.908511
   477.79740    0.846001   0.909089
   477.80640    0.894485   0.909734
   477.81480    0.890572   0.910364
   477.82380    0.900099   0.910936
   477.83280    0.875772   0.911638
   477.84180    0.876622   0.912271
   477.85080    0.874241   0.912926
   477.85980    0.829159   0.913537
   477.86820    0.846341   0.914091
   477.87720    0.837155   0.914705
   477.88620    0.816571   0.915394
   477.89520    0.896526   0.916013
   477.90420    0.866926   0.916674
   477.91260    0.927318   0.917272
   477.92160    1.003361   0.917813
   477.93060    0.982607   0.918454
   477.93960    0.891933   0.919128
   477.94860    0.967126   0.919729
   477.95760    0.862673   0.920353
   477.96600    0.929700   0.920945
   477.97500    0.925957   0.921545
   477.98400    0.875602   0.922135
   477.99300    0.865395   0.922863
   478.00200    0.915410   0.923417
   478.01100    0.937525   0.923971
   478.01940    0.895336   0.924570
   478.02840    0.859440   0.925194
   478.03740    0.950964   0.925791
   478.04640    0.844130   0.926408
   478.05540    0.919322   0.927044
   478.06440    0.834773   0.927633
   478.07280    0.857569   0.928107
   478.08180    0.879514   0.928812
   478.09080    0.834773   0.929371
   478.09980    0.877303   0.929949
   478.10880    0.836474   0.930612
   478.11780    0.881216   0.931179
   478.12620    0.961001   0.931689
   478.13520    1.031941   0.932323
   478.14420    0.921704   0.932952
   478.15320    0.800579   0.933491
   478.16220    0.941268   0.934034
   478.17120    0.827798   0.934650
   478.17960    0.845491   0.935155
   478.18860    0.917791   0.935755
   478.19760    0.932081   0.936432
   478.20660    1.007784   0.936949
   478.21560    0.902310   0.937521
   478.22460    0.855528   0.938118
   478.23300    0.917111   0.938636
   478.24200    0.875091   0.939139
   478.25100    0.897037   0.939746
   478.26000    0.946882   0.940341
   478.26900    1.011527   0.940861
   478.27800    0.950624   0.941430
   478.28640    0.942288   0.941983
   478.29540    0.964914   0.942533
   478.30440    0.944500   0.943049
   478.31340    0.970358   0.943688
   478.32240    0.972910   0.944202
   478.33080    0.996896   0.944708
   478.33980    0.914219   0.945342
   478.34880    0.896186   0.945792
   478.35780    0.913538   0.946381
   478.36680    0.931060   0.946920
   478.37580    0.970018   0.947493
   478.38420    0.876963   0.947970
   478.39320    0.975972   0.948500
   478.40220    0.963213   0.949115
   478.41120    0.991963   0.949555
   478.42020    0.936845   0.950130
   478.42920    0.906563   0.950748
   478.43760    0.961001   0.951149
   478.44660    0.936504   0.951626
   478.45560    0.959811   0.952277
   478.46460    0.941778   0.952717
   478.47360    0.968997   0.953247
   478.48260    1.029729   0.953814
   478.49100    0.962022   0.954260
   478.50000    0.970528   0.954753
   478.50900    1.032621   0.955289
   478.51800    0.967126   0.955862
   478.52700    0.964064   0.956287
   478.53600    0.906563   0.956808
   478.54440    0.917111   0.957319
   478.55340    0.965935   0.957796
   478.56240    0.931401   0.958271
   478.57140    0.949093   0.958876
   478.58040    0.914219   0.959255
   478.58940    0.878834   0.959785
   478.59780    0.937185   0.960217
   478.60680    0.869307   0.960792
   478.61580    0.903331   0.961207
   478.62480    0.862162   0.961719
   478.63380    0.867946   0.962214
   478.64280    0.882577   0.962663
   478.65120    0.906904   0.963140
   478.66020    0.988561   0.963676
   478.66920    0.839026   0.964110
   478.67820    0.887170   0.964514
   478.68720    0.964914   0.965079
   478.69620    1.025987   0.965538
   478.70460    0.939226   0.965906
   478.71360    0.863183   0.966422
   478.72260    0.986179   0.966915
   478.73160    0.924596   0.967303
   478.74060    0.924766   0.967845
   478.74900    0.971889   0.968250
   478.75800    0.972910   0.968705
   478.76700    0.924766   0.969111
   478.77600    1.000299   0.969624
   478.78500    1.021394   0.970030
   478.79400    0.934123   0.970472
   478.80240    0.983287   0.970939
   478.81140    0.947902   0.971317
   478.82040    0.990602   0.971752
   478.82940    1.013738   0.972280
   478.83840    1.001320   0.972610
   478.84740    0.940247   0.973029
   478.85580    0.932592   0.973484
   478.86480    0.917111   0.973889
   478.87380    0.992644   0.974302
   478.88280    1.000129   0.974720
   478.89180    0.922384   0.975207
   478.90080    1.052866   0.975580
   478.90920    1.014589   0.975942
   478.91820    0.942799   0.976420
   478.92720    1.020033   0.976796
   478.93620    0.947562   0.977180
   478.94520    0.967976   0.977650
   478.95420    0.955898   0.977946
   478.96260    1.091483   0.978385
   478.97160    1.049293   0.978787
   478.98060    1.002681   0.979163
   478.98960    1.017141   0.979551
   478.99860    1.005402   0.979918
   479.00760    0.964404   0.980334
   479.01600    0.962532   0.980684
   479.02500    0.957769   0.981012
   479.03400    0.990262   0.981501
   479.04300    0.943309   0.981810
   479.05200    0.973930   0.982120
   479.06100    0.937015   0.982569
   479.06940    1.003361   0.982890
   479.07840    0.944840   0.983253
   479.08740    0.963723   0.983622
   479.09640    0.958620   0.983964
   479.10540    0.920853   0.984307
   479.11440    0.998938   0.984689
   479.12280    0.977843   0.985010
   479.13180    0.959640   0.985345
   479.14080    0.960831   0.985648
   479.14980    0.917451   0.986132
   479.15880    0.932081   0.986335
   479.16720    0.946201   0.986679
   479.17620    0.940247   0.987063
   479.18520    0.946201   0.987337
   479.19420    0.955728   0.987632
   479.20320    1.004212   0.988006
   479.21220    1.002851   0.988281
   479.22060    0.964404   0.988586
   479.22960    0.994004   0.988911
   479.23860    0.954197   0.989176
   479.24760    1.017651   0.989492
   479.25660    0.912347   0.989808
   479.26560    0.890062   0.990124
   479.27400    1.015780   0.990369
   479.28300    0.946031   0.990675
   479.29200    0.990262   0.990991
   479.30100    0.973930   0.991257
   479.31000    0.972569   0.991523
   479.31900    0.985669   0.991880
   479.32740    0.953176   0.992075
   479.33640    0.905713   0.992341
   479.34540    0.926978   0.992679
   479.35440    1.056608   0.992894
   479.36340    0.948413   0.993139
   479.37240    1.050824   0.993406
   479.38080    0.921874   0.993672
   479.38980    0.927998   0.993887
   479.39880    0.956578   0.994133
   479.40780    0.982266   0.994430
   479.41680    1.055247   0.994635
   479.42580    0.977333   0.994861
   479.43420    0.942969   0.995117
   479.44320    0.970018   0.995312
   479.45220    0.984478   0.995548
   479.46120    0.916771   0.995794
   479.47020    0.929529   0.995978
   479.47920    0.964404   0.996183
   479.48760    0.994855   0.996409
   479.49660    1.053886   0.996573
   479.50560    0.923575   0.996788
   479.51460    0.949603   0.996983
   479.52360    1.041298   0.997177
   479.53200    1.014078   0.997340
   479.54100    0.991623   0.997525
   479.55000    0.892103   0.997730
   479.55900    0.913878   0.997862
   479.56800    0.940757   0.998015
   479.57700    0.979374   0.998240
   479.58540    1.029729   0.998383
   479.59440    0.993154   0.998485
   479.60340    0.973080   0.998699
   479.61240    0.990262   0.998800
   479.62140    1.026327   0.998932
   479.63040    0.959640   0.999105
   479.63880    0.974271   0.999196
   479.64780    1.004041   0.999297
   479.65680    0.961512   0.999419
   479.66580    1.033642   0.999530
   479.67480    0.971038   0.999610
   479.68380    0.940757   0.999701
   479.69220    0.943990   0.999811
   479.70120    0.989071   0.999851
   479.71020    0.995365   0.999911
   479.71920    0.922725   1.000000
   479.72820    1.009145   1.000000
   479.73720    0.951305   1.000000
   479.74560    0.957939   1.000000
   479.75460    1.006253   1.000000
   479.76360    0.974441   1.000000
   479.77260    1.036194   1.000000
   479.78160    0.913538   1.000000
   479.79060    0.971038   1.000000
   479.79900    0.936504   1.000000
   479.80800    1.012547   1.000000
   479.81700    0.912177   1.000000
   479.82600    0.987030   1.000000
   479.83500    0.951135   1.000000
   479.84400    1.057969   1.000000
   479.85240    0.941948   1.000000
   479.86140    1.048272   1.000000
   479.87040    1.050654   1.000000
   479.87940    1.093184   1.000000
   479.88840    1.007614   1.000000
   479.89740    0.984988   1.000000
   479.90580    0.970698   1.000000
   479.91480    1.029559   1.000000
   479.92380    0.983797   1.000000
   479.93280    0.978183   1.000000
   479.94180    0.961852   1.000000
   479.95020    0.967126   1.000000
   479.95920    1.016800   1.000000
   479.96820    1.049293   1.000000
   479.97720    1.077873   1.000000
   479.98620    1.069707   1.000000
   479.99520    1.047762   1.000000
   480.00360    1.077703   1.000000
   480.01260    0.941438   1.000000
   480.02160    1.002000   1.000000
   480.03060    0.982436   1.000000
   480.03960    0.943479   1.000000
   480.04860    0.978524   1.000000
   480.05700    0.946371   1.000000
   480.06600    0.968146   1.000000
   480.07500    1.002000   1.000000
   480.08400    0.993154   1.000000
   480.09300    0.931231   1.000000
   480.10200    0.991453   1.000000
   480.11040    0.996556   1.000000
   480.11940    0.951135   1.000000
   480.12840    0.950794   1.000000
   480.13740    1.058820   1.000000
   480.14640    0.999448   1.000000
   480.15540    1.001149   1.000000
   480.16380    1.075832   1.000000
   480.17280    1.048953   1.000000
   480.18180    0.990092   1.000000
   480.19080    1.100329   1.000000
   480.19980    0.996386   1.000000
   480.20880    1.013908   1.000000
   480.21720    0.980055   1.000000
   480.22620    1.022414   1.000000
   480.23520    0.965935   1.000000
   480.24420    0.986519   1.000000
   480.25320    1.033302   1.000000
   480.26220    0.994004   1.000000
   480.27060    1.080255   1.000000
   480.27960    1.028879   1.000000
   480.28860    1.026667   1.000000
   480.29760    0.956068   1.000000
   480.30660    1.006593   1.000000
   480.31560    0.977163   1.000000
   480.32400    0.979204   1.000000
   480.33300    1.031771   1.000000
   480.34200    1.000469   1.000000
   480.35100    1.043849   1.000000
   480.36000    1.050824   1.000000
   480.36840    0.986519   1.000000
   480.37740    0.998428   1.000000
   480.38640    1.036024   1.000000
   480.39540    1.002170   1.000000
   480.40440    0.946882   1.000000
   480.41340    1.009315   1.000000
   480.42180    1.002510   1.000000
   480.43080    0.982607   1.000000
   480.43980    0.997067   1.000000
   480.44880    0.979544   1.000000
   480.45780    1.031601   1.000000
   480.46680    1.029219   1.000000
   480.47520    1.051845   1.000000
   480.48420    1.027178   1.000000
   480.49320    1.068687   1.000000
   480.50220    1.042829   1.000000
   480.51120    0.981586   1.000000
   480.52020    1.010846   1.000000
   480.52860    0.946541   1.000000
   480.53760    0.935824   1.000000
   480.54660    0.973590   1.000000
   480.55560    0.925276   1.000000
   480.56460    0.977333   1.000000
   480.57360    1.038916   1.000000
   480.58200    1.064774   1.000000
   480.59100    1.054227   1.000000
   480.60000    1.084338   1.000000
   480.60900    1.076512   1.000000
   480.61800    1.053546   1.000000
   480.62700    1.047082   1.000000
   480.63540    1.068517   1.000000
   480.64440    1.060181   1.000000
   480.65340    0.986009   1.000000
   480.66240    1.075832   1.000000
   480.67140    1.087910   1.000000
   480.68040    1.038065   1.000000
   480.68880    1.070388   1.000000
   480.69780    1.016800   1.000000
   480.70680    1.039596   1.000000
   480.71580    0.973250   1.000000
   480.72480    1.001490   1.000000
   480.73320    1.087059   1.000000
   480.74220    1.045721   1.000000
   480.75120    1.061201   1.000000
   480.76020    1.020373   1.000000
   480.76920    1.027688   1.000000
   480.77820    0.977333   1.000000
   480.78660    1.005062   1.000000
   480.79560    1.005402   1.000000
   480.80460    0.990772   1.000000
   480.81360    1.016120   1.000000
   480.82260    1.050144   1.000000
   480.83160    0.991112   1.000000
   480.84000    1.045210   1.000000
   480.84900    1.060861   1.000000
   480.85800    0.957429   1.000000
   480.86700    0.997917   1.000000
   480.87600    1.008294   1.000000
   480.88500    1.053886   1.000000
   480.89340    1.001149   1.000000
   480.90240    1.130950   1.000000
   480.91140    1.045040   1.000000
   480.92040    1.136224   1.000000
   480.92940    1.047932   1.000000
   480.93840    1.020203   1.000000
   480.94680    1.029900   1.000000
   480.95580    0.998768   1.000000
   480.96480    1.061372   1.000000
   480.97380    1.055417   1.000000
   480.98280    1.068346   1.000000
   480.99180    1.140477   1.000000
   481.00020    1.026837   1.000000
   481.00920    1.012718   1.000000
   481.01820    1.077193   1.000000
   481.02720    1.125676   1.000000
   481.03620    1.028709   1.000000
   481.04520    1.055247   1.000000
   481.05360    1.137755   1.000000
   481.06260    1.104412   1.000000
   481.07160    1.053036   1.000000
   481.08060    1.015099   1.000000
   481.08960    1.082126   1.000000
   481.09860    1.022244   1.000000
   481.10700    1.049463   1.000000
   481.11600    1.123125   1.000000
   481.12500    1.068687   1.000000
   481.13400    1.007614   1.000000
   481.14300    1.153406   1.000000
   481.15140    1.098628   1.000000
   481.16040    1.022755   1.000000
   481.16940    1.074641   1.000000
   481.17840    1.070558   1.000000
   481.18740    1.032962   1.000000
   481.19640    1.066645   1.000000
   481.20480    1.108835   1.000000
   481.21380    1.025306   1.000000
   481.22280    1.084848   1.000000
   481.23180    1.048272   1.000000
   481.24080    1.029729   1.000000
   481.24980    1.051505   1.000000
   481.25820    1.056778   1.000000
   481.26720    1.020203   1.000000
   481.27620    0.993834   1.000000
   481.28520    1.049803   1.000000
   481.29420    1.032621   1.000000
   481.30320    0.979374   1.000000
   481.31160    1.045040   1.000000
   481.32060    1.069537   1.000000
   481.32960    1.099138   1.000000
   481.33860    0.957259   1.000000
   481.34760    0.968487   1.000000
   481.35660    1.045380   1.000000
   481.36500    1.099648   1.000000
   481.37400    1.189301   1.000000
   481.38300    1.033812   1.000000
   481.39200    1.046741   1.000000
   481.40100    1.109345   1.000000
   481.41000    0.984648   1.000000
   481.41840    1.092844   1.000000
   481.42740    1.068346   1.000000
   481.43640    1.056098   1.000000
   481.44540    1.088080   1.000000
   481.45440    1.082126   1.000000
   481.46340    1.087740   1.000000
   481.47180    1.057119   1.000000
   481.48080    1.032111   1.000000
   481.48980    1.054567   1.000000
   481.49880    0.968997   1.000000
   481.50780    1.017991   1.000000
   481.51680    1.064944   1.000000
   481.52520    1.117341   1.000000
   481.53420    1.026497   1.000000
   481.54320    0.997067   1.000000
   481.55220    1.172799   1.000000
   481.56120    1.005062   1.000000
   481.56960    1.045891   1.000000
   481.57860    1.037215   1.000000
   481.58760    0.990092   1.000000
   481.59660    0.987540   1.000000
   481.60560    0.988561   1.000000
   481.61460    0.941268   1.000000
   481.62300    1.048272   1.000000
   481.63200    1.029219   1.000000
   481.64100    0.918982   1.000000
   481.65000    0.994004   1.000000
   481.65900    1.068687   1.000000
   481.66800    1.070728   1.000000
   481.67640    0.936504   1.000000
   481.68540    1.002851   1.000000
   481.69440    1.096076   1.000000
   481.70340    1.018502   1.000000
   481.71240    1.041638   1.000000
   481.72140    1.047762   1.000000
   481.72980    1.083827   1.000000
   481.73880    1.016971   1.000000
   481.74780    1.066985   1.000000
   481.75680    1.081446   1.000000
   481.76580    1.057629   1.000000
   481.77480    1.059160   1.000000
   481.78320    1.118361   1.000000
   481.79220    1.152045   1.000000
   481.80120    1.210226   1.000000
   481.81020    1.058480   1.000000
   481.81920    1.127378   1.000000
   481.82820    1.102540   1.000000
   481.83660    1.124145   1.000000
   481.84560    1.091142   1.000000
   481.85460    1.093184   1.000000
   481.86360    1.132821   1.000000
   481.87260    1.107474   1.000000
   481.88160    1.045891   1.000000
   481.89000    1.079914   1.000000
   481.89900    1.077022   1.000000
   481.90800    1.122784   1.000000
   481.91700    1.112407   1.000000
   481.92600    1.084848   1.000000
   481.93440    1.060351   1.000000
   481.94340    1.021904   1.000000
   481.95240    1.121594   1.000000
   481.96140    1.099989   1.000000
   481.97040    1.130440   1.000000
   481.97940    1.014929   1.000000
   481.98780    1.083147   1.000000
   481.99680    1.062222   1.000000
   482.00580    1.111386   1.000000
   482.01480    1.099308   1.000000
   482.02380    1.041298   1.000000
   482.03280    1.099138   1.000000
   482.04120    1.068687   1.000000
   482.05020    1.021734   1.000000
   482.05920    1.029900   1.000000
   482.06820    1.020883   1.000000
   482.07720    1.066985   1.000000
