  1119.01597    0.963256   1.000000
  1119.03013    0.908117   1.000000
  1119.04430    1.098858   1.000000
  1119.05847    1.132770   1.000000
  1119.07263    0.881742   1.000000
  1119.08647    0.971274   1.000000
  1119.10113    0.888263   1.000000
  1119.11480    0.860086   1.000000
  1119.12947    0.888263   1.000000
  1119.14313    0.869644   1.000000
  1119.15738    1.032147   1.000000
  1119.17163    0.970380   1.000000
  1119.18530    1.079796   1.000000
  1119.19997    1.109026   1.000000
  1119.21363    1.087782   1.000000
  1119.22788    0.961483   1.000000
  1119.24197    0.948291   1.000000
  1119.25580    0.971274   1.000000
  1119.27047    1.187249   1.000000
  1119.28413    0.866446   1.000000
  1119.29880    0.991155   1.000000
  1119.31247    1.192729   1.000000
  1119.32672    1.042658   1.000000
  1119.34097    0.922448   1.000000
  1119.35463    0.904777   1.000000
  1119.36880    1.140097   1.000000
  1119.38297    0.976656   1.000000
  1119.39722    1.053275   1.000000
  1119.41147    1.025514   1.000000
  1119.42513    0.874464   1.000000
  1119.43980    0.932699   1.000000
  1119.45347    0.889082   1.000000
  1119.46813    1.119288   1.000000
  1119.48197    0.980261   1.000000
  1119.49605    0.911469   1.000000
  1119.51032    0.932699   1.000000
  1119.52398    0.973065   1.000000
  1119.53865    0.950915   1.000000
  1119.55232    0.969486   1.000000
  1119.56657    0.990243   1.000000
  1119.58082    1.235213   1.000000
  1119.59448    1.118257   1.000000
  1119.60915    0.997566   1.000000
  1119.62282    0.973065   1.000000
  1119.63748    0.749103   1.000000
  1119.65132    1.175281   1.000000
  1119.66548    0.864056   1.000000
  1119.67965    0.973065   1.000000
  1119.69332    1.033098   1.000000
  1119.70798    0.899791   1.000000
  1119.72182    0.815346   1.000000
  1119.73632    0.803418   1.000000
  1119.75015    1.137999   1.000000
  1119.76432    0.946546   1.000000
  1119.77848    1.029299   1.000000
  1119.79232    1.245494   1.000000
  1119.80782    0.999405   1.000000
  1119.82148    1.006797   1.000000
  1119.83615    0.914833   1.000000
  1119.84998    0.987510   1.000000
  1119.86407    0.807127   0.999910
  1119.87832    1.172038   0.999810
  1119.89198    0.947418   0.999659
  1119.90665    0.997566   0.999518
  1119.92032    0.992983   0.999286
  1119.93457    0.772221   0.999134
  1119.94882    1.033098   0.998850
  1119.96248    1.040739   0.998637
  1119.97715    1.048435   0.998342
  1119.99082    1.067927   0.998037
  1120.00548    0.997566   0.997782
  1120.01932    0.901450   0.997476
  1120.03348    1.200443   0.997161
  1120.04765    0.754643   0.996793
  1120.06182    0.804159   0.996498
  1120.07598    0.974859   0.996069
  1120.08982    1.004018   0.995763
  1120.10432    1.176364   0.995334
  1120.11898    0.932699   0.994916
  1120.13282    0.839734   0.994507
  1120.14748    0.940463   0.994048
  1120.16115    0.964144   0.993671
  1120.17582    0.898963   0.993182
  1120.18948    0.954425   0.992754
  1120.20332    0.910629   0.992265
  1120.21798    1.126527   0.991868
  1120.23165    1.087782   0.991339
  1120.24632    1.079796   0.990861
  1120.25998    0.932699   0.990333
  1120.27465    0.941330   0.989765
  1120.28832    0.905611   0.989248
  1120.30298    0.981164   0.988691
  1120.31683    1.012376   0.988236
  1120.33150    1.299397   0.987590
  1120.34517    1.007724   0.987115
  1120.35933    1.051336   0.986471
  1120.37350    0.831269   0.985936
  1120.38733    1.046506   0.985355
  1120.40242    1.059112   0.984683
  1120.41650    1.095826   0.984051
  1120.43075    0.821375   0.983443
  1120.44500    0.916519   0.982833
  1120.45917    0.935280   0.982137
  1120.47333    0.863260   0.981600
  1120.48700    1.064000   0.980916
  1120.50167    0.968594   0.980250
  1120.51550    0.994814   0.979541
  1120.53008    1.029299   0.978879
  1120.54383    0.992069   0.978152
  1120.55850    0.979359   0.977468
  1120.57217    1.049402   0.976800
  1120.58642    0.903944   0.976059
  1120.60050    1.082784   0.975406
  1120.61475    1.151706   0.974610
  1120.62900    1.012376   0.973870
  1120.64267    1.036912   0.973149
  1120.65733    1.090791   0.972491
  1120.67100    0.918209   0.971677
  1120.68567    1.048435   0.970908
  1120.69950    0.813096   0.970145
  1120.71408    0.907281   0.969318
  1120.72783    0.961483   0.968574
  1120.74200    1.044580   0.967782
  1120.75617    1.025514   0.966997
  1120.77042    0.856134   0.966162
  1120.78450    1.055217   0.965410
  1120.79833    0.926705   0.964610
  1120.81300    1.020802   0.963771
  1120.82667    0.944804   0.962888
  1120.84133    1.011444   0.962108
  1120.85500    0.912308   0.961180
  1120.86967    1.126527   0.960343
  1120.88350    0.835106   0.959525
  1120.89817    1.027405   0.958604
  1120.91183    1.001248   0.957784
  1120.92600    1.037867   0.956876
  1120.94017    0.971274   0.956108
  1120.95442    1.200443   0.955151
  1120.96850    0.914833   0.954299
  1120.98275    0.966811   0.953343
  1120.99700    1.051336   0.952538
  1121.01117    0.990243   0.951558
  1121.02533    1.053275   0.950605
  1121.03950    0.964144   0.949709
  1121.05367    1.127565   0.948759
  1121.06792    0.849849   0.947849
  1121.08217    0.976656   0.946826
  1121.09625    0.938732   0.945962
  1121.11052    0.876076   0.944952
  1121.12468    0.802679   0.944067
  1121.13885    0.958830   0.943043
  1121.15302    0.925000   0.942114
  1121.16718    0.992983   0.941102
  1121.18143    0.949165   0.940213
  1121.19568    1.015177   0.939141
  1121.20977    1.043618   0.938159
  1121.22402    0.923298   0.937180
  1121.23768    0.833569   0.936208
  1121.25235    0.998485   0.935165
  1121.26660    0.984786   0.934151
  1121.28068    0.982973   0.933196
  1121.29452    0.927559   0.932158
  1121.30918    0.821375   0.931109
  1121.32285    0.893186   0.930142
  1121.33752    0.958830   0.929120
  1121.35118    0.794587   0.928054
  1121.36585    0.942197   0.927022
  1121.37968    0.943934   0.925979
  1121.39418    0.780803   0.924879
  1121.40802    0.905611   0.923895
  1121.42268    0.974859   0.922782
  1121.43635    0.864056   0.921750
  1121.45102    1.154893   0.920652
  1121.46468    0.887446   0.919643
  1121.47935    0.850632   0.918515
  1121.49318    1.050369   0.917457
  1121.50785    1.000326   0.916329
  1121.52193    0.930126   0.915303
  1121.53618    0.767965   0.914186
  1121.55035    0.781523   0.913084
  1121.56452    0.905611   0.912003
  1121.57918    1.099871   0.910869
  1121.59285    0.873658   0.909707
  1121.60710    1.000326   0.908673
  1121.62135    0.993898   0.907505
  1121.63552    1.037867   0.906449
  1121.64968    0.935280   0.905273
  1121.66385    0.855346   0.904158
  1121.67802    0.816097   0.903053
  1121.69227    0.903112   0.901883
  1121.70635    0.706874   0.900806
  1121.72060    1.017049   0.899617
  1121.73485    0.890721   0.898503
  1121.74902    1.013309   0.897377
  1121.76318    0.974859   0.896243
  1121.77735    0.918209   0.895048
  1121.79152    1.011444   0.893955
  1121.80577    0.909791   0.892707
  1121.81993    0.765141   0.891652
  1121.83410    0.981164   0.890380
  1121.84835    1.074835   0.889345
  1121.86252    0.939597   0.888049
  1121.87668    0.751176   0.886905
  1121.89135    1.089787   0.885711
  1121.90503    0.925852   0.884573
  1121.91970    0.776500   0.883411
  1121.93353    0.772933   0.882150
  1121.94803    0.871248   0.881016
  1121.96187    0.755339   0.879855
  1121.97653    0.952668   0.878648
  1121.99020    0.807870   0.877396
  1122.00487    0.869644   0.876265
  1122.01853    0.779366   0.875049
  1122.03320    0.930983   0.873878
  1122.04703    0.947418   0.872644
  1122.06170    0.832035   0.871512
  1122.07578    0.726008   0.870264
  1122.09003    0.813845   0.869043
  1122.10370    0.953546   0.867854
  1122.11837    0.905611   0.866638
  1122.13253    0.801201   0.865402
  1122.14670    0.861671   0.864210
  1122.16095    0.762328   0.862934
  1122.17520    0.856134   0.861785
  1122.18937    0.852200   0.860551
  1122.20353    0.919055   0.859285
  1122.21770    0.847504   0.858033
  1122.23187    1.105966   0.856848
  1122.24612    0.878500   0.855586
  1122.26020    0.946546   0.854396
  1122.27487    0.909791   0.853129
  1122.28870    0.907281   0.851904
  1122.30287    0.767258   0.850685
  1122.31703    0.836646   0.849427
  1122.33170    0.940463   0.848219
  1122.34537    0.711446   0.847001
  1122.36003    0.856134   0.845735
  1122.37378    0.815346   0.844491
  1122.38837    0.796786   0.843253
  1122.40220    0.872051   0.842004
  1122.41687    0.996648   0.840741
  1122.43053    0.904777   0.839539
  1122.44520    0.797520   0.838240
  1122.45937    1.046506   0.837010
  1122.47353    0.850632   0.835754
  1122.48737    0.862465   0.834564
  1122.50187    0.940463   0.833246
  1122.51612    0.880120   0.832013
  1122.53037    0.937868   0.830804
  1122.54453    0.838189   0.829525
  1122.55870    0.880931   0.828285
  1122.57287    0.887446   0.827024
  1122.58703    0.835106   0.825788
  1122.60170    0.788028   0.824463
  1122.61553    0.758127   0.823241
  1122.63003    0.929270   0.821973
  1122.64387    1.025514   0.820750
  1122.65853    0.767258   0.819483
  1122.67220    0.915676   0.818280
  1122.68687    0.763030   0.816934
  1122.70053    0.899791   0.815798
  1122.71522    0.793856   0.814467
  1122.72905    0.715388   0.813272
  1122.74355    0.796052   0.811982
  1122.75780    0.735431   0.810750
  1122.77205    0.819109   0.809478
  1122.78622    0.729360   0.808269
  1122.80038    0.796786   0.806944
  1122.81505    0.693333   0.805670
  1122.82872    0.705573   0.804467
  1122.84338    0.826688   0.803274
  1122.85722    0.790209   0.801933
  1122.87172    0.869644   0.800705
  1122.88555    0.763733   0.799525
  1122.90022    0.842833   0.798255
  1122.91438    0.866446   0.796958
  1122.92855    0.870446   0.795738
  1122.94322    0.777216   0.794391
  1122.95688    0.765846   0.793325
  1122.97155    0.807127   0.791967
  1122.98538    0.765141   0.790861
  1122.99988    0.747036   0.789508
  1123.01372    0.683820   0.788354
  1123.02838    0.816849   0.787057
  1123.04205    0.765846   0.785907
  1123.05672    0.806384   0.784642
  1123.07038    0.855346   0.783416
  1123.08505    0.712101   0.782185
  1123.09930    0.687609   0.780982
  1123.11338    0.678175   0.779727
  1123.12805    0.769381   0.778492
  1123.14188    0.746349   0.777333
  1123.15655    0.876076   0.776047
  1123.17022    0.710791   0.774912
  1123.18488    0.774358   0.773622
  1123.19905    0.758825   0.772488
  1123.21322    0.815346   0.771185
  1123.22747    0.675059   0.769972
  1123.24155    0.810852   0.768743
  1123.25622    0.683190   0.767544
  1123.27005    0.822132   0.766383
  1123.28472    0.842833   0.765214
  1123.29838    0.673196   0.764121
  1123.31305    0.739506   0.762878
  1123.32722    0.694611   0.761692
  1123.34138    0.736787   0.760438
  1123.35563    0.727347   0.759255
  1123.36972    0.750484   0.758110
  1123.38438    0.836646   0.756968
  1123.39822    0.692057   0.755761
  1123.41288    0.792395   0.754628
  1123.42655    0.810852   0.753470
  1123.44122    0.843610   0.752270
  1123.45538    0.754643   0.751145
  1123.46955    0.876883   0.749965
  1123.48422    0.749103   0.748830
  1123.49788    0.657267   0.747636
  1123.51257    0.686976   0.746555
  1123.52682    0.734754   0.745377
  1123.54098    0.744289   0.744293
  1123.55515    0.739506   0.743163
  1123.56940    0.737465   0.742047
  1123.58407    0.675681   0.740852
  1123.59773    0.810106   0.739793
  1123.61240    0.897308   0.738714
  1123.62657    0.841282   0.737587
  1123.64073    0.830504   0.736527
  1123.65498    0.626530   0.735406
  1123.66907    0.780085   0.734259
  1123.68332    0.799727   0.733245
  1123.69757    0.650042   0.732161
  1123.71223    0.732726   0.731124
  1123.72590    0.717368   0.730064
  1123.74057    0.700393   0.728975
  1123.75423    0.784407   0.727984
  1123.76890    0.683190   0.726822
  1123.78315    0.822132   0.725901
  1123.79723    0.747725   0.724836
  1123.81190    0.735431   0.723723
  1123.82573    0.840508   0.722779
  1123.84040    0.685712   0.721654
  1123.85407    0.774358   0.720783
  1123.86873    0.628842   0.719769
  1123.88290    0.673817   0.718705
  1123.89707    0.706223   0.717801
  1123.91173    0.757429   0.716724
  1123.92540    0.665184   0.715803
  1123.94007    0.665797   0.714866
  1123.95390    0.756035   0.713796
  1123.96857    0.556854   0.712942
  1123.98265    0.715388   0.711993
  1123.99690    0.638766   0.710945
  1124.01157    0.697817   0.710089
  1124.02523    0.627685   0.709188
  1124.03990    0.773645   0.708214
  1124.05407    0.687609   0.707368
  1124.06823    0.654850   0.706491
  1124.08290    0.769381   0.705514
  1124.09657    0.659693   0.704715
  1124.11123    0.693333   0.703817
  1124.12548    0.743604   0.702915
  1124.13973    0.676927   0.702170
  1124.15390    0.673817   0.701302
  1124.16807    0.761626   0.700425
  1124.18273    0.652442   0.699566
  1124.19640    0.608894   0.698817
  1124.21107    0.718690   0.697928
  1124.22573    0.718690   0.697147
  1124.23940    0.649444   0.696416
  1124.25407    0.559425   0.695584
  1124.26790    0.688243   0.694859
  1124.28240    0.647056   0.694130
  1124.29665    0.787303   0.693291
  1124.31092    0.589036   0.692589
  1124.32558    0.624226   0.691891
  1124.33925    0.716047   0.691194
  1124.35392    0.769381   0.690413
  1124.36808    0.751868   0.689809
  1124.38225    0.710136   0.689095
  1124.39692    0.728017   0.688374
  1124.41058    0.659693   0.687737
  1124.42525    0.686344   0.687097
  1124.43950    0.680678   0.686499
  1124.45375    0.627685   0.685770
  1124.46825    0.726677   0.685234
  1124.48208    0.716707   0.684623
  1124.49675    0.822890   0.684049
  1124.51092    0.632910   0.683443
  1124.52508    0.736787   0.682883
  1124.53975    0.706223   0.682360
  1124.55342    0.718029   0.681847
  1124.56808    0.697817   0.681318
  1124.58275    0.760224   0.680688
  1124.59642    0.645270   0.680234
  1124.61108    0.654850   0.679783
  1124.62533    0.735431   0.679304
  1124.63958    0.779366   0.678875
  1124.65408    0.647056   0.678312
  1124.66792    0.623651   0.677924
  1124.68258    0.642897   0.677444
  1124.69675    0.663960   0.677114
  1124.71092    0.598883   0.676785
  1124.72558    0.674437   0.676406
  1124.73975    0.751176   0.675910
  1124.75392    0.663348   0.675549
  1124.76858    0.678800   0.675222
  1124.78225    0.635246   0.674987
  1124.79692    0.612832   0.674651
  1124.81117    0.677551   0.674417
  1124.82542    0.716707   0.674077
  1124.83992    0.668254   0.673787
  1124.85375    0.744975   0.673537
  1124.86842    0.609455   0.673214
  1124.88258    0.584173   0.673069
  1124.89675    0.641124   0.672878
  1124.91142    0.591210   0.672656
  1124.92508    0.693333   0.672483
  1124.93975    0.615661   0.672336
  1124.95392    0.708177   0.672239
  1124.96808    0.712757   0.672132
  1124.98275    0.690783   0.671956
  1124.99658    0.714729   0.671876
  1125.01125    0.657872   0.671768
  1125.02575    0.592300   0.671706
  1125.03958    0.657872   0.671662
  1125.05425    0.614528   0.671608
  1125.06842    0.645270   0.671582
  1125.08258    0.720679   0.671518
  1125.09725    0.670103   0.671519
  1125.11143    0.613962   0.671569
  1125.12560    0.712757   0.671619
  1125.13977    0.675059   0.671666
  1125.15393    0.796052   0.671704
  1125.16860    0.659085   0.671796
  1125.18285    0.704923   0.671890
  1125.19710    0.647056   0.671993
  1125.21160    0.654850   0.672113
  1125.22585    0.544179   0.672231
  1125.24010    0.625377   0.672372
  1125.25477    0.697175   0.672563
  1125.26843    0.654850   0.672757
  1125.28310    0.623651   0.672942
  1125.29777    0.616228   0.673120
  1125.31143    0.686344   0.673333
  1125.32610    0.765141   0.673508
  1125.34027    0.649444   0.673806
  1125.35443    0.653043   0.674157
  1125.36910    0.692694   0.674487
  1125.38293    0.596131   0.674721
  1125.39743    0.587952   0.675036
  1125.41168    0.595582   0.675317
  1125.42593    0.654247   0.675679
  1125.44060    0.590666   0.676034
  1125.45427    0.668870   0.676372
  1125.46893    0.615661   0.676807
  1125.48360    0.638766   0.677195
  1125.49727    0.699748   0.677610
  1125.51193    0.732052   0.678079
  1125.52660    0.591210   0.678479
  1125.54077    0.650042   0.678805
  1125.55493    0.713414   0.679391
  1125.56960    0.718029   0.679974
  1125.58327    0.658479   0.680369
  1125.59793    0.555830   0.680839
  1125.61218    0.637003   0.681315
  1125.62643    0.618503   0.681944
  1125.64093    0.645865   0.682499
  1125.65518    0.555318   0.683037
  1125.66943    0.642306   0.683510
  1125.68410    0.715388   0.684114
  1125.69777    0.616228   0.684784
  1125.71243    0.655453   0.685399
  1125.72710    0.622503   0.685940
  1125.74077    0.659693   0.686523
  1125.75543    0.763030   0.687285
  1125.77010    0.629422   0.687991
  1125.78377    0.686976   0.688563
  1125.79843    0.693972   0.689187
  1125.81310    0.668254   0.689964
  1125.82677    0.732052   0.690646
  1125.84143    0.699104   0.691297
  1125.85610    0.845165   0.692039
  1125.86993    0.657267   0.692842
  1125.88443    0.763030   0.693527
  1125.89912    0.685712   0.694204
  1125.91295    0.696533   0.695073
  1125.92762    0.654247   0.695856
  1125.94212    0.723339   0.696585
  1125.95595    0.856923   0.697384
  1125.97062    0.621930   0.698275
  1125.98528    0.726008   0.699040
  1125.99895    0.656057   0.699680
  1126.01362    0.700393   0.700690
  1126.02828    0.770090   0.701554
  1126.04195    0.633493   0.702277
  1126.05662    0.668870   0.703286
  1126.07078    0.822132   0.704079
  1126.08495    0.730704   0.704901
  1126.09962    0.617365   0.705904
  1126.11387    0.712101   0.706742
  1126.12795    0.702978   0.707536
  1126.14262    0.604981   0.708553
  1126.15728    0.835876   0.709450
  1126.17112    0.721343   0.710336
  1126.18562    0.702978   0.711289
  1126.19987    0.630582   0.712232
  1126.21412    0.611705   0.713220
  1126.22878    0.793856   0.714203
  1126.24295    0.727347   0.715127
  1126.25712    0.666410   0.716170
  1126.27178    0.686976   0.717103
  1126.28595    0.690147   0.718046
  1126.30012    0.648846   0.719053
  1126.31478    0.703626   0.720022
  1126.32895    0.655453   0.721093
  1126.34312    0.722007   0.722111
  1126.35778    0.661518   0.723090
  1126.37195    0.612832   0.724167
  1126.38612    0.810852   0.725120
  1126.40078    0.738825   0.726193
  1126.41503    0.620214   0.727255
  1126.42920    0.659693   0.728240
  1126.44378    0.728017   0.729402
  1126.45845    0.690783   0.730446
  1126.47228    0.664571   0.731428
  1126.48695    0.720679   0.732632
  1126.50103    0.783685   0.733582
  1126.51528    0.659693   0.734722
  1126.52995    0.747036   0.735832
  1126.54412    0.637590   0.736906
  1126.55828    0.740869   0.738026
  1126.57295    0.634661   0.739026
  1126.58712    0.630002   0.740225
  1126.60128    0.715388   0.741276
  1126.61595    0.712101   0.742502
  1126.63062    0.681933   0.743624
  1126.64428    0.853772   0.744596
  1126.65895    0.707525   0.745856
  1126.67362    0.656057   0.746913
  1126.68728    0.755339   0.748123
  1126.70197    0.794587   0.749224
  1126.71663    0.844387   0.750452
  1126.73047    0.796052   0.751534
  1126.74497    0.772933   0.752663
  1126.75963    0.854558   0.753887
  1126.77388    0.734754   0.755020
  1126.78813    0.721343   0.756240
  1126.80263    0.725340   0.757332
  1126.81688    0.718690   0.758579
  1126.83113    0.811599   0.759752
  1126.84580    0.904777   0.760980
  1126.86030    0.718029   0.762203
  1126.87413    0.734077   0.763225
  1126.88880    0.704923   0.764483
  1126.90347    0.777216   0.765633
  1126.91713    0.869644   0.766875
  1126.93180    0.730704   0.768063
  1126.94647    0.842057   0.769300
  1126.96013    0.774358   0.770409
  1126.97480    0.872854   0.771658
  1126.98947    0.873658   0.772821
  1127.00313    0.728688   0.774049
  1127.01780    0.738145   0.775223
  1127.03247    0.963256   0.776476
  1127.04663    0.900620   0.777712
  1127.06080    0.862465   0.778910
  1127.07547    0.743604   0.780153
  1127.09013    0.801940   0.781367
  1127.10388    0.923298   0.782608
  1127.11847    0.748414   0.783813
  1127.13313    0.828976   0.785055
  1127.14738    0.841282   0.786298
  1127.16163    0.732726   0.787529
  1127.17613    0.825927   0.788745
  1127.19080    0.796052   0.790050
  1127.20463    0.738825   0.791191
  1127.21930    0.819109   0.792500
  1127.23380    0.935280   0.793710
  1127.24805    0.749794   0.794945
  1127.26230    0.726677   0.796119
  1127.27697    0.909791   0.797455
  1127.29105    0.768673   0.798645
  1127.30530    0.645865   0.799935
  1127.31997    0.886629   0.801152
  1127.33463    0.868844   0.802394
  1127.34880    0.752561   0.803682
  1127.36297    0.866446   0.804868
  1127.37763    0.763030   0.806171
  1127.39230    0.860086   0.807406
  1127.40597    0.938732   0.808626
  1127.42063    0.855346   0.809841
  1127.43530    0.960598   0.811124
  1127.44947    0.825927   0.812345
  1127.46363    1.005870   0.813646
  1127.47830    0.813096   0.814878
  1127.49297    1.023627   0.816170
  1127.50715    0.844387   0.817387
  1127.52132    0.832035   0.818630
  1127.53598    0.911469   0.819857
  1127.55015    0.772933   0.821127
  1127.56432    0.726677   0.822340
  1127.57898    0.868044   0.823622
  1127.59365    0.749103   0.824871
  1127.60782    0.856134   0.826143
  1127.62198    0.822890   0.827353
  1127.63665    0.925852   0.828637
  1127.65090    0.804900   0.829866
  1127.66498    0.775071   0.830974
  1127.67965    0.832802   0.832359
  1127.69432    0.778649   0.833594
  1127.70815    0.834337   0.834794
  1127.72265    0.844387   0.836062
  1127.73732    0.875269   0.837340
  1127.75157    0.801940   0.838573
  1127.76582    0.820619   0.839801
  1127.78040    0.867245   0.841044
  1127.79498    0.884182   0.842333
  1127.80923    0.842833   0.843550
  1127.82348    0.846724   0.844753
  1127.83815    0.775071   0.846029
  1127.85223    0.946546   0.847256
  1127.86648    0.848285   0.848407
  1127.88115    0.708829   0.849740
  1127.89532    0.873658   0.850869
  1127.90948    0.808615   0.852129
  1127.92415    0.849849   0.853333
  1127.93882    0.780803   0.854602
  1127.95248    0.853772   0.855770
  1127.96715    0.958830   0.857018
  1127.98182    0.826688   0.858234
  1127.99598    0.821375   0.859473
  1128.01015    0.950040   0.860641
  1128.02482    0.721343   0.861945
  1128.03948    0.811599   0.863121
  1128.05365    0.868844   0.864369
  1128.06782    0.933559   0.865513
  1128.08248    0.967702   0.866734
  1128.09715    1.009582   0.867968
  1128.11132    0.883368   0.869135
  1128.12548    0.782243   0.870311
  1128.14015    0.818355   0.871601
  1128.15432    0.886629   0.872708
  1128.16848    0.950040   0.873954
  1128.18315    0.921598   0.875090
  1128.19782    0.882555   0.876312
  1128.21148    0.858503   0.877406
  1128.22615    0.856134   0.878645
  1128.24082    0.885812   0.879854
  1128.25507    0.959714   0.881052
  1128.26932    0.864852   0.882193
  1128.28382    0.854558   0.883373
  1128.29850    0.939597   0.884523
  1128.31275    0.971274   0.885750
  1128.32700    0.957947   0.886874
  1128.34150    0.772933   0.888090
  1128.35617    0.925852   0.889202
  1128.37042    0.876883   0.890345
  1128.38650    0.859294   0.891716
  1128.40017    0.913991   0.892693
  1128.41483    0.811599   0.893930
  1128.42950    1.103930   0.895030
  1128.44317    0.824407   0.896169
  1128.45783    1.173118   0.897296
  1128.47250    1.031197   0.898469
  1128.48667    0.963256   0.899626
  1128.50083    0.896482   0.900696
  1128.51550    0.915676   0.901821
  1128.52967    0.885812   0.902974
  1128.54383    1.087782   0.904000
  1128.55850    0.770090   0.905187
  1128.57317    0.847504   0.906301
  1128.58683    1.109026   0.907324
  1128.60150    0.952668   0.908476
  1128.61617    0.884997   0.909624
  1128.63042    0.898135   0.910743
  1128.64450    0.835106   0.911714
  1128.65917    0.804159   0.912943
  1128.67300    1.040739   0.913866
  1128.68767    0.882555   0.915033
  1128.70225    0.884182   0.916064
  1128.71600    1.039781   0.917178
  1128.73067    0.941330   0.918201
  1128.74533    1.017986   0.919253
  1128.75950    0.890721   0.920333
  1128.77367    0.923298   0.921385
  1128.78833    0.856134   0.922422
  1128.80250    0.906446   0.923450
  1128.81667    0.989331   0.924509
  1128.83133    0.966811   0.925567
  1128.84550    0.904777   0.926587
  1128.85967    0.850632   0.927551
  1128.87433    0.808615   0.928623
  1128.88850    1.005870   0.929580
  1128.90267    0.867245   0.930652
  1128.91733    0.974859   0.931660
  1128.93158    0.891542   0.932687
  1128.94583    1.014242   0.933614
  1128.96033    0.975757   0.934687
  1128.97458    0.928414   0.935609
  1128.98883    0.966811   0.936651
  1129.00350    0.999405   0.937580
  1129.01800    0.961483   0.938619
  1129.03225    0.973065   0.939527
  1129.04650    0.973065   0.940542
  1129.06117    0.961483   0.941492
  1129.07525    0.891542   0.942405
  1129.08950    0.970380   0.943355
  1129.10418    0.986601   0.944326
  1129.11835    1.087782   0.945259
  1129.13252    0.832035   0.946152
  1129.14718    0.919902   0.947110
  1129.16185    1.027405   0.948029
  1129.17552    1.001248   0.948934
  1129.19018    0.881742   0.949807
  1129.20435    1.052305   0.950752
  1129.21852    1.068911   0.951585
  1129.23318    0.855346   0.952555
  1129.24743    0.833569   0.953374
  1129.26152    0.894832   0.954304
  1129.27618    0.998485   0.955176
  1129.29085    0.957947   0.956068
  1129.30468    0.768673   0.956847
  1129.31918    0.905611   0.957729
  1129.33385    0.937005   0.958686
  1129.34810    0.812347   0.959426
  1129.36235    1.001248   0.960357
  1129.37693    0.982973   0.961122
  1129.39110    0.861671   0.961998
  1129.40535    0.908954   0.962779
  1129.42002    1.022685   0.963614
  1129.43468    0.950040   0.964390
  1129.44835    0.944804   0.965234
  1129.46302    1.130685   0.965947
  1129.47768    0.868844   0.966816
  1129.49185    1.038823   0.967618
  1129.50602    0.902281   0.968333
  1129.52068    1.023627   0.969128
  1129.53535    1.041698   0.969880
  1129.54902    0.957947   0.970637
  1129.56368    1.192729   0.971396
  1129.57835    0.749103   0.972188
  1129.59252    0.932699   0.972838
  1129.60668    0.975757   0.973616
  1129.62135    0.944804   0.974267
  1129.63552    1.013309   0.975029
  1129.64968    1.104948   0.975702
  1129.66435    1.127565   0.976441
  1129.67902    0.801201   0.977096
  1129.69318    0.973961   0.977782
  1129.70735    0.859294   0.978459
  1129.72202    0.998485   0.979128
  1129.73627    0.944804   0.979844
  1129.75035    0.956185   0.980433
  1129.76502    1.218265   0.981122
  1129.77968    1.014242   0.981712
  1129.79352    0.973065   0.982357
  1129.80802    0.914833   0.982937
  1129.82268    0.942197   0.983583
  1129.83693    0.973961   0.984205
  1129.85118    0.984786   0.984767
  1129.86585    1.144305   0.985351
  1129.88035    0.980261   0.985942
  1129.89420    0.950040   0.986468
  1129.90887    1.027405   0.987033
  1129.92353    1.064981   0.987695
  1129.93720    0.884182   0.988135
  1129.95187    1.035003   0.988702
  1129.96653    0.933559   0.989209
  1129.98070    0.999405   0.989748
  1129.99487    0.973961   0.990196
  1130.00953    1.137999   0.990723
  1130.02420    0.971274   0.991215
  1130.03787    0.903944   0.991674
  1130.05253    1.170959   0.992143
  1130.06720    1.175281   0.992604
  1130.08137    1.048435   0.993064
  1130.09553    1.050369   0.993444
  1130.11020    1.089787   0.993933
  1130.12487    0.913991   0.994334
  1130.13903    0.913991   0.994745
  1130.15320    0.814595   0.995086
  1130.16787    0.816097   0.995505
  1130.18253    1.017986   0.995854
  1130.19670    1.043618   0.996224
  1130.21087    1.180706   0.996516
  1130.22553    1.097847   0.996893
  1130.24020    1.029299   0.997222
  1130.25387    0.977556   0.997511
  1130.26853    1.002171   0.997867
  1130.28320    0.925000   0.998077
  1130.29745    1.073845   0.998393
  1130.31153    0.937005   0.998621
  1130.32620    0.930126   0.998858
  1130.34087    0.925852   0.999055
  1130.35512    0.986601   0.999280
  1130.36920    1.246642   0.999437
  1130.38387    0.920750   0.999612
  1130.39853    0.977556   0.999775
  1130.41278    0.977556   0.999872
  1130.42687    0.809360   0.999991
  1130.44153    0.865649   1.000000
  1130.45803    0.943934   1.000000
  1130.47270    0.928414   1.000000
  1130.48778    1.062042   1.000000
  1130.50203    1.023627   1.000000
  1130.51753    0.909791   1.000000
  1130.53320    1.141147   1.000000
  1130.59170    0.895657   1.000000
  1130.60587    1.080791   1.000000
  1130.62003    1.105966   1.000000
  1130.63470    1.176364   1.000000
  1130.64937    0.983879   1.000000
  1130.66320    0.949165   1.000000
  1130.67770    1.067927   1.000000
  1130.69238    0.800464   1.000000
  1130.70663    1.082784   1.000000
  1130.72088    1.100884   1.000000
  1130.73538    1.010513   1.000000
  1130.74963    1.004944   1.000000
  1130.76388    1.008653   1.000000
  1130.77855    0.933559   1.000000
  1130.79305    0.930126   1.000000
  1130.80730    1.042658   1.000000
  1130.82155    1.127565   1.000000
  1130.83622    1.168804   1.000000
  1130.85080    1.086780   1.000000
  1130.86497    1.048435   1.000000
  1130.87922    0.913991   1.000000
  1130.89388    1.211551   1.000000
  1130.90855    0.950915   1.000000
  1130.92305    1.040739   1.000000
  1130.93730    1.002171   1.000000
  1130.95155    1.047470   1.000000
  1130.96622    0.912308   1.000000
  1130.98072    1.030248   1.000000
  1130.99497    0.970380   1.000000
  1131.00922    0.782243   1.000000
  1131.02388    1.070882   1.000000
  1131.03838    1.051336   1.000000
  1131.05305    1.106985   1.000000
  1131.06730    0.946546   1.000000
  1131.08155    0.860086   1.000000
  1131.09622    1.060087   1.000000
  1131.11072    0.869644   1.000000
  1131.12497    1.239772   1.000000
  1131.13922    1.076817   1.000000
  1131.15388    0.841282   1.000000
  1131.16838    1.127565   1.000000
  1131.18263    1.179619   1.000000
  1131.19688    0.986601   1.000000
  1131.21155    1.121351   1.000000
  1131.22605    0.992983   1.000000
  1131.24030    0.981164   1.000000
  1131.25455    0.871248   1.000000
  1131.26922    0.886629   1.000000
  1131.28372    1.017049   1.000000
  1131.29838    1.158088   1.000000
  1131.31263    0.977556   1.000000
  1131.32688    0.962369   1.000000
  1131.34155    1.007724   1.000000
  1131.35605    0.947418   1.000000
  1131.37030    1.046506   1.000000
  1131.38455    0.948291   1.000000
  1131.39922    0.983879   1.000000
  1131.41372    1.009582   1.000000
  1131.42838    1.125490   1.000000
  1131.44263    0.905611   1.000000
  1131.45688    0.974859   1.000000
  1131.47138    0.957066   1.000000
  1131.48607    0.908954   1.000000
  1131.50032    0.976656   1.000000
  1131.51457    0.991155   1.000000
  1131.52907    0.891542   1.000000
  1131.54373    1.108005   1.000000
  1131.55840    0.906446   1.000000
  1131.57265    0.944804   1.000000
  1131.58690    0.873658   1.000000
  1131.60140    1.019863   1.000000
  1131.61607    0.849849   1.000000
  1131.63073    0.934419   1.000000
  1131.64498    1.010513   1.000000
  1131.65907    1.017049   1.000000
  1131.67373    0.920750   1.000000
  1131.68840    0.919902   1.000000
  1131.70265    1.028352   1.000000
  1131.71673    0.972169   1.000000
  1131.73140    0.927559   1.000000
  1131.74607    0.914833   1.000000
  1131.76073    0.889901   1.000000
  1131.77490    1.157022   1.000000
  1131.78907    0.926705   1.000000
  1131.80373    1.049402   1.000000
  1131.81840    0.968594   1.000000
  1131.83307    0.967702   1.000000
  1131.84723    1.005870   1.000000
  1131.86140    0.965032   1.000000
  1131.87607    0.905611   1.000000
  1131.89073    0.993898   1.000000
  1131.90540    1.097847   1.000000
  1131.91957    0.965032   1.000000
  1131.93373    0.981164   1.000000
  1131.94840    1.011444   1.000000
  1131.96307    0.987510   1.000000
  1131.97773    1.102914   1.000000
  1131.99190    0.872854   1.000000
  1132.00607    0.933559   1.000000
  1132.02073    0.935280   1.000000
  1132.03540    1.064000   1.000000
  1132.05007    0.861671   1.000000
  1132.06423    1.064000   1.000000
  1132.07840    0.946546   1.000000
  1132.09307    1.143251   1.000000
  1132.10773    1.006797   1.000000
  1132.12240    1.005870   1.000000
  1132.13657    1.053275   1.000000
  1132.15073    0.948291   1.000000
  1132.16540    1.095826   1.000000
  1132.18007    0.902281   1.000000
  1132.19473    0.927559   1.000000
  1132.20882    0.944804   1.000000
  1132.22307    0.961483   1.000000
  1132.23773    1.005870   1.000000
  1132.25240    0.925852   1.000000
  1132.26690    1.019863   1.000000
  1132.28157    1.116199   1.000000
  1132.29542    0.980261   1.000000
  1132.31008    0.985693   1.000000
  1132.32475    0.854558   1.000000
  1132.33925    1.054245   1.000000
  1132.35392    1.120319   1.000000
  1132.36817    1.168804   1.000000
  1132.38242    1.084780   1.000000
  1132.39692    0.978457   1.000000
  1132.41158    0.852200   1.000000
  1132.42625    0.980261   1.000000
  1132.44050    1.150646   1.000000
  1132.45458    1.039781   1.000000
  1132.46925    1.088784   1.000000
  1132.48392    0.919902   1.000000
  1132.49858    0.868044   1.000000
  1132.51275    1.197131   1.000000
  1132.52692    1.125490   1.000000
  1132.54158    1.006797   1.000000
  1132.55625    1.038823   1.000000
  1132.57092    1.054245   1.000000
  1132.58508    1.043618   1.000000
  1132.59925    0.861671   1.000000
  1132.61392    1.196029   1.000000
  1132.62858    1.011444   1.000000
  1132.64225    1.013309   1.000000
  1132.65692    1.025514   1.000000
  1132.67158    0.894009   1.000000
  1132.68542    1.093810   1.000000
  1132.69992    0.890721   1.000000
  1132.71458    0.913991   1.000000
  1132.72925    1.073845   1.000000
  1132.74308    0.884182   1.000000
  1132.75758    0.997566   1.000000
  1132.77225    0.967702   1.000000
  1132.78692    1.097847   1.000000
  1132.80117    1.096836   1.000000
  1132.81542    1.079796   1.000000
  1132.82992    1.037867   1.000000
  1132.84458    1.020802   1.000000
  1132.85925    0.953546   1.000000
  1132.87392    1.014242   1.000000
  1132.88808    1.093810   1.000000
  1132.90225    1.017986   1.000000
  1132.91692    0.868044   1.000000
  1132.93158    0.992069   1.000000
  1132.94625    0.905611   1.000000
  1132.96042    0.947418   1.000000
  1132.97458    0.894009   1.000000
  1132.98925    0.947418   1.000000
  1133.00392    1.135904   1.000000
  1133.01858    1.068911   1.000000
  1133.03325    0.941330   1.000000
  1133.04742    0.949165   1.000000
  1133.06158    0.955304   1.000000
  1133.07625    1.032147   1.000000
  1133.09093    1.050369   1.000000
  1133.10560    1.174199   1.000000
  1133.11977    0.989331   1.000000
  1133.13435    1.124454   1.000000
  1133.14902    0.993898   1.000000
  1133.16368    1.259336   1.000000
  1133.17793    0.988420   1.000000
  1133.19243    0.924148   1.000000
  1133.20710    1.167728   1.000000
  1133.22177    1.005870   1.000000
  1133.23643    0.898135   1.000000
  1133.25110    1.104948   1.000000
  1133.26527    0.920750   1.000000
  1133.27943    1.046506   1.000000
  1133.29410    1.099871   1.000000
  1133.30877    0.984786   1.000000
  1133.32343    0.965921   1.000000
  1133.33810    1.097847   1.000000
  1133.35227    0.958830   1.000000
  1133.36643    1.054245   1.000000
  1133.38110    1.036912   1.000000
  1133.39577    1.128604   1.000000
  1133.41043    1.113119   1.000000
  1133.42510    0.993898   1.000000
  1133.43918    0.979359   1.000000
  1133.45385    0.888263   1.000000
  1133.46810    1.040739   1.000000
  1133.48277    0.998485   1.000000
  1133.49727    0.970380   1.000000
  1133.51193    0.914833   1.000000
  1133.52618    1.222761   1.000000
  1133.54043    1.063021   1.000000
  1133.55502    0.911469   1.000000
  1133.56960    1.048435   1.000000
  1133.58427    0.998485   1.000000
  1133.59893    0.958830   1.000000
  1133.61318    1.042658   1.000000
  1133.62727    0.950040   1.000000
  1133.64193    0.957947   1.000000
  1133.65660    0.947418   1.000000
  1133.67127    0.916519   1.000000
  1133.68593    0.892363   1.000000
  1133.70010    0.971274   1.000000
  1133.71427    0.876076   1.000000
  1133.72893    0.892363   1.000000
  1133.74360    0.973961   1.000000
  1133.75827    0.883368   1.000000
  1133.77293    0.943065   1.000000
  1133.78710    1.048435   1.000000
  1133.80127    1.041698   1.000000
  1133.81593    0.989331   1.000000
  1133.83060    1.035957   1.000000
  1133.84527    0.968594   1.000000
  1133.85993    1.028352   1.000000
  1133.87443    1.039781   1.000000
  1133.88912    1.112095   1.000000
  1133.90337    1.043618   1.000000
  1133.91762    1.114145   1.000000
  1133.93212    0.894832   1.000000
  1133.94678    1.109026   1.000000
  1133.96145    0.971274   1.000000
  1133.97612    1.008653   1.000000
  1133.99028    0.991155   1.000000
  1134.00495    0.937005   1.000000
  1134.01912    1.018924   1.000000
  1134.03378    1.151706   1.000000
  1134.04845    0.962369   1.000000
  1134.06312    0.956185   1.000000
  1134.07778    1.096836   1.000000
  1134.09245    1.051336   1.000000
  1134.10662    0.962369   1.000000
  1134.12078    1.064981   1.000000
  1134.13545    1.076817   1.000000
  1134.15012    0.962369   1.000000
  1134.16478    1.029299   1.000000
  1134.17928    0.879309   1.000000
  1134.19395    1.012376   1.000000
  1134.20862    0.956185   1.000000
  1134.22287    0.957947   1.000000
  1134.23695    1.143251   1.000000
  1134.25162    1.000326   1.000000
  1134.26628    0.977556   1.000000
  1134.28095    1.017986   1.000000
  1134.29562    0.996648   1.000000
  1134.31028    1.047470   1.000000
  1134.32495    1.066944   1.000000
  1134.33912    1.074835   1.000000
  1134.35328    1.086780   1.000000
  1134.36795    0.926705   1.000000
  1134.38262    0.887446   1.000000
  1134.39728    0.817602   1.000000
  1134.41195    1.167728   1.000000
  1134.42645    1.083781   1.000000
  1134.44070    1.034050   1.000000
  1134.45537    1.118257   1.000000
  1134.46962    0.996648   1.000000
  1134.48412    0.948291   1.000000
  1134.49878    0.868844   1.000000
  1134.51345    1.150646   1.000000
  1134.52812    1.033098   1.000000
  1134.54278    0.898963   1.000000
  1134.55695    1.029299   1.000000
  1134.57112    1.073845   1.000000
  1134.58578    1.149587   1.000000
  1134.60045    1.007724   1.000000
  1134.61512    1.032147   1.000000
  1134.62978    0.979359   1.000000
  1134.64445    0.873658   1.000000
  1134.65912    0.996648   1.000000
  1134.67362    0.953546   1.000000
  1134.68830    0.964144   1.000000
  1134.70255    1.005870   1.000000
  1134.71680    0.899791   1.000000
  1134.73130    0.888263   1.000000
  1134.74597    1.137999   1.000000
  1134.76063    1.033098   1.000000
  1134.77530    1.076817   1.000000
  1134.78997    1.129644   1.000000
  1134.80463    1.077809   1.000000
  1134.81880    1.058137   1.000000
  1134.83297    1.047470   1.000000
  1134.84763    1.055217   1.000000
  1134.86230    0.883368   1.000000
  1134.87697    1.035003   1.000000
  1134.89163    0.945675   1.000000
  1134.90622    1.117228   1.000000
  1134.92080    0.927559   1.000000
  1134.93505    0.902281   1.000000
  1134.94972    0.799727   1.000000
  1134.96397    0.971274   1.000000
  1134.97847    1.110048   1.000000
  1134.99313    0.924148   1.000000
  1135.00780    0.962369   1.000000
  1135.02247    0.998485   1.000000
  1135.03713    1.020802   1.000000
  1135.05180    0.930126   1.000000
  1135.06597    1.016112   1.000000
  1135.08063    1.035003   1.000000
  1135.09480    0.908954   1.000000
  1135.10947    0.908117   1.000000
  1135.12413    0.866446   1.000000
  1135.13880    1.078802   1.000000
  1135.15330    1.093810   1.000000
  1135.16797    0.907281   1.000000
  1135.18263    1.010513   1.000000
  1135.19730    1.228405   1.000000
  1135.21197    0.911469   1.000000
  1135.22613    0.947418   1.000000
  1135.24080    1.136951   1.000000
  1135.25497    0.965032   1.000000
  1135.26963    0.995730   1.000000
  1135.28430    0.920750   1.000000
  1135.29897    1.003094   1.000000
  1135.31363    0.919902   1.000000
  1135.32830    1.060087   1.000000
  1135.34280    0.876076   1.000000
  1135.35747    0.975757   1.000000
  1135.37213    0.948291   1.000000
  1135.38680    0.834337   1.000000
  1135.40147    0.973961   1.000000
  1135.41613    0.880931   1.000000
  1135.43030    0.992069   1.000000
  1135.44497    0.964144   1.000000
  1135.45955    0.970380   1.000000
  1135.47380    0.982068   1.000000
  1135.48848    0.973961   1.000000
  1135.50315    0.965921   1.000000
  1135.51782    0.943065   1.000000
  1135.53232    1.007724   1.000000
  1135.54698    0.982973   1.000000
  1135.56165    1.067927   1.000000
  1135.57632    0.942197   1.000000
  1135.59098    1.049402   1.000000
  1135.60565    1.050369   1.000000
  1135.61982    0.971274   1.000000
  1135.63448    1.063021   1.000000
  1135.64865    1.021743   1.000000
  1135.66332    1.130685   1.000000
  1135.67798    1.019863   1.000000
  1135.69265    1.151706   1.000000
  1135.70715    0.914833   1.000000
  1135.72182    0.924148   1.000000
  1135.73648    1.021743   1.000000
  1135.75115    1.125490   1.000000
  1135.76582    1.155957   1.000000
  1135.78048    0.991155   1.000000
  1135.79515    1.110048   1.000000
  1135.80932    0.909791   1.000000
  1135.82398    1.145359   1.000000
  1135.83815    1.005870   1.000000
  1135.85282    0.964144   1.000000
  1135.86748    1.102914   1.000000
  1135.88215    1.041698   1.000000
  1135.89665    0.884997   1.000000
  1135.91132    1.083781   1.000000
  1135.92598    1.177448   1.000000
  1135.94065    1.075825   1.000000
  1135.95532    1.115172   1.000000
  1135.96998    0.992983   1.000000
  1135.98465    1.075825   1.000000
  1135.99932    0.913991   1.000000
  1136.01382    1.042658   1.000000
  1136.02848    1.002171   1.000000
  1136.04273    1.015177   1.000000
  1136.05740    1.067927   1.000000
  1136.07207    0.894832   1.000000
  1136.08615    1.052305   1.000000
  1136.10082    0.999405   1.000000
  1136.11548    1.152767   1.000000
  1136.13015    0.963256   1.000000
  1136.14482    0.986601   1.000000
  1136.15948    1.057162   1.000000
  1136.17415    0.979359   1.000000
  1136.18882    0.946546   1.000000
  1136.20332    0.941330   1.000000
  1136.21798    0.971274   1.000000
  1136.23265    0.880120   1.000000
  1136.24732    0.838961   1.000000
  1136.26198    1.060087   1.000000
  1136.27667    0.930983   1.000000
  1136.29133    1.053275   1.000000
  1136.30600    1.025514   1.000000
  1136.32050    0.946546   1.000000
  1136.33517    1.024570   1.000000
  1136.34983    0.989331   1.000000
  1136.36450    1.042658   1.000000
  1136.37917    0.936142   1.000000
  1136.39333    1.010513   1.000000
  1136.40850    0.983879   1.000000
  1136.42317    0.843610   1.000000
  1136.43733    0.920750   1.000000
  1136.45192    0.983879   1.000000
  1136.46700    0.958830   1.000000
  1136.48167    0.937005   1.000000
  1136.49633    0.915676   1.000000
  1136.51100    0.976656   1.000000
  1136.52567    0.946546   1.000000
  1136.54033    0.961483   1.000000
  1136.55500    1.022685   1.000000
  1136.56908    0.936142   1.000000
  1136.58375    0.884997   1.000000
  1136.59842    0.961483   1.000000
  1136.61308    0.979359   1.000000
  1136.62767    1.105966   1.000000
  1136.64233    1.091797   1.000000
  1136.65700    1.077809   1.000000
  1136.67167    0.903112   1.000000
  1136.68583    0.902281   1.000000
  1136.70050    0.962369   1.000000
  1136.71517    0.979359   1.000000
  1136.72983    0.962369   1.000000
  1136.74492    0.842833   1.000000
  1136.75950    0.993898   1.000000
  1136.77417    0.953546   1.000000
  1136.78883    0.957947   1.000000
  1136.80350    0.995730   1.000000
  1136.81808    0.982973   1.000000
  1136.83233    0.972169   1.000000
  1136.84700    0.943934   1.000000
  1136.86167    0.964144   1.000000
  1136.87617    0.970380   1.000000
  1136.89083    1.019863   1.000000
  1136.90550    0.956185   1.000000
  1136.92017    1.147471   1.000000
  1136.93483    1.026459   1.000000
  1136.94950    1.044580   1.000000
  1136.96417    1.076817   1.000000
  1136.97883    0.928414   1.000000
  1136.99350    1.055217   1.000000
  1137.00800    1.039781   1.000000
  1137.02267    0.917364   1.000000
  1137.03733    0.844387   1.000000
  1137.05200    1.056189   1.000000
  1137.06667    0.886629   1.000000
  1137.08135    1.259336   1.000000
  1137.09602    1.076817   1.000000
  1137.11068    0.872051   1.000000
  1137.12518    1.060087   1.000000
  1137.13985    1.066944   1.000000
  1137.15452    0.969486   1.000000
  1137.16918    1.036912   1.000000
  1137.18385    1.102914   1.000000
  1137.19852    1.148528   1.000000
  1137.21318    0.941330   1.000000
  1137.22785    0.830504   1.000000
  1137.24235    0.902281   1.000000
  1137.25702    1.092803   1.000000
  1137.27168    1.002171   1.000000
  1137.28635    1.018924   1.000000
  1137.30102    1.201550   1.000000
  1137.31568    0.947418   1.000000
  1137.33035    0.967702   1.000000
  1137.34502    0.990243   1.000000
  1137.35968    1.110048   1.000000
  1137.37418    1.035003   1.000000
  1137.38885    0.871248   1.000000
  1137.40352    1.082784   1.000000
  1137.41818    0.922448   1.000000
  1137.43285    1.000326   1.000000
  1137.44752    0.889901   1.000000
  1137.46218    0.985693   1.000000
  1137.47685    1.055217   1.000000
  1137.49135    1.094817   1.000000
  1137.50602    0.923298   1.000000
  1137.52068    0.908954   1.000000
  1137.53535    1.035957   1.000000
  1137.55002    1.002171   1.000000
  1137.56468    0.872854   1.000000
  1137.57935    0.810852   1.000000
  1137.59402    1.065962   1.000000
  1137.60860    1.077809   1.000000
  1137.62318    0.963256   1.000000
  1137.63785    0.999405   1.000000
  1137.65252    1.029299   1.000000
  1137.66718    1.054245   1.000000
  1137.68185    0.982973   1.000000
  1137.69652    0.924148   1.000000
  1137.71118    1.026459   1.000000
  1137.72585    1.029299   1.000000
  1137.74035    0.889901   1.000000
  1137.75502    0.899791   1.000000
  1137.76968    0.955304   1.000000
  1137.78435    1.183973   1.000000
  1137.79902    1.033098   1.000000
  1137.81368    1.083781   1.000000
  1137.82835    0.930126   1.000000
  1137.84302    1.078802   1.000000
  1137.85752    1.047470   1.000000
  1137.87220    1.102914   1.000000
  1137.88687    0.940463   1.000000
  1137.90153    1.074835   1.000000
  1137.91620    0.987510   1.000000
  1137.93087    1.047470   1.000000
  1137.94553    0.946546   1.000000
  1137.96020    1.082784   1.000000
  1137.97487    1.038823   1.000000
  1137.98937    1.021743   1.000000
  1138.00403    0.985693   1.000000
  1138.01870    0.819864   1.000000
  1138.03337    1.014242   1.000000
  1138.04803    1.028352   1.000000
  1138.06270    0.934419   1.000000
  1138.07737    0.897308   1.000000
  1138.09203    0.882555   1.000000
  1138.10653    1.031197   1.000000
  1138.12120    1.089787   1.000000
  1138.13587    1.047470   1.000000
  1138.15053    0.940463   1.000000
  1138.16520    1.017049   1.000000
  1138.17987    0.942197   1.000000
  1138.19453    0.969486   1.000000
  1138.20920    1.074835   1.000000
  1138.22378    0.989331   1.000000
  1138.23837    0.982068   1.000000
  1138.25353    1.044580   1.000000
  1138.26770    0.798991   1.000000
  1138.28287    0.910629   1.000000
  1138.29745    1.024570   1.000000
  1138.31212    0.992983   1.000000
  1138.32678    1.116199   1.000000
  1138.34187    0.958830   1.000000
  1138.35653    1.050369   1.000000
  1138.37120    0.946546   1.000000
  1138.38587    1.009582   1.000000
  1138.40053    0.919055   1.000000
  1138.41503    1.027405   1.000000
  1138.42970    0.957066   1.000000
  1138.44437    1.045543   1.000000
  1138.45903    0.917364   1.000000
  1138.47370    0.991155   1.000000
  1138.48837    1.129644   1.000000
  1138.50303    0.976656   1.000000
  1138.51770    1.019863   1.000000
  1138.53220    0.851416   1.000000
  1138.54687    1.052305   1.000000
  1138.56153    1.083781   1.000000
  1138.57620    1.032147   1.000000
  1138.59087    0.914833   1.000000
  1138.60553    0.960598   1.000000
  1138.62020    0.995730   1.000000
  1138.63487    0.944804   1.000000
  1138.64953    0.959714   1.000000
  1138.66403    1.106985   1.000000
  1138.67872    1.128604   1.000000
  1138.69338    1.105966   1.000000
  1138.70805    1.029299   1.000000
  1138.72272    1.121351   1.000000
  1138.73780    1.077809   1.000000
  1138.75247    0.910629   1.000000
  1138.76713    1.021743   1.000000
  1138.78172    1.078802   1.000000
  1138.79638    0.965032   1.000000
  1138.81105    0.971274   1.000000
  1138.82622    1.008653   1.000000
  1138.84072    0.980261   1.000000
  1138.85538    1.062042   1.000000
  1138.87005    0.965921   1.000000
  1138.88472    0.985693   1.000000
  1138.89938    0.980261   1.000000
  1138.91405    1.012376   1.000000
  1138.92872    1.045543   1.000000
  1138.94338    1.022685   1.000000
  1138.95805    0.930126   1.000000
  1138.97255    1.033098   1.000000
  1138.98722    0.937868   1.000000
  1139.00188    0.979359   1.000000
  1139.01655    0.968594   1.000000
  1139.03122    1.117228   1.000000
  1139.04588    1.031197   1.000000
  1139.06055    1.012376   1.000000
  1139.07522    0.904777   1.000000
  1139.09022    0.950040   1.000000
  1139.10488    1.007724   1.000000
  1139.11955    1.010513   1.000000
  1139.13472    0.974859   1.000000
  1139.14922    0.876076   1.000000
  1139.16388    1.000326   1.000000
  1139.17855    0.887446   1.000000
  1139.19322    0.912308   1.000000
  1139.20788    1.105966   1.000000
  1139.22255    0.946546   1.000000
  1139.23722    0.951791   1.000000
  1139.25188    0.965032   1.000000
  1139.26655    0.953546   1.000000
  1139.28105    0.868044   1.000000
  1139.29572    0.852200   1.000000
  1139.31088    1.066944   1.000000
  1139.32605    0.916519   1.000000
  1139.34055    1.021743   1.000000
  1139.35522    1.010513   1.000000
  1139.36988    1.071869   1.000000
  1139.38455    0.957066   1.000000
  1139.39922    1.099871   1.000000
  1139.41388    1.064981   1.000000
  1139.42855    0.965032   1.000000
  1139.44322    1.019863   1.000000
  1139.45822    0.954425   1.000000
  1139.47340    1.269819   1.000000
  1139.48807    0.920750   1.000000
  1139.50273    1.077809   1.000000
  1139.51723    1.060087   1.000000
  1139.53190    0.953546   1.000000
  1139.54657    0.876883   1.000000
  1139.56123    0.943934   1.000000
  1139.57590    0.937868   1.000000
  1139.59057    0.958830   1.000000
  1139.60565    1.222761   1.000000
  1139.62032    1.126527   1.000000
  1139.63540    0.989331   1.000000
  1139.65007    0.998485   1.000000
  1139.66473    1.019863   1.000000
  1139.67940    0.887446   1.000000
  1139.69407    0.992069   1.000000
  1139.70857    1.012376   1.000000
  1139.72323    0.929270   1.000000
  1139.73790    1.148528   1.000000
  1139.75307    0.913149   1.000000
  1139.76807    0.936142   1.000000
  1139.78273    0.926705   1.000000
  1139.79740    0.988420   1.000000
  1139.81207    0.988420   1.000000
  1139.82673    1.052305   1.000000
  1139.84140    0.902281   1.000000
  1139.85648    1.017049   1.000000
  1139.87115    1.139047   1.000000
  1139.88623    0.938732   1.000000
  1139.90090    0.938732   1.000000
  1139.91557    1.030248   1.000000
  1139.93023    0.931841   1.000000
  1139.94473    1.046506   1.000000
  1139.95940    1.092803   1.000000
  1139.97407    1.071869   1.000000
  1139.98973    1.056189   1.000000
  1140.00432    0.845165   1.000000
  1140.01890    0.977556   1.000000
  1140.03357    1.137999   1.000000
  1140.04823    0.956185   1.000000
  1140.06340    0.948291   1.000000
  1140.07798    0.911469   1.000000
  1140.09307    1.102914   1.000000
  1140.10773    1.086780   1.000000
  1140.12240    1.006797   1.000000
  1140.13707    0.988420   1.000000
  1140.15173    0.943065   1.000000
  1140.16640    0.965921   1.000000
  1140.18148    1.020802   1.000000
  1140.19607    0.960598   1.000000
  1140.21123    0.874464   1.000000
  1140.22590    1.002171   1.000000
  1140.24057    0.929270   1.000000
  1140.25507    1.050369   1.000000
  1140.26975    1.011444   1.000000
  1140.28492    1.067927   1.000000
  1140.29958    0.953546   1.000000
  1140.31458    1.096836   1.000000
  1140.32925    0.976656   1.000000
  1140.34392    0.894009   1.000000
  1140.35908    1.364400   1.000000
  1140.37417    1.188343   1.000000
  1140.38875    1.083781   1.000000
  1140.40342    0.775786   1.000000
  1140.41808    0.968594   1.000000
  1140.43275    0.957066   1.000000
  1140.44742    1.020802   1.000000
  1140.46292    0.892363   1.000000
  1140.47758    1.019863   1.000000
  1140.49225    1.082784   1.000000
  1140.50692    0.914833   1.000000
  1140.52158    0.856923   1.000000
  1140.53667    0.908954   1.000000
  1140.55175    0.964144   1.000000
  1140.56642    0.939597   1.000000
  1140.58108    1.063021   1.000000
  1140.59575    0.864852   1.000000
  1140.61042    0.937868   1.000000
  1140.62492    0.909791   1.000000
  1140.64008    0.994814   1.000000
  1140.65475    1.056189   1.000000
  1140.66992    0.970380   1.000000
  1140.68442    0.991155   1.000000
  1140.69908    0.993898   1.000000
  1140.71375    1.112095   1.000000
  1140.72842    0.973961   1.000000
  1140.74308    0.912308   1.000000
  1140.75817    1.079796   1.000000
  1140.77325    0.851416   1.000000
  1140.78792    1.103930   1.000000
  1140.80258    1.050369   1.000000
  1140.81725    1.079796   1.000000
  1140.83192    1.046506   1.000000
  1140.84700    0.911469   1.000000
  1140.86208    0.975757   1.000000
  1140.87675    0.992983   1.000000
  1140.89142    1.020802   1.000000
  1140.90608    0.996648   1.000000
  1140.92075    1.077809   1.000000
  1140.93575    0.913149   1.000000
  1140.95092    0.957947   1.000000
  1140.96558    1.003094   1.000000
  1140.98025    0.991155   1.000000
  1140.99475    1.053275   1.000000
  1141.00942    0.984786   1.000000
  1141.02458    0.996648   1.000000
  1141.03975    1.004018   1.000000
  1141.05425    1.008653   1.000000
  1141.06893    0.979359   1.000000
  1141.08360    1.018924   1.000000
  1141.09827    0.988420   1.000000
  1141.11293    0.925000   1.000000
  1141.12802    0.880931   1.000000
  1141.14310    0.917364   1.000000
  1141.15777    1.145359   1.000000
  1141.17243    1.064000   1.000000
  1141.18710    1.064000   1.000000
  1141.20177    1.098858   1.000000
  1141.21685    1.105966   1.000000
  1141.23193    0.958830   1.000000
  1141.24660    1.098858   1.000000
  1141.26127    1.004018   1.000000
  1141.27593    1.082784   1.000000
  1141.29060    0.936142   1.000000
  1141.30560    0.992069   1.000000
  1141.32077    0.884997   1.000000
  1141.33543    0.872051   1.000000
  1141.35010    0.925852   1.000000
  1141.36460    0.872854   1.000000
  1141.37927    1.143251   1.000000
  1141.39443    1.149587   1.000000
  1141.40960    0.879309   1.000000
  1141.42410    1.030248   1.000000
  1141.43877    1.078802   1.000000
  1141.45343    0.946546   1.000000
  1141.46810    0.992069   1.000000
  1141.48318    0.898963   1.000000
  1141.49827    1.007724   1.000000
  1141.51293    1.071869   1.000000
  1141.52760    1.027405   1.000000
  1141.54227    1.014242   1.000000
  1141.55735    1.041698   1.000000
  1141.57243    0.935280   1.000000
  1141.58710    0.918209   1.000000
  1141.60177    0.876076   1.000000
  1141.61643    0.990243   1.000000
  1141.63110    0.998485   1.000000
  1141.64618    1.094817   1.000000
  1141.66127    1.059112   1.000000
  1141.67593    0.839734   1.000000
  1141.69060    0.996648   1.000000
  1141.70527    1.141147   1.000000
  1141.72035    0.920750   1.000000
  1141.73543    0.944804   1.000000
  1141.75010    0.937005   1.000000
  1141.76477    0.884997   1.000000
  1141.77943    1.083781   1.000000
  1141.79443    0.963256   1.000000
  1141.80960    0.956185   1.000000
  1141.82427    1.051336   1.000000
  1141.83893    0.902281   1.000000
  1141.85343    0.857712   1.000000
  1141.86862    0.998485   1.000000
  1141.88378    1.002171   1.000000
  1141.89845    0.920750   1.000000
  1141.91295    1.069896   1.000000
  1141.92812    1.155957   1.000000
  1141.94278    0.913149   1.000000
  1141.95795    0.933559   1.000000
  1141.97245    1.026459   1.000000
  1141.98712    0.893186   1.000000
  1142.00178    1.058137   1.000000
  1142.01695    0.991155   1.000000
  1142.03203    0.991155   1.000000
  1142.04662    0.952668   1.000000
  1142.06128    1.024570   1.000000
  1142.07595    1.013309   1.000000
  1142.09162    0.991155   1.000000
  1142.10612    0.922448   1.000000
  1142.12078    1.064981   1.000000
  1142.13545    1.208208   1.000000
  1142.15012    0.748414   1.000000
  1142.16520    1.040739   1.000000
  1142.18028    1.073845   1.000000
  1142.19495    1.100884   1.000000
  1142.20962    0.958830   1.000000
  1142.22428    1.097847   1.000000
  1142.23937    0.959714   1.000000
  1142.25445    0.997566   1.000000
  1142.26912    0.902281   1.000000
  1142.28378    1.032147   1.000000
  1142.29845    0.963256   1.000000
  1142.31353    0.903944   1.000000
  1142.32862    1.064000   1.000000
  1142.34328    1.025514   1.000000
  1142.35795    0.930983   1.000000
  1142.37262    0.844387   1.000000
  1142.38770    0.925852   1.000000
  1142.40278    1.046506   1.000000
  1142.41745    1.105966   1.000000
  1142.43212    0.866446   1.000000
  1142.44678    1.035003   1.000000
  1142.46187    0.996648   1.000000
  1142.47695    0.880120   1.000000
  1142.49162    1.029299   1.000000
  1142.50628    0.913991   1.000000
  1142.52095    1.047470   1.000000
  1142.53595    0.979359   1.000000
  1142.55112    1.095826   1.000000
  1142.56578    0.989331   1.000000
  1142.58045    1.084780   1.000000
  1142.59495    1.113119   1.000000
  1142.61062    0.973961   1.000000
  1142.62528    0.953546   1.000000
  1142.63995    1.050369   1.000000
  1142.65445    0.922448   1.000000
  1142.66963    1.002171   1.000000
  1142.68480    1.015177   1.000000
  1142.69947    0.892363   1.000000
  1142.71397    0.933559   1.000000
  1142.72863    0.891542   1.000000
  1142.74380    0.986601   1.000000
  1142.75897    0.981164   1.000000
  1142.77347    1.026459   1.000000
  1142.78813    0.894832   1.000000
  1142.80330    1.145359   1.000000
  1142.81847    0.952668   1.000000
  1142.83297    1.081787   1.000000
  1142.84763    0.835106   1.000000
  1142.86230    0.811599   1.000000
  1142.87747    1.063021   1.000000
  1142.89255    0.903112   1.000000
  1142.90713    0.846724   1.000000
  1142.92180    1.103930   1.000000
  1142.93697    0.938732   1.000000
  1142.95213    0.933559   1.000000
  1142.96663    0.906446   1.000000
  1142.98130    1.197131   1.000000
  1142.99597    0.884182   1.000000
  1143.01113    1.034050   1.000000
  1143.02613    1.155957   1.000000
  1143.04080    0.903112   1.000000
  1143.05547    0.977556   1.000000
  1143.07063    1.013309   1.000000
  1143.08563    1.173118   1.000000
  1143.10030    0.878500   1.000000
  1143.11497    0.924148   1.000000
  1143.12963    1.028352   1.000000
  1143.14472    1.265149   1.000000
  1143.15980    1.028352   1.000000
  1143.17447    1.013309   1.000000
  1143.18913    0.992069   1.000000
  1143.20422    1.148528   1.000000
  1143.21930    0.923298   1.000000
  1143.23397    0.998485   1.000000
  1143.24863    1.236351   1.000000
  1143.26330    0.815346   1.000000
  1143.27880    0.995730   1.000000
  1143.29347    0.961483   1.000000
  1143.30813    0.925000   1.000000
  1143.32280    0.995730   1.000000
  1143.33788    0.940463   1.000000
  1143.35297    0.982973   1.000000
  1143.36763    0.872854   1.000000
  1143.38230    1.078802   1.000000
  1143.39697    1.009582   1.000000
  1143.41247    0.950040   1.000000
  1143.42713    0.973961   1.000000
  1143.44180    1.096836   1.000000
  1143.45688    0.937005   1.000000
  1143.47198    0.959714   1.000000
  1143.48665    0.940463   1.000000
  1143.50132    0.959714   1.000000
  1143.51682    1.180706   1.000000
  1143.53148    0.989331   1.000000
  1143.54615    0.911469   1.000000
  1143.56182    0.979359   1.000000
  1143.57632    0.914833   1.000000
  1143.59098    0.964144   1.000000
  1143.60615    0.974859   1.000000
  1143.62132    0.919902   1.000000
  1143.63582    0.954425   1.000000
  1143.65048    0.948291   1.000000
  1143.66565    0.916519   1.000000
  1143.68082    0.981164   1.000000
  1143.69532    1.012376   1.000000
  1143.70998    0.939597   1.000000
  1143.72515    1.147471   1.000000
  1143.74032    1.054245   1.000000
  1143.75482    1.067927   1.000000
  1143.76948    1.075825   1.000000
  1143.78465    0.902281   1.000000
  1143.79982    1.010513   1.000000
  1143.81440    1.067927   1.000000
  1143.82898    0.961483   1.000000
  1143.84415    1.099871   1.000000
  1143.85932    0.980261   1.000000
  1143.87398    1.005870   1.000000
  1143.88848    1.163434   1.000000
  1143.90365    0.969486   1.000000
  1143.91882    0.868044   1.000000
  1143.93348    1.102914   1.000000
  1143.94798    0.930126   1.000000
  1143.96265    0.998485   1.000000
  1143.97832    1.043618   1.000000
  1143.99298    0.977556   1.000000
  1144.00748    0.898963   1.000000
  1144.02215    0.930126   1.000000
  1144.03782    1.002171   1.000000
  1144.05248    0.984786   1.000000
  1144.06698    1.026459   1.000000
  1144.08165    0.978457   1.000000
  1144.09732    0.993898   1.000000
  1144.11198    1.139047   1.000000
  1144.12648    1.009582   1.000000
  1144.14165    0.966811   1.000000
  1144.15682    1.046506   1.000000
  1144.17148    0.950915   1.000000
  1144.18598    0.972169   1.000000
  1144.20065    0.872051   1.000000
  1144.21632    1.088784   1.000000
  1144.23098    0.961483   1.000000
  1144.24548    0.913991   1.000000
  1144.26067    1.013309   1.000000
  1144.27583    1.051336   1.000000
  1144.29050    1.003094   1.000000
  1144.30508    1.020802   1.000000
  1144.32067    0.911469   1.000000
  1144.33533    0.993898   1.000000
  1144.35000    1.057162   1.000000
  1144.36508    1.013309   1.000000
  1144.38017    1.093810   1.000000
  1144.39483    0.943934   1.000000
  1144.40950    0.970380   1.000000
  1144.42500    1.013309   1.000000
  1144.43967    1.030248   1.000000
  1144.45433    1.099871   1.000000
  1144.46942    0.997566   1.000000
  1144.48450    1.061064   1.000000
  1144.49917    1.016112   1.000000
  1144.51383    1.077809   1.000000
  1144.52933    0.879309   1.000000
  1144.54400    1.018924   1.000000
  1144.55867    1.062042   1.000000
  1144.57375    1.082784   1.000000
  1144.58883    1.162363   1.000000
  1144.60350    1.001248   1.000000
  1144.61817    0.990243   1.000000
  1144.63325    1.052305   1.000000
  1144.64833    1.007724   1.000000
  1144.66300    0.928414   1.000000
  1144.67808    1.011444   1.000000
  1144.69317    1.036912   1.000000
  1144.70783    1.154893   1.000000
  1144.72250    1.113119   1.000000
  1144.73758    1.114145   1.000000
  1144.75267    1.065962   1.000000
  1144.76733    0.888263   1.000000
  1144.78200    1.023627   1.000000
  1144.79758    1.044580   1.000000
  1144.81217    1.004018   1.000000
  1144.82683    0.912308   1.000000
  1144.84200    1.178533   1.000000
  1144.85717    0.979359   1.000000
  1144.87167    1.032147   1.000000
  1144.88633    1.004944   1.000000
  1144.90200    1.088784   1.000000
  1144.91667    1.037867   1.000000
  1144.93117    0.918209   1.000000
  1144.94633    0.997566   1.000000
  1144.96150    1.121351   1.000000
  1144.97617    0.976656   1.000000
  1144.99117    1.008653   1.000000
  1145.00633    1.060087   1.000000
  1145.02100    0.987510   1.000000
  1145.03608    0.941330   1.000000
  1145.05117    0.805641   1.000000
  1145.06585    0.952668   1.000000
  1145.08093    0.940463   1.000000
  1145.09602    0.889082   1.000000
  1145.11068    0.966811   1.000000
  1145.12535    1.085780   1.000000
  1145.14085    1.152767   1.000000
  1145.15552    1.061064   1.000000
  1145.17018    0.903112   1.000000
  1145.18527    1.074835   1.000000
  1145.20035    0.872854   1.000000
  1145.21502    1.104948   1.000000
  1145.23010    0.979359   1.000000
  1145.24518    0.947418   1.000000
  1145.25985    0.969486   1.000000
  1145.27502    0.958830   1.000000
  1145.29002    0.738145   1.000000
  1145.30468    0.894009   1.000000
  1145.31935    0.866446   1.000000
  1145.33502    1.012376   1.000000
  1145.34960    0.924148   1.000000
  1145.36418    1.061064   1.000000
  1145.37935    1.012376   1.000000
  1145.39452    0.973961   1.000000
  1145.40918    1.021743   1.000000
  1145.42418    1.309006   1.000000
  1145.43935    0.878500   1.000000
  1145.45402    1.173118   1.000000
  1145.46910    0.895657   1.000000
  1145.48418    1.132770   1.000000
  1145.49885    1.148528   1.000000
  1145.51352    1.164506   1.000000
  1145.52902    0.951791   1.000000
  1145.54368    1.022685   1.000000
  1145.55877    0.932699   1.000000
  1145.57385    1.017986   1.000000
  1145.58852    0.998485   1.000000
  1145.60318    0.900620   1.000000
  1145.61868    1.053275   1.000000
  1145.63335    1.051336   1.000000
  1145.64802    1.061064   1.000000
  1145.66310    0.845165   1.000000
  1145.67818    1.117228   1.000000
  1145.69285    0.884997   1.000000
  1145.70802    0.926705   1.000000
  1145.72302    1.028352   1.000000
  1145.73768    1.060087   1.000000
  1145.75285    0.874464   1.000000
  1145.76802    1.007724   1.000000
  1145.78252    1.026459   1.000000
  1145.79768    1.027405   1.000000
  1145.81285    1.010513   1.000000
  1145.82752    0.943934   1.000000
  1145.84252    0.838961   1.000000
  1145.85770    1.050369   1.000000
  1145.87237    1.059112   1.000000
  1145.88745    1.011444   1.000000
  1145.90253    1.024570   1.000000
  1145.91720    1.041698   1.000000
  1145.93187    0.940463   1.000000
  1145.94737    0.929270   1.000000
  1145.96203    1.028352   1.000000
  1145.97712    1.011444   1.000000
  1145.99220    0.820619   1.000000
  1146.00687    0.833569   1.000000
  1146.02153    1.121351   1.000000
  1146.03703    0.916519   1.000000
  1146.05170    1.005870   1.000000
  1146.06637    0.932699   1.000000
  1146.08203    1.169881   1.000000
  1146.09653    1.158088   1.000000
  1146.11120    0.993898   1.000000
  1146.12687    1.088784   1.000000
  1146.14153    0.945675   1.000000
  1146.15603    0.965032   1.000000
  1146.17170    1.059112   1.000000
  1146.18637    0.931841   1.000000
  1146.20145    0.975757   1.000000
  1146.21653    1.245494   1.000000
  1146.23120    0.994814   1.000000
  1146.24628    0.918209   1.000000
  1146.26137    0.990243   1.000000
  1146.27603    1.004944   1.000000
  1146.29112    0.881742   1.000000
  1146.30620    1.168804   1.000000
  1146.32087    0.971274   1.000000
  1146.33595    1.155957   1.000000
  1146.35103    0.983879   1.000000
  1146.36570    0.913991   1.000000
  1146.38087    0.992983   1.000000
  1146.39587    1.122385   1.000000
  1146.41053    0.981164   1.000000
  1146.42620    0.986601   1.000000
  1146.44087    0.907281   1.000000
  1146.45545    1.057162   1.000000
  1146.47103    0.884997   1.000000
  1146.48570    0.865649   1.000000
  1146.50037    0.974859   1.000000
  1146.51587    0.992983   1.000000
  1146.53053    1.021743   1.000000
  1146.54520    1.145359   1.000000
  1146.56070    1.099871   1.000000
  1146.57537    0.884997   1.000000
  1146.59003    0.958830   1.000000
  1146.60553    1.112095   1.000000
  1146.62020    1.112095   1.000000
  1146.63487    0.960598   1.000000
  1146.65037    0.863260   1.000000
  1146.66505    1.070882   1.000000
  1146.68022    0.959714   1.000000
  1146.69538    0.990243   1.000000
  1146.70988    0.935280   1.000000
  1146.72505    1.085780   1.000000
  1146.74022    0.937005   1.000000
  1146.75488    0.982973   1.000000
  1146.76988    0.908117   1.000000
  1146.78505    0.996648   1.000000
  1146.79972    0.992983   1.000000
  1146.81480    0.972169   1.000000
  1146.82988    1.038823   1.000000
  1146.84455    0.998485   1.000000
  1146.86005    0.936142   1.000000
  1146.87472    0.957066   1.000000
  1146.88980    1.062042   1.000000
  1146.90488    0.943065   1.000000
  1146.91955    1.094817   1.000000
  1146.93472    1.046506   1.000000
  1146.94972    0.972169   1.000000
  1146.96438    1.020802   1.000000
  1146.97955    0.956185   1.000000
  1146.99472    0.889901   1.000000
  1147.01105    0.999405   1.000000
  1147.02755    0.890721   1.000000
  1147.04222    1.012376   1.000000
  1147.05788    0.972169   1.000000
  1147.07338    1.001248   1.000000
  1147.08888    0.879309   1.000000
  1147.10355    0.968594   1.000000
  1147.11922    0.949165   1.000000
  1147.13372    1.007724   1.000000
  1147.14938    0.962369   1.000000
  1147.16405    0.961483   1.000000
  1147.17955    1.020802   1.000000
  1147.19422    0.976656   1.000000
  1147.20972    0.970380   1.000000
  1147.22488    1.010513   1.000000
  1147.24005    1.020802   1.000000
  1147.25505    0.947418   1.000000
  1147.27022    1.014242   1.000000
  1147.28572    0.979359   1.000000
  1147.30038    0.950915   1.000000
  1147.31505    0.872854   1.000000
