  1191.39912    1.015531   1.000000
  1191.43051    0.984222   1.000000
  1191.46162    0.996995   1.000000
  1191.49301    1.063391   1.000000
  1191.52310    0.965368   1.000000
  1191.55435    1.016466   1.000000
  1191.58661    0.953878   1.000000
  1191.61800    1.002520   1.000000
  1191.65011    1.013662   1.000000
  1191.68150    0.996077   1.000000
  1191.71074    1.040143   1.000000
  1191.74299    1.093183   1.000000
  1191.77510    0.999754   1.000000
  1191.80750    1.019279   1.000000
  1191.83890    1.054613   1.000000
  1191.87101    1.003444   1.000000
  1191.90326    1.019279   1.000000
  1191.93566    1.016466   1.000000
  1191.96806    1.031557   1.000000
  1192.00018    0.999754   1.000000
  1192.03243    1.010865   1.000000
  1192.06382    0.990588   1.000000
  1192.09406    1.032507   1.000000
  1192.12517    0.966258   1.000000
  1192.15757    0.990588   1.000000
  1192.18982    1.008075   1.000000
  1192.22222    1.006220   1.000000
  1192.25434    0.967148   1.000000
  1192.28573    1.024927   1.000000
  1192.31798    0.965368   1.000000
  1192.35010    1.015531   1.000000
  1192.38250    1.006220   1.000000
  1192.41389    0.976997   1.000000
  1192.44499    1.010865   1.000000
  1192.47638    1.027763   1.000000
  1192.50749    0.968039   1.000000
  1192.53989    1.043021   1.000000
  1192.57214    1.009934   1.000000
  1192.60440    1.026817   1.000000
  1192.63666    0.966258   1.000000
  1192.66906    1.010865   1.000000
  1192.70016    1.025872   1.000000
  1192.73256    0.972508   1.000000
  1192.76381    1.050735   1.000000
  1192.79506    1.036318   1.000000
  1192.83048    1.088161   1.000000
  1192.86173    1.041101   1.000000
  1192.89398    1.030607   1.000000
  1192.92523    0.984222   1.000000
  1192.95547    0.995160   1.000000
  1192.98773    1.028710   1.000000
  1193.01998    0.976997   1.000000
  1193.05238    1.005294   1.000000
  1193.08349    0.967148   1.000000
  1193.11589    0.979700   1.000000
  1193.14714    0.947748   1.000000
  1193.17838    0.996995   1.000000
  1193.21064    1.008075   1.000000
  1193.24088    0.957399   1.000000
  1193.27098    1.015531   1.000000
  1193.30237    1.012729   1.000000
  1193.33347    0.986037   1.000000
  1193.36486    0.916839   1.000000
  1193.39712    1.044944   1.000000
  1193.42837    1.026817   1.000000
  1193.45846    0.986037   1.000000
  1193.48986    0.922769   1.000000
  1193.52096    0.966258   1.000000
  1193.55336    1.006220   1.000000
  1193.58461    0.997914   1.000000
  1193.61686    0.995160   1.000000
  1193.64912    1.001597   1.000000
  1193.68152    1.007147   1.000000
  1193.71378    0.972508   1.000000
  1193.74603    0.986945   1.000000
  1193.77829    1.043021   1.000000
  1193.81069    1.050735   1.000000
  1193.84179    0.989676   1.000000
  1193.87218    0.975199   1.000000
  1193.90328    1.055585   1.000000
  1193.93467    1.021158   1.000000
  1193.96578    0.997914   1.000000
  1193.99818    0.962705   1.000000
  1194.03144    0.999754   1.000000
  1194.06168    0.963592   1.000000
  1194.09307    1.027763   1.000000
  1194.12418    1.018341   1.000000
  1194.15557    0.995160   1.000000
  1194.18667    1.013662   1.000000
  1194.21907    0.982411   1.000000
  1194.25133    1.013662   1.000000
  1194.28243    0.956518   1.000000
  1194.31483    1.002520   1.000000
  1194.34594    1.015531   1.000000
  1194.37733    0.975199   1.000000
  1194.40973    0.992414   1.000000
  1194.44083    0.911786   1.000000
  1194.47222    1.026817   1.000000
  1194.50333    0.954757   1.000000
  1194.53472    0.987855   1.000000
  1194.56582    1.067316   1.000000
  1194.59822    0.916839   1.000000
  1194.62933    1.023984   1.000000
  1194.66072    1.020218   1.000000
  1194.69182    0.971612   1.000000
  1194.72422    0.986945   1.000000
  1194.75547    0.991501   1.000000
  1194.78672    0.969824   1.000000
  1194.81797    1.006220   1.000000
  1194.85022    0.977897   1.000000
  1194.88147    1.015531   1.000000
  1194.91272    1.044944   1.000000
  1194.94397    0.994244   1.000000
  1194.97522    1.000675   1.000000
  1195.00747    0.981506   1.000000
  1195.03886    1.009004   1.000000
  1195.06997    0.977897   1.000000
  1195.10237    1.012729   1.000000
  1195.13462    0.964480   1.000000
  1195.16688    0.998833   1.000000
  1195.20014    0.996077   1.000000
  1195.23254    1.040143   1.000000
  1195.26379    1.012729   1.000000
  1195.29605    1.016466   1.000000
  1195.32830    0.973404   1.000000
  1195.35970    1.031557   1.000000
  1195.38979    0.954757   1.000000
  1195.42219    1.040143   1.000000
  1195.45229    0.996077   1.000000
  1195.48469    0.944263   1.000000
  1195.51680    0.959164   1.000000
  1195.54920    0.997914   1.000000
  1195.58045    0.982411   1.000000
  1195.61170    0.981506   1.000000
  1195.64294    1.016466   1.000000
  1195.67419    1.016466   1.000000
  1195.70429    0.981506   1.000000
  1195.73669    0.974301   0.999952
  1195.76894    0.977897   0.999848
  1195.80019    1.001597   0.999704
  1195.83245    1.017403   0.999446
  1195.86384    1.047835   0.999156
  1195.89595    0.962705   0.998801
  1195.92734    0.995160   0.998456
  1195.95744    1.021158   0.998121
  1195.98883    0.934745   0.997702
  1196.01994    1.009004   0.997211
  1196.05234    0.964480   0.996681
  1196.08344    0.979700   0.996188
  1196.11685    0.985129   0.995567
  1196.14910    0.955637   0.995029
  1196.18150    0.976097   0.994360
  1196.21261    0.966258   0.993707
  1196.24400    0.965368   0.993036
  1196.27510    1.016466   0.992340
  1196.30650    0.992414   0.991691
  1196.33890    1.018341   0.990933
  1196.37000    0.993329   0.990174
  1196.40240    0.956518   0.989348
  1196.43350    1.040143   0.988507
  1196.46590    0.993329   0.987681
  1196.49715    0.967148   0.986874
  1196.52926    0.967148   0.985957
  1196.56066    0.955637   0.985059
  1196.59306    0.931307   0.984094
  1196.62416    1.022099   0.983183
  1196.65555    0.996995   0.982316
  1196.68766    0.986945   0.981281
  1196.72006    1.008075   0.980284
  1196.75131    0.965368   0.979231
  1196.78357    1.046871   0.978223
  1196.81582    0.923619   0.977213
  1196.84822    0.994244   0.976088
  1196.87933    0.942525   0.974996
  1196.91072    1.019279   0.973854
  1196.94298    0.955637   0.972803
  1196.97422    0.973404   0.971686
  1197.00547    0.976097   0.970552
  1197.03773    0.976097   0.969346
  1197.06898    0.994244   0.968156
  1197.10138    1.011796   0.967053
  1197.13248    0.968039   0.965848
  1197.16488    0.958281   0.964617
  1197.19714    0.922769   0.963297
  1197.22939    0.952123   0.962117
  1197.26165    0.979700   0.960814
  1197.29405    1.001597   0.959524
  1197.32515    0.970718   0.958248
  1197.35654    0.923619   0.956988
  1197.38765    0.979700   0.955699
  1197.42005    0.955637   0.954344
  1197.45130    0.998833   0.953080
  1197.48355    0.933884   0.951710
  1197.51682    0.945133   0.950315
  1197.54821    0.970718   0.948922
  1197.57931    0.942525   0.947611
  1197.61171    0.931307   0.946213
  1197.64181    0.968039   0.944954
  1197.67320    0.957399   0.943524
  1197.70330    0.909270   0.942214
  1197.73670    0.915152   0.940781
  1197.76896    0.958281   0.939294
  1197.80021    0.988765   0.937927
  1197.83246    0.919376   0.936470
  1197.86486    0.938195   0.935003
  1197.89712    0.961818   0.933561
  1197.92837    0.918529   0.932084
  1197.95962    0.946876   0.930746
  1197.98986    0.890211   0.929305
  1198.02211    0.940791   0.927749
  1198.05336    0.921920   0.926366
  1198.08461    0.877189   0.924907
  1198.11586    0.915152   0.923457
  1198.14811    0.933884   0.921953
  1198.17936    0.924470   0.920542
  1198.21162    0.864357   0.918974
  1198.24402    0.897621   0.917409
  1198.27512    0.921071   0.916053
  1198.30651    0.949496   0.914512
  1198.33877    0.886938   0.912946
  1198.36901    0.905927   0.911552
  1198.40126    0.897621   0.909958
  1198.43352    0.886121   0.908455
  1198.46578    0.937331   0.907010
  1198.49818    0.915995   0.905425
  1198.53043    0.886938   0.903873
  1198.56269    0.957399   0.902434
  1198.59394    0.855644   0.900871
  1198.62634    0.863561   0.899387
  1198.65744    0.948622   0.897974
  1198.68883    0.829264   0.896456
  1198.72094    0.901764   0.894954
  1198.75234    0.899276   0.893482
  1198.78474    0.893497   0.891828
  1198.81584    0.885305   0.890384
  1198.84810    0.905927   0.888855
  1198.88050    0.903427   0.887355
  1198.91261    0.865153   0.885914
  1198.94299    0.853283   0.884422
  1198.97410    0.915995   0.882965
  1199.00549    0.848580   0.881485
  1199.03760    0.873963   0.880035
  1199.07000    0.902595   0.878637
  1199.10240    0.863561   0.877062
  1199.13466    0.861178   0.875671
  1199.16490    0.893497   0.874229
  1199.19715    0.905093   0.872774
  1199.22840    0.877997   0.871292
  1199.26066    0.850928   0.869839
  1199.29306    0.828501   0.868444
  1199.32416    0.872355   0.866995
  1199.35555    0.843904   0.865680
  1199.38766    0.847799   0.864229
  1199.42006    0.847019   0.862872
  1199.45131    0.888573   0.861518
  1199.48357    0.823935   0.860081
  1199.51582    0.859593   0.858668
  1199.54822    0.814129   0.857303
  1199.58048    0.869147   0.855940
  1199.61274    0.776056   0.854578
  1199.64298    0.806665   0.853355
  1199.67422    0.880426   0.852067
  1199.70547    0.843127   0.850739
  1199.73773    0.838481   0.849450
  1199.76898    0.820150   0.848183
  1199.80138    0.869147   0.846937
  1199.83349    0.900105   0.845645
  1199.86589    0.836938   0.844360
  1199.89814    0.838481   0.843068
  1199.93054    0.865153   0.841883
  1199.96165    0.859593   0.840708
  1199.99405    0.863561   0.839466
  1200.02515    0.856432   0.838323
  1200.05654    0.866748   0.837193
  1200.08880    0.867547   0.836081
  1200.12005    0.816381   0.834907
  1200.15130    0.843904   0.833837
  1200.18254    0.865153   0.832754
  1200.21480    0.798533   0.831631
  1200.24605    0.862766   0.830611
  1200.27730    0.830793   0.829589
  1200.30970    0.837709   0.828521
  1200.34080    0.786128   0.827550
  1200.37219    0.831559   0.826546
  1200.40330    0.854069   0.825576
  1200.43570    0.848580   0.824626
  1200.46680    0.824694   0.823685
  1200.49819    0.832325   0.822786
  1200.53045    0.843904   0.821862
  1200.56170    0.847799   0.820992
  1200.59294    0.798533   0.820146
  1200.62419    0.805922   0.819317
  1200.65544    0.795597   0.818496
  1200.68669    0.810388   0.817689
  1200.71794    0.835397   0.816939
  1200.75019    0.759090   0.816214
  1200.78144    0.799269   0.815365
  1200.81168    0.794133   0.814695
  1200.84394    0.822419   0.814136
  1200.87518    0.827738   0.813397
  1200.90643    0.867547   0.812666
  1200.93883    0.842351   0.812012
  1200.97094    0.782516   0.811416
  1201.00234    0.776771   0.810840
  1201.03344    0.747297   0.810265
  1201.06483    0.831559   0.809750
  1201.09594    0.786852   0.809193
  1201.12632    0.882862   0.808699
  1201.15757    0.826215   0.808267
  1201.18982    0.836938   0.807809
  1201.22107    0.798533   0.807381
  1201.25232    0.837709   0.806981
  1201.28357    0.818640   0.806574
  1201.31582    0.791941   0.806211
  1201.34822    0.743178   0.805856
  1201.38048    0.861178   0.805519
  1201.41274    0.806665   0.805236
  1201.44499    0.795597   0.804950
  1201.47638    0.836938   0.804721
  1201.50749    0.827738   0.804554
  1201.53888    0.817887   0.804342
  1201.56998    0.796330   0.804224
  1201.60138    0.814879   0.804057
  1201.63248    0.791941   0.803933
  1201.66488    0.827738   0.803818
  1201.69598    0.823177   0.803764
  1201.72838    0.796330   0.803722
  1201.75963    0.743178   0.803679
  1201.79088    0.812630   0.803712
  1201.82314    0.746609   0.803748
  1201.85554    0.811135   0.803804
  1201.88765    0.770359   0.803862
  1201.92005    0.809642   0.803993
  1201.95130    0.834628   0.804131
  1201.98254    0.803698   0.804251
  1202.01480    0.839253   0.804430
  1202.04605    0.781795   0.804615
  1202.07744    0.797064   0.804896
  1202.10854    0.833860   0.805153
  1202.13979    0.809642   0.805392
  1202.17219    0.789756   0.805703
  1202.20330    0.801481   0.806057
  1202.23469    0.846239   0.806372
  1202.26579    0.787577   0.806748
  1202.29819    0.816381   0.807179
  1202.33045    0.817134   0.807617
  1202.36170    0.865950   0.808057
  1202.39294    0.823177   0.808511
  1202.42419    0.785404   0.808966
  1202.45544    0.834628   0.809576
  1202.48669    0.743178   0.810086
  1202.51894    0.791941   0.810533
  1202.55019    0.815630   0.811089
  1202.58245    0.875574   0.811833
  1202.61384    0.766113   0.812439
  1202.64494    0.811135   0.813061
  1202.67734    0.752130   0.813793
  1202.70744    0.831559   0.814463
  1202.73883    0.852497   0.815148
  1202.77094    0.828501   0.815889
  1202.80234    0.814879   0.816691
  1202.83344    0.850928   0.817446
  1202.86483    0.808152   0.818209
  1202.89723    0.822419   0.819084
  1202.92834    0.828501   0.819899
  1202.95973    0.816381   0.820786
  1202.99083    0.811135   0.821632
  1203.02323    0.789756   0.822609
  1203.05434    0.823177   0.823472
  1203.08674    0.833092   0.824430
  1203.11798    0.852497   0.825370
  1203.15010    0.889392   0.826368
  1203.18250    0.813379   0.827433
  1203.21389    0.810388   0.828479
  1203.24600    0.790484   0.829493
  1203.27739    0.841575   0.830482
  1203.30965    0.837709   0.831613
  1203.34090    0.835397   0.832696
  1203.37214    0.873158   0.833796
  1203.40440    0.866748   0.834908
  1203.43565    0.781795   0.836093
  1203.46690    0.865153   0.837251
  1203.49915    0.813379   0.838427
  1203.53155    0.818640   0.839609
  1203.56381    0.807408   0.840869
  1203.59606    0.794133   0.842085
  1203.62630    0.853283   0.843291
  1203.65856    0.817887   0.844510
  1203.68981    0.804439   0.845776
  1203.72221    0.811882   0.847042
  1203.75331    0.886938   0.848358
  1203.78470    0.820150   0.849675
  1203.81581    0.836938   0.850935
  1203.84821    0.880426   0.852263
  1203.88147    0.861972   0.853687
  1203.91387    0.816381   0.855056
  1203.94498    0.868346   0.856423
  1203.97637    0.820905   0.857781
  1204.00747    0.811882   0.859177
  1204.03886    0.869948   0.860601
  1204.07098    0.839253   0.861937
  1204.10338    0.867547   0.863440
  1204.13462    0.939925   0.864816
  1204.16688    0.857221   0.866217
  1204.19914    0.859593   0.867811
  1204.23053    0.847019   0.869147
  1204.26264    0.900934   0.870655
  1204.29504    0.885305   0.872161
  1204.32629    0.811882   0.873691
  1204.35754    0.924470   0.875214
  1204.38878    0.894320   0.876577
  1204.42003    0.906761   0.878040
  1204.45128    0.870749   0.879546
  1204.48354    0.888573   0.881076
  1204.51579    0.901764   0.882642
  1204.54718    0.888573   0.884098
  1204.57930    0.928738   0.885653
  1204.61170    0.865950   0.887266
  1204.64496    0.947748   0.888881
  1204.67736    0.877189   0.890448
  1204.70846    0.911786   0.892018
  1204.73986    0.850145   0.893502
  1204.77211    0.861178   0.895072
  1204.80336    0.914309   0.896711
  1204.83461    0.850928   0.898193
  1204.86686    0.855644   0.899749
  1204.89912    0.875574   0.901358
  1204.93152    0.894320   0.902904
  1204.96262    0.900934   0.904461
  1204.99402    0.910947   0.906032
  1205.02627    0.953878   0.907596
  1205.05752    0.962705   0.909088
  1205.08877    0.942525   0.910678
  1205.12102    0.891031   0.912261
  1205.15227    0.897621   0.913792
  1205.18467    0.847799   0.915431
  1205.21678    0.931307   0.917081
  1205.24818    0.977897   0.918544
  1205.28043    0.962705   0.920108
  1205.31168    0.908433   0.921689
  1205.34394    0.902595   0.923235
  1205.37634    0.967148   0.924786
  1205.40744    0.943394   0.926310
  1205.43883    0.930450   0.927907
  1205.47094    0.913467   0.929421
  1205.50334    0.947748   0.930925
  1205.53474    0.953878   0.932448
  1205.56685    0.916839   0.934070
  1205.59910    0.933024   0.935610
  1205.63150    0.968931   0.937125
  1205.66390    0.910108   0.938692
  1205.69602    0.941658   0.940169
  1205.72827    1.027763   0.941764
  1205.76168    0.973404   0.943243
  1205.79307    0.997914   0.944647
  1205.82418    0.972508   0.946164
  1205.85557    0.905927   0.947620
  1205.88667    0.913467   0.948972
  1205.91907    0.989676   0.950461
  1205.95018    0.943394   0.951849
  1205.98243    0.927028   0.953418
  1206.01483    0.918529   0.954810
  1206.04723    0.941658   0.956148
  1206.07834    0.948622   0.957554
  1206.10973    0.934745   0.958905
  1206.14083    0.947748   0.960258
  1206.17222    0.900105   0.961633
  1206.20333    0.975199   0.962869
  1206.23573    0.957399   0.964225
  1206.26798    0.970718   0.965566
  1206.30010    0.933884   0.966903
  1206.33250    0.944263   0.968248
  1206.36389    0.954757   0.969475
  1206.39499    0.957399   0.970667
  1206.42739    0.927883   0.971953
  1206.45965    0.951246   0.973154
  1206.49090    1.012729   0.974419
  1206.52315    0.998833   0.975599
  1206.55440    1.026817   0.976766
  1206.58666    1.014596   0.977866
  1206.61906    0.941658   0.979033
  1206.65131    0.943394   0.980199
  1206.68357    1.025872   0.981332
  1206.71582    0.965368   0.982437
  1206.74722    0.945133   0.983431
  1206.77933    0.963592   0.984474
  1206.81072    0.959164   0.985447
  1206.84298    1.067316   0.986470
  1206.87422    0.996995   0.987451
  1206.90547    1.013662   0.988410
  1206.93672    0.920223   0.989232
  1206.96797    1.000675   0.990102
  1207.00022    0.996077   0.990997
  1207.03248    0.988765   0.991858
  1207.06387    0.968931   0.992626
  1207.09498    0.984222   0.993455
  1207.12738    0.964480   0.994178
  1207.15963    1.016466   0.994866
  1207.19088    1.004368   0.995555
  1207.22213    1.013662   0.996186
  1207.25338    0.992414   0.996781
  1207.28563    0.962705   0.997400
  1207.31688    0.977897   0.997948
  1207.34813    0.995160   0.998412
  1207.37938    1.005294   0.998829
  1207.41163    0.999754   0.999197
  1207.44302    0.917684   0.999553
  1207.47413    1.087159   0.999824
  1207.50552    0.946876   1.000000
  1207.53562    0.981506   1.000000
  1207.56802    0.909270   1.000000
  1207.59912    1.023041   1.000000
  1207.63152    0.983316   1.000000
  1207.66478    0.950371   1.000000
  1207.69603    1.032507   1.000000
  1207.72829    0.932166   1.000000
  1207.76069    0.948622   1.000000
  1207.79078    0.943394   1.000000
  1207.82218    1.030607   1.000000
  1207.85429    1.048801   1.000000
  1207.88669    0.940791   1.000000
  1207.91894    1.029658   1.000000
  1207.95019    1.024927   1.000000
  1207.98144    1.000675   1.000000
  1208.01269    1.005294   1.000000
  1208.04494    1.034411   1.000000
  1208.07518    0.981506   1.000000
  1208.10643    0.984222   1.000000
  1208.13883    0.976997   1.000000
  1208.17094    1.000675   1.000000
  1208.20234    0.992414   1.000000
  1208.23474    0.997914   1.000000
  1208.26685    1.013662   1.000000
  1208.29910    1.025872   1.000000
  1208.33150    0.991501   1.000000
  1208.36261    0.968039   1.000000
  1208.39501    0.993329   1.000000
  1208.42640    0.939925   1.000000
  1208.45650    1.047835   1.000000
  1208.48890    1.023041   1.000000
  1208.52000    0.996077   1.000000
  1208.55240    0.965368   1.000000
  1208.58466    0.975199   1.000000
  1208.61590    1.054613   1.000000
  1208.64816    1.052672   1.000000
  1208.67840    0.943394   1.000000
  1208.70850    1.005294   1.000000
  1208.73989    0.955637   1.000000
  1208.77099    1.019279   1.000000
  1208.80339    1.049767   1.000000
  1208.83464    0.992414   1.000000
  1208.86589    0.953878   1.000000
  1208.89714    0.966258   1.000000
  1208.92838    0.974301   1.000000
  1208.96064    0.980603   1.000000
  1208.99189    0.991501   1.000000
  1209.02314    1.018341   1.000000
  1209.05554    1.056557   1.000000
  1209.08563    0.949496   1.000000
  1209.11688    1.008075   1.000000
  1209.14914    0.993329   1.000000
  1209.18053    0.984222   1.000000
  1209.21163    1.014596   1.000000
  1209.24187    1.022099   1.000000
  1209.27312    0.962705   1.000000
  1209.30336    0.992414   1.000000
  1209.33461    0.995160   1.000000
  1209.36586    0.962705   1.000000
  1209.39595    1.036318   1.000000
  1209.42734    1.034411   1.000000
  1209.45744    0.952123   1.000000
  1209.49186    1.007147   1.000000
  1209.52627    0.999754   1.000000
  1209.56270    0.973404   1.000000
  1209.59496    0.955637   1.000000
  1209.62938    0.977897   1.000000
  1209.66379    1.040143   1.000000
  1209.69504    1.056557   1.000000
  1209.72730    1.001597   1.000000
  1209.76272    0.955637   1.000000
  1209.79814    1.015531   1.000000
  1209.83357    0.976097   1.000000
  1209.86482    1.020218   1.000000
  1209.89923    0.968931   1.000000
  1209.93350    1.024927   1.000000
  1209.96590    1.057531   1.000000
  1209.99816    0.992414   1.000000
  1210.03056    1.066333   1.000000
  1210.06267    0.976997   1.000000
  1210.09406    0.964480   1.000000
  1210.12517    1.033459   1.000000
  1210.15843    0.924470   1.000000
  1210.18982    0.979700   1.000000
  1210.22107    0.998833   1.000000
  1210.25333    0.996077   1.000000
  1210.28472    0.963592   1.000000
  1210.31582    0.973404   1.000000
  1210.34822    0.938195   1.000000
  1210.37933    1.018341   1.000000
  1210.41072    1.152108   1.000000
  1210.44298    0.976997   1.000000
  1210.47523    1.030607   1.000000
  1210.50749    1.009004   1.000000
  1210.53989    0.956518   1.000000
  1210.57099    0.984222   1.000000
  1210.60238    1.001597   1.000000
  1210.63464    1.023041   1.000000
  1210.66589    0.954757   1.000000
  1210.69714    0.985129   1.000000
  1210.72838    0.933024   1.000000
  1210.76064    0.984222   1.000000
  1210.80010    1.052672   1.000000
  1210.83149    1.027763   1.000000
  1210.86173    1.040143   1.000000
  1210.89182    1.023984   1.000000
  1210.92422    1.014596   1.000000
  1210.95547    1.013662   1.000000
  1210.98773    1.056557   1.000000
  1211.01898    1.018341   1.000000
  1211.05022    1.009934   1.000000
  1211.08248    1.006220   1.000000
  1211.11488    0.980603   1.000000
  1211.14598    1.035364   1.000000
  1211.17738    0.972508   1.000000
  1211.20646    0.972508   1.000000
  1211.23771    1.000675   1.000000
  1211.26896    1.026817   1.000000
  1211.29920    1.012729   1.000000
  1211.33146    1.022099   1.000000
  1211.36270    1.094191   1.000000
  1211.39294    1.038229   1.000000
  1211.42520    1.063391   1.000000
  1211.45544    1.104315   1.000000
  1211.48568    0.985129   1.000000
  1211.51678    0.975199   1.000000
  1211.54818    0.972508   1.000000
  1211.57928    0.993329   1.000000
  1211.61067    0.991501   1.000000
  1211.64307    0.960048   1.000000
  1211.67518    1.009934   1.000000
  1211.70744    1.042061   1.000000
  1211.73883    1.024927   1.000000
  1211.77094    1.041101   1.000000
  1211.80334    0.971612   1.000000
  1211.83474    0.989676   1.000000
  1211.86584    1.081168   1.000000
  1211.89723    1.038229   1.000000
  1211.92834    0.987855   1.000000
  1211.96074    1.023984   1.000000
  1211.99184    1.005294   1.000000
  1212.02323    1.063391   1.000000
  1212.05549    0.991501   1.000000
  1212.08573    0.998833   1.000000
  1212.11683    0.930450   1.000000
  1212.14923    0.986037   1.000000
  1212.18149    0.987855   1.000000
  1212.21274    1.067316   1.000000
  1212.24398    0.990588   1.000000
  1212.27638    1.048801   1.000000
  1212.30749    1.022099   1.000000
  1212.33989    0.992414   1.000000
  1212.37214    1.060457   1.000000
  1212.40339    1.048801   1.000000
  1212.43565    1.052672   1.000000
  1212.46805    0.971612   1.000000
  1212.49915    1.033459   1.000000
  1212.53054    1.034411   1.000000
  1212.56165    0.992414   1.000000
  1212.59405    1.071255   1.000000
  1212.62515    0.928738   1.000000
  1212.65654    1.023041   1.000000
  1212.68765    1.039185   1.000000
  1212.71904    1.120709   1.000000
  1212.75230    0.934745   1.000000
  1212.78355    0.968931   1.000000
  1212.81581    1.009004   1.000000
  1212.84720    0.966258   1.000000
  1212.87830    0.965368   1.000000
  1212.91070    0.992414   1.000000
  1212.94296    1.020218   1.000000
  1212.97421    1.053642   1.000000
  1213.00546    0.988765   1.000000
  1213.03670    0.983316   1.000000
  1213.06896    1.028710   1.000000
  1213.10021    1.025872   1.000000
  1213.13146    0.930450   1.000000
  1213.16270    1.059481   1.000000
  1213.19395    1.000675   1.000000
  1213.22520    1.001597   1.000000
  1213.25645    1.015531   1.000000
  1213.28770    0.971612   1.000000
  1213.31894    0.968931   1.000000
  1213.35019    0.946004   1.000000
  1213.38043    0.965368   1.000000
  1213.41168    0.952123   1.000000
  1213.44394    0.961818   1.000000
  1213.47518    0.988765   1.000000
  1213.50744    0.953000   1.000000
  1213.53984    0.967148   1.000000
  1213.57094    0.986945   1.000000
  1213.60334    1.051703   1.000000
  1213.63560    1.008075   1.000000
  1213.66800    0.978798   1.000000
  1213.69910    0.919376   1.000000
  1213.73050    1.060457   1.000000
  1213.76160    1.058505   1.000000
  1213.79299    1.051703   1.000000
  1213.82510    0.974301   1.000000
  1213.85750    0.986945   1.000000
  1213.88990    0.926175   1.000000
  1213.92216    1.007147   1.000000
  1213.95240    1.005294   1.000000
  1213.98350    1.043021   1.000000
  1214.01389    0.981506   1.000000
  1214.04499    0.935606   1.000000
  1214.07638    1.062412   1.000000
  1214.10749    0.992414   1.000000
