   726.72509    1.023584   1.000000
   726.82502    1.021152   1.000000
   726.92496    1.023430   1.000000
   727.02504    1.035221   1.000000
   727.12498    1.029908   1.000000
   727.22506    1.040829   1.000000
   727.32499    1.016526   1.000000
   727.42507    0.996440   1.000000
   727.54171    1.011585   1.000000
   727.64165    0.995251   1.000000
   727.74173    0.961188   1.000000
   727.84166    0.975895   1.000000
   727.94174    0.980787   1.000000
   728.04168    1.005103   1.000000
   728.14162    1.030044   1.000000
   728.24170    0.989195   1.000000
   728.35834    0.995007   1.000000
   728.45842    0.996308   1.000000
   728.55835    1.024892   1.000000
   728.65829    1.010143   1.000000
   728.75837    0.995588   1.000000
   728.85830    1.013756   1.000000
   728.95838    0.998205   1.000000
   729.05832    0.975565   1.000000
   729.17496    0.977659   1.000000
   729.27504    0.996466   0.999858
   729.37498    0.979303   0.998143
   729.47506    0.990724   0.994973
   729.57499    0.977289   0.990622
   729.67507    0.956822   0.985272
   729.77501    0.939394   0.979017
   729.87509    0.941490   0.972015
   729.99173    0.955980   0.962993
   730.09166    0.943839   0.954725
   730.19174    0.928339   0.946079
   730.29168    0.936556   0.937139
   730.39162    0.912523   0.927870
   730.49170    0.902572   0.918582
   730.59163    0.900324   0.909132
   730.69171    0.901474   0.899852
   730.80835    0.887327   0.889319
   730.90829    0.878438   0.880367
   731.00837    0.867980   0.872008
   731.10830    0.871546   0.864160
   731.20838    0.869348   0.856655
   731.30832    0.860603   0.849896
   731.40840    0.860054   0.843839
   731.50834    0.862774   0.838624
   731.62498    0.850744   0.833698
   731.72506    0.846161   0.830439
   731.82499    0.828089   0.828143
   731.92507    0.812688   0.826943
   732.02501    0.840500   0.826760
   732.12509    0.828019   0.827583
   732.22502    0.833018   0.829408
   732.32496    0.847708   0.832339
   732.44174    0.852748   0.836893
   732.54168    0.852199   0.841798
   732.64162    0.850837   0.847523
   732.74170    0.853547   0.854147
   732.84163    0.861202   0.861474
   732.94171    0.859006   0.869466
   733.04165    0.884325   0.878067
   733.14173    0.882930   0.886921
   733.25837    0.889079   0.897904
   733.35830    0.894513   0.907538
   733.45838    0.904310   0.917416
   733.55832    0.911596   0.927313
   733.65840    0.920711   0.937166
   733.75834    0.946117   0.946856
   733.85842    0.935641   0.956190
   733.95835    0.958717   0.965210
   734.07499    0.956239   0.974980
   734.17507    0.967694   0.982561
   734.27501    0.989689   0.989258
   734.37509    1.000599   0.994897
   734.47502    1.017479   0.998900
   734.57496    1.006245   1.000000
   734.67504    0.999912   1.000000
   734.77498    1.005146   1.000000
   734.89162    1.013240   1.000000
   734.99170    1.002025   1.000000
   735.09163    1.002441   1.000000
   735.19171    1.012567   1.000000
   735.29165    0.986006   1.000000
   735.39173    0.995015   1.000000
   735.49166    0.988721   1.000000
   735.59174    0.986263   1.000000
   735.70838    0.965797   1.000000
   735.80832    0.977476   1.000000
   735.90840    1.009607   1.000000
   736.00834    0.986838   1.000000
   736.10842    0.979619   1.000000
   736.20835    1.006984   1.000000
   736.30829    1.010344   1.000000
   736.40837    1.016669   1.000000
   736.52501    0.984957   1.000000
   736.62509    0.986323   1.000000
   736.72502    1.020859   1.000000
   736.82496    1.029265   1.000000
   736.92504    1.018770   1.000000
   737.02498    1.017232   1.000000
   737.12506    1.031620   1.000000
   737.22499    1.014157   1.000000
   737.34163    1.008592   1.000000
   737.44171    1.007060   1.000000
   737.54165    1.003570   1.000000
   737.64173    1.005961   1.000000
   737.74166    1.000515   1.000000
   737.84174    0.987337   1.000000
