   372.42667    1.001534   1.000000
   372.44383    1.010520   1.000000
   372.46117    1.018233   1.000000
   372.47851    0.980628   1.000000
   372.49567    1.014364   1.000000
   372.51284    1.007433   1.000000
   372.53016    0.996707   1.000000
   372.54750    1.004026   1.000000
   372.56466    1.012946   1.000000
   372.58183    0.988972   1.000000
   372.59916    1.001645   1.000000
   372.61650    0.997597   1.000000
   372.63367    1.010450   1.000000
   372.65083    1.006819   1.000000
   372.66817    1.001480   1.000000
   372.68551    1.015528   1.000000
   372.70267    1.001058   1.000000
   372.72000    1.005933   1.000000
   372.73716    1.012329   1.000000
   372.75450    1.015747   1.000000
   372.77166    1.005769   1.000000
   372.78900    1.003187   1.000000
   372.80616    1.009122   1.000000
   372.82333    1.006428   1.000000
   372.84067    1.006530   1.000000
   372.85801    1.002973   1.000000
   372.87517    0.999381   1.000000
   372.89233    1.012550   1.000000
   372.90967    1.008354   1.000000
   372.92700    1.020690   1.000000
   372.94416    1.010518   1.000000
   372.96134    1.000856   1.000000
   372.97866    0.994437   1.000000
   372.99600    1.011346   1.000000
   373.01316    1.006535   1.000000
   373.03033    0.994840   1.000000
   373.04767    1.012689   1.000000
   373.06500    1.003141   1.000000
   373.08217    1.010579   1.000000
   373.09967    0.998392   1.000000
   373.11683    1.011160   1.000000
   373.13400    1.003903   1.000000
   373.15133    1.009188   1.000000
   373.16867    0.992599   1.000000
   373.18584    0.995573   1.000000
   373.20300    1.005394   1.000000
   373.22034    0.999962   1.000000
   373.23766    1.000677   1.000000
   373.25484    1.011065   1.000000
   373.27200    1.003231   1.000000
   373.28933    1.002715   1.000000
   373.30667    0.992384   1.000000
   373.32383    1.002799   1.000000
   373.34100    0.981144   1.000000
   373.35833    1.008171   1.000000
   373.37567    1.000851   1.000000
   373.39283    0.986619   1.000000
   373.41000    1.000673   1.000000
   373.42716    0.987094   1.000000
   373.44466    1.016487   1.000000
   373.46184    1.010322   1.000000
   373.47900    0.995199   1.000000
   373.49633    0.999924   1.000000
   373.51351    0.993278   1.000000
   373.53083    1.004831   1.000000
   373.54800    1.014816   1.000000
   373.56533    1.019021   1.000000
   373.58250    0.994735   1.000000
   373.59984    1.005963   1.000000
   373.61717    1.004574   1.000000
   373.63434    1.002943   1.000000
   373.65150    1.000864   1.000000
   373.66884    1.008913   1.000000
   373.68616    1.003086   1.000000
   373.70333    1.011308   1.000000
   373.72051    1.006055   1.000000
   373.73783    1.002732   1.000000
   373.75517    0.996638   1.000000
   373.77233    0.997855   1.000000
   373.78950    1.014396   1.000000
   373.80684    1.009094   1.000000
   373.82417    1.015832   1.000000
   373.84134    0.993418   1.000000
   373.85850    1.011677   1.000000
   373.87584    0.994547   1.000000
   373.89316    1.001620   1.000000
   373.91033    1.005883   1.000000
   373.92749    1.009080   1.000000
   373.94483    1.000596   1.000000
   373.96199    1.003459   1.000000
   373.97933    1.009976   1.000000
   373.99667    1.012512   1.000000
   374.01384    0.999905   1.000000
   374.03100    1.002989   1.000000
   374.04834    1.002080   1.000000
   374.06566    1.006327   1.000000
   374.08284    1.010752   1.000000
   374.10000    1.007095   1.000000
   374.11733    0.999229   1.000000
   374.13467    1.010507   1.000000
   374.15183    0.998078   1.000000
   374.16933    1.004793   1.000000
   374.18651    1.004400   1.000000
   374.20383    1.004892   1.000000
   374.22117    0.989608   1.000000
   374.23833    0.995049   1.000000
   374.25567    0.992764   1.000000
   374.27283    1.002122   1.000000
   374.29000    1.010181   1.000000
   374.30734    0.981540   1.000000
   374.32467    0.991676   1.000000
   374.34184    1.017284   1.000000
   374.35900    1.005594   1.000000
   374.37633    0.994021   1.000000
   374.39366    0.994875   1.000000
   374.41083    0.999817   1.000000
   374.42799    1.008527   1.000000
   374.44533    1.003417   1.000000
   374.46267    0.998073   1.000000
   374.47983    1.003002   1.000000
   374.49700    1.004477   1.000000
   374.51434    1.000937   1.000000
   374.53167    1.001559   1.000000
   374.54884    0.994116   1.000000
   374.56600    0.997834   1.000000
   374.58333    0.999152   1.000000
   374.60066    0.999365   1.000000
   374.61783    0.996725   1.000000
   374.63499    0.992385   1.000000
   374.65233    1.000131   1.000000
   374.66950    1.004738   1.000000
   374.68683    1.016558   1.000000
   374.70400    0.981473   1.000000
   374.72134    1.005049   1.000000
   374.73850    0.996602   1.000000
   374.75584    1.014169   1.000000
   374.77316    0.980925   1.000000
   374.79033    0.992908   1.000000
   374.80751    1.003181   1.000000
   374.82483    1.009106   1.000000
   374.84217    1.010193   1.000000
   374.85933    1.019312   1.000000
   374.87650    0.999323   1.000000
   374.89383    0.990298   1.000000
   374.91117    1.001235   1.000000
   374.92834    1.004932   1.000000
   374.94550    0.997951   1.000000
   374.96284    0.996914   1.000000
   374.98016    0.997513   1.000000
   374.99734    1.006858   1.000000
   375.01451    1.015271   1.000000
   375.03183    0.996199   1.000000
   375.04917    1.009557   1.000000
   375.06633    0.996094   1.000000
   375.08367    1.002957   1.000000
   375.10083    0.996333   1.000000
   375.11800    0.997686   1.000000
   375.13534    1.006367   1.000000
   375.15267    1.002157   1.000000
   375.16984    1.006906   1.000000
   375.18700    0.994023   1.000000
   375.20433    0.990731   1.000000
   375.22166    1.005597   1.000000
   375.23883    1.008697   1.000000
   375.25599    0.984155   1.000000
   375.27333    0.992707   1.000000
   375.29067    1.000440   1.000000
   375.30783    0.998143   1.000000
   375.32500    1.013336   1.000000
   375.34234    1.010702   1.000000
   375.35967    1.005873   1.000000
   375.37684    1.002694   1.000000
   375.39400    1.000411   1.000000
   375.41133    1.008643   1.000000
   375.42866    0.999384   1.000000
   375.44583    0.996699   1.000000
   375.46317    1.016418   1.000000
   375.48033    0.995513   1.000000
   375.49767    0.998365   1.000000
   375.51501    0.994001   1.000000
   375.53217    0.996524   1.000000
   375.54934    1.005209   1.000000
   375.56650    1.004441   1.000000
   375.58400    1.000389   1.000000
   375.60116    1.000870   1.000000
   375.61833    1.000152   1.000000
   375.63566    0.995804   1.000000
   375.65283    0.994297   1.000000
   375.67017    0.995371   1.000000
   375.68733    0.986731   1.000000
   375.70467    1.002063   1.000000
   375.72183    1.012909   1.000000
   375.73917    1.008573   1.000000
   375.75649    0.998523   1.000000
   375.77367    1.000694   1.000000
   375.79084    1.006947   1.000000
   375.80816    0.998258   1.000000
   375.82533    0.994703   1.000000
   375.84266    1.002250   1.000000
   375.85983    0.984952   1.000000
   375.87717    1.002019   1.000000
   375.89433    1.000324   1.000000
   375.91167    0.995199   1.000000
   375.92883    1.014355   1.000000
   375.94617    0.994039   1.000000
   375.96349    0.994611   1.000000
   375.98066    1.008104   1.000000
   375.99784    0.998323   1.000000
   376.01500    1.007815   1.000000
   376.03250    1.004709   1.000000
   376.04966    0.997756   1.000000
   376.06683    1.007522   1.000000
   376.08417    0.999167   1.000000
   376.10133    1.003874   1.000000
   376.11883    1.003861   1.000000
   376.13601    1.008224   1.000000
   376.15317    1.000697   1.000000
   376.17034    0.995225   1.000000
   376.18783    0.999747   1.000000
   376.20500    1.000743   1.000000
   376.22216    0.998729   1.000000
   376.23933    0.996910   1.000000
   376.25666    1.008754   1.000000
   376.27400    1.001942   1.000000
   376.29117    0.992139   1.000000
   376.30833    0.994948   1.000000
   376.32567    0.997349   1.000000
   376.34301    1.004808   1.000000
   376.36017    1.012290   1.000000
   376.37749    0.992434   1.000000
   376.39467    0.997811   1.000000
   376.41200    1.002548   1.000000
   376.42916    0.999976   1.000000
   376.44650    1.010373   1.000000
   376.46366    1.002323   1.000000
   376.48100    1.000594   1.000000
   376.49817    1.002517   1.000000
   376.51550    0.988737   1.000000
   376.53267    1.005023   1.000000
   376.54983    0.999619   1.000000
   376.56717    1.000679   1.000000
   376.58449    0.996191   1.000000
   376.60167    0.994084   1.000000
   376.61884    0.994590   1.000000
   376.63616    0.999899   1.000000
   376.65350    0.996377   1.000000
   376.67066    0.995388   1.000000
   376.68783    1.010538   1.000000
   376.70517    0.998032   1.000000
   376.72250    0.986788   1.000000
   376.73967    0.995960   1.000000
   376.75683    1.002555   1.000000
   376.77417    0.990762   1.000000
   376.79149    0.991721   1.000000
   376.80867    0.996967   1.000000
   376.82584    1.002630   1.000000
   376.84316    1.011978   1.000000
   376.86050    1.006976   1.000000
   376.87766    0.991376   1.000000
   376.89483    1.015794   1.000000
   376.91217    1.011421   1.000000
   376.92950    1.008930   1.000000
   376.94667    1.000469   1.000000
   376.96383    1.009810   1.000000
   376.98117    1.002500   1.000000
   376.99834    1.007396   1.000000
   377.01567    0.999739   1.000000
   377.03300    1.006684   1.000000
   377.05016    1.015368   1.000000
   377.06733    1.009179   1.000000
   377.08466    1.015202   1.000000
   377.10200    0.996266   1.000000
   377.11917    1.002359   1.000000
   377.13633    0.997683   1.000000
   377.15367    0.994981   1.000000
   377.17101    0.996003   1.000000
   377.18817    1.006207   1.000000
   377.20534    1.002078   1.000000
   377.22267    1.001130   1.000000
   377.24000    0.993362   1.000000
   377.25716    1.000627   1.000000
   377.27433    1.006854   1.000000
   377.29166    0.989161   1.000000
   377.30900    1.011737   1.000000
   377.32617    0.991280   1.000000
   377.34333    0.991824   1.000000
   377.36067    0.998770   1.000000
   377.37801    1.006377   1.000000
   377.39517    1.018474   1.000000
   377.41234    1.007867   1.000000
   377.42967    1.010540   1.000000
   377.44684    1.009178   1.000000
   377.46416    1.014292   1.000000
   377.48133    1.011939   1.000000
   377.49866    1.003712   1.000000
   377.51583    1.005552   1.000000
   377.53317    0.995776   1.000000
   377.55033    0.997835   1.000000
   377.56767    0.997528   1.000000
   377.58483    0.999714   1.000000
   377.60217    0.995862   1.000000
   377.61949    0.994651   1.000000
   377.63667    1.009050   1.000000
   377.65384    1.003050   1.000000
   377.67116    0.988098   1.000000
   377.68850    0.996962   1.000000
   377.70566    1.002037   1.000000
   377.72283    1.001139   1.000000
   377.73999    1.001432   1.000000
   377.75750    0.992441   1.000000
   377.77467    0.994139   1.000000
   377.79183    1.015462   1.000000
   377.80900    1.012089   1.000000
   377.82649    1.002172   1.000000
   377.84366    1.010692   1.000000
   377.86084    1.002216   1.000000
   377.87800    0.994623   1.000000
   377.89533    0.996427   1.000000
   377.91266    1.005957   1.000000
   377.92983    1.007718   1.000000
   377.94717    0.995297   1.000000
   377.96433    1.007111   1.000000
   377.98167    0.992276   1.000000
   377.99883    1.001841   1.000000
   378.01617    0.986043   1.000000
   378.03334    1.000274   1.000000
   378.05067    0.983496   1.000000
   378.06800    1.002805   1.000000
   378.08516    0.983947   1.000000
   378.10233    0.990925   1.000000
   378.11951    1.008012   1.000000
   378.13700    0.989536   1.000000
   378.15417    1.011552   1.000000
   378.17133    0.998641   1.000000
   378.18867    0.985746   1.000000
   378.20601    1.007904   1.000000
   378.22317    0.998484   1.000000
   378.24034    0.994941   1.000000
   378.25767    0.990600   1.000000
   378.27500    0.994661   1.000000
   378.29216    1.014395   1.000000
   378.30933    0.997291   1.000000
   378.32666    0.998593   1.000000
   378.34383    1.011100   1.000000
   378.36117    0.993975   1.000000
   378.37850    0.994618   1.000000
   378.39567    0.997327   1.000000
   378.41283    0.999774   1.000000
   378.43017    0.997964   1.000000
   378.44749    1.003903   1.000000
   378.46467    0.992086   1.000000
   378.48184    0.996734   1.000000
   378.49916    0.984862   1.000000
   378.51650    1.016603   1.000000
   378.53366    0.989875   1.000000
   378.55083    0.987990   1.000000
   378.56817    1.002631   1.000000
   378.58550    1.000148   1.000000
   378.60267    0.991137   1.000000
   378.62001    0.996201   1.000000
   378.63717    0.997956   1.000000
   378.65449    0.997223   1.000000
   378.67183    0.987412   1.000000
   378.68900    0.997928   1.000000
   378.70633    0.993101   1.000000
   378.72350    0.995101   1.000000
   378.74084    1.013222   1.000000
   378.75800    0.993248   1.000000
   378.77534    1.000172   1.000000
   378.79250    0.995782   1.000000
   378.80983    1.004528   1.000000
   378.82716    1.003756   1.000000
   378.84450    0.999754   1.000000
   378.86167    0.984039   1.000000
   378.87883    1.008777   1.000000
   378.89617    1.005887   1.000000
   378.91351    1.006256   1.000000
   378.93067    0.999081   1.000000
   378.94784    0.992730   1.000000
   378.96516    0.996475   1.000000
   378.98250    1.004298   1.000000
   378.99966    1.011892   1.000000
   379.01683    1.008201   1.000000
   379.03416    1.003003   1.000000
   379.05133    1.002996   1.000000
   379.06867    1.007785   1.000000
   379.08583    0.997699   1.000000
   379.10317    0.998467   1.000000
   379.12033    1.001556   1.000000
   379.13767    0.993267   1.000000
   379.15484    0.997233   1.000000
   379.17216    1.002374   1.000000
   379.18934    0.997220   1.000000
   379.20666    0.997171   1.000000
   379.22400    0.996005   1.000000
   379.24116    0.992210   1.000000
   379.25833    0.993655   1.000000
   379.27567    1.004078   1.000000
   379.29300    0.995026   1.000000
   379.31017    1.002157   1.000000
   379.32733    1.006386   1.000000
   379.34467    1.010539   1.000000
   379.36200    0.997907   1.000000
   379.37916    0.986701   1.000000
   379.39634    1.008359   1.000000
   379.41366    0.987009   1.000000
   379.43100    1.009534   1.000000
   379.44816    0.994200   1.000000
   379.46533    0.997046   1.000000
   379.48267    1.002856   1.000000
   379.49983    1.000801   1.000000
   379.51717    0.997488   1.000000
   379.53433    0.988351   1.000000
   379.55167    0.990214   1.000000
   379.56884    0.997516   1.000000
   379.58616    1.005157   1.000000
   379.60334    0.995605   1.000000
   379.62066    0.999796   1.000000
   379.63783    1.002026   1.000000
   379.65683    0.998918   1.000000
   379.67417    1.001497   1.000000
   379.69134    1.001006   1.000000
   379.70850    1.010284   1.000000
   379.72584    0.994222   1.000000
   379.74316    0.986003   1.000000
   379.76033    0.994202   1.000000
   379.77751    0.991409   1.000000
   379.79483    1.001168   1.000000
   379.81200    1.001820   1.000000
   379.82933    0.992475   1.000000
   379.84650    1.004904   1.000000
   379.86384    1.005767   1.000000
   379.88100    0.994354   1.000000
   379.89834    0.978700   1.000000
   379.91566    0.996187   1.000000
   379.93284    1.007832   1.000000
   379.95001    0.991770   1.000000
   379.96733    0.998782   1.000000
   379.98467    1.006768   1.000000
   380.00183    1.009062   1.000000
   380.01899    0.987632   1.000000
   380.03633    0.999118   1.000000
   380.05367    1.002930   1.000000
   380.07084    1.004740   1.000000
   380.08800    1.005811   1.000000
   380.10534    1.006366   1.000000
   380.12266    0.982775   1.000000
   380.13984    1.001624   1.000000
   380.15716    1.016322   1.000000
   380.17433    0.991669   1.000000
   380.19167    1.008879   1.000000
   380.20883    0.993110   1.000000
   380.22617    0.996246   1.000000
   380.24333    0.993706   1.000000
   380.26050    1.019062   1.000000
   380.27784    0.993677   1.000000
   380.29517    1.008311   1.000000
   380.31234    0.985593   1.000000
   380.32950    0.977231   1.000000
   380.34684    1.001277   1.000000
   380.36416    1.007123   1.000000
   380.38133    0.979715   1.000000
   380.39849    1.009802   1.000000
   380.41583    1.003002   1.000000
   380.43317    1.006172   1.000000
   380.45033    0.993376   1.000000
   380.46750    0.990837   1.000000
   380.48483    1.003028   1.000000
   380.50217    1.003408   1.000000
   380.51934    1.002265   1.000000
   380.53666    1.000472   1.000000
   380.55384    1.006252   1.000000
   380.57116    0.998811   1.000000
   380.58833    1.008968   1.000000
   380.60567    1.002534   1.000000
   380.62283    1.009540   1.000000
   380.64000    1.007395   1.000000
   380.65733    1.011391   1.000000
   380.67467    1.004458   1.000000
   380.69184    1.011018   1.000000
   380.70900    1.014587   1.000000
   380.72634    1.004202   1.000000
   380.74366    0.988684   1.000000
   380.76084    1.013320   1.000000
   380.77801    1.004492   1.000000
   380.79533    1.003552   1.000000
   380.81267    0.991950   1.000000
   380.82983    1.007722   1.000000
   380.84700    0.990799   1.000000
   380.86433    1.015858   1.000000
   380.88167    1.006947   1.000000
   380.89884    0.988486   1.000000
   380.91600    1.012210   1.000000
   380.93334    1.003511   1.000000
   380.95066    0.996341   1.000000
   380.96784    1.011662   1.000000
   380.98500    0.997306   1.000000
   381.00233    1.005966   1.000000
   381.01949    0.998766   1.000000
   381.03683    1.007139   1.000000
   381.05417    1.008007   1.000000
   381.07133    0.997508   1.000000
   381.08850    1.013489   1.000000
   381.10584    0.987924   1.000000
   381.12317    0.990787   1.000000
   381.14034    1.012764   1.000000
   381.15750    0.986588   1.000000
   381.17484    1.001411   1.000000
   381.19200    0.997166   1.000000
   381.20933    0.991768   1.000000
   381.22649    0.997547   1.000000
   381.24383    1.001818   1.000000
   381.26117    1.006237   1.000000
   381.27833    0.989625   1.000000
   381.29550    0.995610   1.000000
   381.31284    0.983551   1.000000
   381.33017    0.995416   1.000000
   381.34734    0.986092   1.000000
   381.36450    1.010125   1.000000
   381.38184    1.003907   1.000000
   381.39916    1.006079   1.000000
   381.41633    1.007794   1.000000
   381.43351    1.004351   1.000000
   381.45083    0.999666   1.000000
   381.46800    0.987094   1.000000
   381.48533    1.003610   1.000000
   381.50250    0.996062   1.000000
   381.51983    1.005398   1.000000
   381.53700    1.013490   1.000000
   381.55434    0.981258   1.000000
   381.57150    0.996016   1.000000
   381.58884    1.001183   1.000000
   381.60600    0.993028   1.000000
   381.62333    1.009248   1.000000
   381.64067    0.995252   1.000000
   381.65783    0.995037   1.000000
   381.67500    0.991771   1.000000
   381.69233    0.976088   1.000000
   381.70967    0.988414   1.000000
   381.72684    0.998980   1.000000
   381.74400    0.982362   1.000000
   381.76134    0.995794   1.000000
   381.77866    0.985266   1.000000
   381.79584    0.983227   1.000000
   381.81301    0.979053   0.999999
   381.83017    0.989848   0.999997
   381.84767    1.008349   0.999994
   381.86483    0.991049   0.999990
   381.88199    0.999528   0.999982
   381.89933    0.981721   0.999972
   381.91650    0.991970   0.999958
   381.93384    0.997697   0.999939
   381.95100    0.989486   0.999915
   381.96834    0.992974   0.999885
   381.98550    0.995679   0.999849
   382.00284    0.981034   0.999804
   382.02000    1.000873   0.999753
   382.03733    0.998226   0.999691
   382.05449    0.998432   0.999621
   382.07183    0.984844   0.999539
   382.08917    0.995787   0.999445
   382.10633    1.004260   0.999341
   382.12350    1.006123   0.999223
   382.14084    0.992856   0.999090
   382.15817    1.004649   0.998943
   382.17534    1.004064   0.998781
   382.19250    0.995183   0.998603
   382.20984    0.997035   0.998406
   382.22716    1.002216   0.998191
   382.24433    0.983391   0.997960
   382.26149    0.997182   0.997708
   382.27883    0.994188   0.997434
   382.29617    0.980295   0.997138
   382.31333    0.983503   0.996823
   382.33050    0.986961   0.996485
   382.34783    0.972164   0.996120
   382.36500    0.995970   0.995734
   382.38234    0.987882   0.995319
   382.39966    0.990725   0.994878
   382.41684    0.994313   0.994414
   382.43400    1.000315   0.993923
   382.45133    0.974614   0.993399
   382.46867    0.983150   0.992845
   382.48583    0.984679   0.992267
   382.50300    0.971686   0.991659
   382.52033    0.986876   0.991014
   382.53767    0.968378   0.990336
   382.55484    0.992732   0.989633
   382.57200    0.974166   0.988896
   382.58934    0.980828   0.988119
   382.60666    0.978931   0.987307
   382.62384    0.977118   0.986467
   382.64116    0.973177   0.985584
   382.65833    0.980948   0.984673
   382.67567    0.966396   0.983716
   382.69283    0.980481   0.982731
   382.71000    0.983323   0.981708
   382.72733    0.976027   0.980637
   382.74467    0.993442   0.979526
   382.76184    0.971500   0.978387
   382.77917    0.976579   0.977196
   382.79634    0.973945   0.975976
   382.81350    0.969658   0.974717
   382.83100    0.975274   0.973391
   382.84816    0.981269   0.972048
   382.86550    0.963754   0.970650
   382.88267    0.962022   0.969224
   382.89983    0.960543   0.967755
   382.91734    0.945248   0.966213
   382.93451    0.959618   0.964658
   382.95167    0.954693   0.963060
   382.96884    0.966989   0.961419
   382.98617    0.957159   0.959717
   383.00350    0.945200   0.957972
   383.02066    0.956591   0.956199
   383.03784    0.955477   0.954381
   383.05516    0.952897   0.952503
   383.07250    0.948907   0.950578
   383.08967    0.933668   0.948628
   383.10700    0.941935   0.946613
   383.12417    0.939725   0.944575
   383.14151    0.948459   0.942471
   383.15867    0.926220   0.940343
   383.17599    0.931930   0.938152
   383.19317    0.941395   0.935935
   383.21050    0.929530   0.933655
   383.22766    0.931834   0.931352
   383.24500    0.916924   0.928982
   383.26216    0.916944   0.926593
   383.27950    0.908820   0.924137
   383.29667    0.909113   0.921663
   383.31400    0.919134   0.919121
   383.33117    0.906268   0.916564
   383.34833    0.898672   0.913966
   383.36583    0.902652   0.911276
   383.38299    0.881805   0.908597
   383.40017    0.891362   0.905877
   383.41734    0.906893   0.903120
   383.43466    0.904358   0.900300
   383.45217    0.886648   0.897412
   383.46934    0.880460   0.894544
   383.48650    0.880918   0.891641
   383.50384    0.882530   0.888674
   383.52116    0.884030   0.885676
   383.53833    0.882008   0.882674
   383.55551    0.870492   0.879638
   383.57283    0.872138   0.876547
   383.58999    0.877427   0.873457
   383.60733    0.870519   0.870308
   383.62467    0.866464   0.867132
   383.64183    0.853952   0.863964
   383.65900    0.862330   0.860773
   383.67634    0.855816   0.857526
   383.69367    0.838875   0.854259
   383.71084    0.848607   0.851003
   383.72800    0.848113   0.847728
   383.74533    0.826158   0.844405
   383.76266    0.846455   0.841062
   383.77983    0.815575   0.837736
   383.79699    0.833733   0.834395
   383.81433    0.827177   0.831007
   383.83167    0.823397   0.827605
   383.84883    0.821825   0.824226
   383.86600    0.822099   0.820836
   383.88334    0.804668   0.817402
   383.90067    0.819231   0.813960
   383.91784    0.816753   0.810544
   383.93500    0.812244   0.807122
   383.95233    0.795424   0.803663
   383.96951    0.794271   0.800228
   383.98683    0.800969   0.796761
   384.00399    0.788843   0.793325
   384.02133    0.788421   0.789852
   384.03850    0.790927   0.786415
   384.05583    0.781846   0.782945
   384.07300    0.786592   0.779512
   384.09034    0.753136   0.776048
   384.10750    0.766721   0.772624
   384.12484    0.769697   0.769172
   384.14200    0.761090   0.765761
   384.15933    0.747857   0.762329
   384.17651    0.746495   0.758935
   384.19383    0.757803   0.755524
   384.21117    0.748602   0.752124
   384.22833    0.746122   0.748772
   384.24550    0.746704   0.745436
   384.26283    0.748646   0.742084
   384.28017    0.733322   0.738751
   384.29734    0.728544   0.735472
   384.31450    0.724025   0.732216
   384.33184    0.725302   0.728950
   384.34916    0.728627   0.725713
   384.36633    0.719684   0.722533
   384.38366    0.719714   0.719349
   384.40083    0.720023   0.716226
   384.41799    0.716946   0.713134
   384.43533    0.711242   0.710044
   384.45267    0.712887   0.706989
   384.46983    0.703259   0.703998
   384.48700    0.701339   0.701044
   384.50434    0.699565   0.698098
   384.52167    0.693733   0.695192
   384.53884    0.686732   0.692355
   384.55600    0.684970   0.689559
   384.57333    0.688669   0.686780
   384.59066    0.678808   0.684042
   384.60783    0.678221   0.681377
   384.62499    0.677776   0.678757
   384.64233    0.672037   0.676159
   384.65967    0.673715   0.673609
   384.67683    0.665765   0.671134
   384.69400    0.675755   0.668708
   384.71134    0.668153   0.666310
   384.72867    0.668806   0.663964
   384.74584    0.664284   0.661695
   384.76300    0.663753   0.659480
   384.78034    0.660658   0.657298
   384.79766    0.664380   0.655174
   384.81483    0.658812   0.653126
   384.83199    0.657240   0.651136
   384.84933    0.657852   0.649185
   384.86650    0.648863   0.647313
   384.88383    0.653731   0.645482
   384.90117    0.655735   0.643714
   384.91834    0.656652   0.642024
   384.93550    0.647402   0.640397
   384.95284    0.638474   0.638817
   384.97016    0.644797   0.637304
   384.98733    0.637533   0.635869
   385.00451    0.620228   0.634497
   385.02183    0.641724   0.633181
   385.03917    0.635783   0.631932
   385.05633    0.634659   0.630762
   385.07350    0.626836   0.629659
   385.09083    0.622142   0.628615
   385.10817    0.622528   0.627640
   385.12534    0.630154   0.626744
   385.14250    0.622263   0.625918
   385.15984    0.633531   0.625155
   385.17716    0.626656   0.624464
   385.19433    0.633062   0.623850
   385.21151    0.633771   0.623307
   385.22883    0.626893   0.622832
   385.24617    0.615790   0.622430
   385.26333    0.618815   0.622105
   385.28050    0.628746   0.621851
   385.29783    0.630026   0.621669
   385.31500    0.630605   0.621562
   385.33234    0.635167   0.621527
   385.34967    0.628354   0.621567
   385.36684    0.631399   0.621679
   385.38400    0.625151   0.621865
   385.40133    0.625524   0.622127
   385.41866    0.633895   0.622463
   385.43583    0.626602   0.622869
   385.45299    0.618565   0.623349
   385.47033    0.610649   0.623907
   385.48767    0.633395   0.624539
   385.50483    0.633344   0.625237
   385.52200    0.622039   0.626008
   385.53934    0.624055   0.626860
   385.55667    0.639770   0.627785
   385.57384    0.645610   0.628772
   385.59100    0.633276   0.629831
   385.60833    0.638855   0.630970
   385.62566    0.635430   0.632183
   385.64283    0.643232   0.633454
   385.65999    0.642474   0.634794
   385.67733    0.647327   0.636217
   385.69467    0.643691   0.637710
   385.71183    0.653922   0.639257
   385.72900    0.652448   0.640871
   385.74634    0.647099   0.642568
   385.76350    0.650361   0.644315
   385.78084    0.659530   0.646146
   385.79800    0.656221   0.648024
   385.81533    0.648821   0.649984
   385.83251    0.661207   0.651990
   385.84983    0.646332   0.654077
   385.86699    0.658265   0.656207
   385.88433    0.664190   0.658419
   385.90150    0.670671   0.660670
   385.91883    0.655024   0.663003
   385.93617    0.672747   0.665395
   385.95334    0.676827   0.667820
   385.97050    0.676740   0.670301
   385.98784    0.664844   0.672863
   386.00516    0.672885   0.675478
   386.02233    0.676543   0.678121
   386.03951    0.688407   0.680818
   386.05683    0.688600   0.683588
   386.07417    0.691394   0.686411
   386.09133    0.693229   0.689253
   386.10850    0.690854   0.692142
   386.12566    0.703073   0.695076
   386.14317    0.701945   0.698114
   386.16034    0.696827   0.701134
   386.17750    0.715688   0.704195
   386.19484    0.712085   0.707326
   386.21200    0.705920   0.710464
   386.22933    0.711611   0.713666
   386.24651    0.716892   0.716875
   386.26383    0.722926   0.720143
   386.28099    0.728839   0.723411
   386.29833    0.730963   0.726740
   386.31550    0.726524   0.730063
   386.33283    0.721800   0.733445
   386.35000    0.739417   0.736817
   386.36734    0.739325   0.740245
   386.38467    0.746458   0.743695
   386.40184    0.747202   0.747129
   386.41900    0.750304   0.750581
   386.43617    0.749522   0.754050
   386.45366    0.757372   0.757601
   386.47100    0.756786   0.761134
   386.48817    0.749645   0.764644
   386.50533    0.766194   0.768166
   386.52267    0.767174   0.771732
   386.54001    0.773017   0.775308
   386.55717    0.778991   0.778855
   386.57434    0.784377   0.782408
   386.59167    0.782047   0.786002
   386.60900    0.786873   0.789596
   386.62616    0.800395   0.793160
   386.64334    0.789850   0.796728
   386.66066    0.801249   0.800325
   386.67800    0.804051   0.803924
   386.69517    0.803834   0.807485
   386.71233    0.816700   0.811042
   386.72967    0.797812   0.814630
   386.74683    0.803378   0.818175
   386.76417    0.818598   0.821749
   386.78134    0.823827   0.825279
   386.79867    0.832517   0.828834
   386.81584    0.827431   0.832342
   386.83316    0.825166   0.835870
   386.85033    0.837672   0.839352
   386.86766    0.839505   0.842854
   386.88483    0.849256   0.846304
   386.90217    0.848312   0.849771
   386.91950    0.839969   0.853219
   386.93667    0.835873   0.856611
   386.95383    0.835758   0.859980
   386.97117    0.855641   0.863359
   386.98849    0.859038   0.866707
   387.00567    0.876748   0.869999
   387.02284    0.871742   0.873259
   387.04016    0.874778   0.876517
   387.05750    0.874469   0.879746
   387.07466    0.876750   0.882908
   387.09183    0.882963   0.886035
   387.10899    0.877331   0.889127
   387.12650    0.887453   0.892243
   387.14367    0.881369   0.895259
   387.16083    0.895305   0.898236
   387.17800    0.895072   0.901174
   387.19534    0.892705   0.904100
   387.21267    0.903715   0.906984
   387.22984    0.891897   0.909798
   387.24716    0.888536   0.912594
   387.26433    0.913522   0.915321
   387.28166    0.900589   0.918032
   387.29883    0.912076   0.920670
   387.31617    0.917257   0.923290
   387.33333    0.917779   0.925839
   387.35067    0.922071   0.928366
   387.36783    0.931264   0.930823
   387.38517    0.934657   0.933257
   387.40234    0.929762   0.935620
   387.41950    0.931106   0.937936
   387.43700    0.921567   0.940249
   387.45416    0.923950   0.942470
   387.47133    0.926395   0.944644
   387.48851    0.931718   0.946773
   387.50600    0.936207   0.948891
   387.52317    0.949619   0.950922
   387.54033    0.940259   0.952905
   387.55750    0.941551   0.954841
   387.57483    0.945970   0.956748
   387.59217    0.952047   0.958607
   387.60934    0.947760   0.960400
   387.62650    0.950169   0.962145
   387.64384    0.955781   0.963861
   387.66116    0.953642   0.965528
   387.67833    0.960635   0.967134
   387.69551    0.963664   0.968694
   387.71283    0.971449   0.970220
   387.73017    0.957241   0.971702
   387.74733    0.963468   0.973123
   387.76450    0.952292   0.974500
   387.78183    0.952660   0.975845
   387.79917    0.965436   0.977145
   387.81634    0.974978   0.978388
   387.83367    0.976256   0.979600
   387.85084    0.979807   0.980757
   387.86800    0.976810   0.981871
   387.88533    0.971120   0.982954
   387.90266    0.960033   0.983996
   387.91983    0.987867   0.984986
   387.93699    0.977794   0.985937
   387.95433    0.981565   0.986857
   387.97167    0.977301   0.987738
   387.98883    0.992334   0.988572
   388.00600    0.976823   0.989368
   388.02334    0.976202   0.990136
   388.04067    0.988419   0.990866
   388.05784    0.992965   0.991554
   388.07500    0.983227   0.992207
   388.09233    0.987887   0.992832
   388.10966    0.986019   0.993424
   388.12683    0.985953   0.993978
   388.14399    0.986438   0.994500
   388.16133    0.992085   0.994996
   388.17867    0.994567   0.995462
   388.19583    0.997729   0.995894
   388.21300    0.971561   0.996299
   388.23034    0.989519   0.996679
   388.24767    0.995469   0.997033
   388.26484    0.975809   0.997357
   388.28200    0.993950   0.997657
   388.29933    0.998618   0.997936
   388.31651    0.997512   0.998190
   388.33383    0.995647   0.998424
   388.35117    0.983228   0.998637
   388.36833    0.994821   0.998828
   388.38550    1.002146   0.999000
   388.40283    0.997672   0.999156
   388.42017    1.000330   0.999294
   388.43734    1.000591   0.999416
   388.45450    0.996153   0.999522
   388.47184    0.992218   0.999615
   388.48916    1.007347   0.999695
   388.50633    0.999985   0.999763
   388.52351    0.997289   0.999819
   388.54083    0.988245   0.999866
   388.55817    0.996952   0.999904
   388.57533    0.989062   0.999934
   388.59250    0.984330   0.999956
   388.60983    0.997760   0.999973
   388.62717    0.999845   0.999985
   388.64449    1.000532   0.999993
   388.66167    0.983224   0.999997
   388.67884    1.000642   0.999999
   388.69616    1.000694   1.000000
   388.71350    0.982374   1.000000
   388.73066    1.000928   1.000000
   388.74783    0.999572   1.000000
   388.76499    1.004518   1.000000
   388.78250    0.988292   1.000000
   388.79967    0.992597   1.000000
   388.81683    0.977572   1.000000
   388.83400    1.002934   1.000000
   388.85134    1.000133   1.000000
   388.86867    0.999041   1.000000
   388.88584    0.996386   1.000000
   388.90300    1.001451   1.000000
   388.92033    0.978554   1.000000
   388.93766    0.996970   1.000000
   388.95483    1.000393   1.000000
   388.97217    1.007269   1.000000
   388.98933    1.003296   1.000000
   389.00667    0.983492   1.000000
   389.02383    0.981851   1.000000
   389.04100    1.009938   1.000000
   389.05834    1.001368   1.000000
   389.07567    0.984023   1.000000
   389.09284    0.985560   1.000000
   389.11000    0.997557   1.000000
   389.12733    0.997477   1.000000
   389.14466    0.983487   1.000000
   389.16183    1.000694   1.000000
   389.17917    0.993007   1.000000
   389.19633    0.998587   1.000000
   389.21350    1.007345   1.000000
   389.23083    1.005217   1.000000
   389.24817    0.985686   1.000000
   389.26534    1.007508   1.000000
   389.28250    1.004597   1.000000
   389.29984    0.995394   1.000000
   389.31716    0.995247   1.000000
   389.33434    0.986912   1.000000
   389.35151    1.001805   1.000000
   389.36883    0.995207   1.000000
   389.38617    1.004094   1.000000
   389.40333    1.002648   1.000000
   389.42050    0.986541   1.000000
   389.43783    0.992458   1.000000
   389.45517    0.989435   1.000000
   389.47234    0.988408   1.000000
   389.48966    1.009443   1.000000
   389.50684    1.004956   1.000000
   389.52416    1.011048   1.000000
   389.54133    1.003907   1.000000
   389.55866    1.001113   1.000000
   389.57583    0.992651   1.000000
   389.59317    1.007335   1.000000
   389.61033    1.010107   1.000000
   389.62767    0.978105   1.000000
   389.64483    0.993650   1.000000
   389.66200    1.007430   1.000000
   389.67949    0.989060   1.000000
   389.69667    0.996594   1.000000
   389.71384    1.005577   1.000000
   389.73100    0.981562   1.000000
   389.74833    0.986370   1.000000
   389.76566    0.996281   1.000000
   389.78283    0.987979   1.000000
   389.79999    0.988659   1.000000
   389.81733    0.997865   1.000000
   389.83467    1.003752   1.000000
   389.85183    0.979392   1.000000
   389.86917    1.000314   1.000000
   389.88634    1.007080   1.000000
   389.90367    0.997666   1.000000
   389.92084    1.008380   1.000000
   389.93816    0.973416   1.000000
   389.95533    0.992361   1.000000
   389.97266    0.998448   1.000000
   389.99000    0.998154   1.000000
   390.00717    1.005838   1.000000
   390.02433    0.989957   1.000000
   390.04167    1.002265   1.000000
   390.05883    0.983290   1.000000
   390.07617    1.002472   1.000000
   390.09334    0.980914   1.000000
   390.11050    1.002104   1.000000
   390.12800    0.997983   1.000000
   390.14516    0.985906   1.000000
   390.16233    1.009561   1.000000
   390.17951    0.998240   1.000000
   390.19683    1.006625   1.000000
   390.21417    0.996611   1.000000
   390.23133    1.012853   1.000000
   390.24867    1.004128   1.000000
   390.26583    0.980879   1.000000
   390.28317    1.001359   1.000000
   390.30034    0.997337   1.000000
   390.31767    1.012775   1.000000
   390.33484    0.999904   1.000000
   390.35216    1.000890   1.000000
   390.36950    0.998560   1.000000
   390.38666    1.003821   1.000000
   390.40383    0.998513   1.000000
   390.42117    0.993144   1.000000
   390.43850    0.997981   1.000000
   390.45567    0.997535   1.000000
   390.47283    1.001574   1.000000
   390.49000    0.994368   1.000000
   390.50749    1.004502   1.000000
   390.52467    0.987269   1.000000
   390.54184    0.999226   1.000000
   390.55900    0.996581   1.000000
   390.57650    1.003613   1.000000
   390.59384    0.996777   1.000000
   390.61100    0.988629   1.000000
   390.62817    1.004851   1.000000
   390.64550    1.002575   1.000000
   390.66283    1.002591   1.000000
   390.68016    1.003318   1.000000
   390.69733    1.000224   1.000000
   390.71449    1.008118   1.000000
   390.73183    1.006206   1.000000
   390.74917    0.996489   1.000000
   390.76633    0.986489   1.000000
   390.78367    0.997634   1.000000
   390.80084    1.004480   1.000000
   390.81800    0.996190   1.000000
   390.83534    1.009298   1.000000
   390.85266    0.987044   1.000000
   390.86983    1.011396   1.000000
   390.88701    1.012229   1.000000
   390.90433    1.002347   1.000000
   390.92167    1.001126   1.000000
   390.93883    0.986000   1.000000
   390.95600    1.011296   1.000000
   390.97333    1.005984   1.000000
   390.99067    1.005226   1.000000
   391.00784    0.995499   1.000000
   391.02500    1.004420   1.000000
   391.04234    1.008768   1.000000
   391.05966    0.993399   1.000000
   391.07683    0.979788   1.000000
   391.09401    0.992653   1.000000
   391.11133    1.012390   1.000000
   391.12867    1.004483   1.000000
   391.14583    1.004326   1.000000
   391.16300    1.001004   1.000000
   391.18016    1.011298   1.000000
   391.19767    1.001834   1.000000
   391.21484    1.008781   1.000000
   391.23200    1.011087   1.000000
   391.24917    1.013191   1.000000
   391.26650    1.013481   1.000000
   391.28383    1.015474   1.000000
   391.30101    0.992415   1.000000
   391.31833    0.988424   1.000000
   391.33549    0.990307   1.000000
   391.35283    0.990155   1.000000
   391.37000    0.998264   1.000000
   391.38733    1.010884   1.000000
   391.40450    0.985553   1.000000
   391.42184    0.996395   1.000000
   391.43900    1.011653   1.000000
   391.45634    1.004389   1.000000
   391.47366    1.004262   1.000000
   391.49083    0.994819   1.000000
   391.50816    0.990529   1.000000
   391.52550    1.004252   1.000000
   391.54267    1.005785   1.000000
   391.55983    1.000050   1.000000
   391.57717    1.005536   1.000000
   391.59449    1.009384   1.000000
   391.61167    1.000689   1.000000
   391.62884    1.006871   1.000000
   391.64616    1.007941   1.000000
   391.66350    0.989610   1.000000
   391.68066    0.997941   1.000000
   391.69783    1.003827   1.000000
   391.71516    1.007640   1.000000
   391.73250    1.006257   1.000000
   391.74967    1.001634   1.000000
   391.76683    1.003107   1.000000
   391.78417    1.008763   1.000000
   391.80133    1.002112   1.000000
   391.81867    1.001652   1.000000
   391.83584    1.004941   1.000000
   391.85316    1.005538   1.000000
   391.87034    0.985069   1.000000
   391.88766    1.001006   1.000000
   391.90500    1.016593   1.000000
   391.92217    1.012139   1.000000
   391.93933    1.010624   1.000000
   391.95667    0.997697   1.000000
   391.97400    0.992621   1.000000
   391.99117    1.005488   1.000000
   392.00833    1.017358   1.000000
   392.02567    1.014099   1.000000
   392.04300    1.011958   1.000000
   392.06016    1.004630   1.000000
   392.07734    1.008077   1.000000
   392.09466    0.992572   1.000000
   392.11200    1.002790   1.000000
   392.12916    0.989333   1.000000
   392.14650    0.999057   1.000000
   392.16367    1.011145   1.000000
   392.18100    1.001821   1.000000
   392.19817    1.007438   1.000000
   392.21551    1.003196   1.000000
   392.23267    0.999929   1.000000
   392.24984    1.003707   1.000000
   392.26716    1.006715   1.000000
   392.28450    1.013063   1.000000
   392.30184    1.003989   1.000000
   392.31900    1.007510   1.000000
   392.33616    1.005482   1.000000
   392.35350    0.994630   1.000000
   392.37117    1.005312   1.000000
   392.38849    1.010049   1.000000
   392.40583    1.003078   1.000000
   392.42300    1.009238   1.000000
   392.44016    1.015954   1.000000
   392.45750    1.000032   1.000000
   392.47484    1.002719   1.000000
   392.49200    1.008023   1.000000
   392.50917    1.006474   1.000000
   392.52650    1.005120   1.000000
   392.54383    0.999933   1.000000
   392.56101    1.006789   1.000000
   392.57817    1.002052   1.000000
   392.59534    1.017023   1.000000
   392.61283    0.999643   1.000000
   392.63000    1.011122   1.000000
   392.64716    1.003561   1.000000
   392.66450    1.016575   1.000000
   392.68166    0.988875   1.000000
   392.69900    0.994485   1.000000
   392.71617    0.998165   1.000000
   392.73350    0.999835   1.000000
   392.75067    1.001673   1.000000
   392.76801    0.998313   1.000000
   392.78517    0.992508   1.000000
   392.80249    1.003185   1.000000
   392.81967    1.003938   1.000000
   392.83700    1.012844   1.000000
   392.85433    1.008649   1.000000
   392.87150    1.013011   1.000000
   392.88866    0.999151   1.000000
   392.90600    1.007134   1.000000
   392.92334    0.999555   1.000000
   392.94050    0.987086   1.000000
   392.95767    0.994939   1.000000
   392.97501    1.000249   1.000000
   392.99233    1.007632   1.000000
   393.00949    0.991930   1.000000
   393.02667    1.009543   1.000000
   393.04400    1.007839   1.000000
   393.06133    1.005194   1.000000
   393.07850    1.015343   1.000000
   393.09566    0.999363   1.000000
   393.11300    1.003118   1.000000
   393.13017    1.007636   1.000000
   393.14750    0.999804   1.000000
   393.16467    1.008146   1.000000
   393.18201    1.004521   1.000000
   393.19917    0.989098   1.000000
   393.21649    0.996530   1.000000
   393.23367    1.005501   1.000000
   393.25100    1.004458   1.000000
   393.26816    1.008631   1.000000
   393.28550    1.007904   1.000000
   393.30266    1.004711   1.000000
   393.32000    1.012192   1.000000
   393.33717    1.004553   1.000000
   393.35450    0.998397   1.000000
   393.37167    1.003687   1.000000
   393.38901    1.006179   1.000000
   393.40617    1.002548   1.000000
   393.42334    1.012191   1.000000
   393.44083    1.008369   1.000000
   393.45800    0.999005   1.000000
   393.47516    0.997374   1.000000
   393.49233    1.009968   1.000000
   393.50984    1.013912   1.000000
   393.52700    1.012537   1.000000
   393.54417    1.002305   1.000000
   393.56133    0.999532   1.000000
   393.57867    1.012263   1.000000
   393.59601    1.000966   1.000000
   393.61317    1.002144   1.000000
   393.63049    1.005628   1.000000
   393.64766    1.011434   1.000000
   393.66500    1.013277   1.000000
   393.68216    1.006728   1.000000
   393.69950    0.984065   1.000000
   393.71666    1.013393   1.000000
   393.73400    1.010185   1.000000
   393.75117    1.006113   1.000000
   393.76850    0.991074   1.000000
   393.78567    0.994769   1.000000
   393.80283    1.000729   1.000000
   393.82017    1.002266   1.000000
   393.83749    0.985463   1.000000
   393.85467    1.013749   1.000000
   393.87184    1.007236   1.000000
   393.88916    1.010247   1.000000
   393.90650    1.011117   1.000000
   393.92366    0.996639   1.000000
   393.94083    1.004330   1.000000
   393.95817    1.007673   1.000000
   393.97550    1.003038   1.000000
   393.99267    1.003547   1.000000
   394.00983    1.010397   1.000000
   394.02717    1.004538   1.000000
   394.04449    1.003634   1.000000
   394.06167    0.997912   1.000000
   394.07884    1.009612   1.000000
   394.09616    1.008525   1.000000
   394.11350    1.003259   1.000000
   394.13066    1.008642   1.000000
   394.14800    1.008894   1.000000
   394.16517    1.002444   1.000000
   394.18250    1.011014   1.000000
   394.19967    1.011772   1.000000
   394.21701    1.007086   1.000000
   394.23417    0.998290   1.000000
   394.25134    0.989530   1.000000
   394.26867    1.001487   1.000000
   394.28600    1.002361   1.000000
   394.30316    1.004725   1.000000
   394.32033    1.004166   1.000000
   394.33766    1.007381   1.000000
   394.35500    1.003450   1.000000
   394.37217    1.001511   1.000000
   394.38933    1.003364   1.000000
   394.40667    1.004735   1.000000
   394.42401    0.999743   1.000000
   394.44117    0.996436   1.000000
   394.45834    0.998193   1.000000
   394.47567    0.998105   1.000000
   394.49284    0.999515   1.000000
   394.51016    1.002389   1.000000
   394.52733    1.006820   1.000000
   394.54466    1.002728   1.000000
   394.56200    1.003611   1.000000
   394.57917    1.003127   1.000000
   394.59633    0.998298   1.000000
   394.61350    1.002592   1.000000
   394.63101    1.003644   1.000000
   394.64817    1.009851   1.000000
   394.66534    0.999146   1.000000
   394.68250    1.009843   1.000000
   394.69984    0.988656   1.000000
   394.71716    1.006130   1.000000
   394.73433    0.995842   1.000000
   394.75166    1.000554   1.000000
   394.76883    0.998265   1.000000
   394.78617    1.007991   1.000000
   394.80333    1.011990   1.000000
   394.82067    1.002504   1.000000
   394.83783    1.005940   1.000000
   394.85517    1.006508   1.000000
   394.87234    0.994985   1.000000
   394.88967    0.999533   1.000000
   394.90684    1.006398   1.000000
   394.92416    1.007278   1.000000
   394.94133    0.984332   1.000000
   394.95851    1.004647   1.000000
   394.97583    1.001072   1.000000
   394.99317    1.002910   1.000000
   395.01033    1.007933   1.000000
   395.02767    0.998352   1.000000
   395.04483    1.005527   1.000000
   395.06200    0.992916   1.000000
   395.07934    0.995575   1.000000
   395.09667    1.008527   1.000000
   395.11384    1.006173   1.000000
   395.13100    1.006771   1.000000
   395.14833    1.002001   1.000000
   395.16566    1.001054   1.000000
   395.18283    1.006280   1.000000
   395.19999    0.999261   1.000000
   395.21733    1.004796   1.000000
   395.23467    1.004593   1.000000
   395.25183    1.007130   1.000000
   395.26900    1.009716   1.000000
   395.28634    1.004174   1.000000
   395.30367    0.989208   1.000000
   395.32084    1.004873   1.000000
   395.33816    1.003317   1.000000
   395.35534    1.007728   1.000000
   395.37266    1.001740   1.000000
   395.38983    0.999533   1.000000
   395.40717    1.003190   1.000000
   395.42433    1.008149   1.000000
   395.44167    1.003882   1.000000
   395.45883    1.004946   1.000000
   395.47617    1.001311   1.000000
   395.49334    1.001109   1.000000
   395.51050    0.998604   1.000000
   395.52784    1.000143   1.000000
   395.54516    0.996178   1.000000
   395.56233    0.999596   1.000000
   395.57951    1.006990   1.000000
   395.59683    1.012133   1.000000
   395.61417    1.008565   1.000000
   395.63133    1.010182   1.000000
   395.64850    1.010288   1.000000
   395.66583    1.001359   1.000000
   395.68317    0.997940   1.000000
   395.70034    1.009791   1.000000
   395.71750    0.999027   1.000000
   395.73484    1.003773   1.000000
   395.75216    1.001138   1.000000
   395.76933    1.000976   1.000000
   395.78651    1.009263   1.000000
   395.80383    0.995406   1.000000
   395.82117    1.008287   1.000000
   395.83833    1.010649   1.000000
   395.85550    1.002784   1.000000
   395.87283    1.004309   1.000000
   395.89000    1.004212   1.000000
   395.90734    1.003819   1.000000
   395.92450    0.992315   1.000000
   395.94167    1.011449   1.000000
   395.95900    1.008413   1.000000
   395.97633    1.001411   1.000000
   395.99351    1.007936   1.000000
   396.01083    0.998707   1.000000
   396.02799    1.000361   1.000000
   396.04533    1.007863   1.000000
   396.06250    1.006248   1.000000
   396.07983    1.010966   1.000000
   396.09700    1.000453   1.000000
   396.11434    1.005164   1.000000
   396.13150    1.003614   1.000000
   396.14884    1.012347   1.000000
   396.16600    1.004896   1.000000
   396.18317    1.003958   1.000000
   396.20051    0.979563   1.000000
   396.21783    0.999810   1.000000
   396.23499    1.008480   1.000000
   396.25217    1.013477   1.000000
   396.26950    0.989431   1.000000
   396.28683    1.006255   1.000000
   396.30400    1.012526   1.000000
   396.32116    1.005186   1.000000
   396.33850    1.006003   1.000000
   396.35584    0.994364   1.000000
   396.37300    0.991560   1.000000
   396.39017    1.013247   1.000000
   396.40751    1.003348   1.000000
   396.42483    1.012878   1.000000
   396.44199    1.006330   1.000000
   396.45917    1.005071   1.000000
   396.47650    0.987312   1.000000
   396.49383    1.012802   1.000000
   396.51100    0.979912   1.000000
   396.52816    1.008913   1.000000
   396.54550    0.996314   1.000000
   396.56284    1.008101   1.000000
   396.58000    1.008857   1.000000
   396.59733    1.004402   1.000000
   396.61451    1.008240   1.000000
   396.63167    1.005260   1.000000
   396.64899    0.996120   1.000000
   396.66633    0.990793   1.000000
   396.68350    1.008311   1.000000
   396.70066    1.000813   1.000000
   396.71800    1.008997   1.000000
   396.73534    1.009350   1.000000
   396.75250    0.993398   1.000000
   396.76967    1.001377   1.000000
   396.78700    1.005357   1.000000
   396.80433    0.983315   1.000000
   396.82151    0.992863   1.000000
   396.83867    0.986484   1.000000
   396.85599    1.005339   1.000000
   396.87333    1.005611   1.000000
   396.89050    1.004482   1.000000
   396.90766    1.009600   1.000000
   396.92500    1.005364   1.000000
   396.94234    1.011111   1.000000
   396.95950    1.004015   1.000000
   396.97667    1.006430   1.000000
   396.99400    1.003607   1.000000
   397.01133    0.998042   1.000000
   397.02851    1.011290   1.000000
   397.04567    0.999416   1.000000
   397.06299    1.008312   1.000000
   397.08017    1.003473   1.000000
   397.09750    0.998110   1.000000
   397.11483    1.002369   1.000000
   397.13200    1.008429   1.000000
   397.14916    1.006947   1.000000
   397.16650    1.005094   1.000000
   397.18384    1.001551   1.000000
   397.20100    0.997540   1.000000
   397.21817    0.997614   1.000000
   397.23551    1.006971   1.000000
   397.25283    1.004188   1.000000
   397.26999    1.009086   1.000000
   397.28717    1.010469   1.000000
   397.30450    1.004584   1.000000
   397.32366    0.984181   1.000000
   397.34083    1.004979   1.000000
   397.35834    0.991763   1.000000
   397.37550    0.999226   1.000000
   397.39267    0.980501   1.000000
   397.40983    1.007107   1.000000
   397.42717    1.001903   1.000000
   397.44451    1.006472   1.000000
   397.46167    0.997283   1.000000
   397.47884    1.004700   1.000000
   397.49616    1.009180   1.000000
   397.51350    0.985144   1.000000
   397.53066    1.003525   1.000000
   397.54800    1.007726   1.000000
   397.56516    1.003306   1.000000
   397.58250    1.002844   1.000000
   397.59967    0.998292   1.000000
   397.61701    0.979663   1.000000
   397.63417    0.998726   1.000000
   397.65133    1.002448   1.000000
   397.66883    1.003351   1.000000
   397.68599    1.007340   1.000000
   397.70316    1.001689   1.000000
   397.72034    0.999468   1.000000
   397.73784    1.007646   1.000000
   397.75500    0.993555   1.000000
   397.77216    0.980442   1.000000
   397.78933    0.975165   1.000000
   397.80667    0.980986   1.000000
   397.82400    0.990575   1.000000
   397.84117    0.994048   1.000000
   397.85833    1.001406   1.000000
   397.87567    1.000172   1.000000
   397.89300    1.007892   1.000000
   397.91016    0.992596   1.000000
   397.92734    1.004740   1.000000
   397.94466    0.978957   1.000000
   397.96200    1.004470   1.000000
   397.97917    1.004275   1.000000
   397.99633    0.989162   1.000000
   398.01367    0.988902   1.000000
   398.03100    1.005096   1.000000
   398.04817    1.004212   1.000000
   398.06549    1.003537   1.000000
   398.08267    1.003931   1.000000
   398.09984    0.999845   1.000000
   398.11716    1.005555   1.000000
   398.13450    1.002316   1.000000
   398.15166    0.987879   1.000000
   398.16883    0.987052   1.000000
   398.18616    0.985401   1.000000
   398.20350    0.997078   1.000000
   398.22067    0.998696   1.000000
   398.23783    0.999431   1.000000
   398.25517    0.993008   1.000000
   398.27251    0.987231   1.000000
   398.28967    0.997067   1.000000
   398.30684    1.004491   1.000000
   398.32416    1.000546   1.000000
   398.34150    1.000984   1.000000
   398.35866    0.999354   1.000000
   398.37583    0.995128   1.000000
   398.39316    0.994389   1.000000
   398.41050    1.003833   1.000000
   398.42767    1.000442   1.000000
   398.44483    1.010746   1.000000
   398.46200    0.994480   1.000000
   398.47951    0.998982   1.000000
   398.49667    1.002241   1.000000
   398.51384    1.007035   1.000000
   398.53116    0.995207   1.000000
   398.54834    1.009425   1.000000
   398.56566    1.006770   1.000000
   398.58283    1.001098   1.000000
   398.60016    0.989836   1.000000
   398.61733    1.004627   1.000000
   398.63467    0.998537   1.000000
   398.65183    1.006112   1.000000
   398.67016    1.003140   1.000000
   398.68733    0.987701   1.000000
   398.70451    0.990583   1.000000
   398.72183    0.994795   1.000000
   398.73917    1.001348   1.000000
   398.75633    0.991301   1.000000
   398.77350    1.001127   1.000000
   398.79083    0.991089   1.000000
   398.80817    0.992137   1.000000
   398.82534    0.984889   1.000000
   398.84250    1.007260   1.000000
   398.85984    0.996070   1.000000
   398.87716    1.008379   1.000000
   398.89433    1.001216   1.000000
   398.91151    0.990861   1.000000
   398.92883    1.004499   1.000000
   398.94617    1.004401   1.000000
   398.96333    1.008718   1.000000
   398.98083    1.003074   1.000000
   398.99799    1.006351   1.000000
   399.01517    0.991819   1.000000
   399.03250    1.001249   1.000000
   399.04983    1.004679   1.000000
   399.06700    0.986535   1.000000
   399.08416    1.000428   1.000000
   399.10150    0.998708   1.000000
   399.11884    1.011703   1.000000
   399.13600    1.003426   1.000000
   399.15317    1.000638   1.000000
   399.17051    1.006226   1.000000
   399.18783    1.000555   1.000000
   399.20499    1.003604   1.000000
   399.22217    0.999489   1.000000
   399.23950    0.999882   1.000000
   399.25666    0.979096   1.000000
   399.27400    1.003151   1.000000
   399.29116    0.998052   1.000000
   399.30850    0.999804   1.000000
   399.32567    0.999981   1.000000
   399.34300    0.999965   1.000000
   399.36017    1.004681   1.000000
   399.37751    1.002103   1.000000
   399.39467    0.990340   1.000000
   399.41199    0.973797   1.000000
   399.42933    1.004837   1.000000
   399.44650    0.996238   1.000000
   399.46366    1.008073   1.000000
   399.48100    0.975359   1.000000
   399.49834    0.997297   1.000000
   399.51550    0.998406   1.000000
   399.53267    1.006756   1.000000
   399.54983    1.007739   1.000000
   399.56733    0.996445   1.000000
   399.58451    0.997812   1.000000
   399.60167    0.996857   1.000000
   399.61899    1.002857   1.000000
   399.63617    1.007565   1.000000
   399.65350    1.001906   1.000000
   399.67066    0.998436   1.000000
   399.68800    1.000419   1.000000
   399.70516    0.999568   1.000000
   399.72250    1.002739   1.000000
   399.73967    1.002980   1.000000
   399.75700    1.008394   1.000000
   399.77417    1.006477   1.000000
   399.79151    1.004162   1.000000
   399.80867    0.997303   1.000000
   399.82599    1.006389   1.000000
   399.84317    1.005457   1.000000
   399.86050    1.003191   1.000000
   399.87766    0.999527   1.000000
   399.89500    1.001236   1.000000
   399.91216    0.995786   1.000000
   399.92950    0.996286   1.000000
   399.94684    1.003795   1.000000
   399.96400    1.009991   1.000000
   399.98117    0.998886   1.000000
   399.99833    1.008957   1.000000
   400.01583    1.009072   1.000000
   400.03299    0.998332   1.000000
   400.05017    1.007333   1.000000
   400.06750    1.000150   1.000000
   400.08466    1.002780   1.000000
   400.10200    1.009414   1.000000
   400.11916    0.998988   1.000000
   400.13650    1.000775   1.000000
   400.15367    0.985142   1.000000
   400.17116    0.991973   1.000000
   400.18834    1.000979   1.000000
   400.20551    1.006629   1.000000
   400.22267    0.986621   1.000000
   400.23999    1.007924   1.000000
   400.25733    0.993064   1.000000
   400.27450    1.002687   1.000000
   400.29166    0.993555   1.000000
   400.30900    1.013635   1.000000
   400.32634    1.009186   1.000000
   400.34350    1.003491   1.000000
   400.36067    0.994632   1.000000
   400.37800    1.012830   1.000000
   400.39533    1.008660   1.000000
   400.41251    1.003882   1.000000
   400.42967    1.010086   1.000000
   400.44699    0.983827   1.000000
   400.46433    1.007265   1.000000
   400.48150    1.008605   1.000000
   400.49883    1.005126   1.000000
   400.51600    1.000733   1.000000
   400.53316    1.002290   1.000000
   400.55050    1.004799   1.000000
   400.56784    0.996771   1.000000
   400.58500    1.008164   1.000000
   400.60217    1.007857   1.000000
   400.61951    1.015176   1.000000
   400.63683    1.009877   1.000000
   400.65399    1.003280   1.000000
   400.67117    1.004488   1.000000
   400.68850    1.011932   1.000000
   400.70583    0.991333   1.000000
