   696.10740    0.989478   1.000000
   696.10740    1.000470   1.000000
   696.12480    0.971304   1.000000
   696.14280    0.994811   1.000000
   696.16080    1.004170   1.000000
   696.17820    1.004605   1.000000
   696.19620    0.975874   1.000000
   696.21420    0.987084   1.000000
   696.23160    0.978704   1.000000
   696.24960    0.988825   1.000000
   696.26760    0.954435   1.000000
   696.28500    0.975439   1.000000
   696.30300    0.975004   1.000000
   696.32100    1.003191   1.000000
   696.33840    0.951932   1.000000
   696.35640    0.951932   1.000000
   696.37380    0.938219   1.000000
   696.39180    0.986104   1.000000
   696.40980    1.015706   1.000000
   696.42720    1.006456   1.000000
   696.44520    1.038343   1.000000
   696.46320    0.997096   1.000000
   696.48060    1.010918   1.000000
   696.49860    1.015380   1.000000
   696.51660    1.012659   1.000000
   696.53400    0.968039   1.000000
   696.55200    1.010700   1.000000
   696.57000    0.980989   1.000000
   696.58740    0.981316   1.000000
   696.60540    0.965862   1.000000
   696.62340    1.025174   1.000000
   696.64080    0.992852   1.000000
   696.65880    0.976963   1.000000
   696.67680    1.004605   1.000000
   696.69420    0.980554   1.000000
   696.71220    1.006020   1.000000
   696.73020    0.998076   1.000000
   696.74760    0.995246   1.000000
   696.76560    0.989587   1.000000
   696.78360    1.059782   1.000000
   696.80100    1.025065   1.000000
   696.81900    1.044111   1.000000
   696.83700    0.988499   1.000000
   696.85440    1.015162   1.000000
   696.87240    1.023433   1.000000
   696.89040    0.990022   1.000000
   696.90780    1.033772   1.000000
   696.92580    1.040954   1.000000
   696.94380    1.005150   1.000000
   696.96120    0.979357   1.000000
   696.97920    0.968909   1.000000
   696.99720    0.992308   1.000000
   697.01460    0.994811   1.000000
   697.03260    0.998620   1.000000
   697.05060    0.982078   1.000000
   697.06800    0.983819   1.000000
   697.08600    1.059564   1.000000
   697.10400    0.980336   1.000000
   697.12140    0.982404   1.000000
   697.13940    0.991981   1.000000
   697.15680    1.007108   1.000000
   697.17480    1.019297   1.000000
   697.19280    0.985234   1.000000
   697.21020    0.979792   1.000000
   697.22820    0.976527   1.000000
   697.24620    1.013421   1.000000
   697.26360    0.974568   1.000000
   697.28160    1.003191   1.000000
   697.29960    1.021039   1.000000
   697.31700    0.984581   1.000000
   697.33500    0.995028   1.000000
   697.35300    0.981098   1.000000
   697.37040    0.996443   1.000000
   697.38840    1.002320   1.000000
   697.40640    1.026371   1.000000
   697.42380    1.019842   1.000000
   697.44180    0.985778   1.000000
   697.45980    0.962488   1.000000
   697.47720    1.001341   1.000000
   697.49520    1.002973   1.000000
   697.51320    1.032575   1.000000
   697.53060    1.015924   1.000000
   697.54860    0.980881   1.000000
   697.56660    0.965753   1.000000
   697.58400    1.019297   1.000000
   697.60200    0.982404   1.000000
   697.62000    0.979575   1.000000
   697.63740    0.995246   1.000000
   697.65540    1.008632   1.000000
   697.67340    0.972718   1.000000
   697.69080    1.023542   1.000000
   697.70880    0.992417   1.000000
   697.72680    0.978160   1.000000
   697.74420    0.994811   1.000000
   697.76220    0.999817   1.000000
   697.78020    1.006673   1.000000
   697.79760    1.016685   1.000000
   697.81560    1.007979   1.000000
   697.83360    1.002102   1.000000
   697.85100    0.993614   1.000000
   697.86900    1.016359   1.000000
   697.88700    0.991764   1.000000
   697.90440    0.978922   1.000000
   697.92240    1.005150   1.000000
   697.94040    0.975004   1.000000
   697.95780    0.955088   1.000000
   697.97580    1.034534   1.000000
   697.99320    1.004279   1.000000
   698.01120    1.006564   1.000000
   698.02920    0.969236   1.000000
   698.04660    0.975113   1.000000
   698.06460    0.950517   1.000000
   698.08260    0.981534   1.000000
   698.10000    1.009503   1.000000
   698.11800    0.984798   1.000000
   698.13600    0.993396   1.000000
   698.15340    0.946708   1.000000
   698.17140    0.941484   1.000000
   698.18940    0.972936   1.000000
   698.20680    0.959985   1.000000
   698.22480    0.973698   1.000000
   698.24280    0.980010   1.000000
   698.26020    0.965753   1.000000
   698.27820    1.007870   1.000000
   698.29620    0.949646   1.000000
   698.31360    0.950191   1.000000
   698.33160    0.992525   1.000000
   698.34960    1.018318   1.000000
   698.36700    0.995246   1.000000
   698.38500    1.007979   1.000000
   698.40300    0.990566   1.000000
   698.42040    0.993178   1.000000
   698.43840    0.989260   1.000000
   698.45640    0.983601   1.000000
   698.47380    0.989260   1.000000
   698.49180    1.011462   1.000000
   698.50980    0.989260   1.000000
   698.52720    1.004823   1.000000
   698.54520    1.029745   1.000000
   698.56320    1.006347   1.000000
   698.58060    1.022018   1.000000
   698.59860    0.972827   1.000000
   698.61660    1.012768   1.000000
   698.63400    1.019297   1.000000
   698.65200    0.986431   1.000000
   698.67000    1.001558   1.000000
   698.68740    1.015706   1.000000
   698.70540    1.002538   1.000000
   698.72340    0.984690   1.000000
   698.74080    1.011788   1.000000
   698.75880    1.028004   1.000000
   698.77620    1.014618   1.000000
   698.79420    0.973698   1.000000
   698.81220    0.983928   1.000000
   698.82960    1.022453   1.000000
   698.84760    0.976527   1.000000
   698.86560    0.957809   1.000000
   698.88300    0.945620   1.000000
   698.90100    0.988172   1.000000
   698.91900    0.961618   1.000000
   698.93640    1.022562   1.000000
   698.95440    0.944532   1.000000
   698.97240    0.970542   1.000000
   698.98980    0.997423   1.000000
   699.00780    0.966297   1.000000
   699.02580    0.970542   1.000000
   699.04320    0.970215   1.000000
   699.06120    1.002320   1.000000
   699.07920    0.927228   1.000000
   699.09660    0.958897   1.000000
   699.11460    0.991002   1.000000
   699.13260    1.000688   1.000000
   699.15000    1.000035   1.000000
   699.16800    0.952911   1.000000
   699.18600    1.046614   1.000000
   699.20340    1.044219   1.000000
   699.22140    0.982187   1.000000
   699.23940    0.990893   1.000000
   699.25680    0.975874   1.000000
   699.27480    1.016903   1.000000
   699.29280    1.002755   1.000000
   699.31020    0.970433   1.000000
   699.32820    0.990240   1.000000
   699.34620    0.984690   1.000000
   699.36360    1.028439   1.000000
   699.38160    1.014835   1.000000
   699.39960    0.977616   1.000000
   699.41700    0.958462   1.000000
   699.43500    0.978377   1.000000
   699.45300    1.008741   1.000000
   699.47040    0.965318   1.000000
   699.48840    0.979030   1.000000
   699.50640    0.974786   1.000000
   699.52380    0.963359   1.000000
   699.54180    0.964774   1.000000
   699.55920    0.955959   1.000000
   699.57720    0.983057   1.000000
   699.59520    1.007653   1.000000
   699.61260    1.002755   0.999775
   699.63060    0.979901   0.999352
   699.64860    0.971739   0.998831
   699.66600    0.951823   0.998152
   699.68400    0.997858   0.997377
   699.70200    0.945184   0.996545
   699.71940    0.929404   0.995693
   699.73740    0.950299   0.994737
   699.75540    0.921677   0.993699
   699.77280    0.948341   0.992692
   699.79080    0.929840   0.991524
   699.80880    0.947796   0.990254
   699.82620    0.975766   0.989053
   699.84420    0.980989   0.987785
   699.86220    0.947470   0.986407
   699.87960    0.967603   0.985062
   699.89760    0.990131   0.983620
   699.91560    0.957373   0.982191
   699.93300    0.959441   0.980653
   699.95100    0.976527   0.979083
   699.96900    0.935499   0.977494
   699.98640    0.928860   0.975838
   700.00440    0.932778   0.974212
   700.02240    0.933975   0.972519
   700.03980    0.962162   0.970805
   700.05780    0.961182   0.969056
   700.07580    0.965536   0.967144
   700.09320    0.940940   0.965380
   700.11120    0.946382   0.963523
   700.12920    0.959441   0.961573
   700.14660    0.925595   0.959708
   700.16460    0.975657   0.957719
   700.18260    0.968583   0.955782
   700.20000    0.972283   0.953748
   700.21800    0.951388   0.951707
   700.23600    0.930601   0.949564
   700.25340    0.920045   0.947558
   700.27140    0.964338   0.945409
   700.28940    0.919392   0.943292
   700.30680    0.909053   0.941166
   700.32480    0.955523   0.939042
   700.34280    0.938981   0.936763
   700.36020    0.944205   0.934689
   700.37820    0.923745   0.932309
   700.39560    0.946490   0.930132
   700.41360    0.885002   0.927768
   700.43160    0.893599   0.925411
   700.44900    0.922330   0.923200
   700.46700    0.906224   0.920810
   700.48500    0.937566   0.918474
   700.50240    0.929731   0.916242
   700.52040    0.910577   0.913748
   700.53840    0.915256   0.911348
   700.55580    0.904591   0.909026
   700.57380    0.849197   0.906524
   700.59180    0.860950   0.904029
   700.60920    0.891640   0.901646
   700.62720    0.844082   0.899143
   700.64520    0.851809   0.896692
   700.66260    0.869766   0.894263
   700.68060    0.884349   0.891690
   700.69860    0.883587   0.889215
   700.71600    0.904700   0.886699
   700.73400    0.866065   0.884197
   700.75200    0.860842   0.881625
   700.76940    0.841688   0.879133
   700.78740    0.862801   0.876585
   700.80540    0.826234   0.874087
   700.82280    0.790102   0.871477
   700.84080    0.851156   0.868773
   700.85880    0.834614   0.866292
   700.87620    0.872051   0.863784
   700.89420    0.867589   0.861135
   700.91220    0.897844   0.858470
   700.92960    0.842449   0.855973
   700.94760    0.838858   0.853320
   700.96560    0.837987   0.850727
   700.98300    0.824057   0.848218
   701.00100    0.837552   0.845534
   701.01900    0.818616   0.842954
   701.03640    0.820248   0.840439
   701.05440    0.820139   0.837799
   701.07240    0.842341   0.835169
   701.08980    0.824928   0.832683
   701.10780    0.793367   0.830014
   701.12580    0.800550   0.827405
   701.14320    0.803053   0.824867
   701.16120    0.823404   0.822261
   701.17860    0.814589   0.819758
   701.19660    0.837226   0.817153
   701.21460    0.800550   0.814537
   701.23200    0.814154   0.812006
   701.25000    0.792823   0.809468
   701.26800    0.778566   0.806829
   701.28540    0.776390   0.804339
   701.30340    0.796088   0.801757
   701.32140    0.776608   0.799237
   701.33880    0.793150   0.796761
   701.35680    0.779655   0.794148
   701.37480    0.792932   0.791678
   701.39220    0.802835   0.789217
   701.41020    0.807733   0.786678
   701.42820    0.766813   0.784171
   701.44560    0.766051   0.781765
   701.46360    0.760501   0.779360
   701.48160    0.768336   0.776860
   701.49900    0.774649   0.774490
   701.51700    0.790538   0.772043
   701.53500    0.788035   0.769592
   701.55240    0.750271   0.767253
   701.57040    0.782702   0.764827
   701.58840    0.755495   0.762410
   701.60580    0.759521   0.760147
   701.62380    0.742870   0.757815
   701.64180    0.734164   0.755456
   701.65920    0.736885   0.753188
   701.67720    0.742870   0.750795
   701.69520    0.731770   0.748527
   701.71260    0.739061   0.746346
   701.73060    0.740911   0.744108
   701.74860    0.722846   0.741874
   701.76600    0.737429   0.739713
   701.78400    0.750924   0.737495
   701.80200    0.753536   0.735338
   701.81940    0.716969   0.733242
   701.83740    0.735361   0.731088
   701.85540    0.720452   0.728924
   701.87280    0.742435   0.726924
   701.89080    0.715228   0.724837
   701.90880    0.728940   0.722833
   701.92620    0.720343   0.720837
   701.94420    0.729376   0.718842
   701.96220    0.703474   0.716813
   701.97960    0.715228   0.714923
   701.99760    0.718057   0.713011
   702.01500    0.726219   0.711132
   702.03300    0.706086   0.709281
   702.05100    0.699121   0.707411
   702.06840    0.713922   0.705584
   702.08640    0.679858   0.703773
   702.10440    0.725675   0.701997
   702.12180    0.696183   0.700344
   702.13980    0.708371   0.698562
   702.15780    0.706739   0.696803
   702.17520    0.704127   0.695263
   702.19320    0.684211   0.693606
   702.21120    0.694550   0.691914
   702.22860    0.701624   0.690304
   702.24660    0.700427   0.688858
   702.26460    0.675831   0.687278
   702.28200    0.699339   0.685757
   702.30000    0.662337   0.684298
   702.31800    0.677573   0.682854
   702.33540    0.661248   0.681448
   702.35340    0.674852   0.680068
   702.37140    0.685408   0.678733
   702.38880    0.665493   0.677380
   702.40680    0.704998   0.676102
   702.42480    0.656024   0.674837
   702.44220    0.674308   0.673504
   702.46020    0.677137   0.672379
   702.47820    0.691176   0.671165
   702.49560    0.681599   0.670000
   702.51360    0.694441   0.668873
   702.53160    0.692809   0.667760
   702.54900    0.717840   0.666780
   702.56700    0.695530   0.665691
   702.58500    0.648080   0.664732
   702.60240    0.713378   0.663751
   702.62040    0.678334   0.662824
   702.63840    0.707283   0.661895
   702.65580    0.683123   0.661081
   702.67380    0.697162   0.660138
   702.69180    0.682252   0.659363
   702.70920    0.675614   0.658540
   702.72720    0.655371   0.657763
   702.74520    0.673219   0.656979
   702.76260    0.694985   0.656342
   702.78060    0.680185   0.655654
   702.79800    0.677246   0.655002
   702.81600    0.681817   0.654418
   702.83400    0.669519   0.653738
   702.85140    0.691503   0.653314
   702.86940    0.641006   0.652762
   702.88740    0.672131   0.652155
   702.90480    0.688782   0.651722
   702.92280    0.661792   0.651352
   702.94080    0.672567   0.650923
   702.95820    0.693462   0.650506
   702.97620    0.711745   0.650233
   702.99420    0.675505   0.649911
   703.01160    0.703365   0.649627
   703.02960    0.680729   0.649254
   703.04760    0.669955   0.649021
   703.06500    0.694115   0.648894
   703.08300    0.658092   0.648765
   703.10100    0.668322   0.648606
   703.11840    0.659398   0.648452
   703.13640    0.636762   0.648319
   703.15440    0.676593   0.648247
   703.17180    0.676593   0.648270
   703.18980    0.668866   0.648303
   703.20780    0.665601   0.648392
   703.22520    0.694441   0.648391
   703.24320    0.686606   0.648480
   703.26120    0.658201   0.648651
   703.27860    0.700318   0.648815
   703.29660    0.690197   0.648940
   703.31460    0.661575   0.649193
   703.33200    0.669410   0.649434
   703.35000    0.639700   0.649672
   703.36800    0.645141   0.650001
   703.38540    0.677573   0.650309
   703.40340    0.663751   0.650758
   703.42140    0.649712   0.651144
   703.43880    0.665928   0.651651
   703.45680    0.660160   0.652077
   703.47480    0.677137   0.652557
   703.49220    0.691503   0.653037
   703.51020    0.669302   0.653759
   703.52820    0.699339   0.654324
   703.54560    0.664513   0.654919
   703.56360    0.662772   0.655600
   703.58100    0.648298   0.656309
   703.59900    0.656569   0.657037
   703.61700    0.673655   0.657783
   703.63440    0.649277   0.658578
   703.65240    0.676049   0.659475
   703.67040    0.679749   0.660332
   703.68780    0.690197   0.661231
   703.70580    0.656460   0.662176
   703.72380    0.669410   0.663086
   703.74120    0.660922   0.664145
   703.75920    0.670499   0.665158
   703.77720    0.692373   0.666264
   703.79460    0.695747   0.667375
   703.81260    0.672240   0.668478
   703.83060    0.691503   0.669736
   703.84800    0.693353   0.670848
   703.86600    0.665384   0.672189
   703.88400    0.675287   0.673399
   703.90140    0.667016   0.674792
   703.91940    0.661031   0.676023
   703.93740    0.685735   0.677475
   703.95480    0.678661   0.678830
   703.97280    0.680511   0.680410
   703.99080    0.685300   0.681891
   704.00820    0.676376   0.683305
   704.02620    0.684320   0.684891
   704.04420    0.675614   0.686428
   704.06160    0.681926   0.688091
   704.07960    0.673981   0.689659
   704.09760    0.662445   0.691379
   704.11500    0.732205   0.693077
   704.13300    0.664948   0.694761
   704.15100    0.642856   0.696566
   704.16840    0.739061   0.698393
   704.18640    0.668540   0.700119
   704.20440    0.674743   0.702046
   704.22180    0.651889   0.703894
   704.23980    0.683341   0.705782
   704.25780    0.686388   0.707710
   704.27520    0.679423   0.709688
   704.29320    0.684320   0.711647
   704.31120    0.691176   0.713689
   704.32860    0.695965   0.715672
   704.34660    0.735035   0.717764
   704.36460    0.714139   0.719877
   704.38200    0.726219   0.721861
   704.40000    0.692918   0.724107
   704.41740    0.710113   0.726155
   704.43540    0.710766   0.728371
   704.45340    0.712289   0.730611
   704.47080    0.707718   0.732641
   704.48880    0.746462   0.735028
   704.50680    0.715119   0.737313
   704.52420    0.735252   0.739510
   704.54220    0.752121   0.741811
   704.56020    0.715554   0.744019
   704.57760    0.731661   0.746419
   704.59560    0.730137   0.748802
   704.61360    0.765289   0.751253
   704.63100    0.744720   0.753505
   704.64900    0.734491   0.755892
   704.66700    0.735905   0.758250
   704.68440    0.758324   0.760686
   704.70240    0.763222   0.763163
   704.72040    0.734273   0.765608
   704.73780    0.768228   0.768055
   704.75580    0.774213   0.770568
   704.77380    0.759304   0.773088
   704.79120    0.762786   0.775523
   704.80920    0.798265   0.778061
   704.82720    0.776172   0.780543
   704.84460    0.786838   0.782913
   704.86260    0.769751   0.785515
   704.88060    0.760936   0.788109
   704.89800    0.754950   0.790593
   704.91600    0.797503   0.793226
   704.93400    0.794020   0.795739
   704.95140    0.793911   0.798275
   704.96940    0.843102   0.800902
   704.98740    0.798591   0.803453
   705.00480    0.810454   0.806039
   705.02280    0.824710   0.808597
   705.04080    0.818942   0.811211
   705.05820    0.794129   0.813768
   705.07620    0.831131   0.816331
   705.09420    0.799897   0.818985
   705.11160    0.789449   0.821499
   705.12960    0.821663   0.824153
   705.14760    0.829281   0.826717
   705.16500    0.818942   0.829250
   705.18300    0.816113   0.831880
   705.20040    0.836028   0.834407
   705.21840    0.826016   0.836985
   705.23640    0.848979   0.839636
   705.25380    0.785205   0.842144
   705.27180    0.841905   0.844759
   705.28980    0.848979   0.847328
   705.30720    0.823840   0.849853
   705.32520    0.867045   0.852432
   705.34320    0.843538   0.855010
   705.36060    0.838749   0.857496
   705.37860    0.842449   0.860046
   705.39660    0.871616   0.862614
   705.41400    0.865086   0.865071
   705.43200    0.886417   0.867673
   705.45000    0.868677   0.870148
   705.46740    0.877166   0.872586
   705.48540    0.854638   0.875151
   705.50340    0.867807   0.877630
   705.52080    0.841035   0.880049
   705.53880    0.862148   0.882475
   705.55680    0.874554   0.884928
   705.57420    0.882716   0.887377
   705.59220    0.868786   0.889784
   705.61020    0.859536   0.892257
   705.62760    0.891858   0.894596
   705.64560    0.864651   0.896988
   705.66360    0.899694   0.899317
   705.68100    0.874881   0.901756
   705.69900    0.873031   0.904109
   705.71700    0.882390   0.906378
   705.73440    0.900347   0.908664
   705.75240    0.886525   0.910991
   705.77040    0.872922   0.913251
   705.78780    0.931690   0.915447
   705.80580    0.909488   0.917717
   705.82380    0.904047   0.919947
   705.84120    0.868786   0.922058
   705.85920    0.904482   0.924290
   705.87720    0.951932   0.926452
   705.89460    0.886090   0.928546
   705.91260    0.961291   0.930663
   705.93060    0.916562   0.932810
   705.94800    0.929078   0.934895
   705.96600    0.938328   0.936982
   705.98400    0.965644   0.938993
   706.00140    0.937675   0.940924
   706.01940    0.991328   0.942946
   706.03680    0.935499   0.944807
   706.05480    0.891967   0.946790
   706.07280    0.958135   0.948742
   706.09020    1.024195   0.950556
   706.10820    0.975548   0.952482
   706.12620    0.980445   0.954303
   706.14360    0.974242   0.956125
   706.16160    0.945511   0.957893
   706.17960    0.959332   0.959629
   706.19700    0.953564   0.961311
   706.21500    0.933975   0.963003
   706.23300    0.987193   0.964678
   706.25040    0.919827   0.966268
   706.26840    0.952150   0.967902
   706.28640    0.922983   0.969507
   706.30380    0.966406   0.971061
   706.32180    0.957700   0.972606
   706.33980    0.973371   0.974089
   706.35720    0.943770   0.975486
   706.37520    0.964447   0.976878
   706.39320    0.928534   0.978279
   706.41060    0.997423   0.979542
   706.42860    1.000470   0.980904
   706.44660    0.989369   0.982206
   706.46400    1.012006   0.983431
   706.48200    0.998184   0.984644
   706.50000    0.998076   0.985806
   706.51740    0.985451   0.986898
   706.53540    0.946055   0.988008
   706.55340    0.978595   0.989019
   706.57080    1.004279   0.990027
   706.58880    1.003191   0.990998
   706.60680    1.001667   0.991989
   706.62420    0.988934   0.992854
   706.64220    0.970324   0.993644
   706.66020    1.018862   0.994446
   706.67760    0.962380   0.995183
   706.69560    0.936369   0.995876
   706.71360    0.994484   0.996540
   706.73100    1.000905   0.997133
   706.74900    1.010156   0.997752
   706.76700    0.980772   0.998233
   706.78440    0.956829   0.998640
   706.80240    0.970977   0.999025
   706.81980    0.989369   0.999337
   706.83780    0.986213   0.999607
   706.85580    1.030180   0.999807
   706.87320    1.048246   0.999934
   706.89120    1.002429   1.000000
   706.90920    1.057170   1.000000
   706.92660    1.052708   1.000000
   706.94460    1.055973   1.000000
   706.96260    0.997749   1.000000
   706.98000    1.000688   1.000000
   706.99800    1.026371   1.000000
   707.01600    1.017338   1.000000
   707.03340    0.985234   1.000000
   707.05140    1.001667   1.000000
   707.06940    0.987410   1.000000
   707.08680    1.013638   1.000000
   707.10480    1.000361   1.000000
   707.12280    0.988607   1.000000
   707.14020    1.017230   1.000000
   707.15820    1.012985   1.000000
   707.17620    1.024086   1.000000
   707.19360    1.008523   1.000000
   707.21160    1.037472   1.000000
   707.22960    1.010918   1.000000
   707.24700    1.013856   1.000000
   707.26500    1.008523   1.000000
   707.28300    0.984907   1.000000
   707.30040    1.005476   1.000000
   707.31840    0.972936   1.000000
   707.33640    1.047811   1.000000
   707.35380    1.011135   1.000000
   707.37180    0.986866   1.000000
   707.38980    1.017991   1.000000
   707.40720    1.076977   1.000000
   707.42520    1.014074   1.000000
   707.44320    1.014400   1.000000
   707.46060    1.041063   1.000000
   707.47860    1.023651   1.000000
   707.49660    0.995028   1.000000
   707.51400    1.021256   1.000000
   707.53200    1.063918   1.000000
   707.55000    0.998837   1.000000
   707.56740    0.999708   1.000000
   707.58540    1.031813   1.000000
   707.60280    1.028221   1.000000
   707.62080    1.064788   1.000000
   707.63880    1.008523   1.000000
   707.65620    0.993831   1.000000
   707.67420    1.049987   1.000000
   707.69220    1.021909   1.000000
   707.70960    1.043675   1.000000
   707.72760    1.013094   1.000000
   707.74560    1.056626   1.000000
   707.76300    0.991981   1.000000
   707.78100    1.013638   1.000000
   707.79900    1.058585   1.000000
   707.81640    1.006564   1.000000
   707.83440    1.005694   1.000000
   707.85240    1.026262   1.000000
   707.86980    1.006238   1.000000
   707.88780    1.025718   1.000000
   707.90580    1.006020   1.000000
   707.92320    1.001232   1.000000
   707.94120    1.031160   1.000000
   707.95920    1.060108   1.000000
   707.97660    0.994375   1.000000
   707.99460    1.021909   1.000000
   708.01260    0.971304   1.000000
   708.03000    1.071753   1.000000
   708.04800    1.022998   1.000000
   708.06600    1.042913   1.000000
   708.08340    1.019189   1.000000
   708.10140    1.058585   1.000000
   708.11940    0.986866   1.000000
   708.13680    1.105926   1.000000
   708.15480    1.043784   1.000000
   708.17280    1.037907   1.000000
   708.19020    1.016250   1.000000
   708.20820    1.010809   1.000000
   708.22620    1.021800   1.000000
   708.24360    1.018318   1.000000
   708.26160    1.046069   1.000000
   708.27960    1.024521   1.000000
   708.29700    1.072733   1.000000
   708.31500    1.082854   1.000000
   708.33300    1.021583   1.000000
   708.35040    1.052273   1.000000
   708.36840    1.028330   1.000000
   708.38640    0.993722   1.000000
   708.40380    1.062720   1.000000
   708.42180    1.063265   1.000000
   708.43920    1.034751   1.000000
   708.45720    1.042043   1.000000
   708.47520    1.042478   1.000000
   708.49260    1.076215   1.000000
   708.51060    1.040954   1.000000
   708.52860    1.067944   1.000000
   708.54600    1.132262   1.000000
   708.56400    1.064353   1.000000
   708.58200    1.061197   1.000000
   708.59940    1.029092   1.000000
   708.61740    1.045961   1.000000
   708.63540    1.014727   1.000000
   708.65280    1.035404   1.000000
   708.67080    1.047049   1.000000
   708.68880    1.002646   1.000000
   708.70620    0.988499   1.000000
   708.72420    1.032575   1.000000
   708.74220    0.996987   1.000000
   708.75960    1.052708   1.000000
   708.77760    0.996226   1.000000
   708.79560    1.057388   1.000000
   708.81300    1.009503   1.000000
   708.83100    1.033881   1.000000
   708.84900    1.021474   1.000000
   708.86640    0.994375   1.000000
   708.88440    1.012985   1.000000
   708.90240    1.027677   1.000000
   708.91980    1.029092   1.000000
   708.93780    1.013856   1.000000
   708.95580    1.065768   1.000000
   708.97320    1.053361   1.000000
   708.99120    1.048573   1.000000
