    11.00837    1.368383   1.000000
    11.01672    0.987660   1.000000
    11.02507    1.054405   1.000000
    11.03342    0.839861   1.000000
    11.04163    0.929411   1.000000
    11.04998    1.065142   1.000000
    11.05834    1.128776   1.000000
    11.06669    0.939740   1.000000
    11.07504    0.922588   1.000000
    11.08339    1.123589   1.000000
    11.09174    0.995881   1.000000
    11.09995    1.190714   1.000000
    11.10830    0.829865   1.000000
    11.11666    1.177627   1.000000
    11.12501    0.963402   1.000000
    11.13336    0.993133   1.000000
    11.14171    0.937147   1.000000
    11.15006    0.937147   1.000000
    11.15842    0.937147   1.000000
    11.16662    0.937147   1.000000
    11.17498    0.840635   1.000000
    11.18333    1.368383   1.000000
    11.19168    1.023782   1.000000
    11.20003    1.224074   1.000000
    11.20838    1.141320   1.000000
    11.21674    1.055377   1.000000
    11.22509    0.925140   1.000000
    11.23330    1.259527   1.000000
    11.24165    1.013462   1.000000
    11.25000    0.810229   0.999999
    11.25835    1.029456   0.999998
    11.26670    1.101051   0.999998
    11.27506    0.932841   0.999996
    11.28341    1.042816   0.999995
    11.29176    1.070059   0.999993
    11.29997    1.047629   0.999990
    11.30832    0.822257   0.999987
    11.31667    1.304390   0.999983
    11.32502    0.233672   0.999979
    11.33338    0.233672   0.999974
    11.34173    0.822257   0.999968
    11.35008    1.095993   0.999961
    11.35829    1.237678   0.999953
    11.36664    1.017203   0.999944
    11.37499    0.911607   0.999934
    11.38334    1.162539   0.999922
    11.39170    0.982217   0.999910
    11.40005    1.033255   0.999896
    11.40840    1.150821   0.999880
    11.41675    0.946690   0.999864
    11.42496    0.957211   0.999845
    11.43331    1.050528   0.999825
    11.44166    0.927700   0.999803
    11.45002    1.073019   0.999779
    11.45837    0.981313   0.999754
    11.46672    1.011597   0.999726
    11.47507    1.066124   0.999696
    11.48342    0.976804   0.999664
    11.49163    0.610109   0.999630
    11.49998    0.610109   0.999594
    11.50834    0.567293   0.999555
    11.51669    1.355837   0.999513
    11.52504    0.960744   0.999469
    11.53339    1.226331   0.999422
    11.54174    0.913288   0.999373
    11.54995    1.312827   0.999321
    11.55830    0.735542   0.999266
    11.56666    0.999557   0.999208
    11.57501    1.044738   0.999147
    11.58336    0.989481   0.999082
    11.59171    1.084945   0.999014
    11.60006    0.984028   0.998943
    11.60842    1.083946   0.998869
    11.61662    0.970527   0.998792
    11.62498    1.173296   0.998711
    11.63333    0.819233   0.998625
    11.64168    1.293623   0.998536
    11.65003    1.231991   0.998444
    11.65838    0.580507   0.998347
    11.66674    0.580507   0.998246
    11.67509    0.974109   0.998141
    11.68330    1.101051   0.998034
    11.69165    1.271182   0.997921
    11.70000    0.879443   0.997804
    11.70835    1.179798   0.997682
    11.71670    0.960744   0.997556
    11.72506    0.893321   0.997425
    11.73341    0.974109   0.997290
    11.74176    1.246831   0.997150
    11.74997    1.020957   0.997007
    11.75832    0.944077   0.996858
    11.76667    1.183062   0.996703
    11.77502    1.224074   0.996544
    11.78338    0.893321   0.996379
    11.79173    0.978605   0.996210
    11.80008    1.066124   0.996035
    11.80829    1.192910   0.995858
    11.81664    1.145533   0.995672
    11.82499    0.092089   0.995482
    11.83334    0.092089   0.995285
    11.84170    0.084064   0.995084
    11.85005    1.369644   0.994876
    11.85840    1.401547   0.994663
    11.86675    1.400256   0.994445
    11.87496    0.751290   0.994224
    11.88331    1.292432   0.993994
    11.89166    0.962515   0.993757
    11.90002    0.796907   0.993515
    11.90837    1.029456   0.993267
    11.91672    0.824532   0.993013
    11.92507    1.015331   0.992752
    11.93342    0.940606   0.992485
    11.94163    0.965178   0.992217
    11.94998    0.989481   0.991938
    11.95834    1.010666   0.991652
    11.96669    1.094984   0.991360
    11.97504    0.925140   0.991062
    11.98339    1.022840   0.990757
    11.99174    0.634173   0.990445
    11.99995    0.634173   0.990132
    12.00830    1.381044   0.989807
    12.01666    1.241102   0.989476
    12.02501    0.976804   0.989137
    12.03336    1.058297   0.988792
    12.04171    0.894144   0.988440
    12.05006    1.029456   0.988081
    12.05842    1.155068   0.987715
    12.06662    0.975905   0.987348
    12.07498    0.973212   0.986968
    12.08333    1.031354   0.986581
    12.09168    0.955449   0.986187
    12.10003    0.920042   0.985786
    12.10838    0.978605   0.985377
    12.11674    1.173296   0.984961
    12.12509    0.868976   0.984538
    12.13330    1.195109   0.984115
    12.14165    0.923438   0.983678
    12.15000    1.274699   0.983233
    12.15835    1.274699   0.982781
    12.16670    1.274699   0.982321
    12.17506    1.418429   0.981854
    12.18341    1.221821   0.981380
    12.19176    1.203948   0.980898
    12.19997    1.069074   0.980417
    12.20832    1.117397   0.979920
    12.21667    0.975905   0.979415
    12.22502    1.161469   0.978903
    12.23338    0.909929   0.978384
    12.24173    1.017203   0.977857
    12.25008    0.958093   0.977322
    12.25829    1.161469   0.976789
    12.26664    0.920042   0.976239
    12.27499    0.951936   0.975682
    12.28334    1.109194   0.975117
    12.29170    1.076980   0.974544
    12.30005    0.778050   0.973963
    12.30840    0.975905   0.973375
    12.31675    1.119457   0.972780
    12.32496    1.119457   0.972187
    12.33331    1.119457   0.971576
    12.34166    1.483910   0.970957
    12.35002    1.029456   0.970331
    12.35837    1.119457   0.969697
    12.36672    1.084945   0.969055
    12.37507    0.925140   0.968406
    12.38342    1.098013   0.967749
    12.39163    1.020957   0.967096
    12.39998    1.027561   0.966424
    12.40834    0.813968   0.965744
    12.41669    1.049561   0.965057
    12.42504    0.944947   0.964362
    12.43339    1.168981   0.963660
    12.44174    0.857053   0.962949
    12.44995    1.249130   0.962244
    12.45830    0.930267   0.961519
    12.46666    0.986751   0.960787
    12.47501    0.965178   0.960047
    12.48336    1.174377   0.959299
    12.49171    1.174377   0.958544
    12.50006    1.174377   0.957782
    12.50842    1.216207   0.957012
    12.51662    1.191812   0.956248
    12.52498    1.065142   0.955464
    12.53333    1.097002   0.954673
    12.54168    0.989481   0.953874
    12.55003    0.803540   0.953068
    12.55838    1.044738   0.952254
    12.56674    0.954570   0.951434
    12.57509    0.875402   0.950607
    12.58330    0.855476   0.949786
    12.59165    1.020017   0.948945
    12.60000    0.866578   0.948096
    12.60835    0.764553   0.947241
    12.61670    1.087947   0.946378
    12.62506    1.008806   0.945509
    12.63341    1.022840   0.944633
    12.64176    0.688982   0.943750
    12.64997    1.166830   0.942876
    12.65832    1.166830   0.941980
    12.66667    1.166830   0.941077
    12.67502    1.414515   0.940168
    12.68338    1.105115   0.939253
    12.69173    0.998637   0.938330
    12.70008    1.034207   0.937402
    12.70829    0.934561   0.936483
    12.71664    0.944947   0.935542
    12.72499    1.033255   0.934595
    12.73334    1.066124   0.933642
    12.74170    1.001400   0.932683
    12.75005    1.049561   0.931717
    12.75840    0.991306   0.930746
    12.76675    0.793976   0.929769
    12.77496    0.965178   0.928803
    12.78331    1.043777   0.927815
    12.79166    0.949309   0.926821
    12.80002    0.862596   0.925821
    12.80837    0.882689   0.924816
    12.81672    1.315248   0.923806
    12.82507    1.315248   0.922790
    12.83342    1.315248   0.921769
    12.84163    1.166830   0.920760
    12.84998    1.053435   0.919729
    12.85834    1.036114   0.918693
    12.86669    0.927700   0.917652
    12.87504    0.938010   0.916606
    12.88339    0.703732   0.915556
    12.89174    1.078966   0.914501
    12.89995    0.891677   0.913459
    12.90830    0.868976   0.912395
    12.91666    0.982217   0.911327
    12.92501    0.915815   0.910255
    12.93336    0.707632   0.909178
    12.94171    0.835233   0.908098
    12.95006    0.970527   0.907013
    12.95842    0.965178   0.905925
    12.96662    0.748527   0.904852
    12.97498    0.890036   0.903756
    12.98333    1.320102   0.902657
    12.99168    1.320102   0.901555
    13.00003    1.320102   0.900449
    13.00838    1.142372   0.899340
    13.01674    0.929411   0.898228
    13.02509    0.881064   0.897112
    13.03330    0.900757   0.896013
    13.04165    0.868976   0.894892
    13.05000    1.114314   0.893768
    13.05835    1.044738   0.892641
    13.06670    0.906583   0.891512
    13.07506    0.824532   0.890379
    13.08341    0.984935   0.889245
    13.09176    0.930267   0.888108
    13.09997    0.775189   0.886988
    13.10832    0.925140   0.885846
    13.11667    1.245683   0.884702
    13.12502    0.730142   0.883556
    13.13338    0.878633   0.882408
    13.14173    0.816973   0.881258
    13.15008    1.026615   0.880106
    13.15829    1.026615   0.878972
    13.16664    1.026615   0.877817
    13.17499    1.020957   0.876660
    13.18334    1.037069   0.875501
    13.19170    1.122555   0.874341
    13.20005    1.100038   0.873179
    13.20840    0.792515   0.872016
    13.21675    0.931982   0.870851
    13.22496    0.907418   0.869706
    13.23331    0.987660   0.868539
    13.24166    0.740982   0.867371
    13.25002    0.874596   0.866202
    13.25837    0.787422   0.865033
    13.26672    0.896618   0.863862
    13.27507    0.715497   0.862690
    13.28342    0.896618   0.861518
    13.29163    0.950184   0.860366
    13.29998    0.859424   0.859192
    13.30834    0.818479   0.858018
    13.31669    1.074008   0.856844
    13.32504    1.074008   0.855669
    13.33339    1.074008   0.854494
    13.34174    1.205057   0.853319
    13.34995    0.894144   0.852164
    13.35830    1.036114   0.850989
    13.36666    0.878633   0.849813
    13.37501    0.918349   0.848638
    13.38336    0.878633   0.847462
    13.39171    0.827575   0.846287
    13.40006    0.973212   0.845113
    13.40842    0.859424   0.843938
    13.41662    0.792515   0.842784
    13.42498    0.899928   0.841611
    13.43333    0.858633   0.840438
    13.44168    0.949309   0.839265
    13.45003    0.740982   0.838093
    13.45838    0.857053   0.836922
    13.46674    0.999557   0.835752
    13.47509    0.909929   0.834583
    13.48330    0.647154   0.833435
    13.49165    0.647154   0.832267
    13.50000    0.647154   0.831101
    13.50835    0.509809   0.829936
    13.51670    1.147645   0.828772
    13.52506    0.879443   0.827609
    13.53341    0.927700   0.826448
    13.54176    0.754063   0.825288
    13.54997    0.738257   0.824150
    13.55832    0.685816   0.822993
    13.56667    0.823773   0.821838
    13.57502    0.791786   0.820684
    13.58338    0.803540   0.819532
    13.59173    0.640630   0.818383
    13.60008    0.810229   0.817234
    13.60829    0.849195   0.816108
    13.61664    0.764553   0.814964
    13.62499    0.889217   0.813822
    13.63334    0.805022   0.812682
    13.64170    0.836773   0.811544
    13.65005    0.935422   0.810409
    13.65840    0.198888   0.809276
    13.66675    0.198888   0.808145
    13.67496    0.249694   0.807037
    13.68331    0.999557   0.805911
    13.69166    0.878633   0.804788
    13.70002    0.974109   0.803667
    13.70837    0.705030   0.802550
    13.71672    0.871380   0.801435
    13.72507    0.857053   0.800323
    13.73342    0.920890   0.799213
    13.74163    0.858633   0.798126
    13.74998    0.879443   0.797023
    13.75834    0.731489   0.795923
    13.76669    0.822257   0.794826
    13.77504    0.855476   0.793732
    13.78339    0.701791   0.792642
    13.79174    0.887580   0.791555
    13.79995    0.774475   0.790490
    13.80830    0.829101   0.789410
    13.81666    0.810229   0.788333
    13.82501    0.343090   0.787260
    13.83336    0.343090   0.786191
    13.84171    1.187429   0.785125
    13.85006    0.846073   0.784063
    13.85842    0.998637   0.783005
    13.86662    0.761040   0.781969
    13.87498    0.768790   0.780919
    13.88333    0.724782   0.779872
    13.89168    0.805022   0.778830
    13.90003    0.751290   0.777792
    13.90838    0.847632   0.776759
    13.91674    0.727457   0.775729
    13.92509    0.631259   0.774704
    13.93330    0.764553   0.773701
    13.94165    0.796907   0.772684
    13.95000    0.756846   0.771672
    13.95835    0.612925   0.770665
    13.96670    0.736898   0.769662
    13.97506    0.855476   0.768664
    13.98341    0.260260   0.767671
    13.99176    0.260260   0.766682
    13.99997    0.260260   0.765715
    14.00832    0.543260   0.764736
    14.01667    0.813968   0.763762
    14.02502    0.843738   0.762793
    14.03338    0.806506   0.761830
    14.04173    0.881064   0.760871
    14.05008    0.670205   0.759917
    14.05829    0.787422   0.758985
    14.06664    0.727457   0.758042
    14.07499    0.743717   0.757104
    14.08334    0.903249   0.756172
    14.09170    0.535313   0.755245
    14.10005    0.747150   0.754324
    14.10840    0.706330   0.753408
    14.11675    0.819233   0.752498
    14.12496    0.799848   0.751609
    14.13331    0.664672   0.750710
    14.14166    0.920890   0.749817
    14.15002    0.851545   0.748930
    14.15837    0.851545   0.748048
    14.16672    0.851545   0.747173
    14.17507    0.085390   0.746303
    14.18342    1.014396   0.745440
    14.19163    0.780922   0.744597
    14.19998    0.838316   0.743746
    14.20834    0.802061   0.742901
    14.21669    0.759640   0.742062
    14.22504    0.796907   0.741229
    14.23339    0.774475   0.740403
    14.24174    0.739618   0.739583
    14.24995    0.759640   0.738784
    14.25830    0.574126   0.737977
    14.26666    0.706330   0.737177
    14.27501    0.671441   0.736383
    14.28336    0.773050   0.735595
    14.29171    0.647154   0.734815
    14.30006    0.724782   0.734041
    14.30842    0.705030   0.733274
    14.31662    0.803540   0.732527
    14.32498    0.401613   0.731773
    14.33333    0.401613   0.731027
    14.34168    0.423260   0.730287
    14.35003    0.835233   0.729554
    14.35838    0.807249   0.728829
    14.36674    0.677029   0.728110
    14.37509    0.724782   0.727399
    14.38330    0.731489   0.726707
    14.39165    0.591300   0.726010
    14.40000    0.659185   0.725320
    14.40835    0.755453   0.724637
    14.41670    0.734189   0.723962
    14.42506    0.632423   0.723294
    14.43341    0.790328   0.722634
    14.44176    0.535313   0.721981
    14.44997    0.726119   0.721346
    14.45832    0.823773   0.720708
    14.46667    0.640630   0.720078
    14.47502    0.636513   0.719455
    14.48338    0.722117   0.718840
    14.49173    0.240219   0.718232
    14.50008    0.240219   0.717633
    14.50829    1.150821   0.717051
    14.51664    0.743717   0.716467
    14.52499    0.780922   0.715890
    14.53334    0.657972   0.715322
    14.54170    0.703732   0.714761
    14.55005    0.759640   0.714208
    14.55840    0.675161   0.713663
    14.56675    0.679528   0.713127
    14.57496    0.703732   0.712607
    14.58331    0.439145   0.712086
    14.59166    0.706330   0.711574
    14.60002    0.565728   0.711069
    14.60837    0.677029   0.710573
    14.61672    0.690252   0.710085
    14.62507    0.630097   0.709605
    14.63342    0.571489   0.709134
    14.64163    0.696639   0.708678
    14.64998    0.532363   0.708223
    14.65834    0.532363   0.707776
    14.66669    0.532363   0.707338
    14.67504    0.433918   0.706908
    14.68339    0.939740   0.706487
    14.69174    0.641812   0.706074
    14.69995    0.718137   0.705676
    14.70830    0.738257   0.705280
    14.71666    0.628938   0.704892
    14.72501    0.670205   0.704513
    14.73336    0.657972   0.704142
    14.74171    0.726119   0.703781
    14.75006    0.692800   0.703427
    14.75842    0.655553   0.703083
    14.76662    0.491369   0.702752
    14.77498    0.691525   0.702425
    14.78333    0.822257   0.702106
    14.79168    0.565728   0.701797
    14.80003    0.631259   0.701495
    14.80838    0.751290   0.701203
    14.81674    0.644774   0.700919
    14.82509    0.644774   0.700645
    14.83330    0.644774   0.700383
    14.84165    0.986751   0.700126
    14.85000    0.878633   0.699878
    14.85835    0.771627   0.699638
    14.86670    0.616890   0.699408
    14.87506    0.707632   0.699186
    14.88341    0.664672   0.698973
    14.89176    0.703732   0.698769
    14.89997    0.553870   0.698578
    14.90832    0.754063   0.698392
    14.91667    0.627202   0.698215
    14.92502    0.798376   0.698046
    14.93338    0.560541   0.697887
    14.94173    0.648945   0.697737
    14.95008    0.695357   0.697596
    14.95829    0.643587   0.697466
    14.96664    0.662228   0.697343
    14.97499    0.624896   0.697229
    14.98334    0.417838   0.697124
    14.99170    0.417838   0.697028
    15.00005    0.417838   0.696941
    15.00840    0.638275   0.696863
    15.01675    0.759640   0.696794
    15.02496    0.764553   0.696735
    15.03331    0.639451   0.696685
    15.04166    0.685816   0.696643
    15.05002    0.699210   0.696610
    15.05837    0.610109   0.696587
    15.06672    0.785973   0.696572
    15.07507    0.548792   0.696567
    15.08342    0.784526   0.696571
    15.09163    0.685816   0.696583
    15.09998    0.665898   0.696605
    15.10834    0.705030   0.696636
    15.11669    0.726119   0.696676
    15.12504    0.627202   0.696725
    15.13339    0.743717   0.696783
    15.14174    0.576777   0.696850
    15.14995    0.832928   0.696925
    15.15830    0.832928   0.697010
    15.16666    0.832928   0.697104
    15.17501    0.805022   0.697208
    15.18336    0.881064   0.697320
    15.19171    0.853115   0.697441
    15.20006    0.745088   0.697572
    15.20842    0.650141   0.697711
    15.21662    0.639451   0.697857
    15.22498    0.597871   0.698015
    15.23333    0.728799   0.698181
    15.24168    0.632423   0.698356
    15.25003    0.640630   0.698541
    15.25838    0.604516   0.698734
    15.26674    0.677029   0.698936
    15.27509    0.645963   0.699148
    15.28330    0.696639   0.699364
    15.29165    0.735542   0.699593
    15.30000    0.576777   0.699831
    15.30835    0.690252   0.700078
    15.31670    0.526996   0.700333
    15.32506    0.526996   0.700598
    15.33341    0.526996   0.700871
    15.34176    0.724782   0.701153
    15.34997    0.906583   0.701439
    15.35832    0.779485   0.701739
    15.36667    0.877016   0.702047
    15.37502    0.648945   0.702364
    15.38338    0.611234   0.702690
    15.39173    0.695357   0.703025
    15.40008    0.799848   0.703368
    15.40829    0.775189   0.703714
    15.41664    0.673919   0.704075
    15.42499    0.648945   0.704444
    15.43334    0.746462   0.704821
    15.44170    0.592390   0.705208
    15.45005    0.670205   0.705603
    15.45840    0.803540   0.706006
    15.46675    0.599525   0.706418
    15.47496    0.775189   0.706831
    15.48331    0.688982   0.707260
    15.49166    0.688982   0.707697
    15.50002    0.688982   0.708143
    15.50837    0.957211   0.708597
    15.51672    0.771627   0.709059
    15.52507    0.768790   0.709530
    15.53342    0.655553   0.710009
    15.54163    0.927700   0.710488
    15.54998    0.552850   0.710983
    15.55834    0.723448   0.711487
    15.56669    0.437933   0.711999
    15.57504    0.683294   0.712518
    15.58339    0.732837   0.713047
    15.59174    0.664672   0.713583
    15.59995    0.601738   0.714117
    15.60830    0.723448   0.714669
    15.61666    0.545767   0.715230
    15.62501    0.736898   0.715798
    15.63336    0.622025   0.716373
    15.64171    0.724782   0.716957
    15.65006    0.727457   0.717549
    15.65842    0.727457   0.718149
    15.66662    0.727457   0.718745
    15.67498    0.937147   0.719360
    15.68333    0.756846   0.719983
    15.69168    0.950184   0.720613
    15.70003    0.667126   0.721251
    15.70838    0.650141   0.721897
    15.71674    0.752675   0.722550
    15.72509    0.672679   0.723210
    15.73330    0.656761   0.723867
    15.74165    0.696639   0.724542
    15.75000    0.715497   0.725225
    15.75835    0.712865   0.725915
    15.76670    0.603403   0.726612
    15.77506    0.785973   0.727317
    15.78341    0.759640   0.728029
    15.79176    0.720788   0.728748
    15.79997    0.662228   0.729462
    15.80832    0.707632   0.730195
    15.81667    0.779485   0.730936
    15.82502    0.779485   0.731683
    15.83338    0.779485   0.732438
    15.84173    0.883502   0.733199
    15.85008    0.903249   0.733967
    15.85829    0.944077   0.734729
    15.86664    0.714180   0.735511
    15.87499    0.762443   0.736299
    15.88334    0.708937   0.737095
    15.89170    0.754063   0.737896
    15.90005    0.615188   0.738705
    15.90840    0.651340   0.739520
    15.91675    0.765963   0.740342
    15.92496    0.500504   0.741155
    15.93331    0.612925   0.741990
    15.94166    0.738257   0.742831
    15.95002    0.823773   0.743678
    15.95837    0.690252   0.744531
    15.96672    0.634173   0.745391
    15.97507    0.740982   0.746257
    15.98342    0.885131   0.747129
    15.99163    0.885131   0.747992
    15.99998    0.885131   0.748876
    16.00834    1.017203   0.749766
    16.01669    0.759640   0.750661
    16.02504    0.971421   0.751563
    16.03339    0.800585   0.752471
    16.04174    0.626048   0.753384
    16.04995    0.711554   0.754288
    16.05830    1.005096   0.755212
    16.06666    0.671441   0.756143
    16.07501    0.790328   0.757079
    16.08336    0.773050   0.758020
    16.09171    0.620880   0.758967
    16.10006    0.872987   0.759919
    16.10842    0.599525   0.760877
    16.11662    0.851545   0.761823
    16.12498    0.591300   0.762791
    16.13333    0.734189   0.763765
    16.14168    0.846073   0.764743
    16.15003    0.685816   0.765727
    16.15838    0.685816   0.766715
    16.16674    0.685816   0.767709
    16.17509    0.959859   0.768707
    16.18330    0.846073   0.769693
    16.19165    0.778050   0.770701
    16.20000    0.787422   0.771714
    16.20835    0.795440   0.772732
    16.21670    0.705030   0.773754
    16.22506    0.803540   0.774780
    16.23341    0.682036   0.775812
    16.24176    0.827575   0.776847
    16.24997    0.791786   0.777869
    16.25832    0.690252   0.778913
    16.26667    0.764553   0.779962
    16.27502    0.730142   0.781015
    16.28338    0.722117   0.782072
    16.29173    0.667126   0.783133
    16.30008    0.808738   0.784198
    16.30829    0.746462   0.785249
    16.31664    0.895793   0.786322
    16.32499    0.895793   0.787399
    16.33334    0.895793   0.788479
    16.34170    1.018140   0.789564
    16.35005    0.887580   0.790652
    16.35840    0.976804   0.791743
    16.36675    0.802061   0.792839
    16.37496    0.638275   0.793919
    16.38331    0.849978   0.795021
    16.39166    0.770207   0.796126
    16.40002    0.708937   0.797235
    16.40837    0.751290   0.798347
    16.41672    0.813219   0.799463
    16.42507    0.770207   0.800581
    16.43342    0.868976   0.801703
    16.44163    0.893321   0.802808
    16.44998    0.692800   0.803935
    16.45834    0.822257   0.805065
    16.46669    0.724782   0.806199
    16.47504    0.838316   0.807334
    16.48339    1.117397   0.808473
    16.49174    1.117397   0.809614
    16.49995    1.117397   0.810738
    16.50830    0.779485   0.811884
    16.51666    0.971421   0.813033
    16.52501    0.925140   0.814184
    16.53336    0.918349   0.815337
    16.54171    0.866578   0.816493
    16.55006    0.843738   0.817650
    16.55842    0.823773   0.818810
    16.56662    0.746462   0.819952
    16.57498    0.822257   0.821116
    16.58333    0.816973   0.822281
    16.59168    0.748527   0.823449
    16.60003    0.738257   0.824618
    16.60838    0.800585   0.825789
    16.61674    0.795440   0.826962
    16.62509    0.785973   0.828136
    16.63330    0.791786   0.829291
    16.64165    0.793976   0.830469
    16.65000    0.672679   0.831647
    16.65835    0.672679   0.832827
    16.66670    0.672679   0.834008
    16.67506    1.091962   0.835190
    16.68341    0.984028   0.836373
    16.69176    0.900757   0.837558
    16.69997    1.091962   0.838722
    16.70832    0.694077   0.839909
    16.71667    1.064162   0.841095
    16.72502    0.879443   0.842283
    16.73338    0.911607   0.843472
    16.74173    0.811723   0.844660
    16.75008    0.934561   0.845850
    16.75829    0.699210   0.847020
    16.76664    0.864983   0.848210
    16.77499    0.896618   0.849401
    16.78334    0.780922   0.850592
    16.79170    0.944077   0.851783
    16.80005    0.776618   0.852974
    16.80840    0.931982   0.854165
    16.81675    0.867376   0.855356
    16.82496    0.867376   0.856527
    16.83331    0.867376   0.857718
    16.84166    0.893321   0.858909
    16.85002    0.900757   0.860099
    16.85837    1.088949   0.861289
    16.86672    0.810229   0.862479
    16.87507    1.004171   0.863668
    16.88342    1.141320   0.864856
    16.89163    0.599525   0.866023
    16.89998    0.923438   0.867210
    16.90834    0.782362   0.868396
    16.91669    0.742348   0.869581
    16.92504    0.847632   0.870765
    16.93339    0.697923   0.871948
    16.94174    0.791786   0.873130
    16.94995    0.987660   0.874290
    16.95830    0.842185   0.875469
    16.96666    0.710244   0.876647
    16.97501    0.881064   0.877824
    16.98336    0.788874   0.878998
    16.99171    0.788874   0.880172
    17.00006    0.788874   0.881343
    17.00842    0.823773   0.882513
    17.01662    1.004171   0.883660
    17.02498    0.974109   0.884826
    17.03333    0.927700   0.885990
    17.04168    0.796907   0.887152
    17.05003    1.031354   0.888311
    17.05838    0.747150   0.889468
    17.06674    0.849978   0.890623
    17.07509    0.923438   0.891775
    17.08330    0.958093   0.892905
    17.09165    0.728799   0.894052
    17.10000    1.072032   0.895196
    17.10835    0.882689   0.896337
    17.11670    0.973212   0.897475
    17.12506    0.807249   0.898611
    17.13341    0.968741   0.899743
    17.14176    0.900757   0.900872
    17.14997    1.110216   0.901978
    17.15832    1.110216   0.903100
    17.16667    1.110216   0.904218
    17.17502    0.935422   0.905332
    17.18338    1.175459   0.906443
    17.19173    1.090957   0.907550
    17.20008    0.946690   0.908652
    17.20829    0.858633   0.909732
    17.21664    0.915815   0.910826
    17.22499    0.862596   0.911916
    17.23334    0.986751   0.913001
    17.24170    1.006022   0.914081
    17.25005    0.793976   0.915157
    17.25840    0.903249   0.916229
    17.26675    0.883502   0.917295
    17.27496    0.853901   0.918338
    17.28331    1.044738   0.919394
    17.29166    0.944077   0.920445
    17.30002    0.796907   0.921491
    17.30837    0.923438   0.922532
    17.31672    0.843738   0.923567
    17.32507    0.843738   0.924596
    17.33342    0.843738   0.925620
    17.34163    0.748527   0.926621
    17.34998    1.196210   0.927634
    17.35834    0.967849   0.928641
    17.36669    0.974109   0.929642
    17.37504    1.078966   0.930637
    17.38339    1.053435   0.931626
    17.39174    0.863391   0.932609
    17.39995    0.832928   0.933569
    17.40830    0.966068   0.934540
    17.41666    0.927700   0.935504
    17.42501    0.966068   0.936462
    17.43336    0.899928   0.937413
    17.44171    0.935422   0.938358
    17.45006    0.882689   0.939297
    17.45842    0.984935   0.940228
    17.46662    0.915815   0.941138
    17.47498    0.877016   0.942056
    17.48333    1.083946   0.942967
    17.49168    1.083946   0.943872
    17.50003    1.083946   0.944770
    17.50838    1.127736   0.945661
    17.51674    1.229724   0.946544
    17.52509    0.982217   0.947421
    17.53330    0.920890   0.948276
    17.54165    1.083946   0.949138
    17.55000    0.847632   0.949993
    17.55835    0.967849   0.950841
    17.56670    0.832928   0.951682
    17.57506    1.034207   0.952515
    17.58341    0.922588   0.953341
    17.59176    0.855476   0.954160
    17.59997    0.890036   0.954957
    17.60832    0.866578   0.955761
    17.61667    1.058297   0.956557
    17.62502    0.930267   0.957345
    17.63338    0.982217   0.958126
    17.64173    1.011597   0.958900
    17.65008    0.913288   0.959666
    17.65829    0.913288   0.960411
    17.66664    0.913288   0.961161
    17.67499    1.267674   0.961904
    17.68334    1.179798   0.962639
    17.69170    1.156132   0.963366
    17.70005    1.080955   0.964085
    17.70840    0.942340   0.964797
    17.71675    0.940606   0.965500
    17.72496    1.020957   0.966184
    17.73331    0.874596   0.966873
    17.74166    1.054405   0.967553
    17.75002    0.813219   0.968225
    17.75837    1.033255   0.968890
    17.76672    0.756846   0.969546
    17.77507    1.104098   0.970195
    17.78342    1.095993   0.970836
    17.79163    0.847632   0.971458
    17.79998    1.131899   0.972083
    17.80834    0.878633   0.972700
    17.81669    1.084945   0.973309
    17.82504    1.084945   0.973911
    17.83339    1.084945   0.974504
    17.84174    0.631259   0.975090
    17.84995    1.293623   0.975657
    17.85830    1.140270   0.976227
    17.86666    1.161469   0.976789
    17.87501    0.756846   0.977343
    17.88336    1.292432   0.977889
    17.89171    0.922588   0.978428
    17.90006    0.949309   0.978958
    17.90842    1.011597   0.979481
    17.91662    0.866578   0.979987
    17.92498    1.065142   0.980494
    17.93333    1.039938   0.980993
    17.94168    1.008806   0.981485
    17.95003    1.065142   0.981968
    17.95838    1.122555   0.982444
    17.96674    0.978605   0.982913
    17.97509    0.799848   0.983373
    17.98330    1.130857   0.983819
    17.99165    1.130857   0.984264
    18.00000    1.130857   0.984702
    18.00835    1.590038   0.985132
    18.01670    1.179798   0.985555
    18.02506    1.061225   0.985971
    18.03341    1.100038   0.986378
    18.04176    0.990393   0.986779
    18.04997    0.950184   0.987165
    18.05832    1.007877   0.987551
    18.06667    0.994049   0.987929
    18.07502    1.042816   0.988301
    18.08338    0.957211   0.988665
    18.09173    1.037069   0.989021
    18.10008    0.795440   0.989371
    18.10829    0.882689   0.989708
    18.11664    1.101051   0.990043
    18.12499    0.891677   0.990372
    18.13334    0.914129   0.990694
    18.14170    0.999557   0.991008
    18.15005    0.947562   0.991316
    18.15840    0.947562   0.991618
    18.16675    0.947562   0.991912
    18.17496    0.432322   0.992195
    18.18331    1.234263   0.992476
    18.19166    1.113288   0.992750
    18.20002    1.051496   0.993019
    18.20837    1.195109   0.993280
    18.21672    1.027561   0.993535
    18.22507    1.017203   0.993784
    18.23342    1.108173   0.994027
    18.24163    1.078966   0.994259
    18.24998    0.984028   0.994490
    18.25834    1.224074   0.994714
    18.26669    0.767375   0.994932
    18.27504    0.976804   0.995145
    18.28339    1.112263   0.995351
    18.29174    1.074008   0.995552
    18.29995    0.922588   0.995744
    18.30830    0.827575   0.995933
    18.31666    1.086945   0.996117
    18.32501    1.086945   0.996295
    18.33336    1.086945   0.996468
    18.34171    0.020017   0.996635
    18.35006    1.497641   0.996797
    18.35842    1.138171   0.996954
    18.36662    0.974109   0.997103
    18.37498    1.097002   0.997250
    18.38333    0.907418   0.997391
    18.39168    0.958093   0.997528
    18.40003    1.108173   0.997660
    18.40838    1.080955   0.997787
    18.41674    0.938010   0.997909
    18.42509    1.163610   0.998027
    18.43330    0.827575   0.998139
    18.44165    1.027561   0.998248
    18.45000    0.939740   0.998352
    18.45835    0.960744   0.998453
    18.46670    0.991306   0.998549
    18.47506    1.179798   0.998641
    18.48341    1.074008   0.998729
    18.49176    0.410968   0.998813
    18.49997    0.410968   0.998892
    18.50832    0.256217   0.998969
    18.51667    1.619599   0.999042
    18.52502    1.306795   0.999111
    18.53338    1.033255   0.999177
    18.54173    1.142372   0.999240
    18.55008    1.113288   0.999299
    18.55829    0.982217   0.999354
    18.56664    1.141320   0.999407
    18.57499    1.043777   0.999457
    18.58334    0.931982   0.999504
    18.59170    1.039938   0.999548
    18.60005    0.925140   0.999589
    18.60840    1.055377   0.999628
    18.61675    0.899928   0.999664
    18.62496    1.001400   0.999698
    18.63331    1.130857   0.999729
    18.64166    0.951936   0.999758
    18.65002    1.179798   0.999785
    18.65837    0.240219   0.999810
    18.66672    0.240219   0.999832
    18.67507    1.365864   0.999853
    18.68342    1.281763   0.999872
    18.69163    0.939740   0.999889
    18.69998    1.069074   0.999905
    18.70834    1.006022   0.999919
    18.71669    1.165756   0.999931
    18.72504    1.055377   0.999942
    18.73339    0.963402   0.999952
    18.74174    1.225202   0.999961
    18.74995    0.839861   0.999968
    18.75830    1.145533   0.999975
    18.76666    0.877016   0.999980
    18.77501    1.226331   0.999985
    18.78336    0.775189   0.999989
    18.79171    1.088949   0.999992
    18.80006    1.038024   0.999994
    18.80842    1.039938   0.999996
    18.81662    0.500504   0.999997
    18.82498    0.500504   0.999998
    18.83333    0.500504   0.999999
    18.84168    0.317547   1.000000
    18.85003    1.443469   1.000000
    18.85838    1.388697   1.000000
    18.86674    0.979507   1.000000
    18.87509    1.126698   1.000000
    18.88330    1.125661   1.000000
    18.89165    1.051496   1.000000
    18.90000    1.078966   1.000000
    18.90835    1.062203   1.000000
    18.91670    1.121521   1.000000
    18.92506    1.036114   1.000000
    18.93341    1.044738   1.000000
    18.94176    0.965178   1.000000
    18.94997    1.037069   1.000000
    18.95832    1.170059   1.000000
    18.96667    1.066124   1.000000
    18.97502    1.082948   1.000000
    18.98338    1.192910   1.000000
    18.99173    0.164213   1.000000
    19.00008    0.164213   1.000000
    19.00829    0.089414   1.000000
    19.01664    1.317673   1.000000
    19.02499    1.297202   1.000000
    19.03334    1.101051   1.000000
    19.04170    0.922588   1.000000
    19.05005    1.092968   1.000000
    19.05840    1.066124   1.000000
    19.06675    1.036114   1.000000
    19.07496    1.097002   1.000000
    19.08331    0.894144   1.000000
    19.09166    1.038024   1.000000
    19.10002    1.119457   1.000000
    19.10837    0.975905   1.000000
    19.11672    1.015331   1.000000
    19.12507    1.018140   1.000000
    19.13342    1.001400   1.000000
    19.14163    1.078966   1.000000
    19.14998    1.108173   1.000000
    19.15834    0.588583   1.000000
    19.16669    0.588583   1.000000
    19.17504    0.093456   1.000000
    19.18339    1.367123   1.000000
    19.19174    1.175459   1.000000
    19.19995    1.286493   1.000000
    19.20830    1.061225   1.000000
    19.21666    1.094984   1.000000
    19.22501    1.022840   1.000000
    19.23336    1.058297   1.000000
    19.24171    1.158264   1.000000
    19.25006    0.951936   1.000000
    19.25842    1.038024   1.000000
    19.26662    0.872987   1.000000
    19.27498    1.066124   1.000000
    19.28333    1.098013   1.000000
    19.29168    0.929411   1.000000
    19.30003    1.073019   1.000000
    19.30838    1.092968   1.000000
    19.31674    1.135031   1.000000
    19.32509    0.340257   1.000000
    19.33330    0.340257   1.000000
    19.34165    0.022689   1.000000
    19.35000    1.542438   1.000000
    19.35835    0.987660   1.000000
    19.36670    1.074008   1.000000
    19.37506    1.050528   1.000000
    19.38341    1.047629   1.000000
    19.39176    0.979507   1.000000
    19.39997    1.140270   1.000000
    19.40832    1.105115   1.000000
    19.41667    1.123589   1.000000
    19.42502    1.079960   1.000000
    19.43338    0.845294   1.000000
    19.44173    1.073019   1.000000
    19.45008    1.033255   1.000000
    19.45829    0.996799   1.000000
    19.46664    0.958093   1.000000
    19.47499    1.066124   1.000000
    19.48334    1.062203   1.000000
    19.49170    0.544763   1.000000
    19.50005    0.544763   1.000000
    19.50840    0.072079   1.000000
    19.51675    1.518475   1.000000
    19.52496    1.137123   1.000000
    19.53331    1.106134   1.000000
    19.54166    1.114314   1.000000
    19.55002    1.043777   1.000000
    19.55837    0.939740   1.000000
    19.56672    1.039938   1.000000
    19.57507    1.180885   1.000000
    19.58342    0.998637   1.000000
    19.59163    1.047629   1.000000
    19.59998    0.853901   1.000000
    19.60834    0.986751   1.000000
    19.61669    1.116369   1.000000
    19.62504    1.001400   1.000000
    19.63339    1.123589   1.000000
    19.64174    0.889217   1.000000
    19.64995    1.397679   1.000000
    19.65830    0.361583   1.000000
    19.66666    0.361583   1.000000
    19.67501    0.133477   1.000000
    19.68336    1.543859   1.000000
    19.69171    1.104098   1.000000
    19.70006    0.920890   1.000000
    19.70842    1.178712   1.000000
    19.71662    1.020957   1.000000
    19.72498    0.922588   1.000000
    19.73333    1.132942   1.000000
    19.74168    1.013462   1.000000
    19.75003    1.022840   1.000000
    19.75838    0.959859   1.000000
    19.76674    1.064162   1.000000
    19.77509    0.932841   1.000000
    19.78330    1.198416   1.000000
    19.79165    1.007877   1.000000
    19.80000    1.183062   1.000000
    19.80835    0.966068   1.000000
    19.81670    1.316460   1.000000
    19.82506    0.080059   1.000000
    19.83341    0.080059   1.000000
    19.84176    0.136210   1.000000
    19.84997    1.473016   1.000000
    19.85832    1.309205   1.000000
    19.86667    1.053435   1.000000
    19.87502    1.157198   1.000000
    19.88338    0.861009   1.000000
    19.89173    1.151881   1.000000
    19.90008    0.923438   1.000000
    19.90829    1.007877   1.000000
    19.91664    1.068089   1.000000
    19.92499    0.968741   1.000000
    19.93334    1.104098   1.000000
    19.94170    1.140270   1.000000
    19.95005    0.715497   1.000000
    19.95840    1.013462   1.000000
    19.96675    0.940606   1.000000
    19.97496    0.946690   1.000000
    19.98331    1.288865   1.000000
    19.99166    0.237579   1.000000
    20.00002    0.237579   1.000000
    20.00837    0.208261   1.000000
    20.01672    1.578366   1.000000
    20.02507    1.242246   1.000000
    20.03342    1.005096   1.000000
    20.04163    1.231991   1.000000
    20.04998    1.203948   1.000000
    20.05834    0.770207   1.000000
    20.06669    1.245683   1.000000
    20.07504    1.128776   1.000000
    20.08339    1.055377   1.000000
    20.09174    1.219572   1.000000
    20.09995    0.955449   1.000000
    20.10830    0.978605   1.000000
    20.11666    1.102066   1.000000
    20.12501    0.990393   1.000000
    20.13336    1.051496   1.000000
    20.14171    1.055377   1.000000
    20.15006    1.043777   1.000000
    20.15842    0.296352   1.000000
    20.16662    0.296352   1.000000
    20.17498    0.141452   1.000000
    20.18333    1.645158   1.000000
    20.19168    1.175459   1.000000
    20.20003    1.218450   1.000000
    20.20838    1.161469   1.000000
    20.21674    1.119457   1.000000
    20.22509    0.974109   1.000000
    20.23330    1.151881   1.000000
    20.24165    0.878633   1.000000
    20.25000    0.918349   1.000000
    20.25835    1.002323   1.000000
    20.26670    1.007877   1.000000
    20.27506    0.909091   1.000000
    20.28341    1.033255   1.000000
    20.29176    0.937147   1.000000
    20.29997    1.001400   1.000000
    20.30832    0.914129   1.000000
    20.31667    1.267674   1.000000
    20.32502    0.204271   1.000000
    20.33338    0.204271   1.000000
    20.34173    0.022689   1.000000
    20.35008    1.389977   1.000000
    20.35829    1.265341   1.000000
    20.36664    1.114314   1.000000
    20.37499    1.039938   1.000000
    20.38334    1.087947   1.000000
    20.39170    1.113288   1.000000
    20.40005    1.017203   1.000000
    20.40840    0.957211   1.000000
    20.41675    1.156132   1.000000
    20.42496    0.966068   1.000000
    20.43331    0.879443   1.000000
    20.44166    0.934561   1.000000
    20.45002    0.864983   1.000000
    20.45837    1.135031   1.000000
    20.46672    1.160400   1.000000
    20.47507    1.039938   1.000000
    20.48342    1.109194   1.000000
    20.49163    0.349790   1.000000
    20.49998    0.349790   1.000000
    20.50834    0.255040   1.000000
    20.51669    1.637599   1.000000
    20.52504    1.047629   1.000000
    20.53339    1.397679   1.000000
    20.54174    1.094984   1.000000
    20.54995    1.097002   1.000000
    20.55830    1.061225   1.000000
    20.56666    1.131899   1.000000
    20.57501    1.189618   1.000000
    20.58336    0.895793   1.000000
    20.59171    1.068089   1.000000
    20.60006    0.942340   1.000000
    20.60842    1.088949   1.000000
    20.61662    0.947562   1.000000
    20.62498    1.017203   1.000000
    20.63333    0.950184   1.000000
    20.64168    1.038024   1.000000
    20.65003    1.076980   1.000000
    20.65838    0.144214   1.000000
    20.66674    0.144214   1.000000
    20.67509    1.578366   1.000000
    20.68330    1.187429   1.000000
    20.69165    0.987660   1.000000
    20.70000    1.155068   1.000000
    20.70835    0.800585   1.000000
    20.71670    1.135031   1.000000
    20.72506    1.105115   1.000000
    20.73341    1.206167   1.000000
    20.74176    0.885131   1.000000
    20.74997    1.101051   1.000000
    20.75832    1.053435   1.000000
    20.76667    1.038024   1.000000
    20.77502    1.047629   1.000000
    20.78338    0.881064   1.000000
    20.79173    1.175459   1.000000
    20.80008    1.069074   1.000000
    20.80829    1.179798   1.000000
    20.81664    0.544763   1.000000
    20.82499    0.544763   1.000000
    20.83334    0.544763   1.000000
