  1046.75674    0.972022   1.000000
  1046.75674    1.030092   1.000000
  1046.77330    1.013155   1.000000
  1046.79000    1.023472   1.000000
  1046.79000    1.024415   1.000000
  1046.80670    0.991919   1.000000
  1046.82326    1.007572   1.000000
  1046.83997    1.022530   1.000000
  1046.83997    0.976509   1.000000
  1046.85667    1.008500   1.000000
  1046.87338    0.995580   1.000000
  1046.88994    1.018770   1.000000
  1046.88994    0.926565   1.000000
  1046.90664    0.974711   1.000000
  1046.92334    1.039623   1.000000
  1046.94005    0.983730   1.000000
  1046.94005    1.002019   1.000000
  1046.95661    1.075663   1.000000
  1046.97331    0.981920   1.000000
  1046.99002    1.010360   1.000000
  1046.99002    1.024415   1.000000
  1047.00672    0.892228   1.000000
  1047.02328    0.987361   1.000000
  1047.03998    0.993747   1.000000
  1047.03998    0.949896   1.000000
  1047.05669    1.011291   1.000000
  1047.07339    0.923158   1.000000
  1047.08995    0.925712   1.000000
  1047.08995    0.982825   1.000000
  1047.10666    1.002943   1.000000
  1047.12336    1.036755   1.000000
  1047.14006    0.969340   1.000000
  1047.14006    1.029144   1.000000
  1047.15662    0.948148   1.000000
  1047.17333    0.960453   1.000000
  1047.19003    0.968447   1.000000
  1047.19003    0.975610   1.000000
  1047.20674    1.007572   1.000000
  1047.22330    0.950771   1.000000
  1047.24000    0.999254   1.000000
  1047.24000    0.968447   1.000000
  1047.25670    0.958685   1.000000
  1047.27326    0.929985   1.000000
  1047.28997    1.004792   1.000000
  1047.28997    1.053116   1.000000
  1047.30667    1.016895   1.000000
  1047.32338    1.002943   1.000000
  1047.33994    0.959569   1.000000
  1047.33994    1.064820   1.000000
  1047.35664    1.035800   1.000000
  1047.37334    1.048277   1.000000
  1047.39005    0.964886   1.000000
  1047.39005    1.018770   1.000000
  1047.40661    0.983730   1.000000
  1047.42331    1.033894   1.000000
  1047.44002    0.988271   1.000000
  1047.44002    1.028196   1.000000
  1047.45672    0.948148   1.000000
  1047.47328    1.047312   1.000000
  1047.48998    0.989182   1.000000
  1047.48998    0.955160   1.000000
  1047.50669    0.935139   1.000000
  1047.52339    1.002019   1.000000
  1047.53995    0.952524   1.000000
  1047.53995    1.037710   1.000000
  1047.55666    0.994663   1.000000
  1047.57336    0.967556   1.000000
  1047.57336    0.938590   1.000000
  1047.59006    0.980113   1.000000
  1047.60662    1.038666   1.000000
  1047.62333    1.023472   1.000000
  1047.62333    1.056029   1.000000
  1047.64003    0.971127   1.000000
  1047.65674    0.972918   1.000000
  1047.67330    1.079633   0.999968
  1047.67330    1.022530   0.999968
  1047.69000    1.043461   0.999791
  1047.70670    0.974711   0.999464
  1047.72326    0.970233   0.998962
  1047.72326    0.981920   0.998962
  1047.73997    1.012223   0.998372
  1047.75667    0.912171   0.997563
  1047.77338    1.010360   0.996724
  1047.77338    0.979210   0.996724
  1047.78994    0.932558   0.995679
  1047.80664    1.057003   0.994606
  1047.82334    0.971127   0.993317
  1047.82334    1.041540   0.993317
  1047.84005    0.913852   0.991977
  1047.85661    0.985544   0.990559
  1047.87331    0.981016   0.988993
  1047.87331    0.929985   0.988993
  1047.89002    0.993747   0.987401
  1047.90672    0.945532   0.985599
  1047.92328    0.975610   0.983875
  1047.92328    0.933418   0.983875
  1047.93998    0.980113   0.981943
  1047.95669    0.983730   0.979946
  1047.97339    0.984637   0.977909
  1047.97339    0.966665   0.977909
  1047.98995    1.015023   0.975780
  1048.00666    1.023472   0.973560
  1048.02336    0.933418   0.971270
  1048.02336    0.985544   0.971270
  1048.04006    0.946403   0.968951
  1048.05662    1.007572   0.966453
  1048.07333    0.991919   0.963976
  1048.07333    1.008500   0.963976
  1048.09003    0.920611   0.961388
  1048.10674    0.956040   0.958720
  1048.12330    0.922308   0.956040
  1048.12330    0.971127   0.956040
  1048.14000    0.976509   0.953262
  1048.15670    0.993747   0.950457
  1048.17326    0.996497   0.947544
  1048.17326    0.994663   0.947544
  1048.18997    0.960453   0.944634
  1048.20667    0.928274   0.941524
  1048.22338    0.942055   0.938443
  1048.22338    0.998334   0.938443
  1048.23994    0.950771   0.935360
  1048.25664    0.996497   0.932090
  1048.27334    0.942055   0.928924
  1048.27334    0.940321   0.928924
  1048.29005    0.953402   0.925527
  1048.30661    0.971127   0.922230
  1048.32331    0.972918   0.918852
  1048.32331    0.923158   0.918852
  1048.34002    0.961338   0.915333
  1048.35672    0.968447   0.911823
  1048.37328    0.936000   0.908247
  1048.37328    0.908816   0.908247
  1048.38998    0.951647   0.904680
  1048.40669    0.961338   0.900887
  1048.42339    0.916381   0.897266
  1048.42339    0.949021   0.897266
  1048.43995    0.852857   0.893456
  1048.45666    0.964886   0.889719
  1048.47336    0.933418   0.885781
  1048.47336    0.887311   0.885781
  1048.49006    0.902144   0.881891
  1048.50662    0.844260   0.877935
  1048.52333    0.870314   0.873933
  1048.52333    0.893873   0.873933
  1048.54003    0.888129   0.869983
  1048.55674    0.839607   0.865826
  1048.57330    0.867913   0.861800
  1048.57330    0.879176   0.861800
  1048.59000    0.826563   0.857591
  1048.60670    0.818231   0.853375
  1048.62326    0.824282   0.849210
  1048.62326    0.853643   0.849210
  1048.63997    0.809983   0.844956
  1048.65667    0.816725   0.840601
  1048.67338    0.815973   0.836247
  1048.67338    0.833443   0.836247
  1048.68994    0.855216   0.831938
  1048.70664    0.801818   0.827487
  1048.70664    0.825802   0.827487
  1048.72334    0.845816   0.823021
  1048.74005    0.825802   0.818563
  1048.75661    0.858373   0.814004
  1048.75661    0.802557   0.814004
  1048.77331    0.772816   0.809536
  1048.79002    0.774954   0.804907
  1048.80672    0.779249   0.800307
  1048.80672    0.787909   0.800307
  1048.82328    0.799606   0.795730
  1048.83998    0.786459   0.791017
  1048.85669    0.802557   0.786541
  1048.85669    0.723229   0.786541
  1048.87339    0.758710   0.781661
  1048.88995    0.799606   0.776967
  1048.90666    0.767849   0.772156
  1048.90666    0.746236   0.772156
  1048.92336    0.732615   0.767454
  1048.94006    0.742123   0.762632
  1048.95662    0.740757   0.757881
  1048.95662    0.730594   0.757881
  1048.97333    0.748301   0.752986
  1048.99003    0.708070   0.748016
  1049.00674    0.729921   0.743293
  1049.00674    0.713306   0.743293
  1049.02330    0.702872   0.738354
  1049.04000    0.733290   0.733516
  1049.05670    0.693867   0.728501
  1049.05670    0.676824   0.728501
  1049.07326    0.666924   0.723726
  1049.08997    0.697069   0.718667
  1049.10667    0.674957   0.713666
  1049.10667    0.697712   0.713666
  1049.12338    0.692590   0.708834
  1049.13994    0.687505   0.703756
  1049.15664    0.649346   0.698830
  1049.15664    0.660201   0.698830
  1049.17334    0.635150   0.693737
  1049.19005    0.655958   0.688927
  1049.20661    0.683087   0.683967
  1049.20661    0.641617   0.683967
  1049.22331    0.670002   0.678983
  1049.24002    0.675579   0.674016
  1049.25672    0.654751   0.668939
  1049.25672    0.643393   0.668939
  1049.27328    0.639258   0.664243
  1049.28998    0.648748   0.658956
  1049.30669    0.623557   0.654305
  1049.30669    0.674957   0.654305
  1049.32339    0.587322   0.649296
  1049.33995    0.633397   0.644503
  1049.35666    0.641617   0.639607
  1049.35666    0.608802   0.639607
  1049.37336    0.608802   0.634849
  1049.39006    0.599896   0.630145
  1049.40662    0.642208   0.625270
  1049.40662    0.599896   0.625270
  1049.42333    0.596590   0.620885
  1049.44003    0.627590   0.616272
  1049.45674    0.614435   0.612063
  1049.45674    0.616703   0.612063
  1049.47330    0.606005   0.607815
  1049.49000    0.605447   0.603996
  1049.50670    0.581401   0.600533
  1049.50670    0.557797   0.600533
  1049.52326    0.578197   0.597426
  1049.53997    0.556258   0.595436
  1049.55667    0.565036   0.592778
  1049.55667    0.568691   0.592778
  1049.57338    0.542096   0.591336
  1049.58994    0.597140   0.589105
  1049.60664    0.550144   0.587990
  1049.60664    0.599344   0.587990
  1049.62334    0.585162   0.584982
  1049.64005    0.551158   0.584782
  1049.65661    0.547616   0.583541
  1049.65661    0.564516   0.583541
  1049.67331    0.596041   0.582138
  1049.69002    0.570790   0.581274
  1049.70672    0.538612   0.579774
  1049.70672    0.545602   0.579774
  1049.72328    0.600449   0.579291
  1049.73998    0.502199   0.577857
  1049.75669    0.526352   0.577623
  1049.75669    0.532692   0.577623
  1049.77339    0.512951   0.576588
  1049.78995    0.550144   0.577567
  1049.80666    0.556770   0.579786
  1049.80666    0.534166   0.579786
  1049.82336    0.561922   0.582398
  1049.84006    0.569739   0.585711
  1049.85662    0.575541   0.588830
  1049.85662    0.585162   0.588830
  1049.87333    0.559340   0.592683
  1049.89003    0.517697   0.596424
  1049.90674    0.591665   0.600411
  1049.90674    0.574481   0.600411
  1049.92330    0.596590   0.604435
  1049.94000    0.586241   0.608609
  1049.94000    0.619550   0.608609
  1049.95670    0.571316   0.612851
  1049.97326    0.561405   0.617032
  1049.98997    0.550651   0.621505
  1049.98997    0.563996   0.621505
  1050.00667    0.608241   0.625800
  1050.02338    0.575541   0.630363
  1050.03994    0.665696   0.634768
  1050.03994    0.633397   0.634768
  1050.05664    0.586241   0.639442
  1050.07334    0.628747   0.643990
  1050.09005    0.624131   0.648544
  1050.09005    0.650543   0.648544
  1050.10661    0.639847   0.653169
  1050.12331    0.654148   0.657807
  1050.14002    0.617271   0.662562
  1050.14002    0.633397   0.662562
  1050.15672    0.638081   0.667160
  1050.17328    0.657167   0.671959
  1050.18998    0.655958   0.676712
  1050.18998    0.656562   0.676712
  1050.20669    0.663248   0.681416
  1050.22339    0.679949   0.686268
  1050.23995    0.682458   0.690931
  1050.23995    0.700932   0.690931
  1050.25666    0.731267   0.695703
  1050.27336    0.668769   0.700435
  1050.29006    0.668769   0.705320
  1050.29006    0.693867   0.705320
  1050.30662    0.690043   0.710102
  1050.32333    0.710683   0.714856
  1050.34003    0.636321   0.719723
  1050.34003    0.710683   0.719723
  1050.35674    0.707418   0.724475
  1050.37330    0.733290   0.729265
  1050.39000    0.713306   0.734120
  1050.39000    0.719906   0.734120
  1050.40670    0.740757   0.738964
  1050.42326    0.762915   0.743657
  1050.43997    0.769265   0.748484
  1050.43997    0.756617   0.748484
  1050.45667    0.777815   0.753202
  1050.47338    0.762212   0.758052
  1050.48994    0.727907   0.762772
  1050.48994    0.741440   0.762772
  1050.50664    0.747612   0.767540
  1050.52334    0.749680   0.772321
  1050.54005    0.795932   0.777018
  1050.54005    0.861541   0.777018
  1050.55661    0.820495   0.781724
  1050.57331    0.809238   0.786519
  1050.59002    0.834980   0.791108
  1050.59002    0.771394   0.791108
  1050.60672    0.807748   0.795920
  1050.62328    0.812973   0.800458
  1050.63998    0.768557   0.805161
  1050.63998    0.779249   0.805161
  1050.65669    0.777098   0.809831
  1050.67339    0.795199   0.814408
  1050.68995    0.788635   0.818983
  1050.68995    0.852072   0.818983
  1050.70666    0.815973   0.823531
  1050.72336    0.776383   0.828090
  1050.74006    0.761511   0.832584
  1050.74006    0.829614   0.832584
  1050.75662    0.841155   0.837104
  1050.77333    0.796666   0.841524
  1050.79003    0.884048   0.846040
  1050.79003    0.812224   0.846040
  1050.80674    0.838834   0.850366
  1050.82330    0.867114   0.854728
  1050.84000    0.836519   0.859148
  1050.84000    0.815973   0.859148
  1050.85670    0.826563   0.863368
  1050.87326    0.821251   0.867737
  1050.88997    0.914694   0.871884
  1050.88997    0.867913   0.871884
  1050.90667    0.866315   0.876238
  1050.92338    0.873526   0.880435
  1050.93994    0.878367   0.884470
  1050.93994    0.885678   0.884470
  1050.95664    0.920611   0.888571
  1050.97334    0.949896   0.892695
  1050.99005    0.872722   0.896775
  1050.99005    0.884863   0.896775
  1051.00661    0.915537   0.900669
  1051.02331    0.920611   0.904604
  1051.02331    0.929129   0.904604
  1051.04002    0.957803   0.908437
  1051.05672    0.932558   0.912239
  1051.07328    1.005718   0.916094
  1051.07328    0.974711   0.916094
  1051.08998    0.981920   0.919762
  1051.10669    0.900484   0.923609
  1051.12339    0.923158   0.927101
  1051.12339    0.918071   0.927101
  1051.13995    0.912171   0.930826
  1051.15666    0.972022   0.934264
  1051.17336    0.940321   0.937763
  1051.17336    0.930842   0.937763
  1051.19006    0.954280   0.941233
  1051.20662    0.956040   0.944533
  1051.22333    0.934278   0.947867
  1051.22333    0.968447   0.947867
  1051.24003    0.961338   0.951124
  1051.25674    0.971127   0.954326
  1051.27330    0.942055   0.957321
  1051.27330    0.985544   0.957321
  1051.29000    0.960453   0.960402
  1051.30670    0.989182   0.963450
  1051.32326    0.948148   0.966347
  1051.32326    0.935139   0.966347
  1051.33997    1.047312   0.969096
  1051.35667    0.956921   0.971790
  1051.37338    0.999254   0.974543
  1051.37338    0.973814   0.974543
  1051.38994    1.003867   0.976994
  1051.40664    0.942055   0.979592
  1051.42334    0.999254   0.981870
  1051.42334    0.971127   0.981870
  1051.44005    1.037710   0.984322
  1051.45661    0.981920   0.986366
  1051.47331    1.032942   0.988570
  1051.47331    1.002943   0.988570
  1051.49002    0.995580   0.990522
  1051.50672    1.036755   0.992375
  1051.52328    1.052146   0.994177
  1051.52328    0.973814   0.994177
  1051.53998    1.015023   0.995589
  1051.55669    0.984637   0.997088
  1051.57339    1.053116   0.998184
  1051.57339    0.989182   0.998184
  1051.58995    1.059927   0.999216
  1051.60666    1.035800   0.999850
  1051.62336    0.996497   1.000000
  1051.62336    1.038666   1.000000
  1051.64006    0.980113   1.000000
  1051.65662    1.016895   1.000000
  1051.67333    1.016895   1.000000
  1051.67333    1.043461   1.000000
  1051.69003    1.009430   1.000000
  1051.70674    1.055057   1.000000
  1051.72330    1.042500   1.000000
  1051.72330    1.064820   1.000000
  1051.74000    1.046348   1.000000
  1051.75670    1.036755   1.000000
  1051.77326    1.010360   1.000000
  1051.77326    1.033894   1.000000
  1051.78997    1.012223   1.000000
  1051.80667    1.039623   1.000000
  1051.82338    1.011291   1.000000
  1051.82338    1.083618   1.000000
  1051.83994    1.031041   1.000000
  1051.85664    0.986452   1.000000
  1051.87334    0.994663   1.000000
  1051.87334    1.032942   1.000000
  1051.89005    1.013155   1.000000
  1051.90661    1.032942   1.000000
  1051.92331    0.990093   1.000000
  1051.92331    0.989182   1.000000
  1051.94002    1.008500   1.000000
  1051.95672    1.032942   1.000000
  1051.97328    1.021589   1.000000
  1051.97328    1.002943   1.000000
  1051.98998    0.981016   1.000000
  1052.00669    1.085616   1.000000
  1052.02339    1.011291   1.000000
  1052.02339    1.104781   1.000000
  1052.03995    1.026304   1.000000
  1052.05666    1.033894   1.000000
  1052.07336    1.076654   1.000000
  1052.07336    1.001097   1.000000
  1052.09006    1.031991   1.000000
  1052.10662    0.991919   1.000000
  1052.12333    1.025359   1.000000
  1052.12333    1.022530   1.000000
  1052.14003    1.009430   1.000000
  1052.15674    1.004792   1.000000
  1052.17330    1.041540   1.000000
  1052.17330    0.996497   1.000000
  1052.19000    0.993747   1.000000
  1052.20670    1.014089   1.000000
  1052.20670    0.989182   1.000000
  1052.22326    1.001097   1.000000
  1052.23997    0.959569   1.000000
  1052.25667    1.053116   1.000000
  1052.25667    1.007572   1.000000
  1052.27338    0.987361   1.000000
  1052.28994    1.049243   1.000000
  1052.30664    0.991005   1.000000
  1052.30664    1.032942   1.000000
  1052.32334    0.997415   1.000000
  1052.32334    0.997415   1.000000
  1052.34005    0.993747   1.000000
