  1383.92467    0.990210   1.000000
  1384.83605    1.004910   1.000000
  1385.70898    0.997533   1.000000
  1386.05803    0.979326   1.000000
  1386.81634    1.004910   1.000000
  1388.05373    1.003985   1.000000
  1388.65363    0.999372   1.000000
  1389.18600    1.029265   1.000000
  1389.52267    1.013274   1.000000
  1391.27645    0.993864   1.000000
  1391.58893    0.988387   1.000000
  1391.95469    0.990210   1.000000
  1392.86894    1.113082   1.000000
  1393.19467    0.946514   1.000000
  1393.75368    0.982035   1.000000
  1394.26877    0.975724   1.000000
  1394.86018    0.971241   1.000000
  1395.17280    0.995697   1.000000
  1395.48053    0.964111   1.000000
  1395.80352    1.000293   1.000000
  1396.41984    0.978424   1.000000
  1397.10456    1.004910   1.000000
  1397.40624    1.035922   1.000000
  1397.74118    0.997533   1.000000
  1398.03984    1.059076   1.000000
  1398.33994    1.034968   1.000000
  1399.29984    0.978424   1.000000
  1399.59864    0.999372   1.000000
  1399.92509    1.006763   1.000000
  1400.23714    0.997533   1.000000
  1400.53694    1.041663   1.000000
  1400.83661    1.030213   1.000000
  1401.14707    0.968561   1.000000
  1401.44760    0.904747   1.000000
  1401.74770    1.017014   1.000000
  1402.04880    0.977523   1.000000
  1402.37078    1.022650   1.000000
  1402.67174    0.990210   1.000000
  1402.97083    0.976623   1.000000
  1403.28173    0.955272   0.999742
  1403.57880    0.990210   0.995896
  1403.88264    1.006763   0.988972
  1404.19426    0.973032   0.979356
  1404.49162    0.943033   0.968221
  1404.78854    0.946514   0.955450
  1405.08576    0.935249   0.941097
  1405.38528    0.957915   0.925430
  1405.68250    0.927528   0.908610
  1405.97914    0.886599   0.890914
  1406.29003    0.890691   0.871522
  1406.58768    0.852172   0.852168
  1406.88590    0.854530   0.832164
  1407.19723    0.825899   0.810913
  1407.49531    0.782217   0.790266
  1407.79368    0.766526   0.769590
  1408.09162    0.762302   0.748967
  1408.38854    0.742894   0.728694
  1408.68562    0.709459   0.709140
  1408.98341    0.702307   0.690283
  1409.29373    0.681282   0.672115
  1409.59123    0.635224   0.656350
  1409.88845    0.625932   0.642770
  1410.20150    0.615074   0.631415
  1410.49814    0.619622   0.624329
  1410.79478    0.621909   0.620950
  1411.09344    0.604404   0.621848
  1411.39152    0.619622   0.626536
  1411.68946    0.638156   0.634997
  1411.98595    0.628821   0.646328
  1412.29987    0.653623   0.660787
  1412.60011    0.679402   0.676887
  1412.91504    0.702307   0.695156
  1413.22608    0.716683   0.714390
  1413.52272    0.744950   0.733484
  1413.82109    0.774332   0.753153
  1414.11974    0.780058   0.773093
  1414.41653    0.805614   0.793087
  1414.71403    0.884152   0.812929
  1415.01125    0.817574   0.832510
  1415.36304    0.860057   0.855220
  1415.68272    0.843582   0.875301
  1416.04690    0.910599   0.896985
  1416.39221    0.890691   0.916526
  1416.72974    0.952636   0.934286
  1417.06728    0.944772   0.950596
  1417.53010    0.963224   0.970086
  1417.93344    0.973929   0.984080
  1418.50282    1.026425   0.997557
  1418.90299    0.992949   1.000000
  1419.25536    0.967670   1.000000
  1419.93806    0.976623   1.000000
  1420.69651    0.946514   1.000000
  1421.05061    0.969454   1.000000
  1421.37749    1.008619   1.000000
  1421.76197    1.030213   1.000000
  1422.06739    1.016078   1.000000
  1422.37253    1.017952   1.000000
  1422.67363    0.993864   1.000000
  1423.00066    1.055181   1.000000
  1423.33027    1.003060   1.000000
  1423.67774    0.991122   1.000000
  1424.00059    1.005836   1.000000
  1424.39962    1.019828   1.000000
  1424.75112    0.992949   1.000000
  1425.10018    0.982940   1.000000
  1425.48610    1.006763   1.000000
  1425.79469    1.001214   1.000000
