   931.98873    1.008713   1.000000
   932.02433    0.997401   1.000000
   932.05992    0.985807   1.000000
   932.09552    1.007864   1.000000
   932.13110    0.965729   1.000000
   932.16670    1.038406   1.000000
   932.20228    1.050566   1.000000
   932.23788    0.978454   1.000000
   932.27347    0.948761   1.000000
   932.30907    0.990614   1.000000
   932.34465    1.004754   1.000000
   932.38025    1.022004   1.000000
   932.41583    0.984393   1.000000
   932.45142    0.997118   1.000000
   932.48702    0.959790   1.000000
   932.52260    1.022004   1.000000
   932.55820    0.975626   1.000000
   932.59378    1.012106   1.000000
   932.62938    1.007299   1.000000
   932.66497    1.007581   1.000000
   932.70057    0.974212   1.000000
   932.73615    1.035861   1.000000
   932.77175    0.997684   1.000000
   932.80733    1.031053   1.000000
   932.84293    0.972516   1.000000
   932.87852    1.012672   1.000000
   932.91412    1.015782   1.000000
   932.94970    1.015782   1.000000
   932.98528    1.025397   1.000000
   933.02088    0.997684   1.000000
   933.05647    1.029922   1.000000
   933.09207    0.960638   1.000000
   933.12765    0.990897   1.000000
   933.16325    0.981848   1.000000
   933.19883    0.981565   1.000000
   933.23443    0.965163   1.000000
   933.27002    1.081955   1.000000
   933.30562    1.034729   1.000000
   933.34120    1.064988   1.000000
   933.37680    1.024266   1.000000
   933.41238    1.008713   1.000000
   933.44798    1.011258   1.000000
   933.48357    0.959507   1.000000
   933.51917    0.976192   1.000000
   933.55475    0.954134   1.000000
   933.59033    1.005319   1.000000
   933.62593    0.973647   1.000000
   933.66152    1.012955   1.000000
   933.69712    1.001077   1.000000
   933.73270    1.024266   1.000000
   933.76830    1.026528   1.000000
   933.80388    1.034729   1.000000
   933.83948    1.013520   1.000000
   933.87507    0.999946   1.000000
   933.91067    1.017479   1.000000
   933.94625    1.042647   1.000000
   933.98185    1.019741   1.000000
   934.01743    1.038406   1.000000
   934.05303    0.999098   1.000000
   934.08862    0.972516   1.000000
   934.12420    0.975909   1.000000
   934.15980    0.964032   1.000000
   934.19538    0.984393   1.000000
   934.23098    1.027377   1.000000
   934.26657    1.021721   1.000000
   934.30217    1.036426   1.000000
   934.33775    0.969970   1.000000
   934.37335    0.981282   1.000000
   934.40893    1.024549   1.000000
   934.44453    1.108820   1.000000
   934.48012    1.010975   1.000000
   934.51572    0.988352   1.000000
   934.55130    0.976475   1.000000
   934.58690    0.995422   1.000000
   934.62248    1.033881   1.000000
   934.65808    1.048020   1.000000
   934.69367    1.028791   1.000000
   934.72925    1.012106   1.000000
   934.76485    0.999098   1.000000
   934.80043    1.008430   1.000000
   934.83603    0.978454   1.000000
   934.87162    1.025397   1.000000
   934.90722    0.988635   1.000000
   934.94280    0.969405   1.000000
   934.97840    0.985807   1.000000
   935.01398    1.026811   1.000000
   935.04958    0.932077   1.000000
   935.08517    0.976757   1.000000
   935.12077    0.989200   1.000000
   935.15635    1.010409   1.000000
   935.19195    1.000795   1.000000
   935.22753    1.012106   1.000000
   935.26312    0.996835   1.000000
   935.29872    1.064988   1.000000
   935.33430    1.068947   1.000000
   935.36990    0.873822   1.000000
   935.40548    0.886830   1.000000
   935.44108    1.011823   1.000000
   935.47667    0.995139   1.000000
   935.51227    0.907474   1.000000
   935.54785    1.053959   1.000000
   935.58345    1.202141   1.000000
   935.61903    1.023701   0.999981
   935.65463    0.835362   0.999950
   935.69022    0.992594   0.999890
   935.72582    0.753353   0.999808
   935.76140    1.116739   0.999717
   935.79700    1.301966   0.999580
   935.83258    1.000229   0.999448
   935.86817    0.875801   0.999281
   935.90377    0.964315   0.999123
   935.93935    1.018610   0.998938
   935.97495    0.959790   0.998733
   936.01053    1.100619   0.998516
   936.04613    1.332790   0.998298
   936.08172    1.191678   0.998039
   936.11732    0.813305   0.997817
   936.15290    0.955831   0.997511
   936.18850    1.124374   0.997273
   936.22408    0.960638   0.996960
   936.25968    0.951872   0.996702
   936.29527    0.848936   0.996364
   936.33087    0.973647   0.996091
   936.36645    1.078845   0.995704
   936.40203    1.116173   0.995422
   936.43763    0.943954   0.995036
   936.47322    0.886547   0.994724
   936.50882    1.062160   0.994311
   936.54440    1.089025   0.993951
   936.58000    0.960356   0.993497
   936.61558    0.961204   0.993187
   936.65118    0.796620   0.992715
   936.68677    0.958942   0.992341
   936.72237    0.949327   0.991875
   936.75795    0.955265   0.991518
   936.79355    1.081390   0.990987
   936.82913    1.203838   0.990602
   936.86473    0.997118   0.990083
   936.90032    0.999381   0.989668
   936.93592    1.231834   0.989155
   936.97150    0.984110   0.988715
   937.00708    0.609130   0.988162
   937.04268    0.590749   0.987724
   937.07827    0.665405   0.987177
   937.11387    0.939146   0.986693
   937.14945    1.131444   0.986127
   937.18505    0.888810   0.985651
   937.22063    1.016631   0.985063
   937.25623    1.205535   0.984592
   937.29182    1.137382   0.983972
   937.32742    0.912847   0.983490
   937.36300    0.881740   0.982854
   937.39860    0.997684   0.982303
   937.43418    0.750808   0.981703
   937.46978    0.826596   0.981135
   937.50537    1.148694   0.980554
   937.54097    1.160005   0.979908
   937.57655    0.987503   0.979419
   937.61213    0.829989   0.978694
   937.64773    0.922462   0.978178
   937.68332    0.923027   0.977470
   937.71892    0.987221   0.976914
   937.75450    1.103165   0.976208
   937.79010    0.890789   0.975617
   937.82568    0.913695   0.974910
   937.86128    1.270859   0.974296
   937.89687    0.913978   0.973599
   937.93247    0.649569   0.972961
   937.96805    0.945368   0.972265
   938.00365    1.342405   0.971546
   938.03923    0.929249   0.970863
   938.07483    0.627794   0.970236
   938.11042    0.995422   0.969499
   938.14600    1.142472   0.968826
   938.18160    1.113345   0.968078
   938.21718    1.032184   0.967416
   938.25278    1.166510   0.966683
   938.28837    1.190830   0.965978
   938.32397    0.838473   0.965273
   938.35955    0.470563   0.964491
   938.39515    1.068664   0.963821
   938.43073    0.944519   0.962975
   938.46633    0.554552   0.962289
   938.50192    1.126071   0.961488
   938.53752    1.094115   0.960850
   938.57310    0.747697   0.959953
   938.60870    0.478198   0.959232
   938.64428    0.723095   0.958444
   938.67988    1.104013   0.957642
   938.71547    1.329680   0.956843
   938.75105    0.937450   0.956079
   938.78665    0.771734   0.955340
   938.82223    0.929249   0.954480
   938.85783    0.746283   0.953717
   938.89342    1.038123   0.952919
   938.92902    1.091287   0.952117
   938.96460    1.038688   0.951221
   939.00020    0.952437   0.950478
   939.03578    0.931511   0.949576
   939.07138    0.872973   0.948796
   939.10697    0.964597   0.947957
   939.14257    1.026246   0.947148
   939.17815    0.954134   0.946275
   939.21375    0.969122   0.945439
   939.24933    0.894183   0.944594
   939.28492    1.159157   0.943674
   939.32052    0.857420   0.942889
   939.35610    1.000229   0.941986
   939.39170    0.948761   0.941219
   939.42728    0.564732   0.940216
   939.46288    0.855158   0.939415
   939.49847    0.818960   0.938539
   939.53407    0.766644   0.937653
   939.56965    0.933773   0.936752
   939.60525    0.701602   0.935864
   939.64083    0.739214   0.935000
   939.67643    1.085349   0.934129
   939.71202    1.098923   0.933188
   939.74762    0.976757   0.932267
   939.78320    0.988352   0.931427
   939.81880    1.017479   0.930434
   939.85438    0.857985   0.929623
   939.88997    0.714611   0.928606
   939.92557    0.769189   0.927731
   939.96115    0.718853   0.926826
   939.99675    0.902949   0.925885
   940.03233    0.977889   0.924967
   940.06793    0.927835   0.924030
   940.10352    1.043213   0.923138
   940.13912    0.968274   0.922180
   940.17470    0.815001   0.921278
   940.21030    0.924158   0.920289
   940.24588    1.002774   0.919347
   940.28148    0.893900   0.918384
   940.31707    0.899556   0.917503
   940.35267    1.042647   0.916567
   940.38825    0.994290   0.915604
   940.42383    0.779935   0.914593
   940.45943    0.959507   0.913655
   940.49502    0.939429   0.912690
   940.53062    0.701320   0.911761
   940.56620    0.760988   0.910806
   940.60180    0.782198   0.909961
   940.63738    0.978454   0.908788
   940.67298    1.104861   0.907911
   940.70857    0.962618   0.906904
   940.74417    0.712349   0.905948
   940.77975    0.961769   0.904992
   940.81535    1.011823   0.903955
   940.85093    0.910584   0.903003
   940.88653    1.023135   0.901922
   940.92212    0.977040   0.901061
   940.95772    0.965446   0.900083
   940.99330    0.712349   0.899108
   941.02888    0.876367   0.898079
   941.06448    1.083369   0.897060
   941.10007    1.131161   0.896034
   941.13567    0.937732   0.895087
   941.17125    0.721398   0.894127
   941.20685    0.787854   0.893094
   941.24243    0.584245   0.892109
   941.27803    0.572085   0.891088
   941.31362    1.138796   0.890177
   941.34922    1.063291   0.889065
   941.38480    0.976475   0.888022
   941.42040    0.902949   0.887142
   941.45598    0.837625   0.886091
   941.49158    0.770603   0.885055
   941.52717    0.867600   0.884086
   941.56275    0.844977   0.883034
   941.59835    0.848653   0.882042
   941.63393    0.874105   0.881026
   941.66953    0.887113   0.880021
   941.70512    0.863076   0.878979
   941.74072    0.874105   0.878005
   941.77630    0.866752   0.877010
   941.81190    0.853461   0.875936
   941.84748    0.917089   0.874963
   941.88308    0.877215   0.873917
   941.91867    0.850916   0.872954
   941.95427    0.859399   0.871912
   941.98985    0.885133   0.870903
   942.02545    0.876650   0.869879
   942.06103    0.861379   0.868807
   942.09663    0.963466   0.867882
   942.13222    0.772583   0.866799
   942.16780    0.609130   0.865762
   942.20340    0.800579   0.864806
   942.23898    0.970253   0.863699
   942.27458    0.958093   0.862713
   942.31017    0.914826   0.861774
   942.34577    0.894183   0.860695
   942.38135    0.848371   0.859677
   942.41695    0.791247   0.858637
   942.45253    0.829141   0.857607
   942.48813    0.885982   0.856615
   942.52372    0.818395   0.855545
   942.55932    0.855723   0.854576
   942.59490    0.893900   0.853509
   942.63050    0.846674   0.852546
   942.66608    0.849785   0.851479
   942.70167    0.848653   0.850458
   942.73727    0.842432   0.849461
   942.77285    0.863076   0.848442
   942.80845    0.852330   0.847427
   942.84403    0.837625   0.846443
   942.87963    0.869863   0.845388
   942.91522    0.803973   0.844341
   942.95082    0.871842   0.843370
   942.98640    0.893334   0.842302
   943.02200    0.845260   0.841370
   943.05758    0.848088   0.840329
   943.09318    0.878346   0.839323
   943.12877    0.893051   0.838310
   943.16437    0.884568   0.837278
   943.19995    0.910584   0.836271
   943.23555    0.810760   0.835260
   943.27113    0.736951   0.834298
   943.30672    0.676717   0.833297
   943.34232    0.809063   0.832253
   943.37790    0.956396   0.831278
   943.41350    0.854309   0.830242
   943.44908    0.782198   0.829262
   943.48468    0.791247   0.828295
   943.52027    0.795206   0.827273
   943.55587    0.837625   0.826251
   943.59145    0.888244   0.825287
   943.62705    0.841018   0.824296
   943.66263    0.804821   0.823320
   943.69823    0.826030   0.822322
   943.73382    0.810194   0.821297
   943.76942    0.810760   0.820320
   943.80500    0.772866   0.819363
   943.84058    0.783612   0.818389
   943.87618    0.802841   0.817423
   943.91177    0.858834   0.816411
   943.94737    0.786722   0.815450
   943.98295    0.798882   0.814471
   944.01855    0.816698   0.813513
   944.05413    0.823768   0.812563
   944.08973    0.797751   0.811616
   944.12532    0.806800   0.810578
   944.16092    0.811042   0.809642
   944.19650    0.805952   0.808753
   944.23210    0.818960   0.807728
   944.26768    0.803973   0.806806
   944.30328    0.817546   0.805885
   944.33887    0.801145   0.804876
   944.37447    0.781067   0.803965
   944.41005    0.795772   0.803026
   944.44563    0.822071   0.802067
   944.48123    0.798882   0.801173
   944.51682    0.799165   0.800237
   944.55242    0.791813   0.799281
   944.58800    0.805952   0.798354
   944.62360    0.836211   0.797440
   944.65918    0.799731   0.796473
   944.69478    0.807932   0.795575
   944.73037    0.810760   0.794682
   944.76597    0.798317   0.793749
   944.80155    0.779087   0.792887
   944.83715    0.818960   0.791935
   944.87273    0.788985   0.791064
   944.90833    0.764099   0.790192
   944.94392    0.746001   0.789278
   944.97950    0.757312   0.788340
   945.01510    0.773714   0.787431
   945.05068    0.752505   0.786608
   945.08628    0.798600   0.785728
   945.12187    0.808780   0.784821
   945.15747    0.796337   0.783971
   945.19305    0.832252   0.783020
   945.22865    0.777107   0.782168
   945.26423    0.773148   0.781386
   945.29983    0.803124   0.780553
   945.33542    0.777956   0.779704
   945.37102    0.766079   0.778835
   945.40660    0.766079   0.778009
   945.44220    0.773148   0.777179
   945.47778    0.791813   0.776247
   945.51338    0.775694   0.775468
   945.54897    0.753919   0.774705
   945.58455    0.807932   0.773887
   945.62015    0.725074   0.772990
   945.65573    0.736668   0.772243
   945.69133    0.805386   0.771432
   945.72692    0.775976   0.770557
   945.76252    0.785591   0.769790
   945.79810    0.760706   0.769028
   945.83370    0.778521   0.768247
   945.86928    0.796903   0.767400
   945.90488    0.769472   0.766627
   945.94047    0.805952   0.765795
   945.97607    0.798317   0.765106
   946.01165    0.785026   0.764343
   946.04725    0.812173   0.763635
   946.08283    0.825747   0.762849
   946.11842    0.777956   0.762093
   946.15402    0.762968   0.761313
   946.18960    0.802559   0.760605
   946.22520    0.738082   0.759881
   946.26078    0.792095   0.759163
   946.29638    0.785026   0.758429
   946.33197    0.744587   0.757755
   946.36757    0.759009   0.757072
   946.40315    0.738082   0.756316
   946.43875    0.760988   0.755597
   946.47433    0.734406   0.754979
   946.50993    0.769189   0.754303
   946.54552    0.756747   0.753556
   946.58112    0.782480   0.752828
   946.61670    0.799448   0.752231
   946.65230    0.755898   0.751542
   946.68788    0.753070   0.750872
   946.72347    0.769472   0.750251
   946.75907    0.735820   0.749671
   946.79465    0.738648   0.748968
   946.83025    0.741476   0.748301
   946.86583    0.739496   0.747756
   946.90143    0.757312   0.747180
   946.93702    0.797186   0.746475
   946.97262    0.780501   0.745839
   947.00820    0.744587   0.745381
   947.04380    0.766644   0.744692
   947.07938    0.768624   0.744048
   947.11498    0.746566   0.743635
   947.15057    0.750525   0.742938
   947.18617    0.746566   0.742362
   947.22175    0.766079   0.741859
   947.25733    0.744304   0.741339
   947.29293    0.750525   0.740792
   947.32852    0.742890   0.740172
   947.36412    0.770321   0.739654
   947.39970    0.766927   0.739159
   947.43530    0.724791   0.738553
   947.47088    0.724508   0.738232
   947.50648    0.737517   0.737660
   947.54207    0.725640   0.737052
   947.57767    0.776259   0.736633
   947.61325    0.756464   0.736146
   947.64885    0.730447   0.735692
   947.68443    0.759574   0.735309
   947.72003    0.754767   0.734813
   947.75562    0.740628   0.734365
   947.79122    0.745435   0.733906
   947.82680    0.715176   0.733450
   947.86238    0.713762   0.733015
   947.89798    0.720267   0.732609
   947.93357    0.718853   0.732214
   947.96917    0.713197   0.731795
   948.00475    0.723660   0.731429
   948.04035    0.753353   0.731062
   948.07593    0.741193   0.730617
   948.11153    0.754201   0.730254
   948.14712    0.703299   0.729799
   948.18272    0.710369   0.729503
   948.21830    0.741193   0.729200
   948.25390    0.708389   0.728833
   948.28948    0.753919   0.728493
   948.32508    0.740345   0.728205
   948.36067    0.760706   0.727829
   948.39625    0.779653   0.727544
   948.43185    0.764947   0.727252
   948.46743    0.715176   0.726938
   948.50303    0.742041   0.726567
   948.53862    0.726771   0.726340
   948.57422    0.742324   0.726090
   948.60980    0.718287   0.725801
   948.64540    0.736386   0.725601
   948.68098    0.750242   0.725295
   948.71658    0.724791   0.725092
   948.75217    0.704430   0.724915
   948.78777    0.702734   0.724600
   948.82335    0.729316   0.724479
   948.85895    0.691988   0.724208
   948.89453    0.743738   0.724032
   948.93013    0.721681   0.723811
   948.96572    0.766361   0.723659
   949.00130    0.727902   0.723508
   949.03690    0.743173   0.723342
   949.07248    0.748546   0.723182
   949.10808    0.729882   0.722970
   949.14367    0.731578   0.722839
   949.17927    0.699057   0.722704
   949.21485    0.747132   0.722568
   949.25045    0.708389   0.722444
   949.28603    0.711217   0.722377
   949.32163    0.734406   0.722225
   949.35722    0.738931   0.722153
   949.39282    0.693402   0.722087
   949.42840    0.735820   0.722017
   949.46400    0.709803   0.721948
   949.49958    0.728750   0.721916
   949.53517    0.692270   0.721814
   949.57077    0.710652   0.721815
   949.60635    0.730447   0.721786
   949.64195    0.729882   0.721758
   949.67753    0.764665   0.721694
   949.71313    0.738648   0.721723
   949.74872    0.758161   0.721701
   949.78432    0.757878   0.721676
   949.81990    0.735255   0.721697
   949.85550    0.746283   0.721767
   949.89108    0.704713   0.721865
   949.92668    0.749677   0.721891
   949.96227    0.710086   0.721968
   949.99787    0.726205   0.722025
   950.03345    0.735820   0.722091
   950.06905    0.771452   0.722153
   950.10463    0.703016   0.722288
   950.14022    0.757029   0.722401
   950.17582    0.750242   0.722431
   950.21140    0.698209   0.722589
   950.24700    0.769189   0.722675
   950.28258    0.762402   0.722782
   950.31818    0.744869   0.722897
   950.35377    0.760140   0.723040
   950.38937    0.724508   0.723154
   950.42495    0.724791   0.723293
   950.46055    0.749677   0.723497
   950.49613    0.698775   0.723593
   950.53173    0.742041   0.723864
   950.56732    0.707824   0.724030
   950.60292    0.769755   0.724261
   950.63850    0.734406   0.724479
   950.67408    0.735820   0.724657
   950.70968    0.734406   0.724876
   950.74527    0.760706   0.725153
   950.78087    0.746001   0.725276
   950.81645    0.747697   0.725553
   950.85205    0.753070   0.725734
   950.88763    0.730730   0.726043
   950.92323    0.735255   0.726366
   950.95882    0.755050   0.726649
   950.99442    0.705562   0.726924
   951.03000    0.742890   0.727191
   951.06560    0.729882   0.727491
   951.10118    0.743173   0.727755
   951.13678    0.758443   0.728101
   951.17237    0.750808   0.728306
   951.20797    0.732427   0.728749
   951.24355    0.737517   0.729035
   951.27913    0.731295   0.729392
   951.31473    0.682656   0.729756
   951.35032    0.707824   0.730095
   951.38592    0.717156   0.730426
   951.42150    0.775128   0.730724
   951.45710    0.754484   0.731238
   951.49268    0.739496   0.731540
   951.52828    0.786157   0.731942
   951.56387    0.763534   0.732437
   951.59947    0.753353   0.732655
   951.63505    0.751939   0.733191
   951.67065    0.729882   0.733572
   951.70623    0.751091   0.733958
   951.74183    0.722812   0.734521
   951.77742    0.753070   0.734917
   951.81300    0.724508   0.735236
   951.84860    0.752505   0.735751
   951.88418    0.732992   0.736077
   951.91978    0.702451   0.736617
   951.95537    0.733558   0.737189
   951.99097    0.759292   0.737584
   952.02655    0.728185   0.737979
   952.06215    0.743173   0.738547
   952.09773    0.721963   0.739058
   952.13333    0.746566   0.739483
   952.16892    0.769189   0.740064
   952.20452    0.718004   0.740605
   952.24010    0.716873   0.740962
   952.27570    0.713762   0.741556
   952.31128    0.774562   0.742165
   952.34688    0.751374   0.742691
   952.38247    0.783612   0.743085
   952.41805    0.718853   0.743729
   952.45365    0.699057   0.744355
   952.48923    0.742607   0.744859
   952.52483    0.787854   0.745375
   952.56042    0.777107   0.746016
   952.59602    0.750808   0.746551
   952.63160    0.759574   0.747129
   952.66720    0.768624   0.747757
   952.70278    0.731013   0.748311
   952.73838    0.759292   0.748850
   952.77397    0.747980   0.749476
   952.80957    0.717439   0.750184
   952.84515    0.770038   0.750784
   952.88075    0.730164   0.751291
   952.91633    0.725922   0.751887
   952.95192    0.728185   0.752604
   952.98752    0.742324   0.753273
   953.02310    0.765513   0.753827
   953.05870    0.733558   0.754495
   953.09428    0.745152   0.755230
   953.12988    0.745718   0.755872
   953.16547    0.762402   0.756440
   953.20107    0.749111   0.757100
   953.23665    0.717439   0.757800
   953.27225    0.773714   0.758456
   953.30783    0.751939   0.759047
   953.34343    0.705562   0.759775
   953.37902    0.732992   0.760465
   953.41462    0.768341   0.761221
   953.45020    0.712349   0.761891
   953.48580    0.734406   0.762522
   953.52138    0.731861   0.763251
   953.55697    0.748263   0.764009
   953.59257    0.713480   0.764718
   953.62815    0.780501   0.765358
   953.66375    0.787005   0.766068
   953.69933    0.758726   0.766854
   953.73493    0.770603   0.767536
   953.77052    0.748546   0.768227
   953.80612    0.775411   0.769031
   953.84170    0.792095   0.769756
   953.87730    0.790399   0.770483
   953.91288    0.819243   0.771215
   953.94848    0.770886   0.772046
   953.98407    0.787288   0.772798
   954.01967    0.767775   0.773505
   954.05525    0.715459   0.774289
   954.09083    0.772583   0.775033
   954.12643    0.762402   0.775710
   954.16202    0.786722   0.776504
   954.19762    0.765230   0.777361
   954.23320    0.787005   0.778125
   954.26880    0.765230   0.778875
   954.30438    0.796054   0.779678
   954.33998    0.765796   0.780481
   954.37557    0.771734   0.781310
   954.41117    0.800862   0.782034
   954.44675    0.788985   0.782817
   954.48235    0.751656   0.783661
   954.51793    0.830555   0.784446
   954.55353    0.799731   0.785254
   954.58912    0.804821   0.786097
   954.62472    0.768624   0.786875
   954.66030    0.770886   0.787674
   954.69588    0.770603   0.788505
   954.73148    0.774280   0.789307
   954.76707    0.814153   0.790112
   954.80267    0.757595   0.790978
   954.83825    0.780784   0.791815
   954.87385    0.778239   0.792621
   954.90943    0.771452   0.793436
   954.94503    0.797751   0.794316
   954.98062    0.764099   0.795105
   955.01622    0.803407   0.795981
   955.05180    0.757312   0.796843
   955.08740    0.793509   0.797652
   955.12298    0.822354   0.798486
   955.15858    0.768624   0.799372
   955.19417    0.798882   0.800197
   955.22975    0.810194   0.801035
   955.26535    0.816698   0.801921
   955.30093    0.821788   0.802768
   955.33653    0.787005   0.803591
   955.37212    0.761837   0.804509
   955.40772    0.756181   0.805362
   955.44330    0.805386   0.806192
   955.47890    0.789833   0.807103
   955.51448    0.809063   0.807944
   955.55008    0.757595   0.808694
   955.58567    0.816415   0.809690
   955.62127    0.792378   0.810558
   955.65685    0.830272   0.811429
   955.69245    0.778521   0.812314
   955.72803    0.795206   0.813168
   955.76363    0.761554   0.814086
   955.79922    0.840170   0.814957
   955.83480    0.772300   0.815808
   955.87040    0.800862   0.816701
   955.90598    0.808780   0.817606
   955.94158    0.801145   0.818485
   955.97717    0.794640   0.819334
   956.01277    0.802559   0.820315
   956.04835    0.816415   0.821166
   956.08395    0.811891   0.822062
   956.11953    0.773148   0.822942
   956.15513    0.774845   0.823835
   956.19072    0.826030   0.824742
   956.22632    0.824616   0.825652
   956.26190    0.809346   0.826506
   956.29750    0.852612   0.827386
   956.33308    0.888527   0.828364
   956.36867    0.812739   0.829218
   956.40427    0.853178   0.830108
   956.43985    0.824333   0.831058
   956.47545    0.842149   0.831920
   956.51103    0.811891   0.832810
   956.54663    0.870711   0.833767
   956.58222    0.846108   0.834680
   956.61782    0.879195   0.835490
   956.65340    0.841866   0.836478
   956.68900    0.862227   0.837317
   956.72458    0.831403   0.838265
   956.76018    0.856572   0.839171
   956.79577    0.857703   0.840044
   956.83137    0.859399   0.840972
   956.86695    0.848088   0.841876
   956.90255    0.830838   0.842758
   956.93813    0.820092   0.843683
   956.97372    0.800296   0.844573
   957.00932    0.884002   0.845542
   957.04490    0.826596   0.846403
   957.08050    0.841301   0.847321
   957.11608    0.860531   0.848237
   957.15168    0.873539   0.849174
   957.18727    0.856572   0.850080
   957.22287    0.911433   0.850987
   957.25845    0.857137   0.851885
   957.29405    0.816698   0.852778
   957.32963    0.886830   0.853710
   957.36523    0.868731   0.854581
   957.40082    0.810477   0.855517
   957.43642    0.863641   0.856488
   957.47200    0.868731   0.857350
   957.50758    0.860813   0.858189
   957.54318    0.870711   0.859157
   957.57877    0.895031   0.860114
   957.61437    0.877498   0.860981
   957.64995    0.894183   0.861917
   957.68555    0.847805   0.862775
   957.72113    0.898424   0.863731
   957.75673    0.840735   0.864665
   957.79232    0.835079   0.865472
   957.82792    0.847239   0.866370
   957.86350    0.859965   0.867461
   957.89910    0.823485   0.868244
   957.93468    0.856006   0.869137
   957.97028    0.841866   0.870003
   958.00587    0.881457   0.870905
   958.04147    0.871277   0.871965
   958.07705    0.867883   0.872747
   958.11263    0.882871   0.873657
   958.14823    0.863358   0.874536
   958.18382    0.859399   0.875471
   958.21942    0.906908   0.876430
   958.25500    0.923593   0.877263
   958.29060    0.940843   0.878175
   958.32618    0.910584   0.878998
   958.36178    0.844412   0.879989
   958.39737    0.854309   0.880836
   958.43297    0.885133   0.881763
   958.46855    0.884002   0.882577
   958.50415    0.891920   0.883473
   958.53973    0.902666   0.884430
   958.57533    0.891638   0.885345
   958.61092    0.854309   0.886244
   958.64652    0.826596   0.887062
   958.68210    0.921613   0.887957
   958.71768    0.881457   0.888838
   958.75328    0.862227   0.889794
   958.78887    0.888527   0.890639
   958.82447    0.859965   0.891611
   958.86005    0.890789   0.892329
   958.89565    0.876932   0.893264
   958.93123    0.892486   0.894082
   958.96683    0.914826   0.895013
   959.00242    0.893900   0.895948
   959.03802    0.864772   0.896829
   959.07360    0.885416   0.897600
   959.10920    0.891355   0.898547
   959.14478    0.916806   0.899344
   959.18038    0.883719   0.900182
   959.21597    0.917937   0.901086
   959.25155    0.902666   0.901973
   959.28715    1.002774   0.902919
   959.32273    0.867035   0.903647
   959.35833    0.924441   0.904491
   959.39392    0.897293   0.905395
   959.42952    0.899556   0.906258
   959.46510    0.895031   0.907037
   959.50070    0.929531   0.907974
   959.53628    0.867035   0.908815
   959.57188    0.922744   0.909727
   959.60747    0.902949   0.910466
   959.64307    0.874953   0.911309
   959.67865    0.852895   0.912216
   959.71425    0.917937   0.912973
   959.74983    0.877215   0.913865
   959.78543    0.897011   0.914728
   959.82102    0.867600   0.915560
   959.85660    0.912281   0.916366
   959.89220    0.925007   0.917172
   959.92778    0.889375   0.917998
   959.96338    0.932077   0.918872
   959.99897    0.908039   0.919663
   960.03457    0.914544   0.920467
   960.07015    0.925290   0.921282
   960.10575    0.921613   0.922079
   960.14133    0.908605   0.923017
   960.17693    0.887678   0.923744
   960.21252    0.897576   0.924543
   960.24812    0.921613   0.925380
   960.28370    0.916806   0.926166
   960.31930    0.913412   0.926986
   960.35488    0.895879   0.927805
   960.39047    0.965729   0.928506
   960.42607    0.915392   0.929386
   960.46165    0.927552   0.930133
   960.49725    0.920199   0.930974
   960.53283    0.906060   0.931728
   960.56843    0.958659   0.932524
   960.60402    0.991462   0.933349
   960.63962    0.958376   0.934106
   960.67520    0.910867   0.934810
   960.71080    0.929531   0.935645
   960.74638    0.926986   0.936355
   960.78198    0.904363   0.937205
   960.81757    0.892203   0.937920
   960.85317    0.897576   0.938712
   960.88875    0.938298   0.939496
   960.92435    0.920765   0.940225
   960.95993    0.892486   0.940919
   960.99552    0.937450   0.941717
   961.03112    0.927269   0.942421
   961.06670    0.929814   0.943318
   961.10230    0.881740   0.943940
   961.13788    0.953569   0.944676
   961.17348    0.964032   0.945387
   961.20907    0.900404   0.946160
   961.24467    0.923593   0.946838
   961.28025    0.959224   0.947567
   961.31585    0.925572   0.948341
   961.35143    0.926986   0.949061
   961.38703    0.934622   0.949752
   961.42262    0.918503   0.950446
   961.45822    0.934339   0.951241
   961.49380    0.953286   0.951855
   961.52938    0.935470   0.952652
   961.56498    0.959224   0.953337
   961.60057    0.962052   0.953950
   961.63617    0.946782   0.954675
   961.67175    0.982130   0.955387
   961.70735    0.996835   0.956080
   961.74293    0.917937   0.956760
   961.77853    0.964032   0.957382
   961.81412    0.934056   0.958185
   961.84972    0.962052   0.958740
   961.88530    0.996553   0.959410
   961.92090    0.934339   0.960126
   961.95648    0.938015   0.960683
   961.99208    0.945650   0.961455
   962.02767    0.939995   0.962049
   962.06327    0.954983   0.962721
   962.09885    0.946782   0.963396
   962.13443    0.876367   0.964022
   962.17003    0.901252   0.964654
   962.20562    0.938015   0.965319
   962.24122    0.947064   0.965886
   962.27680    0.941126   0.966574
   962.31240    0.945368   0.967147
   962.34798    0.969970   0.967796
   962.38358    0.958093   0.968391
   962.41917    1.006450   0.968969
   962.45477    1.010975   0.969700
   962.49035    0.975626   0.970223
   962.52595    0.927835   0.970826
   962.56153    0.936036   0.971415
   962.59713    0.989766   0.972013
   962.63272    0.994008   0.972612
   962.66830    0.972516   0.973180
   962.70390    0.974495   0.973718
   962.73948    0.977889   0.974303
   962.77508    0.941409   0.974872
   962.81067    0.943388   0.975468
   962.84627    0.929249   0.976007
   962.88185    0.936318   0.976482
   962.91745    0.998249   0.977122
   962.95303    0.909736   0.977613
   962.98863    0.948478   0.978206
   963.02422    0.936318   0.978690
   963.05982    0.958093   0.979218
   963.09540    1.023701   0.979792
   963.13100    0.958659   0.980254
   963.16658    0.981848   0.980809
   963.20218    0.962901   0.981303
   963.23777    0.978737   0.981829
   963.27335    0.999381   0.982300
   963.30895    0.961204   0.982778
   963.34453    1.012389   0.983338
   963.38013    0.957528   0.983755
   963.41572    1.002208   0.984248
   963.45132    0.993442   0.984772
   963.48690    1.001926   0.985231
   963.52250    0.979302   0.985675
   963.55808    0.974778   0.986109
   963.59368    0.960921   0.986568
   963.62927    0.977040   0.987050
   963.66487    1.002491   0.987487
   963.70045    0.989200   0.987899
   963.73605    0.967991   0.988396
   963.77163    1.029922   0.988750
   963.80722    1.007299   0.989189
   963.84282    1.000229   0.989652
   963.87840    1.068381   0.990008
   963.91400    0.971950   0.990458
   963.94958    1.071209   0.990828
   963.98518    1.041234   0.991220
   964.02077    0.982413   0.991590
   964.05637    0.967708   0.991972
   964.09195    1.018893   0.992389
   964.12755    1.008147   0.992689
   964.16313    0.982130   0.993071
   964.19873    1.022852   0.993442
   964.23432    1.004188   0.993753
   964.26992    0.972798   0.994173
   964.30550    0.977889   0.994461
   964.34110    0.971950   0.994749
   964.37668    0.956679   0.995109
   964.41227    0.991745   0.995386
   964.44787    1.036426   0.995711
   964.48345    0.934056   0.996000
   964.51905    0.925572   0.996288
   964.55463    1.004188   0.996613
   964.59023    0.977889   0.996842
   964.62582    0.963466   0.997144
   964.66142    1.003340   0.997397
   964.69700    1.026246   0.997590
   964.73260    0.973647   0.997904
   964.76818    0.943954   0.998085
   964.80378    0.972516   0.998314
   964.83937    0.936318   0.998544
   964.87497    0.908322   0.998724
   964.91055    0.943105   0.998966
   964.94613    0.964597   0.999087
   964.98173    1.003057   0.999255
   965.01732    1.004471   0.999448
   965.05292    1.000512   0.999544
   965.08850    1.042647   0.999749
   965.12410    1.012955   0.999797
   965.15968    0.964597   0.999892
   965.19528    1.019176   1.000000
   965.23087    0.985807   1.000000
   965.26647    0.991462   1.000000
   965.30205    1.057070   1.000000
   965.33765    1.038406   1.000000
   965.37323    1.022569   1.000000
   965.40883    1.047172   1.000000
   965.44442    0.977606   1.000000
   965.48002    0.993159   1.000000
   965.51560    1.032467   1.000000
   965.55118    1.047738   1.000000
   965.58678    1.001077   1.000000
   965.62237    1.067816   1.000000
   965.65797    1.042930   1.000000
   965.69355    1.043496   1.000000
   965.72915    0.983827   1.000000
   965.76473    0.977889   1.000000
   965.80033    1.074603   1.000000
   965.83592    0.954983   1.000000
   965.87152    1.062160   1.000000
   965.90710    0.968556   1.000000
   965.94270    1.045758   1.000000
   965.97828    0.954983   1.000000
   966.01388    1.007016   1.000000
   966.04947    0.966294   1.000000
   966.08505    0.998815   1.000000
   966.12065    1.017479   1.000000
   966.15623    1.027660   1.000000
   966.19183    1.066119   1.000000
   966.22742    1.048586   1.000000
   966.26302    1.027377   1.000000
   966.29860    1.003622   1.000000
   966.33420    1.028508   1.000000
   966.36978    1.047738   1.000000
   966.40538    1.002774   1.000000
   966.44097    1.067533   1.000000
   966.47657    1.036426   1.000000
   966.51215    1.056504   1.000000
   966.54775    1.032184   1.000000
   966.58333    0.981282   1.000000
   966.61893    1.025963   1.000000
   966.65452    1.008995   1.000000
   966.69010    0.999663   1.000000
   966.72570    1.081390   1.000000
   966.76128    1.018328   1.000000
   966.79688    0.997967   1.000000
   966.83247    1.033315   1.000000
   966.86807    0.971102   1.000000
   966.90365    0.990331   1.000000
   966.93925    1.065553   1.000000
   966.97483    1.023701   1.000000
   967.01043    1.072340   1.000000
   967.04602    1.039820   1.000000
   967.08162    1.058201   1.000000
   967.11720    0.998815   1.000000
   967.15280    1.047738   1.000000
   967.18838    1.033598   1.000000
   967.22397    1.048020   1.000000
   967.25957    1.038123   1.000000
   967.29515    1.078845   1.000000
   967.33075    0.950458   1.000000
   967.36633    1.004471   1.000000
   967.40193    1.033315   1.000000
   967.43752    1.040385   1.000000
   967.47312    1.051980   1.000000
   967.50870    1.076300   1.000000
   967.54430    1.057918   1.000000
   967.57988    0.994290   1.000000
   967.61548    1.014368   1.000000
   967.65107    0.936318   1.000000
   967.68667    1.084783   1.000000
   967.72225    0.995139   1.000000
   967.75785    0.953003   1.000000
   967.79343    1.042082   1.000000
   967.82902    1.075168   1.000000
   967.86462    0.993159   1.000000
   967.90020    0.969688   1.000000
   967.93580    0.954700   1.000000
   967.97138    0.969688   1.000000
   968.00698    1.000512   1.000000
   968.04257    1.007581   1.000000
   968.07817    1.008995   1.000000
   968.11375    0.999098   1.000000
   968.14935    1.002774   1.000000
   968.18493    0.998249   1.000000
   968.22053    0.945085   1.000000
   968.25612    1.027660   1.000000
   968.29172    1.003905   1.000000
   968.32730    0.977889   1.000000
   968.36288    1.013237   1.000000
   968.39848    0.975343   1.000000
   968.43407    1.034164   1.000000
   968.46967    1.005319   1.000000
   968.50525    0.970536   1.000000
   968.54085    0.971102   1.000000
   968.57643    1.061029   1.000000
   968.61203    0.995139   1.000000
   968.64762    0.954700   1.000000
   968.68322    1.046324   1.000000
   968.71880    0.988069   1.000000
   968.75440    1.025114   1.000000
   968.78998    0.993725   1.000000
   968.82558    1.002208   1.000000
   968.86117    0.999381   1.000000
   968.89677    0.938863   1.000000
   968.93235    0.991462   1.000000
   968.96793    1.022852   1.000000
   969.00353    1.010692   1.000000
   969.03912    1.044627   1.000000
   969.07472    1.025963   1.000000
   969.11030    1.017196   1.000000
   969.14590    1.020873   1.000000
   969.18148    1.021721   1.000000
   969.21708    1.043496   1.000000
   969.25267    0.953003   1.000000
   969.28827    0.987786   1.000000
   969.32385    1.003905   1.000000
   969.35945    0.989483   1.000000
   969.39503    1.060180   1.000000
   969.43063    1.028508   1.000000
   969.46622    0.985807   1.000000
   969.50180    1.025114   1.000000
   969.53740    1.058767   1.000000
   969.57298    0.986089   1.000000
   969.60858    1.059049   1.000000
   969.64417    1.007016   1.000000
   969.67977    0.987503   1.000000
   969.71535    0.979868   1.000000
   969.75095    1.007016   1.000000
   969.78653    0.953003   1.000000
   969.82213    0.983262   1.000000
   969.85772    1.009844   1.000000
   969.89332    1.017762   1.000000
   969.92890    0.948196   1.000000
   969.96450    1.048869   1.000000
   970.00008    0.986655   1.000000
   970.03568    1.081390   1.000000
   970.07127    1.097226   1.000000
   970.10685    1.040385   1.000000
   970.14245    1.044061   1.000000
   970.17803    1.024266   1.000000
   970.21363    1.022569   1.000000
   970.24922    1.065836   1.000000
   970.28482    1.000229   1.000000
   970.32040    1.000512   1.000000
   970.35600    1.018328   1.000000
   970.39158    0.989200   1.000000
   970.42718    1.030487   1.000000
   970.46277    0.990614   1.000000
   970.49837    1.034729   1.000000
   970.53395    0.988352   1.000000
   970.56955    1.042930   1.000000
   970.60513    1.007299   1.000000
   970.64072    1.008713   1.000000
   970.67632    0.981282   1.000000
   970.71190    1.051414   1.000000
   970.74750    1.019741   1.000000
   970.78308    1.013237   1.000000
   970.81868    1.055939   1.000000
   970.85427    0.982130   1.000000
   970.88987    1.045475   1.000000
   970.92545    0.967708   1.000000
   970.96105    1.000229   1.000000
   970.99663    1.012389   1.000000
   971.03223    0.989766   1.000000
   971.06782    1.023983   1.000000
   971.10342    0.966011   1.000000
   971.13900    1.050848   1.000000
   971.17460    1.029639   1.000000
   971.21018    1.046889   1.000000
   971.24577    1.005602   1.000000
   971.28137    0.965729   1.000000
   971.31695    1.012672   1.000000
   971.35255    1.025963   1.000000
   971.38813    0.995987   1.000000
   971.42373    0.982979   1.000000
   971.45932    0.997684   1.000000
   971.49492    1.019176   1.000000
   971.53050    0.976757   1.000000
   971.56610    1.051414   1.000000
   971.60168    1.026811   1.000000
   971.63728    0.964597   1.000000
   971.67287    0.983262   1.000000
   971.70847    0.989483   1.000000
   971.74405    0.990331   1.000000
   971.77963    0.987221   1.000000
   971.81523    0.982130   1.000000
   971.85082    1.013520   1.000000
   971.88642    0.987786   1.000000
   971.92200    1.031336   1.000000
   971.95760    1.036709   1.000000
   971.99318    1.022852   1.000000
