  1237.34880    1.097117   1.000000
  1237.63882    0.971943   1.000000
  1237.94078    1.013494   1.000000
  1238.24851    1.077406   1.000000
  1238.52082    0.976809   1.000000
  1238.79341    0.975410   1.000000
  1239.06542    1.034903   1.000000
  1239.33758    0.995209   1.000000
  1239.61910    0.995617   1.000000
  1239.89760    0.981505   1.000000
  1240.18992    0.985538   1.000000
  1240.46194    0.953051   1.000000
  1240.73928    0.972870   1.000000
  1241.01850    1.045372   1.000000
  1241.30578    0.978160   1.000000
  1241.57750    1.008563   1.000000
  1241.85038    1.085610   1.000000
  1242.14126    1.013081   1.000000
  1242.41299    0.974407   1.000000
  1242.68530    1.024116   1.000000
  1243.24949    1.059200   1.000000
  1243.52136    1.005860   1.000000
  1243.79309    0.920214   1.000000
  1244.13250    0.990355   1.000000
  1244.44008    0.975569   1.000000
  1244.85754    1.066383   1.000000
  1245.15749    0.977499   1.000000
  1245.43469    0.988639   1.000000
  1245.71808    0.999908   1.000000
  1245.99254    0.930141   1.000000
  1246.31453    1.081211   1.000000
  1246.58626    0.973363   1.000000
  1246.86245    1.015309   1.000000
  1247.19163    0.989391   1.000000
  1247.47243    0.969359   1.000000
  1247.78578    1.046606   1.000000
  1248.31181    1.000039   1.000000
  1248.61781    0.955324   1.000000
  1248.95304    0.999158   1.000000
  1249.27546    0.945103   1.000000
  1249.58347    1.010990   1.000000
  1269.32285    0.983640   0.999163
  1269.64498    0.967849   0.996907
  1269.97042    0.981133   0.992402
  1270.30694    1.017558   0.984915
  1270.62389    0.932692   0.975163
  1270.94861    0.954598   0.962908
  1271.29882    0.936936   0.947849
  1271.61734    0.902144   0.932960
  1271.93962    0.933787   0.917138
  1272.27571    0.892953   0.900224
  1272.59251    0.912239   0.884262
  1272.91003    0.868659   0.868602
  1273.24685    0.828074   0.852759
  1273.56394    0.842233   0.838946
  1273.88088    0.842693   0.826572
  1274.21798    0.837385   0.815370
  1274.53522    0.823538   0.807010
  1274.85216    0.785310   0.801048
  1275.18754    0.798700   0.797563
  1275.50477    0.792341   0.797059
  1275.82718    0.789423   0.799339
  1276.16846    0.805624   0.804709
  1276.49131    0.827085   0.812381
  1276.81488    0.804495   0.822316
  1277.15443    0.845264   0.834796
  1277.47642    0.860372   0.848201
  1277.79941    0.844027   0.862805
  1278.12197    0.873217   0.878179
  1278.43992    0.892640   0.893753
  1278.76277    0.949403   0.909647
  1279.07971    0.909055   0.925002
  1279.40083    0.922911   0.939979
  1279.71806    0.930546   0.953876
  1280.04034    0.994885   0.966730
  1280.35843    0.976633   0.977767
  1280.67595    0.955461   0.986610
  1280.99794    0.989426   0.993064
  1281.33475    0.983963   0.997252
  1281.67934    0.979392   0.999333
  1282.02178    0.999481   0.999955
  1282.34506    1.026135   1.000000
  1282.68058    0.996142   1.000000
  1283.05454    1.017479   1.000000
  1283.41930    0.971026   1.000000
  1283.76734    0.974033   1.000000
  1284.26645    0.972255   1.000000
  1284.59333    0.968575   1.000000
  1284.92208    0.967396   1.000000
  1285.25011    1.001586   1.000000
  1285.56907    1.004628   1.000000
  1285.89696    1.002525   1.000000
  1286.24285    0.977625   1.000000
  1286.56915    0.953389   1.000000
  1286.89632    1.018684   1.000000
  1287.23789    1.001899   1.000000
  1287.67637    1.001679   1.000000
  1288.00829    0.983533   1.000000
  1288.44907    0.998534   1.000000
  1288.76443    1.000696   1.000000
  1289.08526    0.997756   1.000000
  1289.40278    0.997367   1.000000
  1289.72520    1.014973   1.000000
  1290.04042    1.019764   1.000000
  1290.35707    1.003860   1.000000
  1290.67157    0.992441   1.000000
  1290.98606    1.013350   1.000000
  1291.32000    1.019885   1.000000
  1291.63608    0.966446   1.000000
  1291.95821    1.023416   1.000000
  1292.29891    0.986413   1.000000
  1292.62594    1.008861   1.000000
  1292.94850    1.009329   1.000000
  1293.28114    1.007250   1.000000
  1293.59678    1.015416   1.000000
  1293.91070    1.015872   1.000000
  1294.24406    1.019802   1.000000
  1294.56317    0.995563   1.000000
  1294.88213    1.018142   1.000000
  1295.21794    1.015192   1.000000
  1295.53243    1.021671   1.000000
  1295.84650    1.008417   1.000000
  1296.17928    1.002120   1.000000
  1296.49277    1.029127   1.000000
  1296.80611    1.017496   1.000000
  1297.12334    1.021394   1.000000
