   924.51240    1.009000   1.000000
   924.52260    0.944005   1.000000
   924.53340    1.027346   1.000000
   924.54420    1.008476   1.000000
   924.55500    0.973358   1.000000
   924.56520    1.000090   1.000000
   924.57600    1.005855   1.000000
   924.58680    1.046215   1.000000
   924.59760    1.012669   1.000000
   924.60840    0.904693   1.000000
   924.61860    0.977027   1.000000
   924.62940    0.979648   1.000000
   924.64020    1.035732   1.000000
   924.65100    0.985937   1.000000
   924.66120    0.997469   1.000000
   924.67200    1.061940   1.000000
   924.68280    1.049360   1.000000
   924.69360    1.123790   1.000000
   924.70440    1.014242   1.000000
   924.71460    1.057223   1.000000
   924.72540    0.846512   1.000000
   924.73620    1.080810   1.000000
   924.74700    0.997469   1.000000
   924.75720    1.111735   1.000000
   924.76800    1.062464   1.000000
   924.77880    1.226525   1.000000
   924.78960    1.088148   1.000000
   924.80040    1.009000   1.000000
   924.81060    1.092865   1.000000
   924.82140    0.888444   1.000000
   924.83220    0.865382   1.000000
   924.84300    0.948722   1.000000
   924.85320    1.016339   1.000000
   924.86400    1.065085   1.000000
   924.87480    0.974930   1.000000
   924.88560    1.091293   1.000000
   924.89640    0.956585   1.000000
   924.90660    1.057223   1.000000
   924.91740    0.940336   1.000000
   924.92820    1.069278   1.000000
   924.93900    1.046740   1.000000
   924.94920    0.937191   1.000000
   924.96000    1.008476   1.000000
   924.97080    1.045167   1.000000
   924.98160    1.050409   1.000000
   924.99240    1.034160   1.000000
   925.00260    1.023677   1.000000
   925.01340    1.090769   1.000000
   925.02420    1.136370   1.000000
   925.03500    0.956585   1.000000
   925.04520    0.927756   1.000000
   925.05600    1.043070   1.000000
   925.06680    1.024201   1.000000
   925.07760    1.013718   1.000000
   925.08840    0.983841   1.000000
   925.09860    1.010049   1.000000
   925.10940    1.054078   1.000000
   925.12020    0.991179   1.000000
   925.13100    0.956061   1.000000
   925.14120    0.960254   1.000000
   925.15200    0.988558   1.000000
   925.16280    1.022104   1.000000
   925.17360    1.038877   1.000000
   925.18440    0.997469   1.000000
   925.19460    0.992751   1.000000
   925.20540    1.086051   1.000000
   925.21620    1.062988   1.000000
   925.22700    1.050409   1.000000
   925.23720    1.102824   1.000000
   925.24800    1.076616   1.000000
   925.25880    1.049884   1.000000
   925.26960    1.107017   1.000000
   925.28040    1.016863   1.000000
   925.29060    1.073472   1.000000
   925.30140    1.002710   1.000000
   925.31220    0.949247   1.000000
   925.32300    0.961302   1.000000
   925.33320    1.049884   1.000000
   925.34400    1.029967   1.000000
   925.35480    1.007952   1.000000
   925.36560    1.000614   1.000000
   925.37640    1.037305   1.000000
   925.38660    1.016339   1.000000
   925.39740    1.043070   1.000000
   925.40820    0.979648   1.000000
   925.41900    1.001662   1.000000
   925.42920    0.920418   1.000000
   925.44000    0.960254   1.000000
   925.45080    0.913080   1.000000
   925.46160    1.028918   1.000000
   925.47240    1.029442   1.000000
   925.48260    1.042022   1.000000
   925.49340    1.067182   1.000000
   925.50420    1.045167   1.000000
   925.51500    0.912556   1.000000
   925.52520    0.971261   1.000000
   925.53600    1.015814   1.000000
   925.54680    1.018959   1.000000
   925.55760    1.015290   1.000000
   925.56840    1.126935   1.000000
   925.57860    0.941384   1.000000
   925.58940    1.058795   1.000000
   925.60020    0.962875   1.000000
   925.61100    0.991703   1.000000
   925.62120    0.985413   0.999999
   925.63200    0.982268   0.999997
   925.64280    1.018435   0.999995
   925.65360    1.076616   0.999991
   925.66440    0.954488   0.999986
   925.67460    0.964447   0.999980
   925.68540    1.057223   0.999971
   925.69620    0.985937   0.999960
   925.70700    1.022104   0.999947
   925.71720    1.027346   0.999931
   925.72800    1.000090   0.999911
   925.73880    1.096010   0.999888
   925.74960    0.977551   0.999861
   925.76040    1.005855   0.999830
   925.77060    0.972309   0.999796
   925.78140    0.992227   0.999755
   925.79220    1.109638   0.999710
   925.80300    1.003235   0.999658
   925.81320    1.090245   0.999605
   925.82400    0.976503   0.999542
   925.83480    0.886872   0.999472
   925.84560    1.043070   0.999395
   925.85640    1.058271   0.999312
   925.86660    0.985937   0.999226
   925.87740    1.060368   0.999127
   925.88820    1.047264   0.999020
   925.89900    1.049884   0.998904
   925.90920    0.951867   0.998786
   925.92000    1.001662   0.998652
   925.93080    1.015290   0.998509
   925.94160    0.940336   0.998356
   925.95240    1.068230   0.998192
   925.96260    1.021056   0.998027
   925.97340    0.926708   0.997842
   925.98420    1.015290   0.997646
   925.99500    1.037829   0.997437
   926.00520    1.022628   0.997229
   926.01600    0.860664   0.996997
   926.02680    0.973882   0.996752
   926.03760    0.942957   0.996494
   926.04840    1.125887   0.996222
   926.05860    1.034160   0.995952
   926.06940    0.959206   0.995653
   926.08020    0.966020   0.995340
   926.09100    0.931425   0.995011
   926.10120    0.971261   0.994687
   926.11200    0.936667   0.994329
   926.12280    1.006380   0.993955
   926.13360    1.133749   0.993564
   926.14440    0.994848   0.993158
   926.15460    0.976503   0.992758
   926.16540    1.010049   0.992319
   926.17620    0.927232   0.991862
   926.18700    0.946626   0.991387
   926.19720    0.948722   0.990922
   926.20800    0.910983   0.990412
   926.21880    0.963399   0.989884
   926.22960    0.990131   0.989336
   926.24040    1.123790   0.988770
   926.25060    1.086051   0.988217
   926.26140    1.069802   0.987612
   926.27220    0.985937   0.986987
   926.28300    0.846512   0.986342
   926.29320    1.022628   0.985713
   926.30400    1.027346   0.985028
   926.31480    0.928280   0.984321
   926.32560    1.040974   0.983593
   926.33640    1.037305   0.982843
   926.34660    0.989607   0.982115
   926.35740    0.977027   0.981323
   926.36820    0.997993   0.980508
   926.37900    0.946626   0.979670
   926.38920    0.978599   0.978859
   926.40000    0.991703   0.977977
   926.41080    1.042022   0.977072
   926.42160    0.962875   0.976143
   926.43240    1.023677   0.975191
   926.44260    0.941384   0.974270
   926.45340    0.861712   0.973271
   926.46420    1.082906   0.972248
   926.47500    0.855947   0.971201
   926.48520    0.927756   0.970190
   926.49600    0.861712   0.969095
   926.50680    0.885824   0.967975
   926.51760    0.984365   0.966830
   926.52840    0.940860   0.965660
   926.53860    0.960778   0.964532
   926.54940    0.952391   0.963313
   926.56020    1.046215   0.962069
   926.57100    0.959730   0.960798
   926.58120    0.858568   0.959575
   926.59200    0.967592   0.958255
   926.60280    1.010573   0.956908
   926.61360    1.037829   0.955536
   926.62440    0.960254   0.954138
   926.63460    0.937715   0.952793
   926.64540    0.971785   0.951344
   926.65620    0.951343   0.949869
   926.66700    0.849133   0.948367
   926.67720    0.851229   0.946925
   926.68800    0.843891   0.945372
   926.69880    0.897879   0.943794
   926.70960    0.958157   0.942189
   926.72040    0.923563   0.940557
   926.73060    0.978599   0.938993
   926.74140    0.993800   0.937310
   926.75220    0.890017   0.935602
   926.76300    1.001138   0.933868
   926.77320    0.979123   0.932206
   926.78400    0.826070   0.930422
   926.79480    0.875865   0.928611
   926.80560    0.941384   0.926776
   926.81640    0.891065   0.924914
   926.82660    0.852802   0.923133
   926.83740    0.961826   0.921222
   926.84820    0.957633   0.919287
   926.85900    0.958157   0.917327
   926.86920    0.925135   0.915453
   926.88000    0.856471   0.913445
   926.89080    0.769985   0.911413
   926.90160    0.863809   0.909357
   926.91240    0.907314   0.907278
   926.92260    0.861188   0.905293
   926.93340    0.847560   0.903169
   926.94420    0.985413   0.901023
   926.95500    0.959730   0.898854
   926.96520    0.809821   0.896786
   926.97600    0.925135   0.894576
   926.98680    0.760026   0.892345
   926.99760    0.849657   0.890093
   927.00840    0.783613   0.887822
   927.01860    0.887396   0.885658
   927.02940    0.766840   0.883348
   927.04020    0.818732   0.881018
   927.05100    0.868002   0.878670
   927.06120    0.747971   0.876435
   927.07200    0.816111   0.874050
   927.08280    0.795145   0.871646
   927.09360    0.817683   0.869225
   927.10440    0.883203   0.866785
   927.11460    0.787806   0.864464
   927.12540    0.830263   0.861990
   927.13620    0.778372   0.859498
   927.14700    0.843367   0.856990
   927.15720    0.849133   0.854604
   927.16800    0.855947   0.852063
   927.17880    0.812966   0.849504
   927.18960    0.778372   0.846929
   927.20040    0.859616   0.844337
   927.21060    0.819256   0.841875
   927.22140    0.851754   0.839252
   927.23220    0.773654   0.836614
   927.24300    0.796193   0.833959
   927.25320    0.856995   0.831438
   927.26400    0.852278   0.828754
   927.27480    0.794621   0.826054
   927.28560    0.740108   0.823339
   927.29640    0.765268   0.820610
   927.30660    0.750067   0.818018
   927.31740    0.752164   0.815260
   927.32820    0.803007   0.812487
   927.33900    0.792000   0.809700
   927.34920    0.785186   0.807055
   927.36000    0.799338   0.804240
   927.37080    0.803007   0.801412
   927.38160    0.869051   0.798570
   927.39240    0.790427   0.795714
   927.40260    0.853326   0.793005
   927.41340    0.712852   0.790123
   927.42420    0.739060   0.787228
   927.43500    0.774178   0.784320
   927.44520    0.731198   0.781562
   927.45600    0.700272   0.778629
   927.46680    0.844939   0.775684
   927.47760    0.772082   0.772726
   927.48840    0.655195   0.769755
   927.49860    0.669871   0.766938
   927.50940    0.809297   0.763944
   927.52020    0.744826   0.760938
   927.53100    0.538308   0.757920
   927.54120    0.690838   0.755058
   927.55200    0.574475   0.752018
   927.56280    0.660961   0.748966
   927.57360    0.636325   0.745902
   927.58440    0.726480   0.742827
   927.59460    0.741157   0.739913
   927.60540    0.785186   0.736816
   927.61620    0.719666   0.733709
   927.62700    0.736439   0.730591
   927.63720    0.844939   0.727637
   927.64800    0.738536   0.724498
   927.65880    0.615883   0.721349
   927.66960    0.706562   0.718190
   927.68040    0.799862   0.715021
   927.69060    0.703417   0.712019
   927.70140    0.606973   0.708830
   927.71220    0.606973   0.705632
   927.72300    0.595965   0.702424
   927.73320    0.698176   0.699386
   927.74400    0.622173   0.696160
   927.75480    0.578668   0.692924
   927.76560    0.702893   0.689680
   927.77640    0.696603   0.686426
   927.78660    0.644712   0.683345
   927.79740    0.652050   0.680074
   927.80820    0.681403   0.676794
   927.81900    0.602779   0.673507
   927.82920    0.736963   0.670393
   927.84000    0.582861   0.667089
   927.85080    0.627939   0.663776
   927.86160    0.560323   0.660456
   927.87240    0.598062   0.657127
   927.88260    0.633180   0.653976
   927.89340    0.580765   0.650633
   927.90420    0.717045   0.647281
   927.91500    0.701845   0.643923
   927.92520    0.591248   0.640743
   927.93600    0.578668   0.637370
   927.94680    0.598586   0.633990
   927.95760    0.649953   0.630603
   927.96840    0.663582   0.627209
   927.97860    0.564516   0.623997
   927.98940    0.630560   0.620590
   928.00020    0.674589   0.617176
   928.01100    0.615883   0.613756
   928.02120    0.543026   0.610520
   928.03200    0.571330   0.607087
   928.04280    0.545646   0.603649
   928.05360    0.581289   0.600205
   928.06440    0.490610   0.596755
   928.07460    0.614311   0.593491
   928.08540    0.529398   0.590030
   928.09620    0.539881   0.586563
   928.10700    0.484844   0.583091
   928.11720    0.492707   0.579807
   928.12800    0.516818   0.576325
   928.13880    0.487465   0.572838
   928.14960    0.535163   0.569345
   928.16040    0.483272   0.565849
   928.17060    0.579717   0.562542
   928.18140    0.505286   0.559036
   928.19220    0.437670   0.555526
   928.20300    0.560847   0.552012
   928.21320    0.503190   0.548689
   928.22400    0.448153   0.545166
   928.23480    0.529922   0.541640
   928.24560    0.478030   0.538110
   928.25640    0.597014   0.534576
   928.26660    0.487465   0.531236
   928.27740    0.486417   0.527695
   928.28820    0.478554   0.524151
   928.29900    0.456016   0.520604
   928.30920    0.412511   0.517252
   928.32000    0.511052   0.513699
   928.33080    0.388924   0.510143
   928.34160    0.458112   0.506585
   928.35240    0.368482   0.503024
   928.36260    0.436098   0.499659
   928.37340    0.478554   0.496094
   928.38420    0.464402   0.492526
   928.39500    0.365861   0.488957
   928.40520    0.439767   0.485584
   928.41600    0.465451   0.482011
   928.42680    0.444484   0.478436
   928.43760    0.464926   0.474860
   928.44840    0.520487   0.471283
   928.45860    0.534115   0.467903
   928.46940    0.416704   0.464323
   928.48020    0.421946   0.460742
   928.49100    0.396262   0.457161
   928.50120    0.447105   0.453778
   928.51200    0.377392   0.450195
   928.52280    0.374247   0.446612
   928.53360    0.408318   0.443029
   928.54440    0.411462   0.439445
   928.55460    0.316066   0.436061
   928.56540    0.406745   0.432477
   928.57620    0.397834   0.428894
   928.58700    0.326549   0.425312
   928.59720    0.341750   0.421929
   928.60800    0.389448   0.418347
   928.61880    0.393641   0.414767
   928.62960    0.370054   0.411188
   928.64040    0.374772   0.407610
   928.65060    0.490086   0.404232
   928.66140    0.368482   0.400656
   928.67220    0.291955   0.397083
   928.68300    0.390496   0.393511
   928.69320    0.334412   0.390139
   928.70400    0.378965   0.386571
   928.71480    0.288810   0.383006
   928.72560    0.326549   0.379443
   928.73640    0.376344   0.375882
   928.74660    0.316066   0.372522
   928.75740    0.288810   0.368968
   928.76820    0.322356   0.365416
   928.77900    0.308204   0.361868
   928.78920    0.295624   0.358519
   928.80000    0.300866   0.354978
   928.81080    0.221194   0.351440
   928.82160    0.331791   0.347907
   928.83240    0.178213   0.344377
   928.84260    0.275706   0.341048
   928.85340    0.343846   0.337527
   928.86420    0.272561   0.334011
   928.87500    0.311873   0.330501
   928.88520    0.327598   0.327189
   928.89600    0.162488   0.323688
   928.90680    0.316590   0.320193
   928.91760    0.213331   0.316704
   928.92840    0.215952   0.313220
   928.93860    0.230629   0.309935
   928.94940    0.194462   0.306464
   928.96020    0.244781   0.302999
   928.97100    0.207042   0.299541
   928.98120    0.236919   0.296281
   928.99200    0.245305   0.292837
   929.00280    0.223815   0.289400
   929.01360    0.229580   0.285971
   929.02440    0.236394   0.282549
   929.03460    0.177165   0.279326
   929.04540    0.264175   0.275920
   929.05620    0.184503   0.272524
   929.06700    0.176641   0.269136
   929.07720    0.221194   0.265945
   929.08800    0.266795   0.262576
   929.09880    0.198131   0.259216
   929.10960    0.242684   0.255866
   929.12040    0.174544   0.252527
   929.13060    0.175592   0.249382
   929.14140    0.228532   0.246063
   929.15220    0.134184   0.242755
   929.16300    0.153054   0.239459
   929.17320    0.142046   0.236357
   929.18400    0.209138   0.233084
   929.19480    0.210711   0.229823
   929.20560    0.188696   0.226575
   929.21640    0.161440   0.223340
   929.22660    0.183455   0.220298
   929.23740    0.134184   0.217089
   929.24820    0.188696   0.213895
   929.25900    0.203897   0.210716
   929.26920    0.148336   0.207727
   929.28000    0.115314   0.204577
   929.29080    0.083341   0.201443
   929.30160    0.199703   0.198325
   929.31240    0.191841   0.195224
   929.32260    0.171923   0.192311
   929.33340    0.147812   0.189244
   929.34420    0.241636   0.186195
   929.35500    0.125273   0.183166
   929.36520    0.111645   0.180322
   929.37600    0.123701   0.177331
   929.38680    0.105880   0.174361
   929.39760    0.017297   0.171412
   929.40840    0.124225   0.168484
   929.41860    0.052416   0.165740
   929.42940    0.106928   0.162857
   929.44020    0.047174   0.159998
   929.45100    0.034070   0.157162
   929.46120    0.101162   0.154506
   929.47200    0.174544   0.151718
   929.48280    0.178737   0.148955
   929.49360    0.109024   0.146218
   929.50440    0.144143   0.143507
   929.51460    0.078623   0.140971
   929.52540    0.146764   0.138311
   929.53620    0.107976   0.135679
   929.54700    0.069713   0.133074
   929.55720    0.143619   0.130640
   929.56800    0.166157   0.128090
   929.57880    0.091203   0.125568
   929.58960    0.059230   0.123075
   929.60040    0.194462   0.120610
   929.61060    0.108500   0.118310
   929.62140    0.125273   0.115904
   929.63220    0.089631   0.113527
   929.64300    0.115838   0.111180
   929.65320    0.105355   0.108992
   929.66400    0.163537   0.106705
   929.67480    0.149384   0.104448
   929.68560    0.114790   0.102223
   929.69640    0.040360   0.100029
   929.70660    0.012580   0.097985
   929.71740    0.049271   0.095853
   929.72820    0.047174   0.093753
   929.73900    0.095921   0.091684
   929.74920    0.107976   0.089760
   929.76000    0.022015   0.087755
   929.77080   -0.029877   0.085782
   929.78160    0.059230   0.083843
   929.79240    0.012056   0.081936
   929.80260    0.025159   0.080166
   929.81340    0.045602   0.078324
   929.82420    0.008386   0.076516
   929.83500    0.100638   0.074741
   929.84520    0.071285   0.073097
   929.85600    0.092251   0.071388
   929.86680    0.084389   0.069714
   929.87760    0.074954   0.068075
   929.88840    0.070237   0.066470
   929.89860    0.050319   0.064987
   929.90940    0.044553   0.063450
   929.92020    0.082817   0.061949
   929.93100    0.112694   0.060483
   929.94120    0.045602   0.059132
   929.95200    0.049795   0.057737
   929.96280    0.045077   0.056377
   929.97360    0.032498   0.055055
   929.98440    0.092776   0.053770
   929.99460    0.006814   0.052590
   930.00540    0.001048   0.051378
   930.01620    0.040884   0.050204
   930.02700    0.069713   0.049069
   930.03720    0.071285   0.048033
   930.04800    0.080196   0.046974
   930.05880    0.038788   0.045956
   930.06960    0.029877   0.044979
   930.08040    0.059230   0.044044
   930.09060    0.068140   0.043200
   930.10140    0.050843   0.042348
   930.11220    0.024635   0.041540
   930.12300    0.045077   0.040775
   930.13320    0.006290   0.040094
   930.14400   -0.013104   0.039417
   930.15480    0.002097   0.038785
   930.16560   -0.017297   0.038198
   930.17640   -0.037215   0.037658
   930.18660    0.070237   0.037190
   930.19740    0.051367   0.036740
   930.20820    0.030925   0.036337
   930.21900   -0.009435   0.035982
   930.22920    0.026208   0.035689
   930.24000    0.013628   0.035426
   930.25080    0.082292   0.035210
   930.26160    0.060802   0.035043
   930.27240    0.013104   0.034923
   930.28260    0.053464   0.034855
   930.29340    0.000000   0.034830
   930.30420    0.080196   0.034853
   930.31500    0.017297   0.034924
   930.32520    0.055036   0.035037
   930.33600    0.025684   0.035203
   930.34680    0.022015   0.035418
   930.35760    0.050319   0.035681
   930.36840    0.030925   0.035993
   930.37860    0.005766   0.036333
   930.38940    0.039836   0.036739
   930.40020   -0.001572   0.037194
   930.41100    0.019394   0.037697
   930.42120    0.008911   0.038216
   930.43200    0.064471   0.038813
   930.44280    0.031974   0.039458
   930.45360    0.049795   0.040150
   930.46440    0.058705   0.040890
   930.47460    0.059230   0.041633
   930.48540    0.064995   0.042464
   930.49620    0.073382   0.043343
   930.50700    0.138901   0.044268
   930.51720    0.033546   0.045184
   930.52800    0.068664   0.046199
   930.53880    0.012580   0.047260
   930.54960    0.013628   0.048366
   930.56040    0.131563   0.049517
   930.57060    0.068664   0.050645
   930.58140    0.001572   0.051882
   930.59220   -0.003669   0.053164
   930.60300    0.087534   0.054488
   930.61320    0.040884   0.055779
   930.62400    0.078099   0.057187
   930.63480    0.064471   0.058636
   930.64560    0.085437   0.060128
   930.65640    0.113742   0.061660
   930.66660    0.052940   0.063145
   930.67740    0.038788   0.064756
   930.68820   -0.018870   0.066408
   930.69900    0.084913   0.068099
   930.70920    0.009435   0.069733
   930.72000    0.047698   0.071501
   930.73080    0.026732   0.073308
   930.74160    0.053988   0.075154
   930.75240    0.025159   0.077038
   930.76260    0.022539   0.078853
   930.77340    0.083865   0.080811
   930.78420    0.085962   0.082807
   930.79500    0.068664   0.084840
   930.80520    0.092776   0.086795
   930.81600    0.106928   0.088901
   930.82680    0.074430   0.091044
   930.83760    0.036167   0.093222
   930.84840    0.054512   0.095438
   930.85860    0.057657   0.097563
   930.86940    0.017297   0.099849
   930.88020    0.081768   0.102170
   930.89100    0.041408   0.104526
   930.90120    0.112169   0.106784
   930.91200    0.040884   0.109208
   930.92280    0.036691   0.111667
   930.93360    0.095396   0.114160
   930.94440    0.037739   0.116688
   930.95460    0.038788   0.119106
   930.96540    0.131563   0.121699
   930.97620    0.081768   0.124325
   930.98700    0.071285   0.126983
   930.99720    0.131563   0.129524
   931.00800    0.042457   0.132245
   931.01880    0.066568   0.134998
   931.02960    0.134708   0.137783
   931.04040    0.148336   0.140598
   931.05060    0.117411   0.143286
   931.06140    0.125797   0.146161
   931.07220    0.098541   0.149065
   931.08300    0.094348   0.151999
   931.09320    0.071285   0.154797
   931.10400    0.110597   0.157787
   931.11480    0.116363   0.160805
   931.12560    0.076527   0.163851
   931.13640    0.107976   0.166924
   931.14660    0.069713   0.169851
   931.15740    0.024635   0.172975
   931.16820    0.132611   0.176125
   931.17900    0.102210   0.179300
   931.18920    0.110597   0.182321
   931.20000    0.181882   0.185544
   931.21080    0.150957   0.188789
   931.22160    0.148860   0.192057
   931.23240    0.159868   0.195347
   931.24260    0.152529   0.198474
   931.25340    0.086486   0.201806
   931.26420    0.054512   0.205157
   931.27500    0.053988   0.208528
   931.28520    0.190793   0.211729
   931.29600    0.113742   0.215134
   931.30680    0.154626   0.218557
   931.31760    0.218049   0.221996
   931.32840    0.232201   0.225450
   931.33860    0.152529   0.228725
   931.34940    0.149909   0.232206
   931.36020    0.142046   0.235699
   931.37100    0.207042   0.239205
   931.38120    0.250547   0.242527
   931.39200    0.215428   0.246055
   931.40280    0.168778   0.249594
   931.41360    0.135756   0.253144
   931.42440    0.143619   0.256703
   931.43460    0.185551   0.260074
   931.44540    0.169827   0.263651
   931.45620    0.144667   0.267237
   931.46700    0.166682   0.270831
   931.47720    0.201800   0.274233
   931.48800    0.171923   0.277842
   931.49880    0.258409   0.281459
   931.50960    0.229056   0.285083
   931.52040    0.188172   0.288713
   931.53060    0.263650   0.292147
   931.54140    0.230104   0.295789
   931.55220    0.244781   0.299437
   931.56300    0.283568   0.303091
   931.57320    0.309776   0.306546
   931.58400    0.262602   0.310209
   931.59480    0.297196   0.313876
   931.60560    0.235870   0.317549
   931.61640    0.278327   0.321225
   931.62660    0.172971   0.324701
   931.63740    0.328122   0.328384
   931.64820    0.257361   0.332071
   931.65900    0.297196   0.335761
   931.66920    0.346467   0.339249
   931.68000    0.318163   0.342944
   931.69080    0.319211   0.346643
   931.70160    0.282520   0.350343
   931.71240    0.306107   0.354045
   931.72260    0.397310   0.357544
   931.73340    0.339653   0.361250
   931.74420    0.317114   0.364957
   931.75500    0.260506   0.368666
   931.76520    0.275182   0.372169
   931.77600    0.219097   0.375880
   931.78680    0.333363   0.379591
   931.79760    0.301914   0.383303
   931.80840    0.270465   0.387015
   931.81860    0.321832   0.390521
   931.82940    0.374247   0.394234
   931.84020    0.395738   0.397946
   931.85100    0.349612   0.401657
   931.86120    0.345419   0.405163
   931.87200    0.354854   0.408873
   931.88280    0.288286   0.412583
   931.89360    0.383158   0.416292
   931.90440    0.322880   0.419999
   931.91460    0.330742   0.423500
   931.92540    0.452347   0.427205
   931.93620    0.374247   0.430908
   931.94700    0.372151   0.434610
   931.95720    0.320783   0.438103
   931.96800    0.334412   0.441801
   931.97880    0.351185   0.445497
   931.98960    0.377916   0.449190
   932.00040    0.310300   0.452880
   932.01060    0.399931   0.456363
   932.02140    0.427711   0.460048
   932.03220    0.472265   0.463730
   932.04300    0.385779   0.467409
   932.05320    0.419849   0.470881
   932.06400    0.409890   0.474554
   932.07480    0.432953   0.478223
   932.08560    0.441339   0.481889
   932.09640    0.393117   0.485550
   932.10660    0.436622   0.489005
   932.11740    0.430332   0.492659
   932.12820    0.428235   0.496309
   932.13900    0.498472   0.499954
   932.14920    0.464926   0.503393
   932.16000    0.408842   0.507030
   932.17080    0.462830   0.510662
   932.18160    0.458637   0.514290
   932.19240    0.476982   0.517912
   932.20260    0.467023   0.521329
   932.21340    0.426139   0.524941
   932.22420    0.581813   0.528549
   932.23500    0.495327   0.532151
   932.24520    0.484844   0.535547
   932.25600    0.495327   0.539138
   932.26680    0.506335   0.542723
   932.27760    0.442912   0.546303
   932.28840    0.497424   0.549876
   932.29860    0.636325   0.553245
   932.30940    0.515245   0.556806
   932.32020    0.546171   0.560361
   932.33100    0.464402   0.563910
   932.34120    0.527301   0.567255
   932.35200    0.543550   0.570791
   932.36280    0.570282   0.574320
   932.37360    0.559799   0.577841
   932.38440    0.622697   0.581356
   932.39460    0.474361   0.584669
   932.40540    0.560847   0.588170
   932.41620    0.563468   0.591663
   932.42700    0.602255   0.595149
   932.43720    0.629511   0.598434
   932.44800    0.539881   0.601906
   932.45880    0.578668   0.605369
   932.46960    0.502141   0.608824
   932.48040    0.545122   0.612271
   932.49060    0.599110   0.615520
   932.50140    0.510004   0.618951
   932.51220    0.631608   0.622374
   932.52300    0.643139   0.625789
   932.53320    0.501617   0.629005
   932.54400    0.623746   0.632403
   932.55480    0.588627   0.635792
   932.56560    0.648381   0.639172
   932.57640    0.548267   0.642543
   932.58660    0.614835   0.645719
   932.59740    0.559799   0.649072
   932.60820    0.595965   0.652416
   932.61900    0.579717   0.655750
   932.62920    0.633180   0.658891
   932.64000    0.559274   0.662207
   932.65080    0.663057   0.665513
   932.66160    0.531494   0.668809
   932.67240    0.615883   0.672096
   932.68260    0.637374   0.675190
   932.69340    0.679830   0.678457
   932.70420    0.655719   0.681713
   932.71500    0.622173   0.684959
   932.72520    0.700272   0.688016
   932.73600    0.734867   0.691241
   932.74680    0.723859   0.694456
   932.75760    0.714949   0.697660
   932.76840    0.669347   0.700854
   932.77860    0.668823   0.703860
   932.78940    0.600159   0.707031
   932.80020    0.503714   0.710192
   932.81100    0.668823   0.713341
   932.82120    0.713376   0.716305
   932.83200    0.616932   0.719432
   932.84280    0.698176   0.722548
   932.85360    0.589676   0.725652
   932.86440    0.681927   0.728744
   932.87460    0.755309   0.731653
   932.88540    0.781517   0.734721
   932.89620    0.758978   0.737778
   932.90700    0.756357   0.740822
   932.91720    0.752688   0.743686
   932.92800    0.736963   0.746706
   932.93880    0.668299   0.749714
   932.94960    0.725956   0.752709
   932.96040    0.750067   0.755691
   932.97060    0.624794   0.758495
   932.98140    0.769461   0.761452
   932.99220    0.780468   0.764396
   933.00300    0.742729   0.767327
   933.01320    0.785710   0.770083
   933.02400    0.775227   0.772988
   933.03480    0.809297   0.775879
   933.04560    0.782565   0.778757
   933.05640    0.764744   0.781621
   933.06660    0.713376   0.784313
   933.07740    0.755833   0.787150
   933.08820    0.695555   0.789973
   933.09900    0.614311   0.792781
   933.10920    0.804055   0.795421
   933.12000    0.840746   0.798202
   933.13080    0.791476   0.800968
   933.14160    0.755833   0.803720
   933.15240    0.863285   0.806457
   933.16260    0.722287   0.809029
   933.17340    0.754261   0.811737
   933.18420    0.826594   0.814430
   933.19500    0.856995   0.817108
   933.20520    0.809297   0.819623
   933.21600    0.717570   0.822271
   933.22680    0.896307   0.824904
   933.23760    0.877961   0.827521
   933.24840    0.887920   0.830122
   933.25860    1.003235   0.832565
   933.26940    0.887396   0.835135
   933.28020    0.912031   0.837689
   933.29100    0.831311   0.840228
   933.30120    0.818208   0.842610
   933.31200    0.644712   0.845116
   933.32280    0.903121   0.847606
   933.33360    0.832360   0.850079
   933.34440    0.911507   0.852535
   933.35460    0.862237   0.854840
   933.36540    0.842319   0.857263
   933.37620    0.767889   0.859669
   933.38700    0.765268   0.862058
   933.39720    0.871147   0.864298
   933.40800    0.922515   0.866653
   933.41880    0.892638   0.868990
   933.42960    0.996421   0.871309
   933.44040    0.828691   0.873611
   933.45060    0.894210   0.875768
   933.46140    0.812966   0.878034
   933.47220    0.893686   0.880282
   933.48300    0.764744   0.882511
   933.49320    0.911507   0.884599
   933.50400    0.869051   0.886792
   933.51480    0.889493   0.888966
   933.52560    0.854898   0.891121
   933.53640    0.784662   0.893256
   933.54660    0.840746   0.895256
   933.55740    0.863809   0.897353
   933.56820    0.883727   0.899431
   933.57900    0.960254   0.901490
   933.58920    0.898928   0.903415
   933.60000    0.917273   0.905434
   933.61080    0.920942   0.907433
   933.62160    0.929853   0.909411
   933.63240    0.895258   0.911368
   933.64260    0.789379   0.913197
   933.65340    0.929329   0.915114
   933.66420    0.803531   0.917009
   933.67500    0.875341   0.918882
   933.68520    0.980696   0.920631
   933.69600    0.915176   0.922462
   933.70680    0.929329   0.924270
   933.71760    0.852278   0.926056
   933.72840    0.842843   0.927818
   933.73860    0.867478   0.929462
   933.74940    0.995896   0.931180
   933.76020    0.829739   0.932875
   933.77100    0.944529   0.934546
   933.78120    0.999041   0.936103
   933.79200    0.992751   0.937729
   933.80280    1.027346   0.939330
   933.81360    1.014766   0.940908
   933.82440    1.014242   0.942462
   933.83460    1.021056   0.943907
   933.84540    0.812442   0.945415
   933.85620    0.916749   0.946898
   933.86700    0.994848   0.948357
   933.87720    1.042546   0.949714
   933.88800    0.844415   0.951126
   933.89880    0.949771   0.952515
   933.90960    0.971261   0.953879
   933.92040    1.068230   0.955220
   933.93060    1.014766   0.956464
   933.94140    1.075044   0.957758
   933.95220    1.009524   0.959028
   933.96300    1.032063   0.960275
   933.97320    0.829215   0.961430
   933.98400    1.016339   0.962631
   933.99480    0.864333   0.963808
   934.00560    0.952916   0.964962
   934.01640    0.884251   0.966092
   934.02660    0.994848   0.967139
   934.03740    1.110687   0.968224
   934.04820    1.056174   0.969286
   934.05900    0.865906   0.970326
   934.06920    0.895258   0.971287
   934.08000    1.051981   0.972283
   934.09080    1.051457   0.973257
   934.10160    0.979123   0.974208
   934.11240    1.004807   0.975137
   934.12260    1.066133   0.975995
   934.13340    1.007428   0.976882
   934.14420    1.061416   0.977747
   934.15500    0.974930   0.978591
   934.16520    0.879010   0.979369
   934.17600    0.991703   0.980173
   934.18680    1.009000   0.980955
   934.19760    0.986462   0.981717
   934.20840    1.026822   0.982459
   934.21860    1.013718   0.983142
   934.22940    1.049360   0.983845
   934.24020    1.071375   0.984528
   934.25100    0.913080   0.985192
   934.26120    1.033636   0.985802
   934.27200    0.959206   0.986429
   934.28280    1.025773   0.987037
   934.29360    1.043070   0.987627
   934.30440    1.042022   0.988198
   934.31460    1.028394   0.988722
   934.32540    0.836553   0.989259
   934.33620    1.007952   0.989779
   934.34700    1.098107   0.990281
   934.35720    0.957109   0.990740
   934.36800    0.929329   0.991210
   934.37880    1.039401   0.991663
   934.38960    1.005331   0.992101
   934.40040    1.148950   0.992522
   934.41060    1.181972   0.992906
   934.42140    1.169392   0.993298
   934.43220    1.034160   0.993675
   934.44300    1.123790   0.994037
   934.45320    0.958157   0.994366
   934.46400    1.025249   0.994700
   934.47480    1.072423   0.995021
   934.48560    1.032063   0.995328
   934.49640    1.026297   0.995622
   934.50660    1.089720   0.995887
   934.51740    1.055126   0.996157
   934.52820    1.013718   0.996413
   934.53900    1.045167   0.996658
   934.54920    1.063513   0.996878
   934.56000    1.026822   0.997100
   934.57080    1.114356   0.997311
   934.58160    1.076092   0.997512
   934.59240    0.978075   0.997701
   934.60260    0.966544   0.997871
   934.61340    0.928280   0.998041
   934.62420    0.936667   0.998201
   934.63500    1.034160   0.998352
   934.64520    0.949247   0.998487
   934.65600    1.086575   0.998620
   934.66680    1.006380   0.998745
   934.67760    1.044643   0.998862
   934.68840    1.023153   0.998972
   934.69860    1.009524   0.999068
   934.70940    1.034684   0.999163
   934.72020    1.005331   0.999251
   934.73100    1.112783   0.999332
   934.74120    0.930901   0.999403
   934.75200    0.942433   0.999472
   934.76280    1.028918   0.999535
   934.77360    0.937191   0.999593
   934.78440    1.023153   0.999645
   934.79460    1.126411   0.999690
   934.80540    1.089720   0.999733
   934.81620    0.988034   0.999772
   934.82700    0.969689   0.999807
   934.83720    1.025249   0.999836
   934.84800    1.096534   0.999863
   934.85880    0.973882   0.999887
   934.86960    0.904693   0.999908
   934.88040    1.141088   0.999926
   934.89060    0.971261   0.999940
   934.90140    1.096010   0.999953
   934.91220    1.111735   0.999964
   934.92300    1.298334   0.999973
   934.93320    1.028918   0.999980
   934.94400    1.100203   0.999986
   934.95480    1.003759   0.999990
   934.96560    0.986986   0.999994
   934.97640    0.945053   0.999996
   934.98660    1.085003   0.999998
   934.99740    0.964447   0.999999
   935.00820    1.134798   0.999999
   935.01900    1.060892   1.000000
   935.02920    1.053554   1.000000
   935.04000    1.097059   1.000000
   935.05080    1.048312   1.000000
   935.06160    1.003235   1.000000
   935.07240    1.057747   1.000000
   935.08260    1.132177   1.000000
   935.09340    1.010573   1.000000
   935.10420    1.055650   1.000000
   935.11500    1.180923   1.000000
   935.12520    1.096534   1.000000
   935.13600    1.015814   1.000000
   935.14680    1.167820   1.000000
   935.15760    0.947674   1.000000
   935.16840    1.081334   1.000000
   935.17860    1.052505   1.000000
   935.18940    1.137419   1.000000
   935.20020    1.006904   1.000000
   935.21100    1.023153   1.000000
   935.22120    1.023677   1.000000
   935.23200    1.052505   1.000000
   935.24280    1.086575   1.000000
   935.25360    1.043595   1.000000
   935.26440    1.059319   1.000000
   935.27460    1.073472   1.000000
   935.28540    1.027870   1.000000
   935.29620    0.985937   1.000000
   935.30700    0.996421   1.000000
   935.31720    1.015814   1.000000
   935.32800    0.985937   1.000000
   935.33880    0.934570   1.000000
   935.34960    1.002186   1.000000
   935.36040    0.997993   1.000000
   935.37060    1.054078   1.000000
   935.38140    1.047788   1.000000
   935.39220    1.150522   1.000000
   935.40300    0.979648   1.000000
   935.41320    0.898928   1.000000
   935.42400    0.885300   1.000000
   935.43480    0.941908   1.000000
   935.44560    1.056699   1.000000
   935.45640    1.065609   1.000000
   935.46660    0.965495   1.000000
   935.47740    1.009000   1.000000
   935.48820    1.011621   1.000000
   935.49900    1.105969   1.000000
   935.50920    0.898928   1.000000
   935.52000    1.002186   1.000000
   935.53080    1.037829   1.000000
   935.54160    1.018435   1.000000
   935.55240    1.143708   1.000000
   935.56260    0.964447   1.000000
   935.57340    0.954488   1.000000
   935.58420    1.006380   1.000000
   935.59500    1.035208   1.000000
   935.60520    1.045691   1.000000
   935.61600    0.883203   1.000000
   935.62680    1.036781   1.000000
   935.63760    1.157336   1.000000
   935.64840    1.056174   1.000000
   935.65860    1.073996   1.000000
   935.66940    1.141612   1.000000
   935.68020    1.111211   1.000000
   935.69100    1.132177   1.000000
   935.70120    1.207131   1.000000
   935.71200    1.013718   1.000000
   935.72280    1.027870   1.000000
   935.73360    0.919370   1.000000
   935.74440    0.986986   1.000000
   935.75460    1.080286   1.000000
   935.76540    0.972309   1.000000
   935.77620    0.983317   1.000000
   935.78700    1.061416   1.000000
   935.79720    1.005855   1.000000
   935.80800    0.951867   1.000000
   935.81880    0.950819   1.000000
   935.82960    1.024201   1.000000
   935.84040    1.173061   1.000000
   935.85060    1.037829   1.000000
   935.86140    1.099155   1.000000
   935.87220    1.077141   1.000000
   935.88300    1.049360   1.000000
   935.89320    0.887920   1.000000
   935.90400    0.927756   1.000000
   935.91480    1.013718   1.000000
   935.92560    1.021056   1.000000
   935.93640    0.855947   1.000000
   935.94660    0.933522   1.000000
   935.95740    1.103348   1.000000
   935.96820    1.034684   1.000000
   935.97900    0.991179   1.000000
   935.98920    0.945053   1.000000
   936.00000    1.087624   1.000000
   936.01080    1.112783   1.000000
   936.02160    1.047788   1.000000
   936.03240    1.067706   1.000000
   936.04260    0.945577   1.000000
   936.05340    1.037305   1.000000
   936.06420    0.915701   1.000000
   936.07500    0.986986   1.000000
   936.08520    0.994848   1.000000
   936.09600    0.900500   1.000000
   936.10680    1.174634   1.000000
   936.11760    1.018959   1.000000
   936.12840    1.061416   1.000000
   936.13860    0.898403   1.000000
   936.14940    1.013194   1.000000
   936.16020    1.060368   1.000000
   936.17100    1.003759   1.000000
   936.18120    0.892638   1.000000
   936.19200    0.892114   1.000000
   936.20280    0.898403   1.000000
   936.21360    0.928280   1.000000
   936.22440    0.923039   1.000000
   936.23460    0.986462   1.000000
   936.24540    1.036256   1.000000
   936.25620    1.034684   1.000000
   936.26700    1.042022   1.000000
   936.27720    1.125887   1.000000
   936.28800    0.940336   1.000000
   936.29880    1.062464   1.000000
   936.30960    1.044119   1.000000
   936.32040    1.038877   1.000000
   936.33060    0.942433   1.000000
   936.34140    0.920942   1.000000
   936.35220    0.916225   1.000000
   936.36300    1.003235   1.000000
   936.37320    1.127984   1.000000
   936.38400    0.945577   1.000000
   936.39480    1.205035   1.000000
   936.40560    1.071899   1.000000
   936.41640    0.997469   1.000000
   936.42660    1.078189   1.000000
   936.43740    0.910459   1.000000
   936.44820    0.936143   1.000000
   936.45900    0.966544   1.000000
   936.46920    1.093389   1.000000
   936.48000    1.044643   1.000000
   936.49080    1.013718   1.000000
   936.50160    1.050933   1.000000
   936.51240    0.895783   1.000000
   936.52260    1.010573   1.000000
   936.53340    1.083955   1.000000
   936.54420    0.915176   1.000000
   936.55500    1.126935   1.000000
   936.56520    1.087100   1.000000
   936.57600    1.133749   1.000000
   936.58680    1.114356   1.000000
   936.59760    0.971261   1.000000
   936.60840    1.042546   1.000000
   936.61860    0.979648   1.000000
   936.62940    0.982268   1.000000
   936.64020    1.146853   1.000000
   936.65100    1.029967   1.000000
   936.66120    0.840746   1.000000
   936.67200    1.096534   1.000000
   936.68280    1.046215   1.000000
   936.69360    0.975454   1.000000
   936.70440    1.013718   1.000000
   936.71460    1.080810   1.000000
   936.72540    0.948198   1.000000
   936.73620    1.070327   1.000000
   936.74700    1.046215   1.000000
   936.75720    1.172537   1.000000
   936.76800    0.971785   1.000000
   936.77880    1.027870   1.000000
   936.78960    1.168868   1.000000
   936.80040    1.175682   1.000000
   936.81060    0.975454   1.000000
   936.82140    1.073472   1.000000
   936.83220    1.007952   1.000000
   936.84300    0.942957   1.000000
   936.85320    1.108066   1.000000
   936.86400    0.964971   1.000000
   936.87480    1.197172   1.000000
   936.88560    1.162054   1.000000
   936.89640    0.983317   1.000000
   936.90660    1.046215   1.000000
   936.91740    1.007952   1.000000
   936.92820    1.066657   1.000000
   936.93900    1.071375   1.000000
   936.94920    1.040974   1.000000
   936.96000    1.113307   1.000000
   936.97080    0.841795   1.000000
   936.98160    1.004283   1.000000
   936.99240    1.226525   1.000000
