    60.24960    0.975988   1.000000
    60.39360    0.968823   1.000000
    60.52320    0.999642   1.000000
    60.63840    1.022927   1.000000
    60.76800    1.034296   1.000000
    60.91200    0.990478   1.000000
    61.02720    1.023870   1.000000
    61.15680    0.959057   1.000000
    61.28640    0.968823   1.000000
    61.40160    1.043866   1.000000
    61.54560    0.998722   1.000000
    61.67520    1.004256   1.000000
    61.79040    0.959941   1.000000
    61.92000    1.084038   1.000000
    62.04960    0.972399   1.000000
    62.17920    0.938955   1.000000
    62.30880    1.003332   1.000000
    62.43840    1.011683   1.000000
    62.56800    0.995966   1.000000
    62.68320    1.023870   1.000000
    62.82720    0.986835   1.000000
    62.95680    1.031442   1.000000
    63.07200    1.040027   1.000000
    63.20160    0.987745   1.000000
    63.33120    0.999642   1.000000
    63.46080    1.024813   1.000000
    63.59040    1.062294   1.000000
    63.72000    0.993218   1.000000
    63.83520    0.969716   1.000000
    63.96480    0.974192   1.000000
    64.10880    0.977788   1.000000
    64.22400    0.964372   1.000000
    64.35360    1.004256   1.000000
    64.48320    1.060339   1.000000
    64.59840    1.055467   1.000000
    64.74240    1.004256   1.000000
    64.85760    0.999642   1.000000
    64.98720    0.986835   1.000000
    65.11680    1.010752   1.000000
    65.23200    1.059363   1.000000
    65.37600    0.974192   1.000000
    65.50560    0.991390   1.000000
    65.62080    1.036203   1.000000
    65.75040    0.921817   1.000000
    65.88000    1.057413   1.000000
    66.02400    0.995049   1.000000
    66.13920    0.930346   1.000000
    66.26880    1.041945   1.000000
    66.38400    0.975988   1.000000
    66.51360    0.964372   1.000000
    66.65760    1.031442   1.000000
    66.77280    0.974192   1.000000
    66.90240    1.085037   1.000000
    67.03200    0.972399   1.000000
    67.16160    0.948516   1.000000
    67.29120    0.943289   1.000000
    67.42080    0.999642   1.000000
    67.53600    0.942420   1.000000
    67.66560    0.993218   1.000000
    67.80960    1.051586   1.000000
    67.92480    1.026703   1.000000
    68.05440    1.048684   1.000000
    68.18400    1.021044   1.000000
    68.29920    0.974192   1.000000
    68.44320    0.985927   1.000000
    68.57280    0.977788   1.000000
    68.68800    0.963484   1.000000
    68.81760    0.998722   1.000000
    68.94720    1.016353   1.000000
    69.06240    0.977788   1.000000
    69.20640    1.022927   1.000000
    69.32160    1.007035   1.000000
    69.45120    0.990478   1.000000
    69.59520    1.080052   1.000000
    69.71040    0.954651   1.000000
    69.84000    1.140367   1.000000
    69.96960    1.055467   0.999206
    70.09920    0.975988   0.995636
    70.21440    1.063273   0.991131
    70.35840    0.933780   0.984282
    70.48800    0.965261   0.976832
    70.60320    0.926072   0.969533
    70.73280    0.968823   0.960685
    70.87680    0.956411   0.950141
    70.99200    0.959941   0.941341
    71.12160    0.915050   0.930943
    71.25120    0.936364   0.920299
    71.36640    0.877899   0.910740
    71.51040    0.873061   0.898495
    71.62560    0.866652   0.888836
    71.75520    0.862670   0.878043
    71.88480    0.895045   0.867404
    72.00000    0.812540   0.858197
    72.14400    0.849268   0.847076
    72.27360    0.848486   0.837595
    72.38880    0.861876   0.829624
    72.51840    0.847705   0.821366
    72.64800    0.855549   0.813791
    72.77760    0.831466   0.807095
    72.90720    0.811792   0.801312
    73.03680    0.745838   0.796545
    73.15200    0.787489   0.793190
    73.28160    0.818549   0.790571
    73.42560    0.775969   0.788880
    73.54080    0.787489   0.788651
    73.67040    0.816290   0.789512
    73.78560    0.798444   0.791264
    73.91520    0.783871   0.794271
    74.05920    0.778834   0.798994
    74.17440    0.816290   0.803615
    74.30400    0.798444   0.809837
    74.43360    0.817795   0.816876
    74.54880    0.823085   0.823797
    74.69280    0.817795   0.833274
    74.82240    0.861082   0.842402
    74.93760    0.859498   0.850984
    75.06720    0.811044   0.860943
    75.19680    0.861876   0.871275
    75.32640    0.938090   0.881807
    75.45600    0.904159   0.892354
    75.58560    0.846924   0.903055
    75.70080    0.931204   0.912417
    75.83040    0.860290   0.922957
    75.97440    0.891753   0.934266
    76.08960    0.980493   0.942983
    76.21920    0.985927   0.952426
    76.34880    1.010752   0.961322
    76.46400    0.961711   0.968808
    76.60800    0.966150   0.977327
    76.73760    0.997803   0.984040
    76.85280    0.948516   0.989319
    76.98240    1.037157   0.994201
    77.12640    0.981397   0.998210
    77.24160    1.006108   0.999903
    77.37120    0.972399   1.000000
    77.50080    1.086037   1.000000
    77.61600    1.029543   1.000000
    77.76000    1.002408   1.000000
    77.88960    1.054495   1.000000
    78.00480    1.027649   1.000000
    78.13440    1.055467   1.000000
    78.27840    0.936364   1.000000
    78.39360    1.026703   1.000000
    78.52320    1.014483   1.000000
    78.65280    0.961711   1.000000
    78.76800    0.984112   1.000000
    78.89760    0.960826   1.000000
    79.01280    1.000563   1.000000
    79.15680    1.013549   1.000000
    79.28640    1.053524   1.000000
    79.40160    0.991390   1.000000
    79.53120    1.044828   1.000000
    79.67520    0.965261   1.000000
    79.79040    1.108268   1.000000
    79.92000    1.055467   1.000000
    80.04960    1.027649   1.000000
    80.16480    0.947643   1.000000
    80.30880    1.034296   1.000000
    80.43840    1.080052   1.000000
    80.55360    0.983206   1.000000
    80.68320    1.040985   1.000000
    80.82720    1.031442   1.000000
    80.94240    1.027649   1.000000
    81.07200    0.944158   1.000000
    81.18720    1.002408   1.000000
    81.31680    0.971504   1.000000
    81.46080    1.029543   1.000000
    81.57600    0.979591   1.000000
    81.70560    1.000563   1.000000
    81.83520    0.962597   1.000000
    81.95040    1.014483   1.000000
    82.09440    0.955531   1.000000
    82.22400    0.998722   1.000000
    82.33920    1.010752   1.000000
    82.46880    1.033343   1.000000
    82.59840    0.954651   1.000000
    82.71360    0.937227   1.000000
    82.85760    0.965261   1.000000
    82.97280    0.983206   1.000000
    83.10240    1.039070   1.000000
    83.23200    1.023870   1.000000
    83.36160    0.987745   1.000000
    83.49120    0.915050   1.000000
    83.62080    1.075090   1.000000
    83.73600    1.056440   1.000000
    83.86560    1.035249   1.000000
    84.00960    1.013549   1.000000
    84.12480    1.005182   1.000000
    84.25440    0.945028   1.000000
    84.38400    0.904992   1.000000
    84.49920    0.913366   1.000000
    84.64320    1.014483   1.000000
    84.77280    1.039070   1.000000
    84.88800    0.954651   1.000000
    85.01760    1.050618   1.000000
    85.16160    1.011683   1.000000
    85.29120    0.900004   1.000000
    85.40640    0.910007   1.000000
    85.53600    1.023870   1.000000
    85.65120    0.985927   1.000000
    85.78080    1.073111   1.000000
    85.92480    0.975988   1.000000
    86.04000    0.887656   1.000000
    86.16960    0.995049   1.000000
    86.29920    1.049650   1.000000
    86.41440    0.974192   1.000000
    86.55840    0.997803   1.000000
    86.68800    1.032392   1.000000
    86.80320    0.949390   1.000000
    86.93280    0.974192   1.000000
    87.07680    1.025757   1.000000
    87.19200    0.923516   1.000000
    87.32160    1.029543   1.000000
    87.45120    0.970610   1.000000
    87.56640    0.974192   1.000000
    87.71040    1.007035   1.000000
    87.82560    0.926072   1.000000
    87.95520    0.997803   1.000000
    88.08480    0.942420   1.000000
    88.20000    1.020104   1.000000
