  1424.09375    0.773018   1.000000
  1424.11508    0.798552   1.000000
  1424.13642    0.816207   1.000000
  1424.15775    0.802346   1.000000
  1424.17908    0.790236   1.000000
  1424.20042    0.800887   1.000000
  1424.22175    0.797093   1.000000
  1424.24308    0.798115   1.000000
  1424.26442    0.792570   1.000000
  1424.28575    0.832111   1.000000
  1424.30708    0.876467   1.000000
  1424.32842    0.821898   1.000000
  1424.34975    0.896457   1.000000
  1424.37108    0.923741   1.000000
  1424.39242    0.958030   1.000000
  1424.41375    0.929286   1.000000
  1424.43508    0.844514   1.000000
  1424.45642    0.890621   1.000000
  1424.47775    0.894268   1.000000
  1424.49908    1.036674   1.000000
  1424.52042    0.995674   1.000000
  1424.54175    0.903461   1.000000
  1424.56308    0.898354   1.000000
  1424.58442    0.988233   1.000000
  1424.60575    0.923158   1.000000
  1424.62708    0.978020   1.000000
  1424.64842    0.947963   1.000000
  1424.66975    0.998447   1.000000
  1424.69108    1.017415   1.000000
  1424.71242    1.002678   1.000000
  1424.73375    1.011141   1.000000
  1424.75508    0.978020   1.000000
  1424.77642    0.953653   1.000000
  1424.79775    1.008515   1.000000
  1424.81908    1.009098   1.000000
  1424.84042    1.029380   1.000000
  1424.86175    0.999323   1.000000
  1424.88308    0.995529   1.000000
  1424.90442    0.963721   1.000000
  1424.92575    0.990568   1.000000
  1424.94708    0.925494   1.000000
  1424.96842    0.961971   1.000000
  1424.98975    0.952049   1.000000
  1425.01108    0.983273   1.000000
  1425.03242    0.929142   1.000000
  1425.05375    0.959053   1.000000
  1425.07508    0.984149   1.000000
  1425.09642    0.944900   1.000000
  1425.11775    0.962555   1.000000
  1425.13908    0.946505   1.000000
  1425.16042    0.975103   1.000000
  1425.18175    1.015519   1.000000
  1425.20308    0.964889   1.000000
  1425.22442    0.964160   1.000000
  1425.24575    0.945046   1.000000
  1425.26708    0.901420   1.000000
  1425.28842    0.889309   1.000000
  1425.30975    0.882452   1.000000
  1425.33108    0.873406   1.000000
  1425.35242    0.941836   1.000000
  1425.37375    0.905214   1.000000
  1425.39508    0.905797   1.000000
  1425.41642    0.928267   1.000000
  1425.43775    0.945484   1.000000
  1425.45908    0.932499   1.000000
  1425.48042    0.906381   1.000000
  1425.50175    0.869321   1.000000
  1425.52308    1.029235   1.000000
  1425.54442    1.002243   1.000000
  1425.56575    1.028652   1.000000
  1425.58708    0.992029   1.000000
  1425.60842    0.931332   1.000000
  1425.62975    0.926225   1.000000
  1425.65108    0.921556   1.000000
  1425.67242    1.019314   1.000000
  1425.69375    1.024275   1.000000
  1425.71508    1.102336   1.000000
  1425.73642    1.160261   1.000000
  1425.75775    1.105692   1.000000
  1425.77908    1.087453   1.000000
  1425.80042    1.094603   1.000000
  1425.82175    1.017272   1.000000
  1425.84308    1.097083   1.000000
  1425.86442    1.112112   1.000000
  1425.88575    1.045286   1.000000
  1425.90708    1.016542   1.000000
  1425.92842    1.051706   1.000000
  1425.94975    1.062357   1.000000
  1425.97108    1.011290   1.000000
  1425.99242    1.103795   1.000000
  1426.01375    1.169162   1.000000
  1426.03508    1.142607   1.000000
  1426.05642    1.108173   1.000000
  1426.07775    1.124952   1.000000
  1426.09908    1.073009   1.000000
  1426.12042    0.937899   1.000000
  1426.14175    1.001077   1.000000
  1426.16308    1.068194   1.000000
  1426.18442    0.956721   1.000000
  1426.20575    1.035657   1.000000
  1426.22708    1.046308   1.000000
  1426.24842    1.052582   1.000000
  1426.26975    1.047476   1.000000
  1426.29108    1.080889   1.000000
  1426.31242    1.049956   1.000000
  1426.33375    1.071113   1.000000
  1426.35508    1.078262   1.000000
  1426.37642    1.096793   1.000000
  1426.39775    0.960369   1.000000
  1426.41908    1.087892   1.000000
  1426.44042    1.148882   1.000000
  1426.46175    1.083807   1.000000
  1426.48308    1.021359   1.000000
  1426.50442    1.077533   1.000000
  1426.52575    1.051416   1.000000
  1426.54708    1.055501   1.000000
  1426.56842    1.081473   1.000000
  1426.58975    1.013334   1.000000
  1426.61108    1.075637   1.000000
  1426.63242    0.971167   1.000000
  1426.65375    1.022964   1.000000
  1426.67508    1.007790   1.000000
  1426.69642    1.036825   1.000000
  1426.71775    1.061046   1.000000
  1426.73908    1.149612   1.000000
  1426.76042    1.075783   1.000000
  1426.78175    1.086434   1.000000
  1426.80308    1.047185   1.000000
  1426.82442    1.022819   1.000000
  1426.84575    1.062797   1.000000
  1426.86708    1.048498   1.000000
  1426.88842    1.077972   1.000000
  1426.90975    1.122766   1.000000
  1426.93108    1.047623   1.000000
  1426.95242    1.022381   1.000000
  1426.97375    1.052730   1.000000
  1426.99508    1.096211   1.000000
  1427.01642    1.210602   1.000000
  1427.03775    1.140712   1.000000
  1427.05908    1.106716   1.000000
  1427.08042    1.056962   1.000000
  1427.10175    0.954680   1.000000
  1427.12308    0.989407   1.000000
  1427.14442    0.933962   1.000000
  1427.16575    0.927542   1.000000
  1427.18708    0.935567   1.000000
  1427.20842    1.025446   1.000000
  1427.22975    0.981820   1.000000
  1427.25108    0.993346   1.000000
  1427.27242    1.038140   1.000000
  1427.29375    0.987510   1.000000
  1427.31508    0.963581   1.000000
  1427.33642    0.937026   1.000000
  1427.35775    1.003706   1.000000
  1427.37908    0.985030   1.000000
  1427.40042    0.908574   1.000000
  1427.42175    0.951179   1.000000
  1427.44308    0.952201   1.000000
  1427.46442    0.909012   1.000000
  1427.48575    0.974817   1.000000
  1427.50708    0.994660   1.000000
  1427.52842    0.954098   1.000000
  1427.54975    0.962998   1.000000
  1427.57108    0.943009   1.000000
  1427.59242    1.023696   1.000000
  1427.61375    1.051418   1.000000
  1427.63508    1.082205   1.000000
  1427.65642    1.031137   1.000000
  1427.67775    1.017276   1.000000
  1427.69908    1.037120   1.000000
  1427.72042    1.028949   1.000000
  1427.74175    1.089938   1.000000
  1427.76308    1.154867   1.000000
  1427.78442    1.093294   1.000000
  1427.80575    1.121892   1.000000
  1427.82708    1.160996   1.000000
  1427.84842    1.150198   1.000000
  1427.86975    1.220818   1.000000
  1427.89108    1.229280   1.000000
  1427.91242    1.184341   1.000000
  1427.93375    1.165227   1.000000
  1427.95508    1.099715   1.000000
  1427.97642    1.119996   1.000000
  1427.99775    1.059736   1.000000
  1428.01908    1.089647   1.000000
  1428.04042    1.063530   1.000000
  1428.06175    0.959498   1.000000
  1428.08308    0.930316   1.000000
  1428.10442    0.948847   1.000000
  1428.12575    1.017277   1.000000
  1428.14708    1.021801   1.000000
  1428.16842    1.024135   1.000000
  1428.18975    0.948555   1.000000
  1428.21108    0.908868   1.000000
  1428.23242    0.835915   1.000000
  1428.25375    0.921854   1.000000
  1428.27508    0.869473   1.000000
  1428.29642    0.888004   1.000000
  1428.31775    0.971755   1.000000
  1428.33908    0.981531   1.000000
  1428.36042    1.007940   1.000000
  1428.38175    0.885086   1.000000
  1428.40308    0.923751   1.000000
  1428.42442    0.883627   1.000000
  1428.44575    0.962125   1.000000
  1428.46708    0.995100   1.000000
  1428.48842    0.963730   1.000000
  1428.50975    1.012463   1.000000
  1428.53108    0.992912   1.000000
  1428.55242    0.862616   0.999999
  1428.57375    0.849631   0.999997
  1428.59508    0.899677   0.999995
  1428.61642    0.882314   0.999992
  1428.63775    0.938926   0.999987
  1428.65908    1.000791   0.999981
  1428.68042    0.920834   0.999972
  1428.70175    0.893403   0.999962
  1428.72308    0.943450   0.999950
  1428.74442    0.840731   0.999935
  1428.76575    0.828620   0.999917
  1428.78708    0.909745   0.999896
  1428.80842    0.898073   0.999871
  1428.82975    0.904347   0.999843
  1428.85108    0.911058   0.999811
  1428.87242    0.884066   0.999775
  1428.89375    0.913977   0.999734
  1428.91508    0.953080   0.999689
  1428.93642    0.933528   0.999639
  1428.95775    0.938489   0.999583
  1428.97908    0.978468   0.999522
  1429.00042    0.937030   0.999455
  1429.02175    0.978760   0.999382
  1429.04308    0.926817   0.999303
  1429.06442    0.884066   0.999217
  1429.08575    0.907411   0.999125
  1429.10708    0.892237   0.999025
  1429.12842    0.994372   0.998918
  1429.14975    1.033476   0.998804
  1429.17108    1.031871   0.998681
  1429.19242    1.025889   0.998551
  1429.21375    1.029536   0.998412
  1429.23508    0.982846   0.998264
  1429.25642    0.997437   0.998108
  1429.27775    1.039604   0.997943
  1429.29908    1.010423   0.997768
  1429.32042    1.095049   0.997584
  1429.34175    1.084252   0.997391
  1429.36308    1.090526   0.997187
  1429.38442    1.059594   0.996973
  1429.40575    1.079437   0.996749
  1429.42708    1.093590   0.996515
  1429.44842    1.123064   0.996270
  1429.46975    1.062366   0.996013
  1429.49108    1.047629   0.995746
  1429.51242    1.025452   0.995467
  1429.53375    1.074185   0.995177
  1429.55508    1.037562   0.994875
  1429.57642    1.015822   0.994562
  1429.59775    1.139406   0.994236
  1429.61908    1.159687   0.993898
  1429.64042    1.066160   0.993548
  1429.66175    1.128025   0.993186
  1429.68308    1.073018   0.992810
  1429.70442    1.069224   0.992422
  1429.72575    1.069808   0.992021
  1429.74708    1.098406   0.991607
  1429.76842    1.099427   0.991180
  1429.78975    1.040043   0.990739
  1429.81108    0.967089   0.990286
  1429.83242    0.988684   0.989818
  1429.85375    1.010716   0.989337
  1429.87508    0.953082   0.988842
  1429.89642    0.972926   0.988334
  1429.91775    1.032164   0.987811
  1429.93908    1.038438   0.987275
  1429.96042    0.986495   0.986725
  1429.98175    0.974823   0.986160
  1430.00308    0.897054   0.985582
  1430.02442    0.976866   0.984989
  1430.04575    0.978325   0.984382
  1430.06708    0.999481   0.983761
  1430.08842    1.027642   0.983125
  1430.10975    1.063243   0.982476
  1430.13108    1.114603   0.981812
  1430.15242    1.088923   0.981133
  1430.17375    0.992332   0.980441
  1430.19508    1.015677   0.979733
  1430.21642    0.947976   0.979012
  1430.23775    1.118834   0.978276
  1430.25908    1.154873   0.977527
  1430.28042    1.029831   0.976762
  1430.30175    1.057553   0.975984
  1430.32308    1.050258   0.975191
  1430.34442    1.053906   0.974385
  1430.36575    0.972635   0.973564
  1430.38708    0.965340   0.972730
  1430.40842    0.978617   0.971881
  1430.42975    1.034354   0.971019
  1430.45108    0.995981   0.970143
  1430.47242    1.039023   0.969254
  1430.49375    1.010717   0.968351
  1430.51508    0.980223   0.967435
  1430.53642    0.941411   0.966506
  1430.55775    0.923611   0.965564
  1430.57908    1.042379   0.964609
  1430.60042    1.028081   0.963641
  1430.62175    0.985767   0.962661
  1430.64308    1.014803   0.961668
  1430.66442    1.041650   0.960663
  1430.68575    1.059305   0.959646
  1430.70708    1.054198   0.958618
  1430.72842    1.055220   0.957578
  1430.74975    1.054490   0.956526
  1430.77108    1.093593   0.955464
  1430.79242    1.161586   0.954391
  1430.81375    1.112707   0.953307
  1430.83508    1.103224   0.952213
  1430.85642    1.056971   0.951109
  1430.87775    1.033918   0.949995
  1430.89908    0.955273   0.948872
  1430.92042    0.921277   0.947740
  1430.94175    0.859704   0.946600
  1430.96308    0.876921   0.945451
  1430.98442    0.898078   0.944294
  1431.00575    0.921423   0.943130
  1431.02708    0.913252   0.941959
  1431.04842    0.872690   0.940781
  1431.06975    0.878964   0.939596
  1431.09108    0.907562   0.938405
  1431.11242    0.890637   0.937209
  1431.13375    0.871085   0.936006
  1431.15508    0.830961   0.934799
  1431.17642    0.846427   0.933586
  1431.19775    0.800612   0.932368
  1431.21908    0.833587   0.931145
  1431.24042    0.870064   0.929918
  1431.26175    0.819872   0.928687
  1431.28308    0.899684   0.927452
  1431.30442    0.932659   0.926213
  1431.32575    0.911356   0.924971
  1431.34708    0.925947   0.923725
  1431.36842    0.939225   0.922476
  1431.38975    0.900851   0.921225
  1431.41108    0.960090   0.919970
  1431.43242    1.022830   0.918714
  1431.45375    1.030855   0.917454
  1431.47508    1.022246   0.916193
  1431.49642    0.988688   0.914931
  1431.51775    0.991022   0.913666
  1431.53908    0.946083   0.912400
  1431.56042    0.950168   0.911133
  1431.58175    0.954254   0.909865
  1431.60308    0.946521   0.908596
  1431.62442    0.991752   0.907327
  1431.64575    0.999339   0.906057
  1431.66708    1.003863   0.904787
  1431.68842    1.063539   0.903517
  1431.70975    1.072439   0.902248
  1431.73108    1.016994   0.900979
  1431.75242    0.987813   0.899710
  1431.77375    0.961696   0.898443
  1431.79508    1.038443   0.897176
  1431.81642    0.985187   0.895911
  1431.83775    0.968262   0.894647
  1431.85908    0.940393   0.893385
  1431.88042    0.801343   0.892125
  1431.90175    0.964322   0.890867
  1431.92308    0.852849   0.889611
  1431.94442    0.882322   0.888358
  1431.96575    1.012472   0.887108
  1431.98708    0.992483   0.885860
  1432.00842    0.954984   0.884616
  1432.02975    0.848326   0.883375
  1432.05108    0.938643   0.882137
  1432.07242    0.954109   0.880904
  1432.09375    0.890348   0.879674
  1432.11508    0.857664   0.878449
  1432.13642    0.922155   0.877228
  1432.15775    0.987522   0.876012
  1432.17908    0.905376   0.874800
  1432.20042    0.955860   0.873594
  1432.22175    0.903042   0.872393
  1432.24308    0.957465   0.871198
  1432.26442    0.901145   0.870008
  1432.28575    0.864085   0.868824
  1432.30708    0.846284   0.867646
  1432.32842    0.884074   0.866475
  1432.34975    0.802804   0.865311
  1432.37108    0.821334   0.864153
  1432.39242    0.781209   0.863002
  1432.41375    0.859270   0.861859
  1432.43508    0.839718   0.860723
  1432.45642    0.812726   0.859595
  1432.47775    0.819437   0.858475
  1432.49908    0.799448   0.857363
  1432.52042    0.719491   0.856259
  1432.54175    0.759907   0.855165
  1432.56308    0.726349   0.854078
  1432.58442    0.697605   0.853001
  1432.60575    0.700377   0.851934
  1432.62708    0.710591   0.850876
  1432.64842    0.742253   0.849827
  1432.66975    0.724890   0.848789
  1432.69108    0.806890   0.847761
  1432.71242    0.782961   0.846743
  1432.73375    0.745901   0.845736
  1432.75508    0.729413   0.844739
  1432.77642    0.714676   0.843754
  1432.79775    0.709570   0.842780
  1432.81908    0.724598   0.841818
  1432.84042    0.713801   0.840867
  1432.86175    0.738022   0.839929
  1432.88308    0.749549   0.839002
  1432.90442    0.759325   0.838088
  1432.92575    0.747214   0.837187
  1432.94708    0.824399   0.836298
  1432.96842    0.772456   0.835422
  1432.98975    0.804994   0.834560
  1433.01108    0.815207   0.833711
  1433.03242    0.852122   0.832876
  1433.05375    0.841325   0.832054
  1433.07508    0.830966   0.831247
  1433.09642    0.853873   0.830454
  1433.11775    0.892101   0.829675
  1433.13908    0.820898   0.828911
  1433.16042    0.847745   0.828162
  1433.18175    0.810685   0.827428
  1433.20308    0.763557   0.826709
  1433.22442    0.782962   0.826005
  1433.24575    0.795802   0.825317
  1433.26708    0.712343   0.824645
  1433.28842    0.705923   0.823988
  1433.30975    0.720076   0.823348
  1433.33108    0.756991   0.822724
  1433.35242    0.689290   0.822116
  1433.37375    0.745464   0.821525
  1433.39508    0.746924   0.820950
  1433.41642    0.715116   0.820392
  1433.43775    0.783109   0.819852
  1433.45908    0.800764   0.819328
  1433.48042    0.864379   0.818822
  1433.50175    0.829945   0.818333
  1433.52308    0.792885   0.817862
  1433.54442    0.817981   0.817408
  1433.56575    0.927558   0.816972
  1433.58708    0.922013   0.816554
  1433.60842    0.880138   0.816154
  1433.62975    0.903045   0.815772
  1433.65108    0.867298   0.815408
  1433.67242    0.856063   0.815062
  1433.69375    0.795803   0.814735
  1433.71508    0.861170   0.814426
  1433.73642    0.896771   0.814135
  1433.75775    0.862775   0.813864
  1433.77908    0.899252   0.813611
  1433.80042    0.874010   0.813376
  1433.82175    0.835199   0.813160
  1433.84308    0.851540   0.812964
  1433.86442    0.829363   0.812786
  1433.88575    0.782234   0.812626
  1433.90708    0.762245   0.812486
  1433.92842    0.722996   0.812365
  1433.94975    0.702569   0.812263
  1433.97108    0.750427   0.812180
  1433.99242    0.761516   0.812116
  1434.01375    0.773480   0.812071
  1434.03508    0.729854   0.812045
  1434.05642    0.832427   0.812038
  1434.07775    0.859274   0.812050
  1434.09908    0.884808   0.812081
  1434.12042    0.905089   0.812131
  1434.14175    0.943755   0.812201
  1434.16308    0.966225   0.812289
  1434.18442    0.816669   0.812396
  1434.20575    0.775232   0.812523
  1434.22708    0.811271   0.812668
  1434.24842    0.742257   0.812832
  1434.26975    0.763851   0.813015
  1434.29108    0.726791   0.813216
  1434.31242    0.701111   0.813437
  1434.33375    0.752908   0.813676
  1434.35508    0.755243   0.813934
  1434.37642    0.716869   0.814210
  1434.39775    0.763851   0.814505
  1434.41908    0.730730   0.814818
  1434.44042    0.764581   0.815149
  1434.46175    0.732773   0.815499
  1434.48308    0.784570   0.815866
  1434.50442    0.755827   0.816252
  1434.52575    0.763852   0.816656
  1434.54708    0.837973   0.817077
  1434.56842    0.864382   0.817516
  1434.58975    0.913115   0.817973
  1434.61108    0.881745   0.818447
  1434.63242    0.873574   0.818938
  1434.65375    0.881599   0.819447
  1434.67508    0.844977   0.819973
  1434.69642    0.844247   0.820515
  1434.71775    0.856649   0.821075
  1434.73908    0.861610   0.821651
  1434.76042    0.877076   0.822243
  1434.78175    0.882913   0.822852
  1434.80308    0.867301   0.823477
  1434.82442    0.846436   0.824118
  1434.84575    0.855336   0.824775
  1434.86708    0.886123   0.825447
  1434.88842    0.843810   0.826135
  1434.90975    0.857525   0.826839
  1434.93108    0.855920   0.827557
  1434.95242    0.898525   0.828290
  1434.97375    0.900422   0.829038
  1434.99508    0.896629   0.829801
  1435.01642    0.908593   0.830578
  1435.03775    0.847020   0.831369
  1435.05908    0.829220   0.832175
  1435.08042    0.822362   0.832994
  1435.10175    0.820319   0.833826
  1435.12308    0.792889   0.834672
  1435.14442    0.780341   0.835531
  1435.16575    0.756850   0.836403
  1435.18708    0.821341   0.837288
  1435.20842    0.805729   0.838185
  1435.22975    0.816818   0.839095
  1435.25108    0.767939   0.840017
  1435.27242    0.766334   0.840950
  1435.29375    0.801060   0.841896
  1435.31508    0.785448   0.842853
  1435.33642    0.792597   0.843821
  1435.35775    0.834327   0.844800
  1435.37908    0.840601   0.845790
  1435.40042    0.851252   0.846790
  1435.42175    0.937192   0.847801
  1435.44308    0.930772   0.848822
  1435.46442    0.916473   0.849853
  1435.48575    0.885979   0.850894
  1435.50708    0.902320   0.851944
  1435.52842    0.906406   0.853003
  1435.54975    0.893858   0.854072
  1435.57108    0.871242   0.855149
  1435.59242    0.898965   0.856235
  1435.61375    0.840456   0.857329
  1435.63508    0.905822   0.858431
  1435.65642    0.912534   0.859541
  1435.67775    0.925812   0.860659
  1435.69908    0.908887   0.861785
  1435.72042    0.932670   0.862917
  1435.74175    0.925374   0.864057
  1435.76308    0.813026   0.865204
  1435.78442    0.831556   0.866357
  1435.80575    0.792307   0.867516
  1435.82708    0.792015   0.868682
  1435.84842    0.796100   0.869854
  1435.86975    0.808940   0.871031
  1435.89108    0.837538   0.872214
  1435.91242    0.805293   0.873402
  1435.93375    0.801499   0.874595
  1435.95508    0.759186   0.875793
  1435.97642    0.786471   0.876996
  1435.99775    0.796247   0.878204
  1436.01908    0.817403   0.879415
  1436.04042    0.836371   0.880631
  1436.06175    0.861030   0.881850
  1436.08308    0.889190   0.883073
  1436.10442    0.836809   0.884300
  1436.12575    0.897799   0.885529
  1436.14708    0.894881   0.886762
  1436.16842    0.868763   0.887997
  1436.18975    0.930628   0.889235
  1436.21108    1.038454   0.890476
  1436.23242    0.958496   0.891718
  1436.25375    1.001102   0.892963
  1436.27508    0.990304   0.894209
  1436.29642    1.006208   0.895457
  1436.31775    0.955579   0.896706
  1436.33908    0.915454   0.897957
  1436.36042    0.997016   0.899208
  1436.38175    0.911806   0.900460
  1436.40308    0.901009   0.901713
  1436.42442    0.937924   0.902966
  1436.44575    0.975276   0.904219
  1436.46708    0.905387   0.905473
  1436.48842    0.950180   0.906726
  1436.50975    0.945949   0.907978
  1436.53108    0.952223   0.909231
  1436.55242    0.918227   0.910482
  1436.57375    0.926689   0.911732
  1436.59508    0.915892   0.912981
  1436.61642    0.901156   0.914229
  1436.63775    0.931067   0.915475
  1436.65908    0.894006   0.916719
  1436.68042    0.870078   0.917961
  1436.70175    0.875476   0.919202
  1436.72308    0.922021   0.920439
  1436.74442    0.937925   0.921674
  1436.76575    0.936320   0.922907
  1436.78708    0.881750   0.924136
  1436.80842    0.916039   0.925362
  1436.82975    0.993662   0.926585
  1436.85108    1.013505   0.927804
  1436.87242    0.956309   0.929019
  1436.89375    0.964334   0.930230
  1436.91508    0.985929   0.931437
  1436.93642    0.993516   0.932640
  1436.95775    0.973964   0.933837
  1436.97908    1.010879   0.935030
  1437.00042    0.979947   0.936218
  1437.02175    0.942886   0.937400
  1437.04308    0.929463   0.938577
  1437.06442    0.958061   0.939747
  1437.08575    0.909182   0.940912
  1437.10708    0.892694   0.942070
  1437.12842    0.989139   0.943222
  1437.14975    0.880292   0.944366
  1437.17108    0.863805   0.945503
  1437.19242    0.888901   0.946633
  1437.21375    0.972214   0.947755
  1437.23508    0.915019   0.948868
  1437.25642    0.899844   0.949972
  1437.27775    0.896926   0.951068
  1437.29908    0.900136   0.952154
  1437.32042    0.895905   0.953230
  1437.34175    0.867599   0.954297
  1437.36308    0.842357   0.955353
  1437.38442    0.915603   0.956399
  1437.40575    0.933257   0.957434
  1437.42708    0.956603   0.958458
  1437.44842    0.953247   0.959471
  1437.46975    0.976154   0.960473
  1437.49108    1.012631   0.961463
  1437.51242    1.053485   0.962442
  1437.53375    0.987535   0.963408
  1437.55508    1.060781   0.964362
  1437.57642    1.035101   0.965304
  1437.59775    1.105721   0.966234
  1437.61908    0.985493   0.967151
  1437.64042    1.046044   0.968055
  1437.66175    1.025180   0.968946
  1437.68308    1.028390   0.969825
  1437.70442    1.066180   0.970690
  1437.72575    1.028682   0.971542
  1437.74708    1.039333   0.972381
  1437.76842    1.064429   0.973207
  1437.78975    1.029120   0.974019
  1437.81108    1.085294   0.974817
  1437.83242    0.933988   0.975602
  1437.85375    0.993226   0.976373
  1437.87508    0.889194   0.977130
  1437.89642    0.978636   0.977874
  1437.91775    0.980095   0.978604
  1437.93908    0.996874   0.979320
  1437.96042    0.966380   0.980022
  1437.98175    0.906558   0.980711
  1438.00308    0.963608   0.981385
  1438.02442    0.989141   0.982046
  1438.04575    0.986661   0.982693
  1438.06708    0.950476   0.983326
  1438.08842    0.944932   0.983945
  1438.10975    0.947704   0.984551
  1438.13108    0.883942   0.985142
  1438.15242    0.887152   0.985720
  1438.17375    0.915750   0.986285
  1438.19508    0.972363   0.986835
  1438.21642    0.982138   0.987372
  1438.23775    0.929758   0.987896
  1438.25908    0.908017   0.988406
  1438.28042    1.031601   0.988903
  1438.30175    1.057573   0.989387
  1438.32308    1.031018   0.989857
  1438.34442    1.094633   0.990314
  1438.36575    1.073769   0.990758
  1438.38708    1.034082   0.991190
  1438.40842    1.101199   0.991608
  1438.42975    1.062388   0.992014
  1438.45108    1.075666   0.992407
  1438.47242    1.036854   0.992788
  1438.49375    1.056260   0.993157
  1438.51508    1.062972   0.993513
  1438.53642    1.067933   0.993857
  1438.55775    1.009424   0.994190
  1438.57908    1.077417   0.994510
  1438.60042    1.052613   0.994820
  1438.62175    1.047068   0.995117
  1438.64308    1.066474   0.995404
  1438.66442    0.996147   0.995679
  1438.68575    1.054072   0.995944
  1438.70708    1.042837   0.996197
  1438.72842    1.009716   0.996441
  1438.74975    1.052759   0.996673
  1438.77108    1.049841   0.996896
  1438.79242    1.043421   0.997109
  1438.81375    1.101784   0.997312
  1438.83508    0.999503   0.997505
  1438.85642    0.999211   0.997689
  1438.87775    1.015115   0.997864
  1438.89908    1.029268   0.998030
  1438.92042    1.016720   0.998187
  1438.94175    1.002859   0.998335
  1438.96308    0.967112   0.998476
  1438.98442    0.990895   0.998608
  1439.00575    0.991478   0.998732
  1439.02708    0.981119   0.998849
  1439.04842    0.938806   0.998958
  1439.06975    0.928447   0.999060
  1439.09108    0.951354   0.999155
  1439.11242    0.957628   0.999243
  1439.13375    1.043568   0.999325
  1439.15508    0.957045   0.999401
  1439.17642    1.011468   0.999471
  1439.19775    1.001109   0.999535
  1439.21908    0.996440   0.999593
  1439.24042    0.904664   0.999647
  1439.26175    0.889052   0.999695
  1439.28308    0.965799   0.999739
  1439.30442    0.924362   0.999778
  1439.32575    0.920130   0.999813
  1439.34708    1.001693   0.999844
  1439.36842    0.987394   0.999871
  1439.38975    1.006800   0.999895
  1439.41108    1.042839   0.999916
  1439.43242    1.000963   0.999933
  1439.45375    0.951209   0.999948
  1439.47508    0.928593   0.999961
  1439.49642    0.940996   0.999971
  1439.51775    0.903060   0.999979
  1439.53908    0.918088   0.999986
  1439.56042    0.893284   0.999991
  1439.58175    0.938953   0.999994
  1439.60308    0.966238   0.999997
  1439.62442    0.873149   0.999998
  1439.64575    0.943330   0.999999
  1439.66708    0.970178   1.000000
  1439.68842    0.926114   1.000000
  1439.70975    0.957338   1.000000
  1439.73108    0.927719   1.000000
  1439.75242    0.959818   1.000000
  1439.77375    0.962591   1.000000
  1439.79508    0.966676   1.000000
  1439.81642    0.933117   1.000000
  1439.83775    0.966968   1.000000
  1439.85908    0.931658   1.000000
  1439.88042    0.995712   1.000000
  1439.90175    0.928886   1.000000
  1439.92308    0.935160   1.000000
  1439.94442    0.958506   1.000000
  1439.96575    0.998922   1.000000
  1439.98708    0.992502   1.000000
  1440.00842    1.004467   1.000000
  1440.02975    0.983164   1.000000
  1440.05108    1.045029   1.000000
  1440.07242    1.038171   1.000000
  1440.09375    1.037004   1.000000
  1440.11508    0.995129   1.000000
  1440.13642    1.015410   1.000000
  1440.15775    0.973097   1.000000
  1440.17908    1.006947   1.000000
  1440.20042    0.971638   1.000000
  1440.22175    0.972222   1.000000
  1440.24308    0.966677   1.000000
  1440.26442    0.942748   1.000000
  1440.28575    0.922759   1.000000
  1440.30708    0.963176   1.000000
  1440.32842    0.878403   1.000000
  1440.34975    0.955588   1.000000
  1440.37108    0.951795   1.000000
  1440.39242    0.956756   1.000000
  1440.41375    0.952525   1.000000
  1440.43508    0.915026   1.000000
  1440.45642    0.952379   1.000000
  1440.47775    0.944208   1.000000
  1440.49908    0.941728   1.000000
  1440.52042    0.953254   1.000000
  1440.54175    0.986230   1.000000
  1440.56308    1.043279   1.000000
  1440.58442    0.930493   1.000000
  1440.60575    1.026062   1.000000
  1440.62708    0.989002   1.000000
  1440.64842    0.983020   1.000000
  1440.66975    0.999799   1.000000
  1440.69108    1.012639   1.000000
  1440.71242    0.948878   1.000000
  1440.73375    1.029565   1.000000
  1440.75508    1.087928   1.000000
  1440.77642    1.023291   1.000000
  1440.79775    1.089533   1.000000
  1440.81908    1.119882   1.000000
  1440.84042    1.007970   1.000000
  1440.86175    0.961280   1.000000
  1440.88308    1.035401   1.000000
  1440.90442    0.932245   1.000000
  1440.92575    0.914006   1.000000
  1440.94708    0.942166   1.000000
  1440.96842    0.939686   1.000000
  1440.98975    0.984480   1.000000
  1441.01108    0.965804   1.000000
  1441.03242    0.940562   1.000000
  1441.05375    0.848348   1.000000
  1441.07508    0.980686   1.000000
  1441.09642    0.943188   1.000000
  1441.11775    0.964783   1.000000
  1441.13908    0.984626   1.000000
  1441.16042    0.961135   1.000000
  1441.18175    0.987982   1.000000
  1441.20308    1.044594   1.000000
  1441.22442    1.081947   1.000000
  1441.24575    1.019498   1.000000
  1441.26708    1.062541   1.000000
  1441.28842    1.081071   1.000000
  1441.30975    1.088221   1.000000
  1441.33108    1.048534   1.000000
  1441.35242    0.990463   1.000000
  1441.37375    0.936331   1.000000
  1441.39508    0.954424   1.000000
  1441.41642    0.903794   1.000000
  1441.43775    0.990171   1.000000
  1441.45908    0.927285   1.000000
  1441.48042    0.948004   1.000000
  1441.50175    0.928015   1.000000
  1441.52308    1.004762   1.000000
  1441.54442    1.073631   1.000000
  1441.56575    1.110545   1.000000
  1441.58708    1.001698   1.000000
  1441.60842    0.963325   1.000000
  1441.62975    1.111421   1.000000
  1441.65108    1.080489   1.000000
  1441.67242    1.067941   1.000000
  1441.69375    1.080780   1.000000
  1441.71508    0.974998   1.000000
  1441.73642    1.009724   1.000000
  1441.75775    1.109670   1.000000
  1441.77908    0.999072   1.000000
  1441.80042    0.993528   1.000000
  1441.82175    1.003304   1.000000
  1441.84308    0.969307   1.000000
  1441.86442    0.903795   1.000000
  1441.88575    0.958219   1.000000
  1441.90708    0.997322   1.000000
  1441.92842    0.974268   1.000000
  1441.94975    1.007681   1.000000
  1441.97108    1.013518   1.000000
  1441.99242    0.995279   1.000000
  1442.01375    0.968724   1.000000
  1442.03508    1.011767   1.000000
  1442.05642    1.006223   1.000000
  1442.07775    0.975728   1.000000
  1442.09908    1.048536   1.000000
