  1035.75845    0.792625   1.000000
  1035.77178    1.085096   1.000000
  1035.78645    1.029599   1.000000
  1035.80112    0.948567   1.000000
  1035.81478    1.082101   1.000000
  1035.82987    1.035304   1.000000
  1035.84412    0.927829   1.000000
  1035.85778    1.002462   1.000000
  1035.87162    1.064310   1.000000
  1035.88528    0.823888   1.000000
  1035.89895    1.129973   1.000000
  1035.91362    0.981450   1.000000
  1035.92745    0.921018   1.000000
  1035.94112    1.080110   1.000000
  1035.95578    0.947694   1.000000
  1035.96945    0.832277   1.000000
  1035.98328    1.165918   1.000000
  1035.99695    1.040083   1.000000
  1036.01062    1.077130   1.000000
  1036.02445    0.942471   1.000000
  1036.03812    1.041041   1.000000
  1036.05195    0.805876   1.000000
  1036.06512    1.027704   1.000000
  1036.07887    0.921018   1.000000
  1036.09262    0.955582   1.000000
  1036.10637    1.047775   1.000000
  1036.11962    0.779593   1.000000
  1036.13328    0.988708   1.000000
  1036.14712    1.120645   1.000000
  1036.16078    0.967092   1.000000
  1036.17462    0.904207   1.000000
  1036.18828    1.013603   1.000000
  1036.20195    1.068238   1.000000
  1036.21578    1.087096   1.000000
  1036.22945    1.139378   1.000000
  1036.24312    0.937277   1.000000
  1036.25695    0.926122   1.000000
  1036.27062    0.984165   1.000000
  1036.28445    0.928684   1.000000
  1036.29812    1.027704   1.000000
  1036.31178    1.058444   1.000000
  1036.32562    1.053581   1.000000
  1036.33887    1.152041   1.000000
  1036.35262    0.939005   1.000000
  1036.36628    0.884439   1.000000
  1036.37962    0.915942   1.000000
  1036.39328    1.141479   1.000000
  1036.40712    0.982354   1.000000
  1036.42078    1.116524   1.000000
  1036.43445    0.800697   1.000000
  1036.44830    0.952068   1.000000
  1036.46197    1.000617   1.000000
  1036.47580    1.052611   1.000000
  1036.48947    0.823129   1.000000
  1036.50313    0.917631   1.000000
  1036.51697    0.906709   1.000000
  1036.53063    1.013603   1.000000
  1036.54447    0.905040   1.000000
  1036.55763    0.936414   1.000000
  1036.57138    1.032448   1.000000
  1036.58513    1.034351   1.000000
  1036.59888    1.019220   1.000000
  1036.61213    0.982354   1.000000
  1036.62580    0.932971   1.000000
  1036.63963    0.992357   1.000000
  1036.65330    1.176706   1.000000
  1036.66713    0.843078   1.000000
  1036.68080    0.891801   1.000000
  1036.69447    0.944209   1.000000
  1036.70830    0.940736   1.000000
  1036.72197    1.103235   1.000000
  1036.73563    0.936414   1.000000
  1036.74947    1.025812   1.000000
  1036.76313    0.835349   1.000000
  1036.77697    0.854020   1.000000
  1036.79063    1.024868   1.000000
  1036.80430    1.019220   1.000000
  1036.81813    1.234434   1.000000
  1036.83180    0.967092   1.000000
  1036.84563    0.920170   1.000000
  1036.85930    0.952068   1.000000
  1036.87297    0.996020   1.000000
  1036.88680    1.026758   1.000000
  1036.90047    0.833044   1.000000
  1036.91430    1.104251   1.000000
  1036.92838    0.977840   1.000000
  1036.94213    0.854020   1.000000
  1036.95588    0.961763   1.000000
  1036.97013    0.901712   1.000000
  1036.98380    0.948567   1.000000
  1036.99747    0.941603   1.000000
  1037.01130    0.938141   1.000000
  1037.02497    0.954702   1.000000
  1037.03880    1.082101   1.000000
  1037.05247    1.009876   1.000000
  1037.06613    1.251607   1.000000
  1037.07997    1.122711   1.000000
  1037.09363    0.939005   1.000000
  1037.10730    1.014537   1.000000
  1037.12113    0.939005   1.000000
  1037.13480    1.115496   1.000000
  1037.14863    0.971556   1.000000
  1037.16230    1.058444   1.000000
  1037.17597    0.873108   1.000000
  1037.19022    0.911734   1.000000
  1037.20397    0.995103   1.000000
  1037.21813    1.033399   1.000000
  1037.23180    1.040083   1.000000
  1037.24563    0.973348   1.000000
  1037.25930    1.049707   1.000000
  1037.27313    1.019220   1.000000
  1037.28680    0.967984   1.000000
  1037.30047    0.985072   1.000000
  1037.31430    1.131014   1.000000
  1037.32797    1.013603   1.000000
  1037.34180    1.011738   1.000000
  1037.35547    1.090104   1.000000
  1037.36913    1.021099   1.000000
  1037.38297    0.945079   1.000000
  1037.39713    1.060396   1.000000
  1037.41080    1.016408   1.000000
  1037.42455    0.932971   1.000000
  1037.43830    1.147805   1.000000
  1037.45247    1.047775   1.000000
  1037.46630    0.993272   1.000000
  1037.47997    0.982354   1.000000
  1037.49365    0.861922   1.000000
  1037.50748    1.124781   1.000000
  1037.52115    0.961763   1.000000
  1037.53482    0.985980   1.000000
  1037.54865    1.029599   1.000000
  1037.56232    0.810341   1.000000
  1037.57615    0.927829   1.000000
  1037.58982    0.797752   1.000000
  1037.60348    1.113443   1.000000
  1037.61732    1.081105   1.000000
  1037.63098    0.922716   1.000000
  1037.64482    1.101205   1.000000
  1037.65848    1.226501   1.000000
  1037.67215    1.081105   1.000000
  1037.68598    1.083099   1.000000
  1037.69965    0.978741   1.000000
  1037.71348    1.073169   1.000000
  1037.72715    1.027704   1.000000
  1037.74132    1.037213   1.000000
  1037.75507    1.018282   1.000000
  1037.76882    0.922716   1.000000
  1037.78298    1.022040   1.000000
  1037.79665    1.238991   1.000000
  1037.81048    1.039125   1.000000
  1037.82415    1.122711   1.000000
  1037.83798    1.011738   1.000000
  1037.85165    0.921018   1.000000
  1037.86532    0.918476   1.000000
  1037.87915    0.945950   1.000000
  1037.89282    0.959109   1.000000
  1037.90648    0.928684   1.000000
  1037.92032    1.087096   1.000000
  1037.93398    1.102219   1.000000
  1037.94782    1.002462   1.000000
  1037.96198    0.996938   1.000000
  1037.97565    1.072181   1.000000
  1037.98982    1.124781   1.000000
  1038.00365    0.924417   1.000000
  1038.01732    1.083099   1.000000
  1038.03098    1.008017   1.000000
  1038.04482    0.859544   1.000000
  1038.05848    1.116524   1.000000
  1038.07232    1.066272   1.000000
  1038.08598    1.022982   1.000000
  1038.09965    0.877946   1.000000
  1038.11348    0.951192   1.000000
  1038.12715    1.055524   1.000000
  1038.14140    1.115496   1.000000
  1038.15507    1.029599   1.000000
  1038.16882    0.795551   1.000000
  1038.18298    1.006162   1.000000
  1038.19682    1.071194   1.000000
  1038.21048    0.973348   1.000000
  1038.22415    0.896743   1.000000
  1038.23798    1.020159   1.000000
  1038.25165    0.880376   1.000000
  1038.26548    1.043922   1.000000
  1038.27915    1.229895   1.000000
  1038.29282    1.045847   1.000000
  1038.30665    0.999696   1.000000
  1038.32032    1.105269   1.000000
  1038.33398    0.985072   1.000000
  1038.34782    0.777442   1.000000
  1038.36198    0.921866   1.000000
  1038.37573    0.983259   1.000000
  1038.38998    0.980546   1.000000
  1038.40365    0.881999   1.000000
  1038.41732    0.940736   1.000000
  1038.43115    0.992357   1.000000
  1038.44482    1.089101   1.000000
  1038.45848    1.206335   1.000000
  1038.47232    0.920170   1.000000
  1038.48598    0.886070   1.000000
  1038.49982    1.091109   1.000000
  1038.51348    0.938141   1.000000
  1038.52767    1.052611   1.000000
  1038.54142    0.978741   1.000000
  1038.55517    1.029599   1.000000
  1038.56933    0.839205   1.000000
  1038.58300    1.071194   1.000000
  1038.59683    1.035304   1.000000
  1038.61050    0.928684   1.000000
  1038.62433    1.190880   1.000000
  1038.63800    0.981450   1.000000
  1038.65167    0.991444   1.000000
  1038.66550    1.042961   1.000000
  1038.67967    0.995103   1.000000
  1038.69342    0.866698   1.000000
  1038.70750    0.921018   1.000000
  1038.72133    1.100191   1.000000
  1038.73500    0.972452   1.000000
  1038.74883    0.913415   1.000000
  1038.76250    1.152041   1.000000
  1038.77667    1.110371   1.000000
  1038.79083    0.886070   1.000000
  1038.80467    1.083099   1.000000
  1038.81833    0.991444   1.000000
  1038.83200    0.893445   1.000000
  1038.84583    0.890160   1.000000
  1038.86000    0.959993   1.000000
  1038.87417    0.996938   1.000000
  1038.88783    1.063330   1.000000
  1038.90167    0.942471   1.000000
  1038.91533    0.999696   1.000000
  1038.92958    1.038169   1.000000
  1038.94383    1.000617   1.000000
  1038.95750    0.912574   1.000000
  1038.97117    0.994187   1.000000
  1038.98500    0.979643   1.000000
  1038.99867    0.980546   1.000000
  1039.01233    0.926975   1.000000
  1039.02658    0.939870   1.000000
  1039.04033    1.133099   1.000000
  1039.05450    1.018282   1.000000
  1039.06825    1.048740   1.000000
  1039.08200    1.111394   1.000000
  1039.09567    0.956463   1.000000
  1039.11033    0.939870   1.000000
  1039.12417    1.055524   1.000000
  1039.13783    0.887704   1.000000
  1039.15150    1.055524   1.000000
  1039.16533    0.945079   1.000000
  1039.17950    1.199687   1.000000
  1039.19317    0.999696   1.000000
  1039.20733    0.901712   1.000000
  1039.22117    1.009876   1.000000
  1039.23483    1.060396   1.000000
  1039.24867    1.115496   1.000000
  1039.26233    0.926975   1.000000
  1039.27650    1.026758   1.000000
  1039.29067    1.276051   1.000000
  1039.30450    1.007089   1.000000
  1039.31817    0.891801   1.000000
  1039.33183    0.898396   1.000000
  1039.34567    0.921866   1.000000
  1039.35933    0.857962   1.000000
  1039.37358    1.097155   1.000000
  1039.38767    1.213020   1.000000
  1039.40150    1.148862   1.000000
  1039.41517    0.982354   1.000000
  1039.42900    0.944209   1.000000
  1039.44308    0.919323   1.000000
  1039.45733    0.913415   1.000000
  1039.47100    0.952945   1.000000
  1039.48483    0.879565   1.000000
  1039.49850    0.902543   1.000000
  1039.51217    0.946821   1.000000
  1039.52642    1.020159   1.000000
  1039.54067    0.910894   1.000000
  1039.55433    1.011738   1.000000
  1039.56802    1.134143   1.000000
  1039.58185    0.884439   1.000000
  1039.59552    0.946821   1.000000
  1039.60977    0.948567   1.000000
  1039.62385    1.008017   1.000000
  1039.63768    1.003386   1.000000
  1039.65135    0.974245   1.000000
  1039.66518    0.943339   1.000000
  1039.67935    0.905040   1.000000
  1039.69352    1.145692   1.000000
  1039.70718    0.846970   1.000000
  1039.72102    0.939005   1.000000
  1039.73468    1.008946   1.000000
  1039.74885    1.018282   1.000000
  1039.76402    0.886070   1.000000
  1039.77868    0.991444   1.000000
  1039.79235    0.881999   1.000000
  1039.80743    0.889340   1.000000
  1039.82168    0.949441   1.000000
  1039.83635    0.872304   1.000000
  1039.85102    1.050674   1.000000
  1039.86468    1.057470   1.000000
  1039.87935    0.955582   1.000000
  1039.89352    1.055524   1.000000
  1039.90768    1.016408   1.000000
  1039.92152    0.937277   1.000000
  1039.93652    1.105269   1.000000
  1039.95068    1.176706   1.000000
  1039.96452    1.134143   1.000000
  1039.97818    0.891801   1.000000
  1039.99185    1.059420   1.000000
  1040.00568    1.049707   1.000000
  1040.01985    1.045847   1.000000
  1040.03402    0.990531   1.000000
  1040.04785    0.761847   1.000000
  1040.06152    0.980546   1.000000
  1040.07518    0.998776   1.000000
  1040.08902    1.095136   1.000000
  1040.10318    1.083099   1.000000
  1040.11735    0.898396   1.000000
  1040.13102    1.086095   1.000000
  1040.14485    0.952068   1.000000
  1040.15852    0.969768   1.000000
  1040.17235    0.861922   1.000000
  1040.18643    0.839978   1.000000
  1040.20068    0.962649   1.000000
  1040.21435    1.148862   1.000000
  1040.22860    1.006162   1.000000
  1040.24268    1.009876   1.000000
  1040.25652    0.994187   1.000000
  1040.27018    1.065290   1.000000
  1040.28443    0.947694   1.000000
  1040.29852    0.912574   1.000000
  1040.31235    1.063330   1.000000
  1040.32652    1.116524   1.000000
  1040.34068    0.897569   1.000000
  1040.35452    0.985980   1.000000
  1040.36818    0.893445   1.000000
  1040.38185    1.157359   1.000000
  1040.39610    1.196377   1.000000
  1040.41035    0.981450   1.000000
  1040.42402    0.923566   1.000000
  1040.43768    1.061373   1.000000
  1040.45152    1.086095   1.000000
  1040.46568    0.900882   1.000000
  1040.47985    0.982354   1.000000
  1040.49352    1.041041   1.000000
  1040.50735    1.072181   1.000000
  1040.52102    0.975142   1.000000
  1040.53527    1.003386   1.000000
  1040.86937    0.843078   1.000000
  1040.88353    0.963536   1.000000
  1040.89737    1.053581   1.000000
  1040.91103    0.824647   1.000000
  1040.92470    1.037213   1.000000
  1040.93937    1.106287   1.000000
  1040.95320    0.844633   1.000000
  1040.96687    1.000617   1.000000
  1040.98053    0.986888   1.000000
  1040.99478    0.985072   1.000000
  1041.00903    0.824647   1.000000
  1041.02270    1.161630   1.000000
  1041.03637    1.092114   1.000000
  1041.05020    1.051642   1.000000
  1041.06437    0.878755   1.000000
  1041.07853    0.786082   1.000000
  1041.09237    0.910894   1.000000
  1041.10603    1.020159   1.000000
  1041.11970    0.990531   1.000000
  1041.13395    1.030547   1.000000
  1041.14820    1.016408   1.000000
  1041.16187    0.980546   1.000000
  1041.17553    0.939005   1.000000
  1041.19020    0.998776   1.000000
  1041.20487    1.001539   1.000000
  1041.21862    1.012670   0.999923
  1041.23420    1.144638   0.999888
  1041.24787    1.088098   0.999868
  1041.26212    1.008017   0.999776
  1041.27637    1.047775   0.999709
  1041.29003    0.940736   0.999653
  1041.30370    0.993272   0.999621
  1041.31795    0.840752   0.999486
  1041.33220    0.912574   0.999399
  1041.34587    0.881999   0.999330
  1041.35953    0.857962   0.999221
  1041.37337    0.956463   0.999093
  1041.38753    1.052611   0.999000
  1041.40170    1.030547   0.998928
  1041.41537    0.977840   0.998769
  1041.42920    0.857962   0.998645
  1041.44287    0.806618   0.998553
  1041.45753    1.097155   0.998467
  1041.47120    0.869096   0.998266
  1041.48503    0.853234   0.998141
  1041.49870    1.023925   0.998019
  1041.51295    0.799959   0.997871
  1041.52703    1.086095   0.997679
  1041.54087    1.030547   0.997562
  1041.55453    0.943339   0.997437
  1041.56878    1.037213   0.997249
  1041.58303    1.097155   0.997064
  1041.59670    0.934691   0.996945
  1041.61037    1.004310   0.996783
  1041.62462    0.768189   0.996581
  1041.63888    0.981450   0.996392
  1041.65255    0.957344   0.996255
  1041.66622    0.875524   0.996036
  1041.68005    0.965313   0.995869
  1041.69472    0.959109   0.995669
  1041.70838    1.013603   0.995489
  1041.72205    1.012670   0.995279
  1041.73588    0.980546   0.995078
  1041.75005    1.085096   0.994890
  1041.76422    1.056496   0.994718
  1041.77788    1.004310   0.994454
  1041.79213    0.960877   0.994215
  1041.80638    0.967092   0.994064
  1041.82005    1.032448   0.993872
  1041.83372    1.019220   0.993588
  1041.84755    0.783192   0.993367
  1041.86222    0.943339   0.993214
  1041.87588    0.847750   0.992949
  1041.88972    0.983259   0.992697
  1041.90380    0.864307   0.992475
  1041.91805    1.062351   0.992301
  1041.93172    1.095136   0.991989
  1041.94555    1.064310   0.991773
  1041.95963    0.972452   0.991550
  1041.97388    0.982354   0.991347
  1042.81157    0.976940   0.972637
  1042.82607    0.860336   0.972238
  1042.83990    0.985072   0.971842
  1042.85357    0.948567   0.971481
  1042.86782    1.083099   0.971139
  1042.88190    0.915099   0.970775
  1042.89573    0.999696   0.970321
  1042.90940    0.916786   0.970011
  1042.92407    1.003386   0.969622
  1042.93782    1.077130   0.969271
  1042.95157    0.971556   0.968833
  1042.96523    0.958226   0.968488
  1042.97990    0.973348   0.968099
  1042.99373    1.009876   0.967734
  1043.00740    0.962649   0.967277
  1043.02157    0.969768   0.966942
  1043.03573    0.952945   0.966538
  1043.04957    0.979643   0.966140
  1043.06323    0.808850   0.965715
  1043.07740    1.026758   0.965363
  1043.09157    0.927829   0.964968
  1044.28358    0.911734   0.927328
  1044.29767    1.009876   0.926908
  1044.31192    0.879565   0.926411
  1044.32558    0.840752   0.925906
  1044.34025    0.927829   0.925402
  1044.35392    0.943339   0.924987
  1044.36775    0.846970   0.924532
  1044.38242    0.972452   0.923986
  1044.39608    0.970662   0.923490
  1044.40992    0.824647   0.923091
  1044.42442    0.962649   0.922623
  1044.43825    0.864307   0.922088
  1044.45242    0.928684   0.921602
  1044.46658    0.945950   0.921172
  1044.48025    0.976041   0.920713
  1044.49450    1.007089   0.920233
  1044.50875    1.079116   0.919716
  1044.52242    0.938141   0.919210
  1044.53658    0.985072   0.918743
  1044.55075    0.979643   0.918320
  1044.56458    0.895093   0.917838
  1044.57825    1.108327   0.917347
  1044.59292    1.066272   0.916837
  1044.60658    0.945950   0.916419
  1044.62083    0.690348   0.915937
  1044.63508    0.829217   0.915414
  1044.64875    0.999696   0.914969
  1044.66292    0.895093   0.914453
  1044.67708    1.005236   0.914036
  1044.69092    0.921018   0.913512
  1044.70508    0.750012   0.913004
  1044.71925    0.987798   0.912541
  1044.73292    1.066272   0.912062
  1044.74717    0.887704   0.911714
  1044.76143    0.891801   0.911071
  1044.77510    1.083099   0.910600
  1044.78927    0.930396   0.910194
  1044.80343    0.890980   0.909690
  1044.81727    0.898396   0.909212
  1044.83143    0.825407   0.908761
  1044.84560    0.987798   0.908204
  1044.85927    0.872304   0.907749
  1044.87393    0.811835   0.907343
  1044.88777    1.102219   0.906781
  1044.90193    1.016408   0.906324
  1044.91610    0.968876   0.905856
  1044.92977    0.830745   0.905383
  1044.94402    1.003386   0.904923
  1044.95827    0.929540   0.904503
  1044.97193    0.959993   0.903896
  1044.98660    0.990531   0.903455
  1045.00027    0.879565   0.903054
  1045.01452    0.980546   0.902468
  1045.02860    0.814082   0.902018
  1045.04243    0.947694   0.901539
  1045.05660    0.766775   0.901062
  1045.07077    0.894269   0.900674
  1045.08460    0.797018   0.900086
  1045.09868    0.900882   0.899602
  1045.11293    0.817086   0.899221
  1045.12660    0.910894   0.898685
  1045.14127    0.939005   0.898251
  1045.15493    1.054552   0.897737
  1045.16918    0.856383   0.897212
  1045.18343    0.949441   0.896832
  1045.19710    1.008017   0.896321
  1045.21127    0.912574   0.895890
  1045.22543    1.019220   0.895405
  1045.23927    0.773158   0.894873
  1045.25393    0.905040   0.894396
  1045.26760    0.751394   0.893949
  1045.28177    0.804392   0.893502
  1045.29593    0.816334   0.893027
  1045.30977    0.963536   0.892463
  1045.32443    0.916786   0.891998
  1045.33810    0.790438   0.891677
  1045.35177    0.833812   0.891091
  1045.36643    0.914256   0.890610
  1045.38027    0.881999   0.890125
  1045.39443    0.763252   0.889647
  1045.40860    0.859544   0.889235
  1045.42227    0.866698   0.888751
  1045.43652    0.831511   0.888254
  1045.45077    0.784636   0.887766
  1045.46443    0.829217   0.887283
  1045.47860    0.900053   0.886890
  1045.49277    0.945950   0.886394
  1045.50660    0.939005   0.885913
  1045.52110    0.857172   0.885432
  1045.53493    0.929540   0.884982
  1045.54910    0.840752   0.884563
  1045.56327    0.751394   0.884063
  1045.57710    0.893445   0.883623
  1045.59160    0.705128   0.883067
  1045.60543    0.940736   0.882672
  1045.61960    0.773158   0.882284
  1045.63377    0.942471   0.881716
  1045.64743    1.039125   0.881331
  1045.66168    0.887704   0.880800
  1045.67593    1.000617   0.880365
  1045.68960    1.002462   0.879992
  1045.70427    0.958226   0.879478
  1045.71793    0.825407   0.879098
  1045.73218    0.865900   0.878545
  1045.74643    0.900053   0.878073
  1045.76010    0.732264   0.877630
  1045.77477    0.931254   0.877168
  1045.78843    0.783913   0.876839
  1045.80270    0.960877   0.876267
  1045.81695    0.854807   0.875840
  1045.83062    0.944209   0.875415
  1045.84528    0.788257   0.874918
  1045.85895    0.816334   0.874491
  1045.87320    0.909218   0.874085
  1045.88737    0.907545   0.873660
  1045.90112    0.890160   0.873113
  1045.91528    0.868296   0.872785
  1045.92945    0.904207   0.872288
  1045.94328    0.843078   0.871881
  1045.95778    0.831511   0.871412
  1045.97162    0.853234   0.870923
  1045.98578    0.905040   0.870586
  1045.99995    0.853234   0.870098
  1046.01362    0.878755   0.869712
  1046.02828    0.989619   0.869241
  1046.04212    0.721553   0.868801
  1046.05678    0.903375   0.868314
  1046.07045    0.974245   0.867938
  1046.08462    0.797018   0.867499
  1046.09878    0.795551   0.867098
  1046.11262    0.948567   0.866678
  1046.12728    0.823888   0.866194
  1046.14095    0.851663   0.865828
  1046.15512    0.854807   0.865349
  1046.16928    0.820858   0.864973
  1046.18495    0.991444   0.864464
  1046.19862    0.741085   0.864134
  1046.21412    0.895093   0.863583
  1046.22878    1.033399   0.863184
  1046.24445    0.789711   0.862676
  1046.25895    0.795551   0.862325
  1046.27362    0.951192   0.861859
  1046.28745    0.815583   0.861477
  1046.30212    0.826167   0.861003
  1046.31578    0.909218   0.860638
  1046.33045    0.915099   0.860167
  1046.34412    0.978741   0.859804
  1046.35878    0.791167   0.859389
  1046.37262    0.981450   0.859035
  1046.38712    0.857962   0.858550
  1046.40095    0.836119   0.858161
  1046.41562    0.890160   0.857769
  1046.42928    0.839978   0.857366
  1046.44395    0.688443   0.856987
  1046.46045    0.784636   0.856543
  1046.47512    0.910894   0.856107
  1046.48928    0.812583   0.855696
  1046.50345    0.895093   0.855290
  1046.51812    0.850096   0.854921
  1046.53178    1.032448   0.854538
  1046.54603    0.812583   0.854129
  1046.56028    0.728900   0.853769
  1046.57395    0.869096   0.853375
  1046.58862    0.894269   0.852976
  1046.60328    0.965313   0.852552
  1046.61695    0.888522   0.852235
  1046.63162    0.839205   0.851831
  1046.64628    0.921018   0.851435
  1046.66095    0.814082   0.851064
  1046.67512    0.779593   0.850662
  1046.68928    0.939005   0.850272
  1046.70295    0.830745   0.849893
  1046.71762    0.829981   0.849511
  1046.73145    0.743135   0.849161
  1046.74603    0.877138   0.848785
  1046.75978    0.782471   0.848426
  1046.77445    0.822371   0.848034
  1046.78812    0.788984   0.847618
  1046.80278    0.739040   0.847295
  1046.81645    0.859544   0.846921
  1046.83028    0.927829   0.846643
  1046.84497    0.930396   0.846249
  1046.85863    0.935552   0.845929
  1046.87280    0.747942   0.845547
  1046.88697    0.827691   0.845222
  1046.90122    0.969768   0.844833
  1046.91547    0.886886   0.844527
  1046.92913    0.857172   0.844192
  1046.94380    0.837660   0.843816
  1046.95747    0.899224   0.843479
  1046.97213    0.862716   0.843164
  1046.98597    0.943339   0.842806
  1046.99963    0.745878   0.842498
  1047.01430    0.906709   0.842132
  1047.02797    0.811835   0.841800
  1047.04263    0.840752   0.841491
  1047.05630    0.995103   0.841152
  1047.07055    0.928684   0.840902
  1047.08480    0.805134   0.840537
  1047.09847    0.805134   0.840241
  1047.11313    0.857172   0.839871
  1047.12680    0.768189   0.839554
  1047.14147    0.825407   0.839229
  1047.15530    0.801434   0.838935
  1047.16947    0.961763   0.838663
  1047.18363    0.875524   0.838318
  1047.19730    0.791896   0.838024
  1047.21197    0.801434   0.837738
  1047.22580    0.825407   0.837413
  1047.24030    0.891801   0.837088
  1047.25413    0.792625   0.836787
  1047.26880    0.732939   0.836499
  1047.28247    0.752087   0.836168
  1047.29672    0.829217   0.835912
  1047.31080    0.895917   0.835617
  1047.32505    0.991444   0.835355
  1047.33930    0.845411   0.835035
  1047.35297    0.760445   0.834738
  1047.36763    0.798487   0.834420
  1047.38130    0.891801   0.834180
  1047.39555    0.771024   0.833929
  1047.40980    0.797018   0.833596
  1047.42388    0.913415   0.833366
  1047.43813    0.747942   0.833093
  1047.45180    0.699307   0.832830
  1047.46647    0.884439   0.832550
  1047.48030    0.918476   0.832292
  1047.49480    0.851663   0.832036
  1047.50863    0.831511   0.831734
  1047.52280    0.908381   0.831472
  1047.53697    0.752780   0.831252
  1047.55113    0.903375   0.830986
  1047.56530    0.875524   0.830718
  1047.58180    0.739721   0.830446
  1047.59647    0.803652   0.830149
  1047.61155    0.794819   0.829912
  1047.62947    0.785359   0.829616
  1047.64363    0.927829   0.829363
  1047.65780    0.979643   0.829161
  1047.67147    0.716916   0.828905
  1047.68613    0.939870   0.828664
  1047.69997    0.799223   0.828432
  1047.71413    0.858752   0.828182
  1047.72830    0.835349   0.827988
  1047.74197    0.802912   0.827795
  1047.75663    0.819347   0.827554
  1047.77047    0.911734   0.827313
  1047.78513    0.808105   0.827105
  1047.79880    0.799223   0.826892
  1047.81347    0.821614   0.826690
  1047.82713    0.793356   0.826476
  1047.84180    0.746566   0.826275
  1047.85547    0.880376   0.826053
  1047.87013    0.860336   0.825848
  1047.88398    0.775297   0.825661
  1047.89865    0.939870   0.825460
  1047.91232    0.830745   0.825241
  1047.92648    0.893445   0.825047
  1047.94065    0.857172   0.824864
  1047.95490    0.665990   0.824700
  1047.96915    0.638363   0.824494
  1047.98282    0.823888   0.824321
  1047.99748    0.807361   0.824145
  1048.01115    0.747254   0.823984
  1048.02582    0.866698   0.823793
  1048.03948    0.856383   0.823623
  1048.05373    0.782471   0.823448
  1048.06798    0.730244   0.823277
  1048.08165    0.736322   0.823134
  1048.09632    0.820858   0.822959
  1048.10998    0.732264   0.822804
  1048.12465    0.829217   0.822633
  1048.13848    0.720888   0.822478
  1048.15315    0.736322   0.822329
  1048.16682    0.972452   0.822176
  1048.18048    0.781030   0.822044
  1048.19515    0.797018   0.821883
  1048.20898    0.802912   0.821743
  1048.22348    0.699307   0.821611
  1048.23732    0.766069   0.821497
  1048.25198    0.785359   0.821349
  1048.26565    0.865103   0.821230
  1048.28032    0.836119   0.821081
  1048.29398    0.705128   0.820948
  1048.30865    0.683389   0.820810
  1048.32248    0.959993   0.820703
  1048.33665    0.826929   0.820586
  1048.35082    0.775297   0.820507
  1048.36498    0.877138   0.820341
  1048.37915    0.833044   0.820260
  1048.39298    0.672772   0.820134
  1048.40748    0.754863   0.820049
  1048.42132    0.895917   0.819951
  1048.43598    0.780311   0.819836
  1048.44965    0.889340   0.819732
  1048.46390    0.825407   0.819651
  1048.47798    0.836119   0.819593
  1048.49223    0.924417   0.819467
  1048.50648    0.799223   0.819384
  1048.52065    0.696736   0.819318
  1048.53482    0.834580   0.819234
  1048.54848    0.801434   0.819170
  1048.56315    0.815583   0.819062
  1048.57698    0.813332   0.819022
  1048.59148    0.734967   0.818931
  1048.60532    0.728229   0.818868
  1048.61998    0.672772   0.818812
  1048.63365    0.863511   0.818736
  1048.64790    0.802912   0.818674
  1048.66198    0.909218   0.818643
  1048.67623    0.910894   0.818603
  1048.69048    0.770314   0.818486
  1048.70465    0.787532   0.818525
  1048.71882    0.845411   0.818367
  1048.73248    0.856383   0.818424
  1048.74715    0.900882   0.818355
  1048.76098    0.820102   0.818282
  1048.77548    0.855594   0.818335
  1048.78932    0.777442   0.818213
  1048.80398    0.816334   0.818201
  1048.81765    0.801434   0.818171
  1048.83232    0.831511   0.818143
  1048.84598    0.756255   0.818207
  1048.86065    0.817086   0.818108
  1048.87448    0.877946   0.818092
  1048.88915    0.840752   0.818097
  1048.90282    0.772446   0.818063
  1048.91700    0.673392   0.818160
  1048.93117    0.722217   0.818063
  1048.94583    0.885254   0.818069
  1048.95950    0.894269   0.818058
  1048.97375    0.819347   0.818045
  1048.98800    0.901712   0.818180
  1049.00217    1.033399   0.818063
  1049.01633    0.803652   0.818129
  1049.03000    0.690348   0.818163
  1049.04467    0.860336   0.818094
  1049.05850    0.817086   0.818230
  1049.07317    0.951192   0.818163
  1049.08683    0.776011   0.818245
  1049.10150    0.918476   0.818268
  1049.11517    0.789711   0.818305
  1049.12942    0.755558   0.818295
  1049.14358    0.783192   0.818388
  1049.15775    0.839205   0.818405
  1049.17200    0.809595   0.818434
  1049.18617    0.836119   0.818524
  1049.20033    0.708383   0.818549
  1049.21400    0.803652   0.818585
  1049.22867    0.697378   0.818643
  1049.24250    0.862716   0.818703
  1049.25717    0.890160   0.818816
  1049.27083    0.802173   0.818783
  1049.28550    0.785359   0.818915
  1049.29917    0.726889   0.818948
  1049.31383    0.841527   0.819049
  1049.32758    0.821614   0.819081
  1049.34217    0.763252   0.819190
  1049.35600    0.770314   0.819259
  1049.37067    0.837660   0.819344
  1049.38433    0.791167   0.819433
  1049.39900    0.892623   0.819477
  1049.41267    0.740403   0.819611
  1049.42733    0.808850   0.819687
  1049.44117    0.887704   0.819810
  1049.45567    0.867497   0.819897
  1049.46950    0.970662   0.819988
  1049.48417    0.791896   0.820089
  1049.49783    0.854807   0.820223
  1049.51250    0.841527   0.820318
  1049.52617    0.966202   0.820421
  1049.54083    0.822371   0.820556
  1049.55467    0.856383   0.820655
  1049.56933    0.923566   0.820781
  1049.58300    0.850096   0.820913
  1049.59767    0.735644   0.821024
  1049.61133    0.823129   0.821173
  1049.62600    0.858752   0.821317
  1049.63967    0.846970   0.821444
  1049.65392    0.720225   0.821556
  1049.66817    0.851663   0.821714
  1049.68233    1.067254   0.821850
  1049.69650    0.802912   0.821991
  1049.71067    0.829981   0.822135
  1049.72483    0.740403   0.822312
  1049.73908    0.720888   0.822460
  1049.75333    0.850096   0.822593
  1049.76742    0.737680   0.822757
  1049.78167    0.762549   0.822924
  1049.79583    0.753473   0.823094
  1049.81000    0.900882   0.823247
  1049.82417    0.848532   0.823410
  1049.83833    0.895093   0.823601
  1049.85258    0.866698   0.823788
  1049.86683    0.918476   0.823946
  1049.88092    0.659277   0.824110
  1049.89517    0.924417   0.824311
  1049.90883    0.921866   0.824484
  1049.92350    0.810341   0.824667
  1049.93817    0.875524   0.824874
  1049.95235    0.785359   0.825045
  1049.96652    0.908381   0.825233
  1049.98077    0.857962   0.825448
  1049.99635    0.870699   0.825670
  1050.01052    0.811088   0.825865
  1050.03068    0.730917   0.826146
  1050.05168    0.808105   0.826443
  1050.10018    0.695453   0.827212
  1050.11402    0.802912   0.827404
  1050.12852    0.756951   0.827651
  1050.14785    0.722883   0.827959
  1050.17802    0.826929   0.828432
  1052.22672    0.911734   0.882868
  1052.24238    0.873108   0.883453
  1052.25605    0.844633   0.883886
  1052.26988    0.880376   0.884389
  1052.28397    0.859544   0.884842
  1052.29822    0.959109   0.885330
  1052.31188    0.726220   0.885837
  1052.32572    1.049707   0.886240
  1052.33938    0.851663   0.886753
  1052.35305    0.932112   0.887258
  1052.36688    0.934691   0.887635
  1052.38155    0.873913   0.888233
  1052.39522    0.817086   0.888667
  1052.40938    0.840752   0.889224
  1052.42355    0.857962   0.889660
  1052.43780    0.799959   0.890091
  1052.45205    0.788984   0.890725
  1052.46572    0.897569   0.891191
  1052.48038    0.903375   0.891649
  1052.49405    0.920170   0.892172
  1052.50788    0.858752   0.892578
  1052.52247    0.852448   0.893171
  1052.53622    0.839205   0.893689
  1052.55088    0.842302   0.894127
  1052.56455    0.820858   0.894673
  1052.57880    0.757649   0.895113
  1052.59288    1.073169   0.895675
  1052.60672    0.882811   0.896181
  1052.62138    0.920170   0.896691
  1052.63505    0.994187   0.897185
  1052.64922    0.871501   0.897674
  1052.66338    1.064310   0.898193
  1052.67722    0.932971   0.898701
  1052.69188    0.833044   0.899137
  1052.70555    1.048740   0.899629
  1052.71972    0.968876   0.900157
  1052.73388    0.928684   0.900639
  1052.74772    0.786082   0.901179
  1052.76238    1.037213   0.901630
  1052.77605    0.825407   0.902121
  1052.79022    0.991444   0.902676
  1052.80438    0.926122   0.903134
  1052.81863    0.938141   0.903646
  1052.83272    0.876331   0.904154
  1052.84655    1.011738   0.904654
  1052.86122    0.842302   0.905239
  1052.87538    0.951192   0.905705
  1052.88955    0.874718   0.906148
  1052.90372    0.911734   0.906705
  1052.91788    0.868296   0.907245
  1052.93172    0.986888   0.907702
  1052.94638    0.959993   0.908238
  1052.96005    0.905874   0.908694
  1052.97472    0.921018   0.909228
  1052.98838    0.739040   0.909777
  1053.00305    0.932112   0.910192
  1053.01672    0.888522   0.910704
  1053.03097    0.924417   0.911261
  1053.04522    0.756255   0.911746
  1053.05888    0.908381   0.912250
  1053.07357    0.833812   0.912712
  1053.08723    0.866698   0.913225
  1053.10190    0.898396   0.913850
  1053.11573    0.715596   0.914269
  1053.13040    0.939870   0.914756
  1053.14407    0.932112   0.915321
  1053.15823    0.879565   0.915844
  1053.17240    0.967092   0.916298
  1053.18665    0.797018   0.916829
  1053.20073    1.014537   0.917298
  1053.21457    0.976940   0.917834
  1053.23007    0.913415   0.918380
  1053.24432    0.897569   0.918897
  1053.25848    0.800697   0.919370
  1053.27265    0.976940   0.919958
  1053.28690    0.890160   0.920465
  1053.30057    0.889340   0.920902
  1053.31523    1.000617   0.921453
  1053.32890    0.977840   0.921935
  1053.34357    0.957344   0.922517
  1053.35740    0.885254   0.922997
  1053.37157    0.724883   0.923406
  1053.38573    0.834580   0.924003
  1053.39990    1.113443   0.924497
  1053.41407    0.994187   0.924995
  1053.42832    0.945950   0.925443
  1053.44248    0.977840   0.925953
  1053.45623    0.875524   0.926547
  1053.47090    0.867497   0.927018
  1053.48457    0.917631   0.927459
  1053.49923    0.911734   0.928048
  1053.51290    0.948567   0.928557
  1053.52757    0.885254   0.929106
  1053.54140    0.839978   0.929497
  1053.55607    0.823888   0.930101
  1053.56973    1.056496   0.930550
  1053.58390    0.838432   0.931032
  1053.59807    0.865900   0.931500
  1053.61232    0.921018   0.932023
  1053.62657    1.010806   0.932605
  1053.64065    1.106287   0.933063
  1053.65490    0.905040   0.933527
  1053.66857    0.873108   0.934030
  1053.68323    0.994187   0.934594
  1053.69690    0.976041   0.935025
  1053.71157    0.877946   0.935585
  1053.72540    0.984165   0.936076
  1053.74007    1.002462   0.936543
  1053.75373    0.929540   0.937036
  1053.76840    0.952945   0.937550
  1053.78207    0.984165   0.938068
  1053.79673    0.976041   0.938560
  1053.81057    0.811835   0.939027
  1053.82507    0.998776   0.939544
  1053.83890    1.035304   0.940023
  1053.85357    0.967092   0.940548
  1053.86723    0.979643   0.940989
  1053.88140    0.988708   0.941469
  1053.89557    1.023925   0.941965
  1053.90982    0.802912   0.942493
  1053.92407    0.933830   0.943003
  1053.93815    0.996020   0.943415
  1053.95240    0.990531   0.944020
  1053.96657    0.990531   0.944442
  1053.98073    1.059420   0.944951
  1053.99498    1.069222   0.945393
  1054.00907    0.958226   0.945950
  1054.02290    0.948567   0.946402
  1054.03757    0.974245   0.946886
  1054.05123    0.987798   0.947316
  1054.06590    0.952945   0.947862
  1054.08007    0.945079   0.948352
  1054.09423    0.985072   0.948783
  1054.10892    0.939870   0.949256
  1054.12258    0.922716   0.949777
  1054.13725    0.909218   0.950259
  1054.15108    0.915099   0.950667
  1054.16575    1.059420   0.951172
  1054.17992    0.913415   0.951721
  1054.19408    0.897569   0.952096
  1054.20825    1.001539   0.952571
  1054.22242    0.986888   0.953117
  1054.23667    0.935552   0.953616
  1054.25075    0.934691   0.954000
  1054.26542    1.011738   0.954457
  1054.27925    0.974245   0.954998
  1054.29392    0.932112   0.955471
  1054.30758    0.910056   0.955849
  1054.32225    0.862716   0.956363
  1054.33642    0.973348   0.956847
  1054.35058    0.975142   0.957278
  1054.36475    1.030547   0.957683
  1054.37892    0.903375   0.958197
  1054.39358    0.978741   0.958744
  1054.40742    0.945950   0.959097
  1054.42208    0.980546   0.959598
  1054.43575    0.900053   0.960106
  1054.45042    0.905874   0.960496
  1054.46408    0.969768   0.960877
  1054.47875    0.971556   0.961387
  1054.49292    0.860336   0.961851
  1054.50708    0.940736   0.962295
  1054.52175    0.976940   0.962677
  1054.53558    0.887704   0.963167
  1054.55008    1.008017   0.963628
  1054.56392    0.934691   0.964045
  1054.57858    1.076138   0.964460
  1054.59275    0.861129   0.964992
  1054.60692    0.768189   0.965390
  1054.62158    0.817839   0.965795
  1054.63525    0.975142   0.966233
  1054.64992    0.905874   0.966708
  1054.66375    0.986888   0.967129
  1054.67825    0.956463   0.967483
  1054.69208    0.833812   0.968029
  1054.70675    1.048740   0.968373
  1054.72092    1.174540   0.968827
  1054.73508    0.844633   0.969224
  1054.74975    1.156293   0.969771
  1054.76342    1.072181   0.970100
  1054.77808    0.856383   0.970481
  1054.79192    1.000617   0.970893
  1054.80642    0.868296   0.971413
  1054.82025    0.942471   0.971710
  1054.83492    0.923566   0.972136
  1054.84908    0.803652   0.972623
  1054.86325    0.805134   0.972998
  1054.87742    0.984165   0.973361
  1054.89158    0.974245   0.973768
  1054.90625    0.993272   0.974239
  1054.91992    0.905040   0.974572
  1054.93458    1.029599   0.974970
  1054.94883    0.907545   0.975462
  1054.96308    1.020159   0.975798
  1054.97775    1.035304   0.976142
  1054.99142    0.914256   0.976574
  1055.00608    0.975142   0.977006
  1055.01975    1.076138   0.977332
  1055.03442    1.056496   0.977678
  1055.04858    0.956463   0.978167
  1055.06275    0.991444   0.978481
  1055.07700    0.994187   0.978862
  1055.09125    1.161630   0.979232
  1055.10575    0.935552   0.979691
  1055.11958    1.056496   0.980007
  1055.13425    0.971556   0.980334
  1055.14793    1.100191   0.980771
  1055.16260    0.908381   0.981144
  1055.17677    0.953823   0.981429
  1055.19093    1.061373   0.981813
  1055.20560    1.030547   0.982208
  1055.21943    0.972452   0.982550
  1055.23393    1.058444   0.982869
  1055.24860    1.123746   0.983341
  1055.26243    0.859544   0.983597
  1055.27710    1.043922   0.983961
  1055.29118    0.907545   0.984270
  1055.30543    0.964424   0.984757
  1055.32010    1.030547   0.984956
  1055.33377    1.091109   0.985321
  1055.34843    0.878755   0.985698
  1055.36260    1.052611   0.986042
  1055.37677    0.936414   0.986276
  1055.39143    0.889340   0.986653
  1055.40527    0.932112   0.986999
  1055.41977    1.000617   0.987310
  1055.43443    1.082101   0.987612
  1055.44827    1.083099   0.987979
  1055.46293    1.020159   0.988236
  1055.47702    1.100191   0.988527
  1055.49127    1.228763   0.988851
  1055.50593    0.987798   0.989185
  1055.51960    0.999696   0.989421
  1055.53427    0.963536   0.989756
  1055.54843    1.057470   0.990070
  1055.56260    1.193076   0.990361
  1055.57727    0.898396   0.990631
  1055.59152    0.881187   0.991001
  1055.60560    1.079116   0.991214
  1055.62027    1.064310   0.991495
  1055.63452    1.062351   0.991765
  1055.64877    1.069222   0.992091
  1055.66327    1.088098   0.992327
  1055.67710    0.973348   0.992552
  1055.69177    1.044884   0.992912
  1055.70593    1.002462   0.993137
  1055.72010    0.987798   0.993397
  1055.73477    1.010806   0.993667
  1055.74893    1.081105   0.993892
  1055.76310    0.996020   0.994106
  1055.77777    1.019220   0.994377
  1055.79143    1.107307   0.994625
  1055.80610    0.858752   0.994839
  1055.82077    0.996938   0.995087
  1055.83460    0.900053   0.995358
  1055.84910    1.004310   0.995550
  1055.86335    0.952068   0.995741
  1055.87760    1.128933   0.996001
  1055.89227    1.177790   0.996226
  1055.90635    0.945079   0.996396
  1055.92060    0.948567   0.996622
  1055.93527    1.016408   0.996847
  1055.94893    0.817839   0.997005
  1055.96360    1.013603   0.997163
  1055.97777    0.867497   0.997445
  1055.99193    1.190880   0.997580
  1056.00660    0.889340   0.997760
  1056.02085    1.099178   0.997941
  1056.03493    1.033399   0.998121
  1056.04960    1.027704   0.998256
  1056.06343    1.104251   0.998414
  1056.07810    1.267850   0.998616
  1056.09260    0.950316   0.998728
  1056.10643    1.308181   0.998874
  1056.12110    0.945950   0.999054
  1056.13577    0.999696   0.999144
  1056.14943    1.153103   0.999244
  1056.16410    0.968876   0.999435
  1056.17827    0.981450   0.999491
  1056.19245    1.219742   0.999579
  1056.20712    1.187594   0.999691
  1056.22128    1.171300   0.999791
  1056.23545    0.868296   0.999835
  1056.25112    1.059420   0.999912
  1056.26478    1.024868   1.000000
  1056.27945    1.069222   1.000000
  1056.29412    0.800697   1.000000
  1056.30778    1.062351   1.000000
  1056.32245    0.955582   1.000000
  1056.33712    0.933830   1.000000
  1056.35078    0.915099   1.000000
  1056.36545    0.855594   1.000000
  1056.38012    0.926975   1.000000
  1056.39378    0.989619   1.000000
  1056.40845    1.066272   1.000000
  1056.42312    0.910894   1.000000
  1056.43695    1.000617   1.000000
  1056.45162    1.094128   1.000000
  1056.46570    0.934691   1.000000
  1056.47995    1.077130   1.000000
  1056.49462    1.203007   1.000000
  1056.50878    1.209673   1.000000
  1056.52295    1.152041   1.000000
  1056.53762    0.987798   1.000000
  1056.55178    1.038169   1.000000
  1056.56595    1.118582   1.000000
  1056.58062    1.098166   1.000000
  1056.59478    1.021099   1.000000
  1056.60895    1.038169   1.000000
  1056.62362    1.076138   1.000000
  1056.63828    1.141479   1.000000
  1056.65195    1.087096   1.000000
  1056.66662    0.869897   1.000000
  1056.68087    1.090104   1.000000
  1056.69512    0.964424   1.000000
  1056.70962    0.946821   1.000000
  1056.72428    0.955582   1.000000
  1056.73812    0.985072   1.000000
  1056.75278    0.975142   1.000000
  1056.76728    1.111394   1.000000
  1056.78112    1.117553   1.000000
  1056.79578    0.900053   1.000000
  1056.80995    1.062351   1.000000
  1056.82412    0.964424   1.000000
  1056.83878    0.923566   1.000000
  1056.85295    0.886070   1.000000
  1056.86712    0.972452   1.000000
  1056.88178    1.057470   1.000000
  1056.89595    1.005236   1.000000
  1056.91012    0.788984   1.000000
  1056.92478    0.989619   1.000000
  1056.93945    1.003386   1.000000
  1056.95312    0.928684   1.000000
  1056.96778    0.924417   1.000000
  1056.98245    0.965313   1.000000
  1056.99628    0.949441   1.000000
  1057.01078    0.961763   1.000000
  1057.02545    1.088098   1.000000
  1057.03970    0.969768   1.000000
  1057.05395    1.117553   1.000000
  1057.06853    1.121677   1.000000
  1057.08270    1.095136   1.000000
  1057.09695    0.964424   1.000000
  1057.11162    0.942471   1.000000
  1057.12578    1.009876   1.000000
  1057.13995    1.070207   1.000000
  1057.15462    1.062351   1.000000
  1057.16928    1.038169   1.000000
  1057.18295    1.115496   1.000000
  1057.19762    1.100191   1.000000
  1057.21228    0.924417   1.000000
  1057.22597    0.965313   1.000000
  1057.24063    1.141479   1.000000
  1057.25530    0.944209   1.000000
  1057.26997    1.022040   1.000000
  1057.28413    1.071194   1.000000
  1057.29830    1.008946   1.000000
  1057.31297    1.058444   1.000000
  1057.32713    1.067254   1.000000
  1057.34130    1.099178   1.000000
  1057.35597    1.000617   1.000000
  1057.37022    1.157359   1.000000
  1057.38430    1.075147   1.000000
  1057.39897    1.108327   1.000000
  1057.41363    0.885254   1.000000
  1057.42747    0.894269   1.000000
  1057.44197    0.910056   1.000000
  1057.45663    0.941603   1.000000
  1057.47047    1.101205   1.000000
  1057.48513    0.897569   1.000000
  1057.49963    0.933830   1.000000
  1057.51347    1.020159   1.000000
  1057.52813    0.964424   1.000000
  1057.54280    0.938141   1.000000
  1057.55697    1.113443   1.000000
  1057.57113    0.811835   1.000000
  1057.58580    1.017344   1.000000
  1057.59997    1.042001   1.000000
  1057.61413    1.121677   1.000000
  1057.62880    0.902543   1.000000
  1057.64297    0.784636   1.000000
  1057.65713    1.020159   1.000000
  1057.67180    1.066272   1.000000
  1057.68647    0.936414   1.000000
  1057.70063    1.048740   1.000000
  1057.71480    0.976940   1.000000
  1057.72947    0.952945   1.000000
  1057.74363    1.022982   1.000000
  1057.75780    0.884439   1.000000
  1057.77247    0.985980   1.000000
  1057.78713    0.930396   1.000000
  1057.80097    0.895917   1.000000
  1057.81547    1.018282   1.000000
  1057.83013    1.049707   1.000000
  1057.84438    0.937277   1.000000
  1057.85863    0.922716   1.000000
  1057.87313    0.881187   1.000000
  1057.88780    1.039125   1.000000
  1057.90163    1.062351   1.000000
  1057.91630    0.949441   1.000000
  1057.93080    1.000617   1.000000
  1057.94505    0.923566   1.000000
  1057.95972    1.066272   1.000000
  1057.97438    0.995103   1.000000
  1057.98855    1.042001   1.000000
  1058.00313    1.066272   1.000000
  1058.01780    1.007089   1.000000
  1058.03247    1.023925   1.000000
  1058.04713    1.004310   1.000000
  1058.06180    0.984165   1.000000
  1058.07647    1.114469   1.000000
  1058.09113    1.013603   1.000000
  1058.10580    0.936414   1.000000
  1058.11988    1.067254   1.000000
  1058.13413    0.972452   1.000000
  1058.14880    0.960877   1.000000
  1058.16347    0.935552   1.000000
  1058.17713    0.907545   1.000000
  1058.19180    0.958226   1.000000
  1058.20647    0.900053   1.000000
  1058.22113    1.037213   1.000000
  1058.23480    1.048740   1.000000
  1058.24947    0.991444   1.000000
  1058.26413    0.918476   1.000000
  1058.27882    1.045847   1.000000
  1058.29348    0.985072   1.000000
  1058.30757    0.961763   1.000000
  1058.32182    0.945950   1.000000
  1058.33648    1.121677   1.000000
  1058.35115    1.075147   1.000000
  1058.36523    0.972452   1.000000
  1058.37948    1.017344   1.000000
  1058.39415    1.025812   1.000000
  1058.40882    0.924417   1.000000
  1058.42290    1.020159   1.000000
  1058.43715    0.888522   1.000000
  1058.45182    1.036258   1.000000
  1058.46648    0.898396   1.000000
  1058.48015    1.094128   1.000000
  1058.49482    1.114469   1.000000
  1058.50948    0.996020   1.000000
  1058.52415    1.056496   1.000000
  1058.53832    0.937277   1.000000
  1058.55248    0.976940   1.000000
  1058.56715    1.006162   1.000000
  1058.58182    1.089101   1.000000
  1058.59648    1.026758   1.000000
  1058.61057    0.991444   1.000000
  1058.62482    1.114469   1.000000
  1058.63948    0.886070   1.000000
  1058.65415    1.116524   1.000000
  1058.66865    1.044884   1.000000
  1058.68248    1.082101   1.000000
  1058.69715    0.994187   1.000000
  1058.71182    0.955582   1.000000
  1058.72598    1.022982   1.000000
  1058.74015    1.112418   1.000000
  1058.75482    0.996020   1.000000
  1058.76948    1.027704   1.000000
  1058.78365    0.924417   1.000000
  1058.79782    1.008017   1.000000
  1058.81248    0.900053   1.000000
  1058.82715    1.042001   1.000000
  1058.84132    0.930396   1.000000
  1058.85548    1.127893   1.000000
  1058.87015    1.098166   1.000000
  1058.88482    1.073169   1.000000
  1058.89898    1.070207   1.000000
  1058.91315    0.982354   1.000000
  1058.92782    1.001539   1.000000
  1058.94248    1.108327   1.000000
  1058.95665    0.938141   1.000000
  1058.97082    1.073169   1.000000
  1058.98548    0.851663   1.000000
  1059.00015    1.049707   1.000000
  1059.01432    0.912574   1.000000
  1059.02848    0.959993   1.000000
  1059.04315    1.059420   1.000000
  1059.05782    0.945950   1.000000
  1059.07248    1.066272   1.000000
  1059.08615    0.979643   1.000000
  1059.10082    1.107307   1.000000
  1059.11548    1.114469   1.000000
  1059.13015    0.965313   1.000000
  1059.14432    0.989619   1.000000
  1059.15848    0.984165   1.000000
  1059.17315    1.144638   1.000000
  1059.18782    0.939005   1.000000
  1059.20198    0.976041   1.000000
  1059.21615    1.080110   1.000000
  1059.23082    1.023925   1.000000
  1059.24548    1.047775   1.000000
  1059.25965    1.014537   1.000000
  1059.27482    0.953823   1.000000
  1059.28890    1.172379   1.000000
  1059.30315    1.008946   1.000000
  1059.31783    0.940736   1.000000
  1059.33250    1.036258   1.000000
  1059.34658    0.989619   1.000000
  1059.36083    0.942471   1.000000
  1059.37550    0.895093   1.000000
  1059.39017    0.999696   1.000000
  1059.40467    0.904207   1.000000
  1059.41892    1.093120   1.000000
  1059.43317    1.001539   1.000000
  1059.44783    1.022982   1.000000
  1059.46250    1.176706   1.000000
  1059.47700    0.893445   1.000000
  1059.49125    1.044884   1.000000
  1059.50550    0.957344   1.000000
  1059.52017    0.915099   1.000000
  1059.53467    0.964424   1.000000
  1059.54892    0.995103   1.000000
  1059.56317    1.008017   1.000000
  1059.57783    0.925269   1.000000
  1059.59233    1.015472   1.000000
  1059.60700    1.010806   1.000000
  1059.62125    1.062351   1.000000
  1059.63550    1.032448   1.000000
  1059.65000    0.916786   1.000000
  1059.66467    1.086095   1.000000
  1059.67933    1.188688   1.000000
  1059.69358    1.003386   1.000000
  1059.70825    1.061373   1.000000
  1059.72233    0.933830   1.000000
  1059.73700    0.835349   1.000000
  1059.75167    1.028651   1.000000
  1059.76633    1.024868   1.000000
  1059.78000    1.018282   1.000000
  1059.79467    0.972452   1.000000
  1059.80933    0.921866   1.000000
  1059.82400    1.114469   1.000000
  1059.83817    0.954702   1.000000
  1059.85233    1.004310   1.000000
  1059.86700    0.957344   1.000000
  1059.88167    1.068238   1.000000
  1059.89633    1.013603   1.000000
  1059.91050    0.943339   1.000000
  1059.92467    1.006162   1.000000
  1059.93933    0.878755   1.000000
  1059.95400    0.961763   1.000000
  1059.96867    0.902543   1.000000
  1059.98283    1.028651   1.000000
  1059.99700    1.101205   1.000000
  1060.01167    0.914256   1.000000
  1060.02633    0.973348   1.000000
  1060.04100    1.036258   1.000000
  1060.05517    1.051642   1.000000
  1060.06933    0.898396   1.000000
  1060.08400    1.045847   1.000000
  1060.09867    0.929540   1.000000
  1060.11283    1.081105   1.000000
  1060.12700    0.922716   1.000000
  1060.14167    1.000617   1.000000
  1060.15633    0.934691   1.000000
  1060.17100    1.116524   1.000000
  1060.18567    1.047775   1.000000
  1060.19983    0.962649   1.000000
  1060.21400    0.921018   1.000000
  1060.22867    1.141479   1.000000
  1060.24333    0.955582   1.000000
  1060.25800    0.968876   1.000000
  1060.27208    1.070207   1.000000
  1060.28633    0.910056   1.000000
  1060.30100    0.873913   1.000000
  1060.31567    0.991444   1.000000
  1060.33017    1.071194   1.000000
  1060.34443    0.961763   1.000000
  1060.35868    1.188688   1.000000
  1060.37335    0.959109   1.000000
  1060.38785    1.081105   1.000000
  1060.40252    1.022040   1.000000
  1060.41677    0.946821   1.000000
  1060.43102    0.895917   1.000000
  1060.44568    1.134143   1.000000
  1060.46018    1.115496   1.000000
  1060.47485    0.840752   1.000000
  1060.48910    0.958226   1.000000
  1060.50335    1.113443   1.000000
  1060.51785    1.045847   1.000000
  1060.53252    0.990531   1.000000
  1060.54718    1.032448   1.000000
  1060.56185    1.061373   1.000000
  1060.57602    1.057470   1.000000
  1060.60485    1.053581   1.000000
  1060.61952    0.976041   1.000000
  1060.63418    1.110371   1.000000
  1060.64835    1.066272   1.000000
  1060.66252    1.091109   1.000000
  1060.67718    1.027704   1.000000
  1060.69185    1.284304   1.000000
  1060.70652    1.089101   1.000000
  1060.72118    1.014537   1.000000
  1060.73535    1.041041   1.000000
  1060.74952    0.986888   1.000000
  1060.76418    0.953823   1.000000
  1060.77885    0.973348   1.000000
  1060.79352    1.023925   1.000000
  1060.80768    1.063330   1.000000
  1060.82185    0.975142   1.000000
  1060.83693    1.013603   1.000000
  1060.85118    1.071194   1.000000
  1060.86585    0.926122   1.000000
  1060.88035    1.003386   1.000000
  1060.89502    1.140428   1.000000
  1060.90927    0.865900   1.000000
  1060.92352    1.014537   1.000000
  1060.93810    0.924417   1.000000
  1060.95268    1.019220   1.000000
  1060.96735    0.974245   1.000000
  1060.98202    1.022040   1.000000
  1060.99668    1.025812   1.000000
  1061.01135    0.915099   1.000000
  1061.02602    0.978741   1.000000
  1061.04018    1.153103   1.000000
  1061.05435    0.937277   1.000000
  1061.06902    1.143584   1.000000
  1061.08368    1.143584   1.000000
  1061.09835    0.980546   1.000000
  1061.11252    1.030547   1.000000
  1061.12710    0.991444   1.000000
  1061.14135    1.037213   1.000000
  1061.15602    0.990531   1.000000
  1061.17068    1.018282   1.000000
  1061.18518    0.817086   1.000000
  1061.19985    0.997856   1.000000
  1061.21410    1.089101   1.000000
  1061.22835    1.152041   1.000000
  1061.24302    1.055524   1.000000
  1061.25752    0.898396   1.000000
  1061.27218    0.958226   1.000000
  1061.28868    1.029599   1.000000
  1061.30335    1.016408   1.000000
  1061.31752    0.974245   1.000000
  1061.33168    1.068238   1.000000
  1061.34635    1.003386   1.000000
  1061.36102    0.916786   1.000000
  1061.37568    0.814082   1.000000
  1061.39037    0.897569   1.000000
  1061.40453    1.008946   1.000000
  1061.41870    1.023925   1.000000
  1061.43337    0.915099   1.000000
  1061.44803    0.981450   1.000000
  1061.46270    1.107307   1.000000
  1061.47737    0.874718   1.000000
  1061.49187    0.889340   1.000000
  1061.50653    0.985980   1.000000
  1061.52120    0.968876   1.000000
  1061.53587    1.069222   1.000000
  1061.55012    0.961763   1.000000
  1061.56470    1.018282   1.000000
  1061.57887    0.848532   1.000000
  1061.59353    0.944209   1.000000
  1061.60820    0.944209   1.000000
  1061.62287    0.949441   1.000000
  1061.63753    0.962649   1.000000
  1061.65220    0.961763   1.000000
  1061.66637    1.091109   1.000000
  1061.68053    1.038169   1.000000
  1061.69520    0.949441   1.000000
  1061.70987    1.065290   1.000000
  1061.72453    0.999696   1.000000
  1061.73903    1.123746   1.000000
  1061.75370    1.032448   1.000000
  1061.76795    0.948567   1.000000
  1061.78220    0.913415   1.000000
  1061.79687    1.018282   1.000000
  1061.81137    1.064310   1.000000
  1061.82603    1.074158   1.000000
  1061.84070    1.042961   1.000000
  1061.85537    0.957344   1.000000
  1061.86953    1.059420   1.000000
  1061.88370    1.133099   1.000000
  1061.89837    1.161630   1.000000
  1061.91303    0.928684   1.000000
  1061.92770    1.122711   1.000000
  1061.94237    0.939005   1.000000
  1061.95703    1.016408   1.000000
  1061.97120    1.003386   1.000000
  1061.98537    1.084097   1.000000
  1062.00003    0.916786   1.000000
  1062.01470    1.116524   1.000000
  1062.02937    0.807361   1.000000
  1062.04395    0.897569   1.000000
  1062.05853    0.994187   1.000000
  1062.07320    1.134143   1.000000
  1062.08787    0.980546   1.000000
  1062.10253    0.852448   1.000000
  1062.11670    0.989619   1.000000
  1062.13087    0.981450   1.000000
  1062.14553    0.945079   1.000000
  1062.16020    1.046810   1.000000
  1062.17487    1.009876   1.000000
  1062.18953    1.090104   1.000000
  1062.20420    1.005236   1.000000
  1062.21887    0.968876   1.000000
  1062.23295    0.918476   1.000000
  1062.24762    0.962649   1.000000
  1062.26187    0.964424   1.000000
  1062.27653    1.100191   1.000000
  1062.29337    1.069222   1.000000
  1062.30753    1.038169   1.000000
  1062.32220    0.971556   1.000000
  1062.33687    1.027704   1.000000
  1062.35153    1.173459   1.000000
  1062.36620    1.007089   1.000000
  1062.38087    0.976041   1.000000
  1062.39503    1.048740   1.000000
  1062.40920    1.061373   1.000000
  1062.42388    1.055524   1.000000
  1062.43855    1.065290   1.000000
  1062.45322    0.873108   1.000000
  1062.46788    0.969768   1.000000
  1062.48238    0.942471   1.000000
  1062.49705    0.988708   1.000000
  1062.51130    1.019220   1.000000
  1062.52555    0.873108   1.000000
  1062.54005    0.866698   1.000000
  1062.55472    0.999696   1.000000
  1062.56938    1.082101   1.000000
  1062.58405    0.966202   1.000000
  1062.59872    1.072181   1.000000
  1062.61338    0.893445   1.000000
  1062.62805    1.019220   1.000000
  1062.64272    1.120645   1.000000
  1062.65730    0.982354   1.000000
  1062.67188    0.942471   1.000000
  1062.68613    0.962649   1.000000
  1062.70080    1.049707   1.000000
  1062.71505    0.926975   1.000000
  1062.72955    0.868296   1.000000
  1062.74422    1.023925   1.000000
  1062.75888    1.140428   1.000000
  1062.77355    0.936414   1.000000
  1062.78822    1.083099   1.000000
  1062.80288    1.224244   1.000000
  1062.81705    1.084097   1.000000
  1062.83122    0.892623   1.000000
  1062.84630    0.930396   1.000000
  1062.86055    0.854807   1.000000
  1062.87522    1.066272   1.000000
  1062.88988    0.877138   1.000000
  1062.90447    1.052611   1.000000
  1062.91905    1.038169   1.000000
  1062.93372    0.917631   1.000000
  1062.94838    0.833044   1.000000
  1062.96305    0.941603   1.000000
  1062.97722    0.999696   1.000000
  1062.99138    0.900053   1.000000
  1063.00605    0.935552   1.000000
  1063.02072    0.860336   1.000000
  1063.03538    0.945950   1.000000
  1063.05005    1.038169   1.000000
  1063.06472    0.952945   1.000000
  1063.07938    1.218619   1.000000
  1063.09388    1.015472   1.000000
  1063.10813    1.065290   1.000000
  1063.12280    1.029599   1.000000
  1063.13705    0.860336   1.000000
  1063.15155    1.049707   1.000000
  1063.16622    1.005236   1.000000
  1063.18088    1.031497   1.000000
  1063.19555    1.023925   1.000000
  1063.21022    1.181049   1.000000
  1063.22488    0.945079   1.000000
  1063.23955    0.946821   1.000000
  1063.25422    1.006162   1.000000
  1063.26888    1.116524   1.000000
  1063.28297    0.820858   1.000000
  1063.29805    0.976041   1.000000
  1063.31272    0.911734   1.000000
  1063.32738    0.944209   1.000000
  1063.34205    0.927829   1.000000
  1063.35672    0.954702   1.000000
  1063.37138    1.044884   1.000000
  1063.38555    1.049707   1.000000
  1063.40013    1.019220   1.000000
  1063.41438    0.967092   1.000000
  1063.42905    0.935552   1.000000
  1063.44372    0.978741   1.000000
  1063.45822    0.871501   1.000000
  1063.47290    0.963536   1.000000
  1063.48757    0.960877   1.000000
  1063.50223    0.913415   1.000000
  1063.51690    0.952068   1.000000
  1063.53157    0.863511   1.000000
  1063.54623    1.042001   1.000000
  1063.56090    0.986888   1.000000
  1063.57507    0.949441   1.000000
  1063.58965    1.012670   1.000000
  1063.60432    1.104251   1.000000
  1063.61857    1.079116   1.000000
  1063.63323    0.953823   1.000000
  1063.64773    1.015472   1.000000
  1063.66240    0.948567   1.000000
  1063.67707    1.201899   1.000000
  1063.69173    0.980546   1.000000
  1063.70640    0.825407   1.000000
  1063.72107    1.132056   1.000000
  1063.73573    1.047775   1.000000
  1063.75040    0.823129   1.000000
  1063.76490    1.046810   1.000000
  1063.77915    0.884439   1.000000
  1063.79382    1.071194   1.000000
  1063.80848    1.055524   1.000000
  1063.82273    1.004310   1.000000
  1063.83723    1.017344   1.000000
  1063.85190    1.047775   1.000000
  1063.86657    0.947694   1.000000
  1063.88123    1.076138   1.000000
  1063.89590    0.938141   1.000000
  1063.91057    1.100191   1.000000
  1063.92523    1.124781   1.000000
  1063.93990    1.091109   1.000000
  1063.95440    0.902543   1.000000
  1063.96907    0.973348   1.000000
  1063.98373    0.890980   1.000000
  1063.99798    0.984165   1.000000
  1064.01257    0.941603   1.000000
  1064.02723    0.839205   1.000000
  1064.04140    0.928684   1.000000
  1064.05607    0.937277   1.000000
  1064.07073    0.895093   1.000000
  1064.08540    1.002462   1.000000
