    70.45033    0.781718   1.000000
    70.48367    0.812211   1.000000
    70.50033    0.835020   1.000000
    70.53367    1.141292   1.000000
    70.56700    0.744395   1.000000
    70.60033    0.744761   1.000000
    70.63367    0.951869   1.000000
    70.66700    1.097260   1.000000
    70.70033    0.822213   1.000000
    70.73367    0.795745   1.000000
    70.85033    0.795745   1.000000
    70.98367    0.795745   1.000000
    71.10033    0.795745   1.000000
    71.18367    0.795745   1.000000
    71.26700    0.937842   1.000000
    71.30033    0.847583   1.000000
    71.33367    0.981386   1.000000
    71.36700    0.960773   1.000000
    71.40033    0.822091   1.000000
    71.43367    0.808674   1.000000
    71.46700    1.008220   1.000000
    71.50033    1.010904   1.000000
    71.53367    0.870636   1.000000
    71.56700    1.269850   1.000000
    71.60033    0.880760   1.000000
    71.63367    1.064571   1.000000
    71.66700    1.044080   1.000000
    71.70033    1.030541   1.000000
    71.73367    0.963944   1.000000
    71.76700    1.054935   1.000000
    71.80033    1.038103   1.000000
    71.81700    0.902105   1.000000
    71.85033    1.040055   1.000000
    71.88367    1.266191   1.000000
    71.91700    0.742931   1.000000
    71.95033    1.075793   1.000000
    71.98367    0.895274   1.000000
    72.01700    0.846973   1.000000
    72.05033    1.056887   1.000000
    72.08367    0.756592   1.000000
    72.11700    0.790012   1.000000
    72.15033    1.000658   1.000000
    72.18367    0.703412   1.000000
    72.21700    0.840753   1.000000
    72.25033    1.018832   1.000000
    72.28367    0.874905   1.000000
    72.31700    0.936257   1.000000
    72.35033    0.875881   1.000000
    72.38367    0.746102   1.000000
    72.41700    1.242162   1.000000
    72.43367    1.028590   1.000000
    72.46700    0.859414   1.000000
    72.50033    0.762447   1.000000
    72.53367    0.879296   1.000000
    72.56700    0.726465   1.000000
    72.60033    0.843436   1.000000
    72.63367    0.953455   1.000000
    72.66700    0.923206   1.000000
    72.73367    0.971385   1.000000
    72.76700    1.063595   1.000000
    72.80033    0.971019   1.000000
    72.83367    0.859658   1.000000
    72.86700    1.010538   1.000000
    72.88367    0.833800   1.000000
    72.91700    0.972238   1.000000
    72.95033    1.268264   1.000000
    72.98367    0.911131   1.000000
    73.01700    0.799282   1.000000
    73.05033    1.244114   1.000000
    73.08367    1.014197   1.000000
    73.11700    0.976995   1.000000
    73.15033    1.385723   1.000000
    73.18367    0.910765   1.000000
    73.21700    1.030297   1.000000
    73.25033    0.863196   1.000000
    73.28367    0.948454   1.000000
    73.31700    1.118727   1.000000
    73.33367    1.191788   1.000000
    73.36700    1.079452   1.000000
    73.40033    0.892225   1.000000
    73.46700    0.993584   1.000000
    73.50033    0.960895   1.000000
    73.53367    0.951747   1.000000
    73.56700    1.096284   1.000000
    73.60033    1.128729   1.000000
    73.63367    0.904300   1.000000
    73.66700    1.035420   1.000000
    73.70033    1.045910   1.000000
    73.73367    0.904422   1.000000
    73.76700    1.050666   1.000000
    73.80033    0.925523   1.000000
    73.81700    0.974800   1.000000
    73.85033    1.025540   1.000000
    73.88367    1.281925   1.000000
    73.91700    0.823311   1.000000
    73.95033    1.058351   1.000000
    73.98367    0.992730   1.000000
    74.01700    1.052984   1.000000
    74.05033    0.687800   1.000000
    74.08367    0.932842   1.000000
    74.11700    0.931744   1.000000
    74.15033    0.827824   1.000000
    74.18367    0.794281   1.000000
    74.21700    0.721708   1.000000
    74.25033    0.948088   1.000000
    74.28367    0.943941   1.000000
    74.31700    0.895030   1.000000
    74.35033    0.858561   1.000000
    74.36700    0.922474   1.000000
    74.40033    1.028833   1.000000
    74.43367    0.998097   1.000000
    74.46700    1.118483   1.000000
    74.50033    1.129948   1.000000
    74.53367    1.003341   1.000000
    74.56700    1.099577   1.000000
    74.60033    0.957480   1.000000
    74.63367    0.688654   1.000000
    74.66700    0.945527   1.000000
    74.70033    0.952967   1.000000
    74.73367    1.058595   1.000000
    74.76700    1.096284   1.000000
    74.80033    1.116409   1.000000
    74.83367    0.855755   1.000000
    74.85033    0.911740   1.000000
    74.88367    0.968213   1.000000
    74.91700    1.116165   1.000000
    74.95033    0.821237   1.000000
    75.01700    1.205327   1.000000
    75.05033    0.913570   1.000000
    75.08367    1.137876   1.000000
    75.11700    1.372550   1.000000
    75.15033    1.105798   1.000000
    75.18367    1.175688   1.000000
    75.21700    1.004195   1.000000
    75.25033    1.136779   1.000000
    75.28367    0.772448   1.000000
    75.30033    0.978703   1.000000
    75.33367    0.898202   1.000000
    75.36700    0.932232   1.000000
    75.40033    1.038347   1.000000
    75.43367    0.991632   1.000000
    75.46700    1.025784   1.000000
    75.50033    1.322908   1.000000
    75.53367    1.119947   1.000000
    75.56700    0.858439   1.000000
    75.60033    0.895396   1.000000
    75.63367    1.060180   1.000000
    75.66700    0.879296   1.000000
    75.68367    0.915156   1.000000
    75.71700    1.032615   1.000000
    75.78367    0.940160   1.000000
    75.81700    0.801722   1.000000
    75.85033    1.190080   1.000000
    75.88367    0.963822   1.000000
    75.91700    0.959431   1.000000
    75.95033    0.984680   1.000000
    75.98367    1.021271   1.000000
    76.01700    0.890517   1.000000
    76.08367    0.926987   1.000000
    76.11700    1.187031   1.000000
    76.13367    0.935525   1.000000
    76.16700    0.834166   1.000000
    76.20033    1.363037   1.000000
    76.26700    1.345961   1.000000
    76.30033    1.157148   1.000000
    76.33367    0.996633   1.000000
    76.36700    1.012855   1.000000
    76.40033    0.830141   1.000000
    76.43367    0.921498   1.000000
    76.46700    0.974556   1.000000
    76.50033    1.235820   1.000000
    76.53367    1.199472   1.000000
    76.56700    1.404629   1.000000
    76.60033    0.773180   1.000000
    76.63367    0.955650   1.000000
    76.66700    0.961017   1.000000
    76.73367    1.045788   1.000000
    76.75033    0.997975   1.000000
    76.78367    1.143243   1.000000
    76.81700    0.944917   1.000000
    76.85033    0.857829   1.000000
    76.91700    0.950649   1.000000
    76.95033    1.082867   1.000000
    76.98367    0.717561   1.000000
    77.01700    1.376697   1.000000
    77.05033    1.009928   1.000000
    77.08367    1.197643   1.000000
    77.11700    0.931622   1.000000
    77.15033    0.833068   1.000000
    77.18367    0.883809   1.000000
    77.21700    0.783304   1.000000
    77.25033    1.133973   1.000000
    77.28367    1.215451   1.000000
    77.30033    1.031517   1.000000
    77.33367    0.740980   1.000000
    77.36700    0.947112   1.000000
    77.40033    0.839045   1.000000
    77.43367    0.982362   1.000000
    77.46700    0.861366   1.000000
    77.50033    1.111043   1.000000
    77.53367    1.087502   1.000000
    77.56700    1.156904   1.000000
    77.60033    1.035542   1.000000
    77.63367    1.211304   1.000000
    77.66700    0.831605   1.000000
    77.70033    1.106652   1.000000
    77.73367    1.294976   1.000000
    77.76700    1.170077   1.000000
    77.78367    1.125801   1.000000
    77.81700    1.183738   1.000000
    77.85033    1.141536   1.000000
    77.88367    1.006879   1.000000
    77.91700    0.922962   1.000000
    77.95033    0.827458   1.000000
    77.98367    1.624423   1.000000
    78.01700    1.027736   1.000000
    78.05033    0.998950   1.000000
    78.08367    0.974922   1.000000
    78.11700    1.089088   1.000000
    78.18367    1.287536   1.000000
    78.20033    1.262654   1.000000
    78.23367    1.038347   1.000000
    78.26700    1.058961   1.000000
    78.30033    0.987241   1.000000
    78.33367    1.230697   1.000000
    78.36700    1.508671   1.000000
    78.40033    0.838679   1.000000
    78.43367    1.086404   1.000000
    78.46700    1.051764   1.000000
    78.50033    1.101285   1.000000
    78.53367    1.030175   1.000000
    78.56700    0.918327   1.000000
    78.60033    1.022857   1.000000
    78.63367    0.569609   1.000000
    78.66700    1.272289   1.000000
    78.70033    0.997609   1.000000
    78.73367    1.126289   1.000000
    78.76700    0.866733   1.000000
    78.78367    0.850510   1.000000
    78.81700    1.044446   1.000000
    78.85033    1.057985   1.000000
    78.88367    0.985777   1.000000
    78.91700    1.185323   1.000000
    78.95033    0.906983   1.000000
    78.98367    0.777327   1.000000
    79.01700    0.900641   1.000000
    79.05033    1.356450   1.000000
    79.08367    0.980167   1.000000
    79.15033    0.940404   1.000000
    79.18367    1.374990   1.000000
    79.21700    1.076037   1.000000
    79.25033    0.892835   1.000000
    79.26700    0.818676   1.000000
    79.30033    0.850510   1.000000
    79.33367    1.188129   1.000000
    79.36700    0.855999   1.000000
    79.40033    1.020173   1.000000
    79.43367    0.840875   1.000000
    79.46700    1.449515   1.000000
    79.50033    1.050788   1.000000
    79.53367    0.979435   1.000000
    79.56700    0.930768   1.000000
    79.63367    1.078720   1.000000
    79.66700    1.192276   1.000000
    79.70033    0.815870   1.000000
    79.73367    1.206913   1.000000
    79.76700    0.893201   1.000000
    79.80033    1.042372   1.000000
    79.85033    0.833434   1.000000
    79.88367    1.131534   1.000000
    79.91700    0.920766   1.000000
    79.95033    0.921254   1.000000
    79.98367    1.139584   1.000000
    80.01700    1.179347   1.000000
    80.05033    1.005171   1.000000
    80.08367    1.016636   1.000000
    80.11700    1.044934   1.000000
    80.15033    0.832703   1.000000
    80.18367    1.299855   1.000000
    80.21700    1.189958   1.000000
    80.28367    1.143243   1.000000
    80.33367    0.793306   1.000000
    80.36700    0.866855   1.000000
    80.40033    0.820017   1.000000
    80.43367    1.362915   1.000000
    80.46700    1.651500   1.000000
    80.50033    0.895030   1.000000
    80.53367    1.226672   1.000000
    80.56700    1.277534   1.000000
    80.60033    1.208986   1.000000
    80.63367    0.917717   1.000000
    80.66700    0.952601   1.000000
    80.70033    1.017978   1.000000
    80.73367    1.063595   1.000000
    80.75033    0.679506   1.000000
    80.78367    0.898445   1.000000
    80.81700    1.059083   1.000000
    80.85033    1.424145   1.000000
    80.88367    1.201546   1.000000
    80.91700    0.725611   1.000000
    80.95033    0.914058   1.000000
    80.98367    1.062376   1.000000
    81.01700    1.093113   1.000000
    81.05033    0.848681   1.000000
    81.08367    0.994193   1.000000
    81.11700    1.076768   1.000000
    81.16700    0.802332   1.000000
    81.20033    1.082013   1.000000
    81.26700    0.974922   1.000000
    81.30033    0.994925   1.000000
    81.33367    1.102870   1.000000
    81.40033    1.021881   0.999999
    81.43367    0.974556   0.999999
    81.46700    0.889785   0.999997
    81.50033    0.935891   0.999996
    81.53367    1.075915   0.999993
    81.55033    0.695850   0.999992
    81.58367    0.855877   0.999988
    81.61700    0.886614   0.999982
    81.65033    1.043104   0.999976
    81.68367    0.969799   0.999968
    81.71700    1.052740   0.999958
    81.75033    0.968335   0.999946
    81.78367    0.925401   0.999932
    81.81700    0.998950   0.999916
    81.85033    0.864659   0.999897
    81.88367    1.029565   0.999876
    81.91700    1.136535   0.999851
    81.95033    1.219232   0.999824
    81.96700    1.217768   0.999809
    82.00033    0.980655   0.999776
    82.03367    0.888444   0.999740
    82.10033    0.858439   0.999656
    82.13367    1.203253   0.999607
    82.16700    0.944063   0.999555
    82.20033    1.015173   0.999497
    82.23367    1.185202   0.999435
    82.26700    1.080915   0.999368
    82.30033    1.030053   0.999295
    82.31700    0.947356   0.999257
    82.35033    1.094210   0.999176
    82.38367    1.039933   0.999089
    82.41700    0.993462   0.998997
    82.48367    1.014685   0.998794
    82.58367    1.055667   0.998441
    82.61700    0.900641   0.998309
    82.68367    1.054570   0.998025
    82.70033    0.962359   0.997949
    82.73367    0.991266   0.997793
    82.76700    0.910277   0.997628
    82.80033    1.004439   0.997456
    82.83367    0.954309   0.997275
    82.86700    1.062986   0.997087
    82.90033    1.066889   0.996890
    82.93367    0.938940   0.996686
    82.96700    0.919059   0.996472
    83.00033    1.056277   0.996250
    83.03367    0.832703   0.996020
    83.06700    0.966384   0.995780
    83.10033    1.239479   0.995532
    83.11700    0.800624   0.995404
    83.15033    0.994315   0.995142
    83.18367    0.820993   0.994871
    83.21700    1.122630   0.994590
    83.25033    0.883321   0.994301
    83.31700    0.922596   0.993692
    83.35033    1.146292   0.993374
    83.41700    0.970897   0.992708
    83.45033    1.002853   0.992360
    83.48367    0.988339   0.992003
    83.51700    1.104090   0.991635
    83.55033    1.020417   0.991258
    83.56700    0.908691   0.991065
    83.60033    1.119459   0.990673
    83.66700    0.910643   0.989858
    83.70033    1.022003   0.989435
    83.73367    1.098723   0.989002
    83.76700    1.002609   0.988559
    83.80033    1.159100   0.988105
    83.83367    0.975776   0.987642
    83.86700    1.283999   0.987168
    83.90033    1.211913   0.986684
    83.93367    1.001756   0.986190
    83.96700    0.973946   0.985686
    83.98367    1.038225   0.985430
    84.01700    1.014441   0.984910
    84.05033    1.231917   0.984380
    84.08367    0.807454   0.983841
    84.11700    0.916497   0.983291
    84.15033    0.950771   0.982730
    84.18367    1.360597   0.982160
    84.21700    0.959187   0.981580
    84.25033    0.984436   0.980990
    84.28367    0.795867   0.980390
    84.31700    1.037859   0.979781
    84.35033    0.976264   0.979161
    84.38367    0.983460   0.978532
    84.41700    0.962603   0.977893
    84.43367    0.958334   0.977570
    84.46700    0.915034   0.976917
    84.50033    0.963944   0.976254
    84.53367    0.850754   0.975582
    84.56700    1.029443   0.974900
    84.60033    1.593930   0.974210
    84.63367    0.907227   0.973510
    84.66700    0.856121   0.972801
    84.70033    0.855511   0.972083
    84.73367    0.760617   0.971357
    84.76700    0.958578   0.970622
    84.78367    0.850754   0.970251
    84.81700    1.077500   0.969503
    84.85033    0.639377   0.968746
    84.88367    1.064205   0.967982
    84.91700    0.845632   0.967209
    84.95033    1.070670   0.966428
    84.98367    1.349498   0.965639
    85.01700    0.875881   0.964842
    85.05033    0.916619   0.964038
    85.08367    1.032737   0.963226
    85.11700    1.006025   0.962407
    85.15033    0.995535   0.961580
    85.18367    0.969067   0.960747
    85.21700    0.997243   0.959906
    85.23367    1.379381   0.959484
    85.26700    0.908325   0.958633
    85.30033    1.099089   0.957776
    85.33367    0.526675   0.956913
    85.36700    0.993584   0.956044
    85.40033    1.113238   0.955168
    85.43367    0.752567   0.954287
    85.46700    0.968335   0.953400
    85.50033    0.731954   0.952507
    85.53367    0.876856   0.951609
    86.26700    1.085550   0.930892
    86.30033    0.805015   0.929925
    86.33367    1.000780   0.928957
    86.36700    0.853194   0.927989
    86.40033    0.855755   0.927021
    86.43367    0.854292   0.926053
    86.45033    0.954187   0.925569
    86.48367    0.850876   0.924602
    86.51700    1.118117   0.923635
    86.55033    0.914790   0.922669
    86.58367    0.909911   0.921704
    86.61700    0.804283   0.920740
    86.81700    0.924425   0.914996
    86.85033    0.852950   0.914047
    86.86700    0.655599   0.913574
    86.90033    0.908935   0.912630
    86.93367    0.596199   0.911689
    86.96700    0.688532   0.910751
    87.00033    0.946502   0.909817
    87.03367    0.770009   0.908888
    87.06700    1.115190   0.907962
    87.10033    1.152269   0.907040
    87.13367    0.884663   0.906124
    87.16700    1.059570   0.905211
    87.20033    0.940282   0.904304
    87.23367    1.098114   0.903402
    87.25033    0.698777   0.902953
    87.28367    1.041153   0.902059
    87.31700    0.758666   0.901171
    87.35033    1.013587   0.900289
    87.38367    0.945283   0.899413
    87.41700    1.172029   0.898542
    87.45033    1.068718   0.897679
    87.48367    0.833556   0.896822
    87.51700    0.819164   0.895972
    87.55033    1.025418   0.895129
    87.58367    0.756470   0.894293
    87.61700    0.908081   0.893464
    87.63367    1.054692   0.893053
    87.66700    1.052618   0.892235
    87.70033    0.708169   0.891426
    87.73367    1.049935   0.890625
    87.76700    1.033956   0.889832
    87.80033    0.880394   0.889047
    87.83367    0.857219   0.888271
    87.86700    0.839167   0.887503
    87.90033    0.878564   0.886745
    87.96700    0.931866   0.885255
    88.00033    0.859902   0.884524
    88.03367    1.086526   0.883803
    88.05033    0.886858   0.883445
    88.08367    0.829165   0.882739
    88.11700    0.916131   0.882042
    88.15033    0.997365   0.881355
    88.18367    0.946990   0.880678
    88.21700    0.855267   0.880012
    88.25033    0.763301   0.879356
    88.28367    0.821969   0.878711
    88.31700    0.949918   0.878076
    88.35033    0.828434   0.877453
    88.38367    1.005293   0.876840
    88.41700    0.931134   0.876239
    88.45033    1.028346   0.875649
    88.46700    0.726587   0.875358
    88.50033    0.834044   0.874785
    88.53367    0.817822   0.874224
    88.56700    0.680238   0.873674
    88.60033    0.802088   0.873137
    88.63367    0.832703   0.872611
    88.66700    0.668894   0.872097
    88.73367    0.770497   0.871106
    88.76700    0.860268   0.870629
    88.80033    0.623399   0.870165
    88.83367    1.026882   0.869713
    88.85033    0.943697   0.869492
    88.88367    0.730124   0.869059
    88.91700    0.926987   0.868639
    88.95033    0.929060   0.868232
    88.98367    0.911496   0.867838
    89.01700    1.127265   0.867457
    89.05033    0.892469   0.867089
    89.08367    0.676335   0.866734
    89.11700    1.021027   0.866392
    89.15033    0.911862   0.866064
    89.18367    0.568145   0.865749
    89.21700    0.623277   0.865448
    89.25033    0.688166   0.865160
    89.26700    0.799770   0.865021
    89.30033    1.135559   0.864753
    89.33367    0.747688   0.864499
    89.36700    0.801234   0.864259
    89.40033    0.707193   0.864033
    89.43367    0.827458   0.863820
    89.46700    0.730246   0.863622
    89.50033    1.210450   0.863437
    89.53367    0.684507   0.863266
    89.56700    0.706949   0.863109
    89.60033    0.914180   0.862966
    89.63367    1.211791   0.862837
    89.65033    1.088356   0.862778
    89.68367    0.712438   0.862670
    89.71700    0.895762   0.862576
    89.75033    1.168247   0.862496
    89.78367    0.836362   0.862430
    89.81700    0.875515   0.862379
    89.85033    1.033102   0.862341
    89.88367    0.705730   0.862318
    89.91700    0.460200   0.862309
    89.95033    1.293269   0.862314
    89.98367    0.846973   0.862333
    90.01700    0.651208   0.862366
    90.03367    0.687922   0.862388
    90.10033    1.103236   0.862510
    90.13367    1.034444   0.862593
    90.16700    0.911496   0.862689
    90.20033    0.916131   0.862800
    90.23367    1.142877   0.862924
    90.26700    0.958700   0.863063
    90.30033    1.007732   0.863216
    90.33367    0.921254   0.863382
    90.36700    0.737442   0.863562
    90.40033    0.884053   0.863756
    90.43367    0.957236   0.863965
    90.45033    0.654014   0.864074
    90.48367    0.814285   0.864302
    90.51700    1.076768   0.864545
    90.55033    0.758666   0.864801
    90.58367    0.677554   0.865070
    90.61700    0.715975   0.865353
    90.65033    0.687434   0.865650
    90.68367    0.775376   0.865960
    90.71700    0.748664   0.866283
    90.75033    0.866489   0.866620
    90.78367    0.785255   0.866969
    90.81700    0.917717   0.867332
    90.83367    0.782816   0.867519
    90.86700    1.241675   0.867901
    90.90033    0.889176   0.868297
    90.96700    0.978215   0.869126
    91.00033    1.061400   0.869560
    91.03367    0.689142   0.870006
    91.06700    0.843802   0.870465
    91.10033    0.735979   0.870936
    91.13367    1.013587   0.871419
    91.16700    0.767935   0.871915
    91.20033    0.761837   0.872422
    91.23367    0.851852   0.872942
    91.25033    0.839777   0.873206
    91.28367    1.076890   0.873744
    91.31700    0.865513   0.874293
    91.35033    0.818676   0.874854
    91.38367    0.700851   0.875426
    91.41700    0.994071   0.876009
    91.45033    0.655965   0.876604
    91.48367    0.883565   0.877210
    91.51700    0.993218   0.877826
    91.55033    1.085550   0.878454
    91.58367    0.584734   0.879092
    91.61700    1.112506   0.879741
    91.63367    0.690971   0.880069
    91.66700    0.854901   0.880733
    91.70033    0.651940   0.881407
    91.73367    0.785255   0.882092
    91.76700    0.693898   0.882786
    91.80033    0.824043   0.883490
    91.83367    0.646817   0.884204
    91.86700    0.880150   0.884927
    91.90033    0.664503   0.885659
    91.93367    0.748054   0.886401
    91.96700    1.057131   0.887151
    92.00033    0.990046   0.887910
    92.01700    0.858561   0.888293
    92.05033    1.036640   0.889065
    92.08367    1.099333   0.889845
    92.11700    0.907105   0.890634
    92.15033    0.783426   0.891430
    92.18367    0.551923   0.892234
    92.21700    0.887102   0.893046
    92.25033    1.025418   0.893866
    92.28367    0.717195   0.894693
    92.31700    0.775620   0.895527
    92.35033    1.150683   0.896367
    92.38367    0.939794   0.897215
    92.41700    0.822091   0.898069
    92.43367    1.047495   0.898499
    92.46700    0.822945   0.899362
    92.50033    0.740370   0.900232
    92.53367    0.748664   0.901108
    92.56700    0.893811   0.901989
    92.60033    1.086526   0.902876
    92.63367    0.806357   0.903768
    92.66700    1.127387   0.904665
    92.70033    1.111530   0.905567
    92.73367    0.876003   0.906474
    92.76700    1.378283   0.907385
    92.80033    0.715000   0.908301
    92.81700    1.329738   0.908760
    92.85033    1.463785   0.909682
    92.88367    0.835264   0.910607
    92.91700    0.702558   0.911536
    92.95033    0.810870   0.912469
    92.98367    1.069206   0.913405
    93.01700    0.583270   0.914343
    93.05033    0.856487   0.915285
    93.08367    0.617666   0.916229
    93.11700    0.959919   0.917175
    93.15033    0.646085   0.918124
    93.18367    0.994559   0.919074
    93.20033    1.052618   0.919550
    93.26700    0.930890   0.921458
    93.30033    0.653160   0.922413
    93.33367    1.202522   0.923370
    93.36700    0.868562   0.924328
    93.40033    1.031883   0.925286
    93.43367    1.123972   0.926244
    93.46700    0.952113   0.927203
    93.50033    1.020295   0.928161
    93.53367    0.793550   0.929120
    93.56700    0.862464   0.930078
    93.58367    0.860878   0.930557
    93.61700    0.969189   0.931514
    93.65033    0.813553   0.932470
    93.68367    0.750371   0.933424
    93.71700    0.837337   0.934378
    93.75033    1.016392   0.935330
    93.78367    1.122264   0.936280
    93.81700    0.981386   0.937228
    93.85033    0.911496   0.938174
    93.88367    0.922840   0.939118
    93.91700    1.178859   0.940059
    93.95033    0.924060   0.940998
    93.98367    0.715488   0.941933
    94.00033    0.834776   0.942400
    94.03367    0.856975   0.943331
    94.06700    0.618520   0.944258
    94.10033    0.843924   0.945182
    94.16700    1.028346   0.947018
    94.20033    0.795257   0.947930
    94.23367    0.836972   0.948837
    94.26700    1.148854   0.949740
    94.30033    0.863927   0.950639
    94.33367    1.049813   0.951532
    94.38367    0.880394   0.952863
    94.45033    1.417070   0.954619
    94.48367    0.881735   0.955488
    94.51700    0.988949   0.956352
    94.55033    0.973458   0.957210
    94.58367    0.768179   0.958061
    94.61700    0.789524   0.958907
    94.65033    1.005171   0.959746
    94.68367    0.719757   0.960578
    94.71700    0.856121   0.961404
    94.75033    0.842582   0.962223
    94.78367    1.206425   0.963035
    94.81700    1.117751   0.963840
    94.83367    0.833434   0.964239
    94.86700    0.856609   0.965033
    94.90033    0.720122   0.965819
    94.96700    1.171785   0.967369
    95.00033    0.800258   0.968132
    95.03367    1.252042   0.968887
    95.06700    1.544165   0.969634
    95.10033    0.915765   0.970372
    95.13367    0.998950   0.971103
    95.16700    0.985411   0.971825
    95.20033    1.191788   0.972538
    95.21700    0.924913   0.972892
    95.25033    1.044202   0.973592
    95.28367    0.873563   0.974283
    95.31700    0.736589   0.974966
    95.35033    1.149098   0.975640
    95.38367    0.808186   0.976305
    95.41700    0.952235   0.976960
    95.45033    1.373038   0.977606
    95.48367    0.765008   0.978243
    95.51700    0.888078   0.978871
    95.55033    1.300221   0.979489
    95.63367    1.100553   0.980993
    95.70033    1.207888   0.982153
    95.73367    1.291927   0.982718
    95.76700    0.907471   0.983274
    95.80033    0.784646   0.983820
    95.83367    0.898811   0.984355
    95.86700    0.974190   0.984882
    95.90033    1.040177   0.985398
    95.93367    0.844900   0.985904
    95.96700    1.164222   0.986400
    96.00033    1.217646   0.986887
    96.03367    1.108481   0.987363
    96.05033    1.497450   0.987598
    96.11700    1.326567   0.988511
    96.15033    0.930036   0.988952
    96.21700    1.189471   0.989806
    96.28367    0.913814   0.990620
    96.31700    1.052740   0.991012
    96.35033    0.911740   0.991394
    96.38367    1.117385   0.991767
    96.41700    1.373770   0.992129
    96.43367    0.597053   0.992307
    96.46700    1.158734   0.992655
    96.50033    0.846119   0.992994
    96.53367    0.969555   0.993323
    96.60033    1.047739   0.993953
    96.63367    1.001878   0.994253
    96.66700    0.980777   0.994545
    96.70033    1.104334   0.994827
    96.73367    1.420973   0.995100
    96.76700    1.034688   0.995364
    96.80033    1.036274   0.995619
    96.81700    1.184714   0.995743
    96.85033    0.943819   0.995984
    96.88367    0.865391   0.996217
    96.91700    1.120922   0.996441
    96.95033    1.272777   0.996657
    96.98367    0.928085   0.996864
    97.01700    0.946258   0.997063
    97.05033    1.006391   0.997254
    97.08367    0.883443   0.997437
    97.11700    0.852340   0.997611
    97.15033    1.351571   0.997778
    97.18367    0.888078   0.997938
    97.21700    1.014319   0.998089
    97.23367    0.945527   0.998162
    97.26700    0.767935   0.998303
    97.30033    0.857097   0.998437
    97.33367    1.074695   0.998563
    97.36700    1.037372   0.998683
    97.40033    1.087624   0.998796
    97.43367    1.075671   0.998903
    97.46700    1.139828   0.999003
    97.50033    1.009440   0.999097
    97.53367    0.918815   0.999185
    97.56700    0.865025   0.999267
    97.60033    1.009440   0.999344
    97.61700    1.112384   0.999380
    97.65033    0.840997   0.999448
    97.68367    1.319493   0.999512
    97.71700    0.973946   0.999570
    97.75033    1.189471   0.999623
    97.78367    1.200204   0.999672
    97.81700    1.156172   0.999717
    97.85033    0.781840   0.999757
    97.88367    0.964676   0.999793
    97.91700    1.217158   0.999825
    97.95033    1.051642   0.999854
    97.98367    0.805503   0.999880
    98.01700    1.046275   0.999902
    98.03367    1.015904   0.999912
    98.06700    0.836850   0.999930
    98.10033    0.917961   0.999945
    98.16700    0.906862   0.999969
    98.20033    0.898445   0.999977
    98.23367    0.800502   0.999984
    98.26700    0.893201   0.999989
    98.30033    0.765984   0.999993
    98.33367    0.861366   0.999996
    98.36700    1.312174   0.999998
    98.40033    1.160807   0.999999
    98.41700    1.073719   1.000000
    98.45033    1.160075   1.000000
    98.48367    1.054570   1.000000
    98.51700    1.035420   1.000000
    98.55033    1.219232   1.000000
    98.58367    1.072987   1.000000
    98.61700    1.113238   1.000000
    98.68367    1.175078   1.000000
    98.71700    1.516477   1.000000
    98.75033    1.066279   1.000000
    98.78367    1.002975   1.000000
    98.81700    0.695728   1.000000
    98.83367    1.159465   1.000000
    98.86700    0.906862   1.000000
    98.93367    1.072255   1.000000
    98.96700    0.743907   1.000000
    99.00033    0.839045   1.000000
    99.03367    0.931744   1.000000
    99.06700    0.999316   1.000000
    99.10033    1.195081   1.000000
    99.13367    1.137754   1.000000
    99.38367    1.145439   1.000000
    99.41700    0.835264   1.000000
    99.45033    0.962847   1.000000
    99.48367    0.814529   1.000000
    99.51700    0.943697   1.000000
    99.55033    1.013953   1.000000
    99.58367    0.978581   1.000000
    99.60033    0.887102   1.000000
    99.63367    0.878686   1.000000
    99.66700    1.176663   1.000000
    99.70033    1.038713   1.000000
    99.73367    1.234966   1.000000
    99.76700    0.795623   1.000000
    99.80033    1.093113   1.000000
    99.83367    0.824408   1.000000
    99.86700    1.006513   1.000000
    99.90033    0.966872   1.000000
   100.01700    0.698411   1.000000
   100.05033    0.952723   1.000000
   100.08367    0.941502   1.000000
   100.11700    0.741955   1.000000
   100.15033    1.082989   1.000000
   100.18367    0.976873   1.000000
   100.21700    1.382552   1.000000
   100.25033    1.032127   1.000000
   100.28367    0.933207   1.000000
   100.31700    1.201424   1.000000
   100.33367    0.830385   1.000000
   100.36700    0.981264   1.000000
   100.40033    0.772448   1.000000
   100.43367    0.962847   1.000000
   100.50033    1.029199   1.000000
   100.53367    1.093723   1.000000
   100.56700    0.800014   1.000000
   100.60033    1.035786   1.000000
   100.63367    0.746956   1.000000
   100.66700    0.966384   1.000000
   100.70033    0.865147   1.000000
   100.71700    0.867343   1.000000
   100.75033    1.080915   1.000000
   100.78367    0.785255   1.000000
   100.88367    1.031883   1.000000
   100.91700    0.885272   1.000000
   100.95033    1.555752   1.000000
   100.98367    0.871002   1.000000
   101.01700    0.979191   1.000000
   101.05033    1.093113   1.000000
   101.08367    0.940282   1.000000
   101.13367    1.326933   1.000000
   101.20033    1.011635   1.000000
   101.23367    0.947844   1.000000
   101.30033    0.738662   1.000000
   101.33367    0.996755   1.000000
   101.36700    1.140804   1.000000
   101.40033    0.889785   1.000000
   101.43367    1.154343   1.000000
   101.46700    0.912350   1.000000
   101.48367    1.102627   1.000000
   101.51700    0.837703   1.000000
   101.55033    0.649989   1.000000
   101.58367    0.949796   1.000000
   101.61700    0.990290   1.000000
   101.65033    0.915522   1.000000
   101.68367    0.996023   1.000000
   101.71700    0.974800   1.000000
   101.75033    0.983460   1.000000
   101.78367    0.794037   1.000000
   101.81700    1.050179   1.000000
   101.85033    0.870392   1.000000
   101.86700    0.989193   1.000000
   101.90033    1.094088   1.000000
   101.93367    1.176907   1.000000
   101.96700    1.063230   1.000000
   102.00033    1.096772   1.000000
   102.03367    1.254360   1.000000
   102.06700    0.986509   1.000000
   102.13367    0.909545   1.000000
   102.16700    0.845632   1.000000
   102.20033    0.805259   1.000000
   102.23367    1.163978   1.000000
   102.25033    0.766472   1.000000
   102.28367    0.728417   1.000000
   102.31700    0.706584   1.000000
   102.35033    1.018466   1.000000
   102.38367    0.916497   1.000000
   102.41700    1.005781   1.000000
   102.45033    0.925767   1.000000
   102.51700    0.738052   1.000000
   102.55033    1.373282   1.000000
   102.58367    1.065547   1.000000
   102.61700    0.982850   1.000000
   102.63367    1.137145   1.000000
   102.66700    0.970775   1.000000
   102.70033    0.842460   1.000000
   102.73367    1.061644   1.000000
   102.76700    0.813431   1.000000
   102.80033    0.869050   1.000000
   102.83367    0.921864   1.000000
   102.86700    0.779035   1.000000
   102.90033    1.088356   1.000000
   102.93367    1.080794   1.000000
   102.96700    1.021759   1.000000
   103.00033    0.830629   1.000000
   103.01700    0.660112   1.000000
   103.05033    0.896738   1.000000
   103.08367    1.135193   1.000000
   103.11700    0.988095   1.000000
   103.15033    0.910399   1.000000
   103.18367    0.932110   1.000000
   103.21700    0.826970   1.000000
   103.25033    0.876490   1.000000
   103.28367    0.860268   1.000000
   103.31700    0.983094   1.000000
   103.35033    1.173492   1.000000
   103.38367    0.840631   1.000000
   103.40033    1.035176   1.000000
   103.43367    0.887590   1.000000
   103.46700    0.914058   1.000000
   103.50033    0.993828   1.000000
   103.53367    1.207035   1.000000
   103.56700    1.031273   1.000000
   103.60033    1.104700   1.000000
   103.63367    1.167516   1.000000
   103.66700    0.920888   1.000000
   103.76700    1.277778   1.000000
   103.80033    0.948820   1.000000
   103.81700    1.128729   1.000000
   103.85033    0.682921   1.000000
   103.88367    0.951137   1.000000
   103.91700    0.939916   1.000000
   103.95033    1.058473   1.000000
   103.98367    0.941867   1.000000
   104.01700    1.016026   1.000000
   104.05033    0.740736   1.000000
   104.08367    0.893689   1.000000
   104.11700    1.298635   1.000000
   104.18367    1.040421   1.000000
   104.20033    0.996145   1.000000
   104.23367    0.955040   1.000000
   104.26700    0.813919   1.000000
   104.30033    0.915887   1.000000
   104.36700    0.995901   1.000000
   104.40033    1.102627   1.000000
   104.43367    1.051398   1.000000
   104.46700    1.219598   1.000000
   104.50033    0.922230   1.000000
   104.53367    1.144951   1.000000
   104.56700    0.954796   1.000000
   104.58367    0.991998   1.000000
   104.65033    1.103236   1.000000
   104.68367    1.068718   1.000000
   104.71700    0.896006   1.000000
   104.75033    1.014929   1.000000
   104.78367    1.026760   1.000000
   104.81700    1.096528   1.000000
   104.85033    0.913570   1.000000
   104.88367    0.871002   1.000000
   104.91700    1.075061   1.000000
   104.95033    1.037128   1.000000
   104.96700    0.956138   1.000000
   105.00033    0.984436   1.000000
   105.03367    0.914302   1.000000
   105.06700    1.087990   1.000000
   105.10033    1.157026   1.000000
   105.13367    1.045178   1.000000
   105.16700    0.785255   1.000000
   105.20033    1.233258   1.000000
   105.23367    1.067864   1.000000
   105.26700    0.759885   1.000000
   105.30033    1.009684   1.000000
   105.33367    0.989924   1.000000
   105.35033    0.903690   1.000000
   105.38367    1.160075   1.000000
   105.41700    0.956016   1.000000
   105.45033    0.768667   1.000000
   105.48367    1.252042   1.000000
   105.51700    0.807332   1.000000
   105.55033    0.931378   1.000000
   105.58367    1.034078   1.000000
   105.61700    1.200326   1.000000
   105.71700    0.910643   1.000000
   105.76700    0.981996   1.000000
   105.80033    1.212279   1.000000
   105.83367    0.875637   1.000000
   105.90033    1.080915   1.000000
   105.93367    0.936379   1.000000
   105.96700    0.910033   1.000000
   106.00033    0.860390   1.000000
   106.03367    1.163978   1.000000
   106.06700    0.973214   1.000000
   106.10033    1.133851   1.000000
   106.13367    0.833556   1.000000
   106.15033    0.968457   1.000000
   106.18367    0.904544   1.000000
   106.21700    1.183616   1.000000
   106.28367    1.007488   1.000000
   106.31700    0.866123   1.000000
   106.35033    1.109213   1.000000
   106.38367    0.951137   1.000000
   106.41700    1.084575   1.000000
   106.45033    0.957724   1.000000
   106.48367    1.008220   1.000000
   106.51700    1.322542   1.000000
   106.53367    0.935403   1.000000
   106.56700    0.997975   1.000000
   106.60033    1.067864   1.000000
   106.63367    0.849413   1.000000
   106.66700    0.937355   1.000000
   106.70033    1.087380   1.000000
   106.73367    1.063961   1.000000
   106.76700    0.968579   1.000000
   106.83367    1.050179   1.000000
   106.86700    0.750250   1.000000
   106.90033    1.148854   1.000000
   106.93367    1.006635   1.000000
   106.96700    1.025296   1.000000
   106.98367    1.070914   1.000000
   107.01700    0.909179   1.000000
   107.05033    1.347058   1.000000
   107.08367    0.923328   1.000000
   107.11700    0.910521   1.000000
   107.15033    0.888810   1.000000
   107.18367    0.999682   1.000000
   107.21700    1.137876   1.000000
   107.25033    0.947112   1.000000
   107.31700    0.963822   1.000000
   107.35033    0.974312   1.000000
   107.38367    0.897348   1.000000
   107.40033    1.183738   1.000000
   107.43367    1.156050   1.000000
   107.46700    1.256799   1.000000
   107.50033    0.833190   1.000000
   107.53367    0.898202   1.000000
   107.56700    1.072377   1.000000
   107.60033    0.740370   1.000000
   107.63367    0.732929   1.000000
   107.66700    0.971873   1.000000
   107.70033    1.081769   1.000000
   107.73367    0.843802   1.000000
   107.76700    1.140316   1.000000
   107.81700    1.304246   1.000000
   107.88367    0.783548   1.000000
   107.91700    1.011757   1.000000
   107.95033    1.086892   1.000000
   107.98367    0.933207   1.000000
   108.05033    1.027736   1.000000
   108.08367    0.849169   1.000000
   108.11700    1.055911   1.000000
   108.15033    0.986143   1.000000
   108.16700    1.127997   1.000000
   108.20033    1.030175   1.000000
   108.23367    0.773790   1.000000
   108.26700    0.996755   1.000000
   108.30033    0.735369   1.000000
   108.33367    0.820383   1.000000
   108.36700    1.086404   1.000000
   108.40033    0.880638   1.000000
   108.50033    0.746834   1.000000
   108.53367    0.833556   1.000000
   108.56700    1.107017   1.000000
   108.60033    1.005659   1.000000
   108.61700    0.964066   1.000000
   108.65033    0.932842   1.000000
   108.68367    0.950893   1.000000
   108.71700    1.008586   1.000000
   108.75033    1.083965   1.000000
   108.78367    1.094820   1.000000
   108.81700    0.770619   1.000000
   108.85033    1.127021   1.000000
   108.88367    0.855633   1.000000
   108.91700    1.017246   1.000000
   108.95033    1.500255   1.000000
   108.96700    1.030541   1.000000
   109.00033    1.175078   1.000000
   109.03367    0.946258   1.000000
   109.06700    0.874295   1.000000
   109.10033    0.873807   1.000000
   109.16700    0.827336   1.000000
   109.20033    1.067986   1.000000
   109.23367    0.800990   1.000000
   109.26700    0.892713   1.000000
   109.30033    1.023345   1.000000
   109.33367    1.034688   1.000000
   109.35033    1.030663   1.000000
   109.38367    0.907227   1.000000
   109.41700    0.905764   1.000000
   109.48367    1.211182   1.000000
   109.55033    1.009684   1.000000
   109.58367    0.934793   1.000000
   109.61700    1.228502   1.000000
   109.65033    0.907593   1.000000
   109.68367    1.100553   1.000000
   109.70033    0.961871   1.000000
   109.73367    1.018466   1.000000
   109.76700    0.894054   1.000000
   109.80033    1.210572   1.000000
   109.83367    1.168491   1.000000
   109.86700    0.970653   1.000000
   109.90033    1.063474   1.000000
   109.93367    1.091771   1.000000
   109.96700    1.074939   1.000000
   110.00033    0.915765   1.000000
   110.03367    0.873685   1.000000
   110.05033    1.118117   1.000000
   110.08367    0.934183   1.000000
   110.11700    1.064815   1.000000
   110.15033    0.898933   1.000000
   110.18367    0.696460   1.000000
   110.21700    0.857585   1.000000
   110.28367    0.851974   1.000000
   110.31700    0.839411   1.000000
   110.35033    0.998706   1.000000
   110.38367    0.867830   1.000000
   110.41700    1.036274   1.000000
   110.43367    1.266191   1.000000
