   674.05295    1.051054   1.000000
   674.06362    1.015140   1.000000
   674.07428    1.071212   1.000000
   674.08495    0.968422   1.000000
   674.09562    1.055756   1.000000
   674.10628    1.043401   1.000000
   674.11695    0.913651   1.000000
   674.12762    0.999184   1.000000
   674.13828    1.045502   1.000000
   674.14895    1.051254   1.000000
   674.15962    1.033598   1.000000
   674.17028    1.034098   1.000000
   674.18095    1.099073   1.000000
   674.19162    1.059257   1.000000
   674.20228    0.961720   1.000000
   674.21295    0.996433   1.000000
   674.22362    0.970473   1.000000
   674.23428    0.867684   1.000000
   674.24495    0.992232   1.000000
   674.25562    0.978426   1.000000
   674.26628    1.014940   1.000000
   674.27695    1.047303   1.000000
   674.28762    1.026795   1.000000
   674.29828    1.031147   1.000000
   674.30895    1.011139   1.000000
   674.31962    0.911150   1.000000
   674.33028    0.988430   1.000000
   674.34095    0.983228   1.000000
   674.35162    0.946614   1.000000
   674.36228    1.001885   1.000000
   674.37295    0.916903   1.000000
   674.38362    0.922355   1.000000
   674.39428    0.914652   1.000000
   674.40495    1.054105   1.000000
   674.41562    1.030496   1.000000
   674.42628    0.934910   1.000000
   674.43695    1.122732   1.000000
   674.44762    1.011089   1.000000
   674.45828    1.022443   1.000000
   674.46895    1.039450   1.000000
   674.47962    1.054205   1.000000
   674.49028    1.011039   1.000000
   674.50095    0.968222   1.000000
   674.51162    0.953917   1.000000
   674.52228    1.110827   1.000000
   674.53295    0.945564   1.000000
   674.54362    0.989681   1.000000
   674.55428    1.030396   1.000000
   674.56495    1.038549   1.000000
   674.57562    1.059157   1.000000
   674.58628    0.970323   1.000000
   674.59695    0.974525   1.000000
   674.60762    0.988130   1.000000
   674.61828    0.965621   1.000000
   674.62895    0.884590   1.000000
   674.63962    0.917103   1.000000
   674.65028    0.890593   1.000000
   674.66095    0.991331   1.000000
   674.67162    1.019742   1.000000
   674.68228    1.004936   1.000000
   674.69295    1.064209   1.000000
   674.70362    1.070312   1.000000
   674.71428    1.004086   1.000000
   674.72495    1.036899   1.000000
   674.73562    1.006037   1.000000
   674.74628    0.928357   1.000000
   674.75695    1.010639   1.000000
   674.76762    0.983578   1.000000
   674.77828    0.959519   1.000000
   674.78895    0.996033   1.000000
   674.79962    0.984929   1.000000
   674.81028    0.914602   1.000000
   674.82095    0.913901   1.000000
   674.83162    0.926556   1.000000
   674.84228    0.881889   1.000000
   674.85295    1.002786   1.000000
   674.86362    0.859781   1.000000
   674.87428    1.022993   1.000000
   674.88495    0.974775   1.000000
   674.89562    0.968673   1.000000
   674.90628    0.942512   1.000000
   674.91695    0.988230   1.000000
   674.92762    0.999784   1.000000
   674.93828    0.963220   1.000000
   674.94895    1.013090   1.000000
   674.95962    1.073713   1.000000
   674.97028    0.966472   1.000000
   674.98095    0.975025   1.000000
   674.99162    0.955367   1.000000
   675.00228    0.917053   1.000000
   675.01295    1.020843   1.000000
   675.02362    1.037199   1.000000
   675.03428    0.970323   1.000000
   675.04495    0.933859   1.000000
   675.05562    1.000085   1.000000
   675.06628    1.060108   1.000000
   675.07695    1.036749   1.000000
   675.08762    0.900646   1.000000
   675.09828    1.053655   1.000000
   675.10895    0.955367   1.000000
   675.11962    0.980977   1.000000
   675.13028    0.997033   1.000000
   675.14095    0.973975   1.000000
   675.15162    0.931658   1.000000
   675.16228    0.980627   1.000000
   675.17295    0.989481   1.000000
   675.18362    1.015090   1.000000
   675.19428    0.967472   1.000000
   675.20495    1.044002   1.000000
   675.21562    1.053405   1.000000
   675.22628    1.041350   1.000000
   675.23695    1.010889   1.000000
   675.24762    1.049904   1.000000
   675.25828    1.001185   1.000000
   675.26895    1.010539   1.000000
   675.27962    0.867234   1.000000
   675.29028    0.930508   1.000000
   675.30095    1.068861   1.000000
   675.31162    0.980177   1.000000
   675.32228    0.924756   1.000000
   675.33295    1.017891   1.000000
   675.34362    1.013290   1.000000
   675.35428    1.045252   1.000000
   675.36495    1.012239   1.000000
   675.37562    1.053355   1.000000
   675.38628    1.001735   1.000000
   675.39695    0.984579   1.000000
   675.40762    1.033748   1.000000
   675.41828    1.065410   1.000000
   675.42895    0.949715   1.000000
   675.43962    1.003836   1.000000
   675.45028    1.016191   1.000000
   675.46095    0.970723   1.000000
   675.47162    1.094021   0.999994
   675.48228    1.003636   0.999949
   675.49295    1.010188   0.999859
   675.50362    1.015390   0.999731
   675.51428    1.014990   0.999516
   675.52495    0.954417   0.999239
   675.53562    1.003036   0.998914
   675.54628    1.092120   0.998560
   675.55695    0.944963   0.998144
   675.56762    0.952666   0.997693
   675.57828    1.002185   0.997213
   675.58895    1.009588   0.996740
   675.59962    1.003886   0.996149
   675.61028    0.991181   0.995523
   675.62095    0.962270   0.994880
   675.63162    0.944413   0.994200
   675.64228    0.972224   0.993449
   675.65295    0.921054   0.992718
   675.66362    0.945764   0.991954
   675.67428    0.884090   0.991136
   675.68495    0.913801   0.990343
   675.69562    0.964671   0.989428
   675.70628    0.990731   0.988514
   675.71695    0.960019   0.987571
   675.72762    0.884140   0.986582
   675.73828    0.931008   0.985611
   675.74895    0.946764   0.984565
   675.75962    1.067561   0.983585
   675.77028    0.951016   0.982498
   675.78095    0.992832   0.981405
   675.79162    0.968673   0.980280
   675.80228    0.990131   0.979045
   675.81295    0.955818   0.977956
   675.82362    1.016441   0.976767
   675.83428    1.002886   0.975608
   675.84495    0.923205   0.974353
   675.85562    0.932108   0.973065
   675.86628    0.965421   0.971740
   675.87695    0.915852   0.970404
   675.88762    0.931608   0.969107
   675.89828    1.003736   0.967790
   675.90895    0.899496   0.966457
   675.91962    0.905048   0.965055
   675.93028    0.970073   0.963647
   675.94095    1.014090   0.962227
   675.95162    1.014790   0.960729
   675.96228    0.912451   0.959308
   675.97295    0.911451   0.957839
   675.98362    0.917553   0.956362
   675.99428    1.000435   0.954814
   676.00495    0.896095   0.953267
   676.01562    0.908599   0.951736
   676.02628    0.840973   0.950141
   676.03695    0.902697   0.948604
   676.04762    0.965421   0.947059
   676.05828    0.940312   0.945417
   676.06895    0.985229   0.943736
   676.07962    0.854479   0.942118
   676.09028    0.867234   0.940490
   676.10095    0.856029   0.938819
   676.11162    0.899396   0.937132
   676.12228    0.953617   0.935464
   676.13295    0.898345   0.933748
   676.14362    0.860881   0.931979
   676.15428    0.995383   0.930249
   676.16495    0.923255   0.928641
   676.17562    0.895444   0.926836
   676.18628    0.879388   0.925005
   676.19695    0.997884   0.923153
   676.20762    0.858680   0.921367
   676.21828    0.995583   0.919653
   676.22895    1.100423   0.917819
   676.23962    1.014640   0.915944
   676.25028    0.986880   0.914136
   676.26095    0.985679   0.912253
   676.27162    0.957068   0.910421
   676.28228    0.940962   0.908477
   676.29295    0.910050   0.906553
   676.30362    0.823867   0.904711
   676.31428    0.892743   0.902834
   676.32495    0.874586   0.900960
   676.33562    0.950816   0.899061
   676.34628    0.908599   0.897089
   676.35695    0.823417   0.895117
   676.36762    0.903698   0.893248
   676.37828    0.967772   0.891368
   676.38895    0.930608   0.889287
   676.39962    0.956918   0.887395
   676.41028    0.942613   0.885457
   676.42095    0.850977   0.883511
   676.43162    0.834971   0.881548
   676.44228    0.891493   0.879532
   676.45295    0.853578   0.877565
   676.46362    0.851477   0.875615
   676.47428    0.905098   0.873607
   676.48495    0.908299   0.871538
   676.49562    0.853128   0.869602
   676.50628    0.829819   0.867658
   676.51695    0.834671   0.865577
   676.52762    0.826768   0.863646
   676.53828    0.832670   0.861595
   676.54895    0.829369   0.859649
   676.55962    0.817865   0.857590
   676.57028    0.899646   0.855601
   676.58095    0.908699   0.853574
   676.59162    0.921604   0.851575
   676.60228    0.848276   0.849587
   676.61295    0.798857   0.847570
   676.62362    0.784702   0.845613
   676.63428    0.841924   0.843573
   676.64495    0.812512   0.841530
   676.65562    0.743586   0.839642
   676.66628    0.822566   0.837616
   676.67695    0.855029   0.835640
   676.68762    0.868384   0.833703
   676.69828    0.766895   0.831671
   676.70895    0.905048   0.829673
   676.71962    0.832820   0.827770
   676.73028    0.872686   0.825775
   676.74095    0.896945   0.823846
   676.75162    0.765845   0.821881
   676.76228    0.798157   0.819951
   676.77295    0.790504   0.817983
   676.78362    0.794155   0.816052
   676.79428    0.697818   0.814137
   676.80495    0.774598   0.812277
   676.81562    0.871785   0.810341
   676.82628    0.808761   0.808492
   676.83695    0.860781   0.806678
   676.84762    0.777599   0.804818
   676.85828    0.793905   0.802932
   676.86895    0.746137   0.801074
   676.87962    0.715925   0.799246
   676.89028    0.739684   0.797430
   676.90095    0.740685   0.795675
   676.91162    0.834971   0.793924
   676.92228    0.743186   0.792157
   676.93295    0.846526   0.790465
   676.94362    0.788703   0.788706
   676.95428    0.724579   0.786954
   676.96495    0.778099   0.785255
   676.97562    0.819865   0.783592
   676.98628    0.767145   0.781900
   676.99695    0.783251   0.780375
   677.00762    0.804259   0.778651
   677.01828    0.792305   0.777072
   677.02895    0.759042   0.775471
   677.03962    0.755741   0.774047
   677.05028    0.744186   0.772560
   677.06095    0.788903   0.771044
   677.07162    0.731831   0.769684
   677.08228    0.757091   0.768028
   677.09295    0.802959   0.766729
   677.10362    0.838773   0.765246
   677.11428    0.790604   0.763876
   677.12495    0.773948   0.762601
   677.13562    0.703070   0.761244
   677.14628    0.738184   0.759927
   677.15695    0.693867   0.758737
   677.16762    0.773848   0.757496
   677.17828    0.794756   0.756325
   677.18895    0.804259   0.755174
   677.19962    0.794556   0.754049
   677.21028    0.852378   0.752907
   677.22095    0.721728   0.751906
   677.23162    0.728830   0.750876
   677.24228    0.870485   0.749869
   677.25295    0.793805   0.748898
   677.26362    0.754690   0.747975
   677.27428    0.666006   0.747086
   677.28495    0.774698   0.746284
   677.29562    0.756991   0.745465
   677.30628    0.742335   0.744719
   677.31695    0.721477   0.743972
   677.32762    0.861081   0.743203
   677.33828    0.716075   0.742552
   677.34895    0.765995   0.741991
   677.35962    0.808511   0.741447
   677.37028    0.834271   0.740847
   677.38095    0.858430   0.740405
   677.39162    0.682963   0.739926
   677.40228    0.797857   0.739574
   677.41295    0.796506   0.739148
   677.42362    0.770196   0.738873
   677.43428    0.697918   0.738562
   677.44495    0.681512   0.738326
   677.45562    0.776399   0.738126
   677.46628    0.718726   0.737915
   677.47695    0.698969   0.737810
   677.48762    0.753540   0.737730
   677.49828    0.680712   0.737738
   677.50895    0.735383   0.737673
   677.51962    0.741035   0.737758
   677.53028    0.750489   0.737838
   677.54095    0.716275   0.738060
   677.55162    0.725679   0.738178
   677.56228    0.738984   0.738382
   677.57295    0.748888   0.738625
   677.58362    0.710573   0.738996
   677.59428    0.740635   0.739367
   677.60495    0.806410   0.739708
   677.61562    0.727080   0.740145
   677.62628    0.706672   0.740613
   677.63695    0.726629   0.741154
   677.64762    0.751389   0.741669
   677.65828    0.706672   0.742211
   677.66895    0.717926   0.742927
   677.67962    0.768145   0.743557
   677.69028    0.802008   0.744276
   677.70095    0.697968   0.745032
   677.71162    0.686714   0.745811
   677.72228    0.698319   0.746611
   677.73295    0.703721   0.747489
   677.74362    0.735583   0.748388
   677.75428    0.712174   0.749307
   677.76495    0.728580   0.750203
   677.77562    0.777199   0.751301
   677.78628    0.701470   0.752076
   677.79695    0.685664   0.753407
   677.80762    0.794956   0.754508
   677.81828    0.749988   0.755539
   677.82895    0.768045   0.756769
   677.83962    0.810712   0.757956
   677.85028    0.838172   0.759140
   677.86095    0.815714   0.760408
   677.87162    0.780550   0.761708
   677.88228    0.828619   0.763092
   677.89295    0.770346   0.764384
   677.90362    0.752739   0.765799
   677.91428    0.809911   0.767152
   677.92495    0.818115   0.768601
   677.93562    0.780000   0.770062
   677.94628    0.739434   0.771533
   677.95695    0.756691   0.772945
   677.96762    0.823217   0.774555
   677.97828    0.723828   0.776067
   677.98895    0.732982   0.777662
   677.99962    0.869034   0.779224
   678.01028    0.780850   0.780847
   678.02095    0.808261   0.782506
   678.03162    0.809561   0.784154
   678.04228    0.826268   0.785867
   678.05295    0.776899   0.787557
   678.06362    0.843374   0.789236
   678.07428    0.743286   0.790981
   678.08495    0.770146   0.792761
   678.09562    0.783451   0.794467
   678.10628    0.812763   0.796343
   678.11695    0.825017   0.798086
   678.12762    0.863632   0.799896
   678.13828    0.741185   0.801730
   678.14895    0.805260   0.803622
   678.15962    0.736883   0.805442
   678.17028    0.770746   0.807345
   678.18095    0.799407   0.809220
   678.19162    0.747838   0.811138
   678.20228    0.844625   0.813095
   678.21295    0.884890   0.814972
   678.22362    0.805960   0.816935
   678.23428    0.887491   0.818760
   678.24495    0.907649   0.820829
   678.25562    0.801558   0.822782
   678.26628    0.845125   0.824722
   678.27695    0.853028   0.826723
   678.28762    0.811012   0.828729
   678.29828    0.855879   0.830784
   678.30895    0.828769   0.832758
   678.31962    0.790454   0.834716
   678.33028    0.767145   0.836877
   678.34095    0.905798   0.838781
   678.35162    0.855079   0.840792
   678.36228    0.888692   0.842827
   678.37295    0.894044   0.844963
   678.38362    0.846526   0.846936
   678.39428    0.810262   0.848970
   678.40495    0.834971   0.851101
   678.41562    0.761343   0.853204
   678.42628    0.861731   0.855127
   678.43695    0.863882   0.857274
   678.44762    0.900746   0.859289
   678.45828    0.802008   0.861322
   678.46895    0.864532   0.863453
   678.47962    0.916102   0.865508
   678.49028    1.008338   0.867499
   678.50095    0.860431   0.869663
   678.51162    0.873436   0.871730
   678.52228    0.919504   0.873724
   678.53295    0.929958   0.875811
   678.54362    0.781851   0.877862
   678.55428    0.810562   0.879913
   678.56495    0.823817   0.881938
   678.57562    0.928257   0.883975
   678.58628    0.861982   0.886080
   678.59695    0.806210   0.888093
   678.60762    0.905648   0.890134
   678.61828    0.826718   0.892155
   678.62895    0.868134   0.894226
   678.63962    0.852028   0.896203
   678.65028    0.839773   0.898133
   678.66095    0.825417   0.900215
   678.67162    0.884340   0.902250
   678.68228    0.883040   0.904291
   678.69295    0.906399   0.906245
   678.70362    0.939861   0.908210
   678.71428    0.956818   0.910238
   678.72495    0.869684   0.912291
   678.73562    0.868334   0.914300
   678.74628    0.835821   0.916160
   678.75695    0.839873   0.918056
   678.76762    0.913301   0.920067
   678.77828    0.843724   0.921934
   678.78895    0.873536   0.923923
   678.79962    0.916853   0.925831
   678.81028    0.930408   0.927674
   678.82095    0.925606   0.929587
   678.83162    0.871385   0.931441
   678.84228    0.961370   0.933294
   678.85295    0.917953   0.935243
   678.86362    0.963471   0.937074
   678.87428    0.905048   0.938815
   678.88495    0.822616   0.940633
   678.89562    0.933559   0.942414
   678.90628    0.875787   0.944248
   678.91695    0.968372   0.946088
   678.92762    1.079765   0.947852
   678.93828    0.903447   0.949484
   678.94895    0.959419   0.951210
   678.95962    0.988630   0.952857
   678.97028    0.971774   0.954610
   678.98095    0.983178   0.956229
   678.99162    0.953367   0.958040
   679.00228    0.960920   0.959654
   679.01295    0.889492   0.961238
   679.02362    0.941962   0.962782
   679.03428    0.946664   0.964427
   679.04495    0.939311   0.965947
   679.05562    0.949965   0.967525
   679.06628    0.930758   0.969055
   679.07695    1.089469   0.970607
   679.08762    0.927807   0.972107
   679.09828    1.000985   0.973473
   679.10895    0.892993   0.974941
   679.11962    0.966572   0.976370
   679.13028    0.971974   0.977710
   679.14095    0.970973   0.979126
   679.15162    1.047703   0.980468
   679.16228    0.979927   0.981775
   679.17295    1.114379   0.982949
   679.18362    0.975075   0.984177
   679.19428    1.076864   0.985444
   679.20495    0.976075   0.986652
   679.21562    0.843975   0.987803
   679.22628    0.899996   0.988955
   679.23695    1.030846   0.990070
   679.24762    1.042751   0.991106
   679.25828    0.998484   0.992044
   679.26895    1.014990   0.993005
   679.27962    0.960319   0.993919
   679.29028    0.898496   0.994819
   679.30095    1.025044   0.995655
   679.31162    1.059758   0.996512
   679.32228    1.049704   0.997232
   679.33295    1.029496   0.997922
   679.34362    1.066460   0.998421
   679.35428    0.952666   0.998973
   679.36495    0.936710   0.999419
   679.37562    0.917703   0.999763
   679.38628    1.046252   1.000000
   679.39695    0.983278   1.000000
   679.40762    0.969573   1.000000
   679.41828    0.910400   1.000000
   679.42895    0.980677   1.000000
   679.43962    1.032947   1.000000
   679.45028    0.972424   1.000000
   679.46095    0.979527   1.000000
   679.47162    1.035648   1.000000
   679.48228    1.081716   1.000000
   679.49295    1.020843   1.000000
   679.50362    0.999484   1.000000
   679.51428    1.073613   1.000000
   679.52495    0.980977   1.000000
   679.53562    0.858830   1.000000
   679.54628    0.989330   1.000000
   679.55695    0.969773   1.000000
   679.56762    1.006287   1.000000
   679.57828    1.059457   1.000000
   679.58895    0.998984   1.000000
   679.59962    0.990881   1.000000
   679.61028    1.131585   1.000000
   679.62095    1.025895   1.000000
   679.63162    1.126833   1.000000
   679.64228    1.073563   1.000000
   679.65295    1.009488   1.000000
   679.66362    0.999935   1.000000
   679.67428    0.883740   1.000000
   679.68495    1.009288   1.000000
   679.69562    1.008638   1.000000
   679.70628    1.084017   1.000000
   679.71695    0.956068   1.000000
   679.72762    1.039150   1.000000
   679.73828    1.022893   1.000000
   679.74895    1.137587   1.000000
   679.75962    1.076764   1.000000
   679.77028    1.094921   1.000000
   679.78095    1.084667   1.000000
   679.79162    0.877888   1.000000
   679.80228    1.071662   1.000000
   679.81295    1.100573   1.000000
   679.82362    0.962720   1.000000
   679.83428    0.956918   1.000000
   679.84495    1.058907   1.000000
   679.85562    1.027095   1.000000
   679.86628    0.929758   1.000000
   679.87695    1.158996   1.000000
   679.88762    0.992482   1.000000
   679.89828    0.972824   1.000000
   679.90895    1.029196   1.000000
   679.91962    1.016541   1.000000
   679.93028    1.073913   1.000000
   679.94095    0.979727   1.000000
   679.95162    1.059257   1.000000
   679.96228    1.071612   1.000000
   679.97295    0.939061   1.000000
   679.98362    0.954767   1.000000
   679.99428    1.020092   1.000000
   680.00495    0.931658   1.000000
   680.01562    1.009938   1.000000
   680.02628    0.933109   1.000000
   680.03695    0.930808   1.000000
   680.04762    1.110777   1.000000
   680.05828    0.995933   1.000000
   680.06895    0.952716   1.000000
   680.07962    1.022243   1.000000
   680.09028    1.096422   1.000000
   680.10095    0.927957   1.000000
   680.11162    1.033998   1.000000
   680.12228    1.086068   1.000000
   680.13295    0.925006   1.000000
   680.14362    0.914702   1.000000
   680.15428    1.189057   1.000000
   680.16495    0.990581   1.000000
   680.17562    1.032197   1.000000
   680.18628    1.032647   1.000000
   680.19695    0.933209   1.000000
   680.20762    1.060008   1.000000
   680.21828    1.000235   1.000000
   680.22895    0.946464   1.000000
   680.23962    0.990281   1.000000
   680.25028    0.944713   1.000000
   680.26095    0.855979   1.000000
   680.27162    0.909650   1.000000
   680.28228    0.960319   1.000000
   680.29295    1.057907   1.000000
   680.30362    1.107276   1.000000
   680.31428    1.140689   1.000000
   680.32495    1.099073   1.000000
   680.33562    1.153994   1.000000
   680.34628    1.140489   1.000000
   680.35695    1.091820   1.000000
   680.36762    0.943313   1.000000
   680.37828    1.067711   1.000000
   680.38895    1.063709   1.000000
   680.39962    1.093921   1.000000
   680.41028    1.134086   1.000000
   680.42095    1.168049   1.000000
   680.43162    1.091620   1.000000
   680.44228    1.047003   1.000000
