  1389.25440    1.276337   1.000000
  1389.34080    1.234711   1.000000
  1389.41280    0.997161   1.000000
  1389.49920    0.922073   1.000000
  1389.58560    1.199956   1.000000
  1389.67200    1.213292   1.000000
  1389.75840    0.779768   1.000000
  1389.83040    1.043195   1.000000
  1389.91680    0.896944   1.000000
  1390.00320    0.815766   1.000000
  1390.08960    1.016636   1.000000
  1390.16160    1.225647   1.000000
  1390.24800    0.908585   1.000000
  1390.33440    1.159753   1.000000
  1390.42080    0.917837   1.000000
  1390.50720    1.198852   1.000000
  1390.59360    0.701400   1.000000
  1390.66560    0.947906   1.000000
  1390.75200    1.129186   1.000000
  1390.83840    0.923773   1.000000
  1390.92480    0.978961   1.000000
  1391.01120    0.928893   1.000000
  1391.08320    0.936624   1.000000
  1391.16960    0.928037   1.000000
  1391.25600    0.903578   1.000000
  1391.32800    0.848722   1.000000
  1391.41440    0.975361   1.000000
  1391.50080    1.357580   1.000000
  1391.58720    1.168330   1.000000
  1391.67360    1.070448   1.000000
  1391.74560    1.395614   1.000000
  1391.83200    0.951405   1.000000
  1391.91840    0.947906   1.000000
  1392.00480    0.893646   1.000000
  1392.09120    0.874914   1.000000
  1392.16320    0.973566   1.000000
  1392.24960    0.832464   1.000000
  1392.33600    0.886269   1.000000
  1392.42240    1.042235   1.000000
  1392.50880    1.244989   1.000000
  1392.58080    0.821042   1.000000
  1392.66720    0.950529   1.000000
  1392.75360    1.150179   1.000000
  1392.84000    1.193343   1.000000
  1392.91200    0.890360   1.000000
  1392.99840    0.953159   1.000000
  1393.08480    1.190051   1.000000
  1393.17120    0.954917   1.000000
  1393.25760    1.079358   1.000000
  1393.32960    0.763423   1.000000
  1393.41600    1.067494   1.000000
  1393.50240    1.033631   1.000000
  1393.58880    0.868491   1.000000
  1393.67520    0.794265   1.000000
  1393.74720    0.832464   1.000000
  1393.83360    1.032679   1.000000
  1393.92000    0.789888   1.000000
  1394.00640    0.927183   1.000000
  1394.09280    0.858154   1.000000
  1394.16480    1.129186   1.000000
  1394.25120    1.191147   1.000000
  1394.33760    1.244989   1.000000
  1394.42400    0.993494   1.000000
  1394.49600    1.225647   1.000000
  1394.88480    1.202169   1.000000
  1394.97120    1.152300   1.000000
  1395.05760    0.884638   1.000000
  1395.14400    0.970880   1.000000
  1395.21600    0.881385   0.999999
  1395.30240    1.031729   0.999991
  1395.38880    0.967310   0.999969
  1395.46080    1.256509   0.999933
  1395.53280    0.870093   0.999874
  1395.61920    0.991666   0.999763
  1395.69120    0.983480   0.999629
  1395.74880    1.007315   0.999489
  1395.82080    0.721715   0.999266
  1395.87840    0.837848   0.999044
  1395.96480    0.934040   0.998629
  1396.03680    1.036491   0.998198
  1396.09440    0.914462   0.997792
  1396.16640    0.659425   0.997200
  1396.23840    1.247284   0.996506
  1396.29600    1.195544   0.995871
  1396.36800    0.991666   0.994971
  1396.44000    1.180227   0.993943
  1396.49760    0.825592   0.993024
  1396.56960    0.997161   0.991746
  1396.65600    1.178055   0.990011
  1396.74240    0.977160   0.988043
  1396.81440    1.130226   0.986214
  1396.90080    0.736488   0.983779
  1396.98720    1.510656   0.981070
  1397.05920    0.769778   0.978592
  1397.14560    0.858154   0.975344
  1397.23200    0.926329   0.971782
  1397.31840    0.925477   0.967894
  1397.40480    0.718399   0.963668
  1397.47680    0.878953   0.959878
  1397.56320    0.999920   0.955000
  1397.64960    0.784812   0.949751
  1397.73600    0.936624   0.944120
  1397.82240    1.062589   0.938099
  1397.88000    0.943551   0.933863
  1397.95200    0.942683   0.928316
  1398.00960    1.201062   0.923673
  1398.08160    0.797197   0.917609
  1398.15360    0.803092   0.911255
  1398.22560    0.636745   0.904606
  1398.28320    1.062589   0.899075
  1398.35520    0.965529   0.891892
  1398.41280    0.854212   0.885931
  1398.48480    0.727052   0.878210
  1398.55680    0.779768   0.870190
  1398.61440    0.790616   0.863559
  1398.68640    1.003611   0.855002
  1398.75840    0.857364   0.846150
  1398.81600    1.215529   0.838858
  1398.90240    0.722380   0.827574
  1398.98880    0.709848   0.815884
  1399.07520    0.776901   0.803799
  1399.14720    0.822556   0.793437
  1399.23360    0.637919   0.780671
  1399.32000    0.612584   0.767562
  1399.40640    0.584474   0.754140
  1399.47840    0.717737   0.742743
  1399.56480    0.805314   0.728848
  1399.65120    0.737166   0.714762
  1399.73760    0.891180   0.700538
  1399.80960    0.597538   0.688627
  1399.88160    0.857364   0.676707
  1399.96800    0.611456   0.662447
  1400.05440    0.724378   0.648298
  1400.14080    0.874109   0.634324
  1400.19840    0.575924   0.625134
  1400.27040    0.622251   0.613818
  1400.34240    0.511406   0.602719
  1400.40000    0.686065   0.594017
  1400.47200    0.530109   0.583383
  1400.52960    0.735132   0.575086
  1400.61600    0.459585   0.563022
  1400.68800    0.655187   0.553343
  1400.74560    0.596988   0.545862
  1400.81760    0.619392   0.536855
  1400.88960    0.470723   0.528248
  1400.94720    0.506717   0.521664
  1401.01920    0.457895   0.513825
  1401.09120    0.468992   0.506437
  1401.14880    0.470290   0.500861
  1401.22080    0.413395   0.494322
  1401.30720    0.492000   0.487122
  1401.37920    0.357080   0.481678
  1401.46560    0.473332   0.475827
  1401.55200    0.560229   0.470736
  1401.63840    0.521393   0.466423
  1401.71040    0.426546   0.463432
  1401.79680    0.392614   0.460577
  1401.88320    0.442553   0.458532
  1401.96960    0.358728   0.457304
  1402.05600    0.542457   0.456898
  1402.12800    0.471157   0.457190
  1402.21440    0.423804   0.458296
  1402.30080    0.376674   0.460224
  1402.38720    0.361714   0.462971
  1402.47360    0.616546   0.466530
  1402.53120    0.477711   0.469349
  1402.60320    0.567499   0.473370
  1402.66080    0.552034   0.476980
  1402.73280    0.406973   0.481977
  1402.80480    0.594245   0.487504
  1402.86240    0.517566   0.492300
  1402.93440    0.492454   0.498755
  1403.00640    0.529621   0.505709
  1403.06400    0.555093   0.511623
  1403.13600    0.529621   0.519441
  1403.20800    0.559713   0.527717
  1403.26560    0.564892   0.534657
  1403.33760    0.554582   0.543714
  1403.39520    0.521874   0.551254
  1403.46720    0.524283   0.561026
  1403.53920    0.622251   0.571166
  1403.62560    0.597538   0.583782
  1403.69760    0.590426   0.594640
  1403.78400    0.497468   0.608039
  1403.87040    0.580184   0.621789
  1403.95680    0.693051   0.635826
  1404.02880    0.589882   0.647691
  1404.11520    0.618822   0.662065
  1404.20160    0.515662   0.676522
  1404.28800    0.854212   0.690991
  1404.36000    0.611456   0.703011
  1404.44640    0.617683   0.717338
  1404.53280    0.694329   0.731501
  1404.61920    0.683542   0.745446
  1404.70560    0.829403   0.759131
  1404.77760    0.916148   0.770311
  1404.84960    0.781206   0.781271
  1404.92160    0.844822   0.791996
  1404.97920    0.745359   0.800398
  1405.05120    0.903578   0.810670
  1405.12320    0.536495   0.820676
  1405.18080    0.989841   0.828484
  1405.26720    0.637332   0.839860
  1405.33920    0.711812   0.849025
  1405.39680    0.729735   0.856148
  1405.46880    0.837848   0.864787
  1405.54080    0.895294   0.873129
  1405.59840    0.987110   0.879588
  1405.67040    0.858945   0.887391
  1405.74240    0.756424   0.894894
  1405.80000    0.776185   0.900680
  1405.87200    0.912779   0.907641
  1405.95840    0.756424   0.915599
  1406.03040    0.903578   0.921903
  1406.11680    0.746046   0.929077
  1406.20320    1.440010   0.935831
  1406.28960    0.816517   0.942171
  1406.36160    1.216649   0.947142
  1406.44800    0.911099   0.952742
  1406.53440    1.630668   0.957950
  1406.62080    1.357580   0.962777
  1406.70720    1.026988   0.967233
  1406.77920    1.155488   0.970671
  1406.86560    0.970880   0.974477
  1406.95200    1.192245   0.977947
  1407.03840    0.905244   0.981093
  1407.12480    1.048010   0.983929
  1407.18240    1.290522   0.985655
  1407.25440    0.883010   0.987633
  1407.31200    0.887903   0.989078
  1407.38400    1.130226   0.990720
  1407.45600    1.036491   0.992188
  1407.51360    1.096391   0.993244
  1407.58560    0.674164   0.994423
  1407.65760    1.057707   0.995456
  1407.71520    1.129186   0.996182
  1407.78720    0.981670   0.996975
  1407.85920    1.043195   0.997647
  1407.91680    0.880573   0.998106
  1407.98880    1.054789   0.998589
  1408.06080    1.013831   0.998980
  1408.13280    1.206606   0.999290
  1408.20480    1.041275   0.999529
  1408.29120    0.765536   0.999734
  1408.36320    0.800876   0.999850
  1408.44960    1.235849   0.999936
  1408.53600    0.926329   0.999980
  1408.62240    1.055761   0.999997
  1408.70880    1.012897   1.000000
  1408.78080    0.806799   1.000000
  1408.86720    1.032679   1.000000
  1408.95360    1.198852   1.000000
  1409.04000    1.024154   1.000000
  1409.11200    0.844045   1.000000
  1409.19840    1.167254   1.000000
  1409.28480    1.042235   1.000000
  1409.37120    1.114719   1.000000
  1409.45760    1.117803   1.000000
  1409.51520    1.017573   1.000000
  1409.58720    1.068478   1.000000
  1409.64480    1.027935   1.000000
  1409.71680    1.010103   1.000000
  1409.78880    0.944421   1.000000
  1409.84640    1.092359   1.000000
  1409.91840    0.914462   1.000000
  1409.99040    0.978961   1.000000
  1410.04800    1.335259   1.000000
  1410.12000    1.002687   1.000000
  1410.17760    0.887903   1.000000
  1410.24960    1.162962   1.000000
  1410.32160    1.095382   1.000000
  1410.37920    0.883010   1.000000
  1410.45120    0.881385   1.000000
  1410.52320    1.144894   1.000000
  1410.59520    1.193343   1.000000
  1410.68160    0.859737   1.000000
  1410.76800    1.166180   1.000000
  1410.85440    0.956677   1.000000
  1410.94080    1.220016   1.000000
  1411.01280    0.865298   1.000000
  1411.09920    0.912779   1.000000
  1411.18560    0.934901   1.000000
  1411.27200    0.828639   1.000000
  1411.35840    0.937487   1.000000
  1411.43040    1.342658   1.000000
  1411.51680    1.244989   1.000000
  1411.60320    0.987110   1.000000
  1411.68960    1.006388   1.000000
  1411.77600    0.677276   1.000000
  1411.83360    0.844822   1.000000
  1411.90560    0.823314   1.000000
  1411.96320    0.958441   1.000000
  1412.03520    0.910260   1.000000
  1412.10720    0.763423   1.000000
  1412.16480    1.178055   1.000000
  1412.23680    1.017573   1.000000
  1412.30880    0.975361   1.000000
  1412.36640    0.745359   1.000000
  1412.43840    0.741251   1.000000
  1412.51040    1.140684   1.000000
  1412.56800    0.814264   1.000000
  1412.64000    0.884638   1.000000
  1412.69760    1.055761   1.000000
  1412.76960    0.756424   1.000000
  1412.84160    1.020388   1.000000
  1412.91360    1.148062   1.000000
  1413.00000    0.939216   1.000000
  1413.08640    1.244989   1.000000
  1413.17280    0.818777   1.000000
  1413.24480    1.018510   1.000000
  1413.33120    0.969093   1.000000
  1413.41760    0.887085   1.000000
  1413.50400    0.995326   1.000000
  1413.59040    0.810523   1.000000
  1413.66240    1.052847   1.000000
  1413.74880    1.104499   1.000000
  1413.83520    1.098412   1.000000
  1413.92160    0.987110   1.000000
  1414.00800    1.089345   1.000000
  1414.08000    0.871697   1.000000
  1414.15200    0.827114   1.000000
  1414.23840    0.896944   1.000000
  1414.29600    0.947906   1.000000
  1414.36800    0.971774   1.000000
  1414.44000    1.035537   1.000000
  1414.49760    0.953159   1.000000
  1414.56960    1.081348   1.000000
  1414.64160    0.805314   1.000000
  1414.69920    0.942683   1.000000
  1414.77120    0.752949   1.000000
  1414.82880    1.032679   1.000000
  1414.90080    0.846380   1.000000
  1414.97280    1.001764   1.000000
  1415.03040    0.821799   1.000000
  1415.10240    1.152300   1.000000
  1415.16000    0.902746   1.000000
  1415.24640    0.991666   1.000000
  1415.33280    0.621678   1.000000
  1415.41920    1.136490   1.000000
  1415.50560    1.079358   1.000000
  1415.59200    0.961979   1.000000
  1415.66400    1.161891   1.000000
  1415.75040    1.077371   1.000000
  1415.83680    1.087340   1.000000
  1415.92320    1.047045   1.000000
  1415.99520    1.016636   1.000000
  1416.08160    0.832464   1.000000
  1416.16800    0.968201   1.000000
  1416.25440    0.845601   1.000000
  1416.34080    1.143840   1.000000
  1416.41280    1.153362   1.000000
  1416.48480    0.961979   1.000000
  1416.55680    0.892001   1.000000
  1416.61440    1.253042   1.000000
  1416.68640    0.926329   1.000000
  1416.75840    1.017573   1.000000
  1416.81600    1.128146   1.000000
  1416.90240    1.079358   1.000000
  1416.97440    0.911099   1.000000
  1417.03200    0.881385   1.000000
  1417.10400    0.947906   1.000000
  1417.17600    0.898598   1.000000
  1417.23360    0.964640   1.000000
  1417.30560    0.903578   1.000000
  1417.36320    1.123998   1.000000
  1417.43520    1.054789   1.000000
  1417.50720    0.753643   1.000000
  1417.57920    1.150179   1.000000
  1417.66560    0.703988   1.000000
  1417.75200    1.149120   1.000000
  1417.83840    1.318152   1.000000
  1417.92480    1.181314   1.000000
  1417.99680    1.024154   1.000000
  1418.08320    1.048010   1.000000
  1418.16960    0.915304   1.000000
  1418.25600    0.926329   1.000000
  1418.32800    1.171562   1.000000
  1418.41440    1.069462   1.000000
  1418.50080    1.012897   1.000000
  1418.58720    0.769069   1.000000
  1418.67360    0.879763   1.000000
  1418.74560    1.015700   1.000000
  1418.81760    1.082344   1.000000
  1418.88960    1.014765   1.000000
  1418.94720    0.990753   1.000000
  1419.01920    1.098412   1.000000
  1419.07680    0.960208   1.000000
  1419.14880    1.058682   1.000000
  1419.23520    1.024154   1.000000
  1419.30720    0.854212   1.000000
  1419.36480    1.047045   1.000000
  1419.43680    1.140684   1.000000
  1419.49440    1.007315   1.000000
  1419.56640    0.927183   1.000000
  1419.63840    0.889540   1.000000
  1419.69600    0.864501   1.000000
  1419.76800    0.822556   1.000000
  1419.85440    1.008244   1.000000
  1419.94080    1.327900   1.000000
  1420.01280    0.715757   1.000000
  1420.09920    1.022270   1.000000
  1420.18560    0.904410   1.000000
  1420.27200    1.173723   1.000000
  1420.35840    0.760616   1.000000
  1420.43040    0.979863   1.000000
  1420.51680    0.980766   1.000000
