  1353.95902    1.109157   1.000000
  1354.00385    1.097976   1.000000
  1354.04277    1.172176   1.000000
  1354.08168    1.025635   1.000000
  1354.12102    1.067070   1.000000
  1354.16035    0.913257   1.000000
  1354.20160    0.857024   1.000000
  1354.24185    0.922556   1.000000
  1354.28220    1.094946   1.000000
  1354.32245    1.078929   1.000000
  1354.36362    0.907388   1.000000
  1354.40387    0.887550   1.000000
  1354.44420    0.783778   1.000000
  1354.48445    0.979474   1.000000
  1354.52478    1.285266   1.000000
  1354.56595    1.216166   1.000000
  1354.61445    1.196170   1.000000
  1354.65428    1.013428   1.000000
  1354.69412    1.090920   1.000000
  1354.73345    0.917472   1.000000
  1354.77328    1.055341   1.000000
  1354.81312    0.935390   1.000000
  1354.85245    1.181933   1.000000
  1354.89278    1.128737   1.000000
  1354.93303    1.047594   1.000000
  1354.97605    0.869747   1.000000
  1355.01905    0.931093   1.000000
  1355.06030    1.500351   1.000000
  1355.10147    1.226289   1.000000
  1355.14088    0.937979   1.000000
  1355.18297    1.118389   1.000000
  1355.22455    0.759614   1.000000
  1355.26538    0.878603   1.000000
  1355.30655    0.835974   1.000000
  1355.34680    0.856235   1.000000
  1355.38705    1.114276   1.000000
  1355.42830    1.188483   1.000000
  1355.46855    1.021864   1.000000
  1355.50888    1.190674   1.000000
  1355.55005    1.216166   1.000000
  1355.59030    1.188483   1.000000
  1355.63155    1.038946   1.000000
  1355.67180    0.850732   1.000000
  1355.71207    0.980377   1.000000
  1355.75240    0.951903   1.000000
  1355.79357    0.974974   1.000000
  1355.83382    1.079923   1.000000
  1355.87415    1.037034   1.000000
  1355.91440    1.004137   1.000000
  1355.95465    1.442092   1.000000
  1355.99773    1.037034   1.000000
  1356.03707    1.170019   1.000000
  1356.07640    0.956297   1.000000
  1356.11582    1.069037   1.000000
  1356.15515    1.082911   1.000000
  1356.19540    0.998603   1.000000
  1356.23482    0.994015   1.000000
  1356.27415    0.810201   1.000000
  1356.31357    1.387372   1.000000
  1356.35382    1.277006   1.000000
  1356.39408    0.992186   1.000000
  1356.43442    0.967816   1.000000
  1356.47467    0.876986   1.000000
  1356.51542    1.043741   1.000000
  1356.55608    1.046629   1.000000
  1356.59825    1.022805   1.000000
  1356.63850    0.985809   1.000000
  1356.67875    0.847604   1.000000
  1356.71908    0.948403   1.000000
  1356.75933    1.141282   1.000000
  1356.79958    0.967816   1.000000
  1356.83992    0.957178   1.000000
  1356.88017    1.048559   1.000000
  1356.92050    0.671418   1.000000
  1356.96075    1.305548   1.000000
  1357.00467    0.867347   1.000000
  1357.04775    1.021864   1.000000
  1357.08985    1.355791   1.000000
  1357.13102    1.181933   1.000000
  1357.17310    1.089916   1.000000
  1357.21435    1.184112   1.000000
  1357.25552    0.866549   1.000000
  1357.29577    1.122517   1.000000
  1357.33702    1.000444   1.000000
  1357.37727    1.039903   1.000000
  1357.41710    1.069037   1.000000
  1357.45693    1.278183   1.000000
  1357.49810    0.906552   1.000000
  1357.53743    1.198375   1.000000
  1357.57868    0.958060   1.000000
  1357.61893    0.951903   1.000000
  1357.65927    1.168942   1.000000
  1357.69952    0.789574   1.000000
  1357.73977    1.127698   1.000000
  1357.78012    0.828310   1.000000
  1357.82037    0.801296   1.000000
  1357.86062    1.012495   1.000000
  1357.90095    1.174337   1.000000
  1357.94120    1.040861   1.000000
  1357.98145    0.952781   1.000000
  1358.02453    0.888368   1.000000
  1358.06428    1.031319   1.000000
  1358.10687    0.944915   1.000000
  1358.14628    1.120451   1.000000
  1358.18653    0.676383   1.000000
  1358.22678    0.849167   1.000000
  1358.26712    0.930235   1.000000
  1358.30737    1.293579   1.000000
  1358.34762    0.757518   1.000000
  1358.38795    1.076943   1.000000
  1358.42912    0.813192   1.000000
  1358.46937    0.909061   1.000000
  1358.50972    0.942308   1.000000
  1358.55363    1.316415   1.000000
  1358.59388    0.985809   1.000000
  1358.63330    0.924257   1.000000
  1358.67355    1.017168   1.000000
  1358.71330    0.967816   1.000000
  1358.75363    1.088912   1.000000
  1358.79438    1.159292   1.000000
  1358.83463    1.037989   1.000000
  1358.87497    1.031319   1.000000
  1358.91522    1.133947   1.000000
  1358.95547    0.740275   1.000000
  1358.99672    1.227419   1.000000
  1359.03697    0.964257   1.000000
  1359.07730    1.113250   1.000000
  1359.11755    0.983995   1.000000
  1359.15780    0.879413   1.000000
  1359.19815    1.024691   1.000000
  1359.23840    0.976771   1.000000
  1359.27957    0.979474   1.000000
  1359.31982    1.160360   1.000000
  1359.36015    1.343361   1.000000
  1359.40040    0.850732   1.000000
  1359.44065    0.752650   1.000000
  1359.48098    0.868946   1.000000
  1359.52123    0.905718   1.000000
  1359.56157    1.078929   1.000000
  1359.60182    0.966035   1.000000
  1359.64207    0.920011   1.000000
  1359.68240    1.212810   1.000000
  1359.72265    1.042780   1.000000
  1359.76290    0.999523   1.000000
  1359.80415    1.010632   1.000000
  1359.84440    1.049525   1.000000
  1359.88465    0.860980   1.000000
  1359.92500    1.008772   0.998699
  1359.96525    1.137085   0.995708
  1360.00550    0.847604   0.991851
  1360.04858    1.145494   0.986790
  1360.08883    0.945786   0.981511
  1360.12817    0.905718   0.975728
  1360.16850    0.907388   0.969345
  1360.20833    1.033220   0.962741
  1360.24900    1.172176   0.955462
  1360.28933    0.768056   0.947728
  1360.32958    0.949277   0.939884
  1360.36983    0.910737   0.931655
  1360.41067    0.752650   0.922910
  1360.45083    0.805736   0.914073
  1360.49167    0.954537   0.904817
  1360.53192    0.744377   0.895449
  1360.57308    0.839833   0.885684
  1360.61335    0.750573   0.875734
  1360.65368    0.814691   0.865678
  1360.69393    0.846044   0.855518
  1360.73418    0.849949   0.845150
  1360.77452    0.778741   0.834532
  1360.81477    0.778741   0.823849
  1360.85602    0.796146   0.812817
  1360.89627    0.718775   0.801829
  1360.93652    0.736873   0.790882
  1360.97768    0.682013   0.779460
  1361.01710    0.695333   0.768489
  1361.06377    0.619716   0.755521
  1361.10318    0.943176   0.744482
  1361.14302    0.739593   0.733317
  1361.18277    0.807966   0.722164
  1361.22218    0.598402   0.711103
  1361.26152    0.653120   0.700130
  1361.30178    0.608966   0.688979
  1361.34212    0.630657   0.677749
  1361.38145    0.753343   0.666842
  1361.42170    0.535788   0.656056
  1361.46203    0.832900   0.645200
  1361.50320    0.561556   0.634369
  1361.54345    0.564148   0.623945
  1361.58378    0.604495   0.614010
  1361.62312    0.551306   0.604794
  1361.66337    0.595104   0.595988
  1361.70420    0.738912   0.588401
  1361.74487    0.556407   0.584334
  1361.78420    0.535788   0.586502
  1361.82503    0.584242   0.588878
  1361.86478    0.543241   0.590996
  1361.90503    0.610089   0.595542
  1361.94628    0.518314   0.599333
  1361.98562    0.465793   0.603813
  1362.02638    0.545749   0.611102
  1362.06713    0.722758   0.620941
  1362.10830    0.738912   0.631718
  1362.14855    0.612340   0.642806
  1362.18888    0.613469   0.654071
  1362.22913    0.622004   0.665730
  1362.27038    0.642381   0.677738
  1362.31155    0.523592   0.689723
  1362.35138    0.587480   0.701160
  1362.39163    0.726094   0.712957
  1362.43238    0.680132   0.724757
  1362.47263    0.908224   0.736365
  1362.51288    0.738232   0.747821
  1362.55322    0.788121   0.759324
  1362.59347    0.738912   0.770681
  1362.63472    0.704357   0.782191
  1362.67497    0.860187   0.793378
  1362.71523    0.749192   0.804148
  1362.75648    0.893291   0.815240
  1362.79673    0.795413   0.825828
  1362.83698    1.071008   0.836257
  1362.87823    0.862567   0.846781
  1362.91940    0.794681   0.856906
  1362.96057    0.849949   0.866945
  1363.00182    0.716792   0.876708
  1363.04298    0.850732   0.886223
  1363.08598    0.850732   0.895846
  1363.12540    0.842157   0.904473
  1363.16473    0.816193   0.912811
  1363.20407    0.740957   0.920854
  1363.24440    0.907388   0.928861
  1363.28373    0.861773   0.936135
  1363.32307    0.745749   0.943312
  1363.36432    0.780177   0.950441
  1363.40367    1.095955   0.956872
  1363.44758    1.057287   0.963826
  1363.48883    0.816193   0.969665
  1363.53042    0.832900   0.975263
  1363.57117    1.187389   0.980276
  1363.61150    0.940574   0.984858
  1363.65175    0.592370   0.988886
  1363.69200    0.808710   0.992328
  1363.73275    1.140231   0.995268
  1363.77350    0.923406   0.997602
  1363.81375    0.894114   0.999200
  1363.85408    0.959827   0.999937
  1363.89433    0.888368   1.000000
  1363.93508    0.886733   1.000000
  1363.97583    0.804253   1.000000
  1364.01608    1.077936   1.000000
  1364.05633    0.944915   1.000000
  1364.10177    1.030369   1.000000
  1364.14152    0.849949   1.000000
  1364.18085    1.124587   1.000000
  1364.22118    1.026580   1.000000
  1364.26143    1.147606   1.000000
  1364.30177    1.033220   1.000000
  1364.34202    0.864157   1.000000
  1364.38227    0.939708   1.000000
  1364.42260    0.870548   1.000000
  1364.46377    1.095955   1.000000
  1364.50402    0.905718   1.000000
  1364.54427    1.081914   1.000000
  1364.58460    0.969601   1.000000
  1364.62527    0.954537   1.000000
  1364.66610    1.062167   1.000000
  1364.70635    0.846823   1.000000
  1364.74710    1.146550   1.000000
  1364.78777    1.066088   1.000000
  1364.82812    0.842157   1.000000
  1364.86837    0.979474   1.000000
  1364.90862    1.131860   1.000000
  1364.94895    0.894938   1.000000
  1364.98920    1.015297   1.000000
  1365.03045    0.839833   1.000000
  1365.07162    0.904884   1.000000
  1365.11553    0.814691   1.000000
  1365.15495    1.112226   1.000000
  1365.19520    0.850732   1.000000
  1365.23453    0.903219   1.000000
  1365.27487    1.045666   1.000000
  1365.31512    0.842933   1.000000
  1365.35537    1.176503   1.000000
  1365.39570    0.846823   1.000000
  1365.43687    1.008772   1.000000
  1365.47895    1.019044   1.000000
  1365.52205    1.055341   1.000000
  1365.56138    0.768056   1.000000
  1365.60163    0.952781   1.000000
  1365.64197    0.922556   1.000000
  1365.68313    0.984902   1.000000
  1365.72338    1.008772   1.000000
  1365.76372    0.968708   1.000000
  1365.80447    1.069037   1.000000
  1365.84513    1.016232   1.000000
  1365.88547    1.004137   1.000000
  1365.92572    0.852301   1.000000
  1365.96688    1.057287   1.000000
  1366.01180    0.854659   1.000000
  1366.05113    1.010632   1.000000
  1366.09047    1.107115   1.000000
  1366.13447    0.881034   1.000000
  1366.17380    0.895763   1.000000
  1366.21315    1.292388   1.000000
  1366.25257    0.960711   1.000000
  1366.29232    0.932809   1.000000
  1366.33215    1.055341   1.000000
  1366.37248    0.914941   1.000000
  1366.41365    0.907388   1.000000
  1366.45298    0.937115   1.000000
  1366.49607    0.899069   1.000000
  1366.53540    0.920011   1.000000
  1366.57565    1.014362   1.000000
  1366.61598    1.071995   1.000000
  1366.65715    1.107115   1.000000
  1366.69748    0.938843   1.000000
  1366.73815    0.853086   1.000000
  1366.77890    1.039903   1.000000
  1366.81915    1.085908   1.000000
  1366.85948    0.970494   1.000000
  1366.90065    1.000444   1.000000
  1366.96292    1.086908   1.000000
  1367.00592    1.055341   1.000000
  1367.04767    0.907388   1.000000
  1367.08833    1.015297   1.000000
  1367.12950    0.917472   1.000000
  1367.16983    0.984902   1.000000
  1367.21050    1.026580   1.000000
  1367.25125    1.055341   1.000000
  1367.29250    1.034172   1.000000
  1367.33275    1.032269   1.000000
  1367.37300    1.019044   1.000000
  1367.41333    1.138133   1.000000
  1367.45358    0.885101   1.000000
  1367.49483    1.061189   1.000000
  1367.53417    1.148664   1.000000
  1367.57442    1.007843   1.000000
  1367.61468    1.029421   1.000000
  1367.65502    0.887550   1.000000
  1367.69618    0.980377   1.000000
  1367.73652    0.969601   1.000000
  1367.77677    1.002289   1.000000
  1367.81702    0.768764   1.000000
  1367.85735    1.091925   1.000000
  1367.89668    0.837516   1.000000
  1367.93693    0.783056   1.000000
  1367.97727    1.046629   1.000000
  1368.01752    1.013428   1.000000
  1368.05777    1.031319   1.000000
  1368.09810    1.071995   1.000000
  1368.13835    1.132903   1.000000
  1368.18135    1.090920   1.000000
  1368.22260    0.952781   1.000000
  1368.26377    1.014362   1.000000
  1368.30402    0.990360   1.000000
  1368.34387    1.051460   1.000000
  1368.38370    1.043741   1.000000
  1368.42395    0.851516   1.000000
  1368.46428    0.935390   1.000000
  1368.50453    0.934529   1.000000
  1368.54570    0.927669   1.000000
  1368.58603    0.929379   1.000000
  1368.62628    0.872957   1.000000
  1368.66653    0.929379   1.000000
  1368.70687    1.050492   1.000000
  1368.74803    0.937115   1.000000
  1368.78870    1.080918   1.000000
  1368.82953    0.984902   1.000000
  1368.86978    1.104061   1.000000
  1368.91003    0.943176   1.000000
  1368.95037    0.888368   1.000000
  1368.99103    1.121484   1.000000
  1369.03188    0.858604   1.000000
  1369.07213    1.192869   1.000000
  1369.11330    1.151842   1.000000
  1369.15355    0.977671   1.000000
  1369.19572    0.888368   1.000000
  1369.23505    0.945786   1.000000
  1369.27538    0.842933   1.000000
  1369.31472    0.922556   1.000000
  1369.35497    0.872153   1.000000
  1369.39522    0.962483   1.000000
  1369.43555    0.998603   1.000000
  1369.47722    1.078929   1.000000
  1369.51888    0.948403   1.000000
  1369.56005    0.938843   1.000000
  1369.60030    0.950152   1.000000
  1369.64105    0.967816   1.000000
  1369.68180    1.054370   1.000000
  1369.72257    1.076943   1.000000
  1369.76323    1.022805   1.000000
  1369.80357    0.940574   1.000000
  1369.84473    1.001366   1.000000
  1369.88507    0.880223   1.000000
  1369.92532    1.091925   1.000000
  1369.96832    1.068053   1.000000
  1370.00857    1.101014   1.000000
  1370.04890    0.927669   1.000000
  1370.08915    0.995848   1.000000
  1370.12990    1.020923   1.000000
  1370.17065    1.018106   1.000000
  1370.21273    1.100001   1.000000
  1370.25307    0.932809   1.000000
  1370.29240    0.876986   1.000000
  1370.33173    1.095955   1.000000
  1370.37115    0.867347   1.000000
  1370.41507    1.148664   1.000000
  1370.45492    1.119420   1.000000
  1370.49475    1.031319   1.000000
  1370.53500    1.123551   1.000000
  1370.57525    1.031319   1.000000
  1370.61650    1.014362   1.000000
  1370.65675    1.045666   1.000000
  1370.69700    1.091925   1.000000
  1370.73825    1.175420   1.000000
  1370.77850    0.983995   1.000000
  1370.81967    1.002289   1.000000
  1370.86000    0.910737   1.000000
  1370.90117    1.047594   1.000000
  1370.94142    1.039903   1.000000
  1370.98267    1.119420   1.000000
  1371.02383    0.966925   1.000000
  1371.06408    1.059236   1.000000
  1371.10442    1.048559   1.000000
  1371.14560    1.140231   1.000000
  1371.18585    1.082911   1.000000
  1371.22893    1.066088   1.000000
  1371.26827    1.136038   1.000000
  1371.30852    1.093938   1.000000
  1371.34793    1.051460   1.000000
  1371.38777    0.876179   1.000000
  1371.42843    1.131860   1.000000
  1371.47060    1.009701   1.000000
  1371.51227    1.178672   1.000000
  1371.55160    0.869747   1.000000
  1371.59418    0.969601   1.000000
  1371.63535    0.868146   1.000000
  1371.67652    0.932809   1.000000
  1371.71685    1.189578   1.000000
