   985.00850    1.024446   1.000000
   985.02633    1.023163   1.000000
   985.04417    1.034064   1.000000
   985.06200    1.025087   1.000000
   985.07983    1.020812   1.000000
   985.09750    1.033636   1.000000
   985.11533    1.025087   1.000000
   985.13317    1.004568   1.000000
   985.15100    1.015896   1.000000
   985.16867    0.996873   1.000000
   985.18650    1.013545   1.000000
   985.20433    1.001789   1.000000
   985.22217    1.010766   1.000000
   985.24000    0.982125   1.000000
   985.25767    1.005850   1.000000
   985.27550    1.001362   1.000000
   985.29333    0.998583   1.000000
   985.31117    0.999011   1.000000
   985.32883    0.980202   1.000000
   985.34667    1.013545   1.000000
   985.36450    1.001789   1.000000
   985.38233    1.022949   1.000000
   985.40017    1.006492   1.000000
   985.41783    0.995805   1.000000
   985.43567    1.027224   1.000000
   985.45350    0.994736   1.000000
   985.47133    1.005209   1.000000
   985.48900    1.004568   1.000000
   985.50683    1.019102   1.000000
   985.52467    1.006705   1.000000
   985.54250    1.012262   1.000000
   985.56033    1.018033   1.000000
   985.57800    1.009484   1.000000
   985.59583    1.015041   1.000000
   985.61367    1.001789   1.000000
   985.63150    1.007774   1.000000
   985.64917    1.014186   1.000000
   985.66700    1.012690   1.000000
   985.68483    1.006064   1.000000
   985.70267    1.009056   1.000000
   985.72050    1.013117   1.000000
   985.73817    0.999866   1.000000
   985.75600    1.027224   1.000000
   985.77383    0.986186   1.000000
   985.79167    1.003499   1.000000
   985.80933    0.993881   1.000000
   985.82717    1.000079   1.000000
   985.84500    1.014186   1.000000
   985.86283    1.002644   1.000000
   985.88067    0.984477   1.000000
   985.89833    0.988965   1.000000
   985.91617    0.988965   1.000000
   985.93400    0.982339   1.000000
   985.95183    0.990675   1.000000
   985.96950    1.013117   1.000000
   985.98733    1.013759   1.000000
   986.00517    1.017392   1.000000
   986.02300    1.004140   1.000000
   986.04083    1.001148   1.000000
   986.05850    0.993667   1.000000
   986.07633    0.991957   1.000000
   986.09417    1.017178   1.000000
   986.11200    0.996446   1.000000
   986.12983    0.981057   1.000000
   986.14750    0.987683   1.000000
   986.16533    1.000293   1.000000
   986.18317    0.987041   1.000000
   986.20100    0.980843   1.000000
   986.21867    1.005209   1.000000
   986.23650    0.988538   1.000000
   986.25433    1.002217   1.000000
   986.27217    1.020598   1.000000
   986.29000    1.011194   0.999947
   986.30767    1.010339   0.999798
   986.32550    0.997301   0.999573
   986.34333    0.998370   0.999316
   986.36117    1.000721   0.999080
   986.37883    0.990461   0.998713
   986.39667    0.999866   0.998346
   986.41450    0.981698   0.997990
   986.43233    0.993240   0.997612
   986.45017    0.993026   0.997137
   986.46783    1.000079   0.996704
   986.48567    0.990889   0.996240
   986.50350    0.976355   0.995711
   986.52133    0.968232   0.995160
   986.53900    0.980843   0.994653
   986.55683    0.994950   0.994135
   986.57467    0.996232   0.993478
   986.59250    0.984263   0.992886
   986.61033    0.995591   0.992326
   986.62800    0.975286   0.991628
   986.64583    0.985332   0.990963
   986.66367    0.975713   0.990298
   986.68150    0.986828   0.989656
   986.69917    0.978064   0.988909
   986.71700    0.983194   0.988215
   986.73483    0.972507   0.987512
   986.75267    1.000507   0.986662
   986.77050    0.960965   0.985899
   986.78817    0.960752   0.985211
   986.80600    0.968660   0.984334
   986.82383    0.963744   0.983493
   986.84167    1.003072   0.982747
   986.85933    0.986828   0.981887
   986.87717    0.988965   0.980999
   986.89500    0.992385   0.980081
   986.91283    0.932111   0.979290
   986.93067    0.961820   0.978381
   986.94833    0.967378   0.977471
   986.96617    0.943866   0.976560
   986.98400    0.970797   0.975599
   987.00183    0.970584   0.974639
   987.01950    0.981057   0.973788
   987.03733    1.004782   0.972775
   987.05517    0.980629   0.971724
   987.07300    0.953912   0.970764
   987.09083    0.980629   0.969778
   987.10850    0.975072   0.968739
   987.12633    0.960324   0.967804
   987.14417    1.000293   0.966758
   987.16200    1.004995   0.965674
   987.17967    0.950492   0.964590
   987.19750    0.940447   0.963619
   987.21533    0.947286   0.962520
   987.23317    0.971011   0.961411
   987.25100    0.982125   0.960371
   987.26867    0.980629   0.959251
   987.28650    0.934889   0.958141
   987.30433    0.940019   0.957075
   987.32217    0.954126   0.955876
   987.34000    0.933821   0.954765
   987.35767    0.953057   0.953677
   987.37550    0.948141   0.952487
   987.39333    0.963317   0.951330
   987.41117    0.969301   0.950190
   987.42883    0.945576   0.949004
   987.44667    0.937882   0.947860
   987.46450    0.948141   0.946644
   987.48233    0.953912   0.945425
   987.50017    0.958614   0.944242
   987.51783    0.938737   0.943097
   987.53567    0.964171   0.941845
   987.55350    0.976568   0.940605
   987.57133    0.937027   0.939436
   987.58900    0.918645   0.938190
   987.60683    0.930828   0.936939
   987.62467    0.923348   0.935737
   987.64250    0.914798   0.934453
   987.66033    0.917363   0.933213
   987.67800    0.929973   0.931992
   987.69583    0.944080   0.930708
   987.71367    0.937668   0.929467
   987.73150    0.925699   0.928166
   987.74917    0.943439   0.926891
   987.76700    0.917363   0.925696
   987.78483    0.974003   0.924359
   987.80267    0.929546   0.922994
   987.82050    0.920355   0.921815
   987.83817    0.916294   0.920466
   987.85600    0.937240   0.919176
   987.87383    0.922706   0.917864
   987.89167    0.909882   0.916568
   987.90933    0.938095   0.915216
   987.92717    0.899623   0.913949
   987.94500    0.897913   0.912642
   987.96283    0.893638   0.911364
   987.98067    0.901546   0.910013
   987.99833    0.916722   0.908687
   988.01617    0.902615   0.907333
   988.03400    0.889363   0.905933
   988.05183    0.899195   0.904816
   988.06950    0.884661   0.903382
   988.08733    0.875898   0.902127
   988.10517    0.875898   0.900790
   988.12300    0.900905   0.899314
   988.14083    0.897272   0.898025
   988.15850    0.877608   0.896690
   988.17633    0.896417   0.895341
   988.19417    0.882096   0.894061
   988.21200    0.889363   0.892633
   988.22967    0.903897   0.891341
   988.24750    0.875684   0.889986
   988.26533    0.881241   0.888680
   988.28317    0.874188   0.887413
   988.30100    0.875470   0.885965
   988.31867    0.872264   0.884684
   988.33650    0.880172   0.883326
   988.35433    0.875257   0.882024
   988.37217    0.876111   0.880623
   988.38983    0.876966   0.879262
   988.40767    0.865211   0.877992
   988.42550    0.855379   0.876681
   988.44333    0.874402   0.875366
   988.46117    0.895562   0.874024
   988.47883    0.859226   0.872763
   988.49667    0.857944   0.871447
   988.51450    0.853242   0.870032
   988.53233    0.849180   0.868734
   988.55017    0.849822   0.867408
   988.56783    0.843837   0.866145
   988.58567    0.869272   0.864836
   988.60350    0.851959   0.863553
   988.62133    0.865425   0.862152
   988.63900    0.853028   0.860919
   988.65683    0.857730   0.859584
   988.67467    0.837852   0.858307
   988.69250    0.832509   0.857061
   988.71033    0.852600   0.855720
   988.72800    0.866493   0.854507
   988.74583    0.843837   0.853170
   988.76367    0.844265   0.851951
   988.78150    0.865638   0.850672
   988.79917    0.850677   0.849431
   988.81700    0.853883   0.848128
   988.83483    0.843837   0.846908
   988.85267    0.843623   0.845652
   988.87050    0.838921   0.844450
   988.88817    0.829303   0.843156
   988.90600    0.844692   0.841967
   988.92383    0.832723   0.840691
   988.94167    0.845761   0.839548
   988.95933    0.843837   0.838289
   988.97717    0.825883   0.837099
   988.99500    0.842768   0.835888
   989.01283    0.848967   0.834739
   989.03067    0.825242   0.833544
   989.04833    0.858157   0.832361
   989.06617    0.832081   0.831222
   989.08400    0.852387   0.830053
   989.10183    0.822036   0.828902
   989.11950    0.812631   0.827739
   989.13733    0.812204   0.826628
   989.15517    0.825242   0.825455
   989.17300    0.812204   0.824387
   989.19083    0.816479   0.823258
   989.20850    0.818616   0.822231
   989.22633    0.824387   0.821069
   989.24417    0.825028   0.820004
   989.26200    0.805578   0.818886
   989.27967    0.831227   0.817854
   989.29750    0.797028   0.816799
   989.31533    0.831868   0.815780
   989.33317    0.803013   0.814759
   989.35100    0.806219   0.813689
   989.36867    0.798311   0.812703
   989.38650    0.835074   0.811678
   989.40433    0.808143   0.810728
   989.42217    0.802799   0.809722
   989.43983    0.804937   0.808737
   989.45767    0.803013   0.807782
   989.47550    0.808570   0.806859
   989.49333    0.806647   0.805878
   989.51117    0.811135   0.805027
   989.52883    0.781639   0.804045
   989.54617    0.788906   0.803179
   989.56400    0.797028   0.802290
   989.58167    0.793822   0.801460
   989.59950    0.807929   0.800549
   989.61733    0.808570   0.799750
   989.63517    0.794464   0.798935
   989.65283    0.786128   0.798055
   989.67067    0.808784   0.797300
   989.68850    0.799380   0.796461
   989.70633    0.801517   0.795644
   989.72417    0.801089   0.794902
   989.74183    0.813486   0.794194
   989.75967    0.797670   0.793348
   989.77750    0.790189   0.792688
   989.79533    0.783135   0.792009
   989.81300    0.796601   0.791265
   989.83083    0.802158   0.790536
   989.84867    0.795960   0.789930
   989.86650    0.788051   0.789271
   989.88433    0.808143   0.788624
   989.90200    0.789975   0.788010
   989.91983    0.790616   0.787362
   989.93767    0.766891   0.786801
   989.95550    0.778006   0.786254
   989.97333    0.779502   0.785644
   989.99100    0.782494   0.785108
   990.00883    0.773304   0.784603
   990.02667    0.783349   0.784062
   990.04450    0.784632   0.783566
   990.06217    0.794891   0.783022
   990.08000    0.769243   0.782571
   990.09783    0.757914   0.782165
   990.11567    0.762403   0.781722
   990.13350    0.761975   0.781338
   990.15117    0.781853   0.780893
   990.16900    0.777792   0.780494
   990.18683    0.751502   0.780116
   990.20467    0.760266   0.779831
   990.22233    0.774372   0.779448
   990.24017    0.751716   0.779154
   990.25800    0.779929   0.778870
   990.27583    0.783777   0.778527
   990.29367    0.777151   0.778280
   990.31133    0.764540   0.778034
   990.32917    0.764754   0.777795
   990.34700    0.764327   0.777626
   990.36483    0.786555   0.777425
   990.38250    0.792967   0.777165
   990.40033    0.783349   0.777029
   990.41817    0.801731   0.776913
   990.43600    0.795960   0.776777
   990.45383    0.782708   0.776612
   990.47150    0.808357   0.776578
   990.48933    0.766250   0.776534
   990.50717    0.778647   0.776486
   990.52500    0.800662   0.776420
   990.54267    0.772449   0.776356
   990.56050    0.782922   0.776365
   990.57833    0.773517   0.776339
   990.59617    0.765182   0.776425
   990.61400    0.787838   0.776497
   990.63167    0.785059   0.776539
   990.64950    0.781426   0.776628
   990.66733    0.761334   0.776702
   990.68517    0.767746   0.776875
   990.70283    0.786128   0.777035
   990.72067    0.773731   0.777202
   990.73850    0.776937   0.777360
   990.75633    0.774800   0.777526
   990.77417    0.780143   0.777777
   990.79183    0.785487   0.777972
   990.80967    0.775227   0.778107
   990.82750    0.776937   0.778408
   990.84533    0.783777   0.778702
   990.86300    0.799166   0.778994
   990.88083    0.809212   0.779253
   990.89867    0.806647   0.779635
   990.91650    0.787624   0.779978
   990.93433    0.790616   0.780365
   990.95200    0.805364   0.780764
   990.96983    0.792754   0.781088
   990.98767    0.794250   0.781521
   991.00550    0.791899   0.781929
   991.02317    0.792540   0.782372
   991.04100    0.787624   0.782847
   991.05883    0.798738   0.783330
   991.07667    0.793822   0.783875
   991.09450    0.796174   0.784350
   991.11217    0.778433   0.784906
   991.13000    0.812418   0.785420
   991.14783    0.800662   0.785996
   991.16567    0.795532   0.786587
   991.18350    0.814127   0.787086
   991.20117    0.799166   0.787727
   991.21900    0.805150   0.788269
   991.23683    0.805150   0.789003
   991.25467    0.785273   0.789644
   991.27233    0.792326   0.790286
   991.29017    0.804509   0.790939
   991.30800    0.825883   0.791670
   991.32583    0.824601   0.792351
   991.34367    0.810494   0.793097
   991.36133    0.802799   0.793843
   991.37917    0.788693   0.794598
   991.39700    0.795746   0.795283
   991.41483    0.796174   0.796076
   991.43250    0.795105   0.796913
   991.45033    0.792326   0.797730
   991.46817    0.797028   0.798465
   991.48600    0.808570   0.799319
   991.50383    0.820326   0.800175
   991.52150    0.810708   0.800958
   991.53933    0.824601   0.801865
   991.55717    0.811563   0.802791
   991.57500    0.810708   0.803635
   991.59267    0.819043   0.804525
   991.61050    0.821395   0.805435
   991.62833    0.804296   0.806432
   991.64617    0.841272   0.807320
   991.66400    0.817547   0.808293
   991.68167    0.830799   0.809202
   991.69950    0.818402   0.810212
   991.71733    0.816051   0.811161
   991.73517    0.816692   0.812200
   991.75283    0.825669   0.813165
   991.77067    0.803868   0.814185
   991.78850    0.822677   0.815195
   991.80633    0.835715   0.816239
   991.82417    0.843623   0.817276
   991.84183    0.826311   0.818296
   991.85967    0.812204   0.819364
   991.87750    0.824814   0.820444
   991.89533    0.851532   0.821539
   991.91300    0.821608   0.822620
   991.93083    0.828662   0.823707
   991.94867    0.808784   0.824831
   991.96650    0.829089   0.825914
   991.98433    0.820540   0.827117
   992.00200    0.831868   0.828226
   992.01983    0.825669   0.829332
   992.03767    0.835074   0.830460
   992.05550    0.835288   0.831619
   992.07317    0.839349   0.832765
   992.09100    0.848539   0.833920
   992.10883    0.835929   0.835116
   992.12667    0.840417   0.836277
   992.14450    0.817547   0.837465
   992.16217    0.848112   0.838664
   992.18000    0.828234   0.839877
   992.19783    0.849608   0.841049
   992.21567    0.872264   0.842263
   992.23333    0.835715   0.843482
   992.25117    0.847684   0.844680
   992.26900    0.859226   0.845909
   992.28683    0.847684   0.847149
   992.30467    0.847043   0.848412
   992.32233    0.828020   0.849654
   992.34017    0.834860   0.850834
   992.35800    0.854951   0.852158
   992.37583    0.864356   0.853388
   992.39350    0.873760   0.854661
   992.41133    0.861577   0.855875
   992.42917    0.870127   0.857178
   992.44700    0.891501   0.858423
   992.46483    0.864142   0.859730
   992.48250    0.855593   0.860964
   992.50033    0.869486   0.862344
   992.51817    0.885302   0.863551
   992.53600    0.883379   0.864865
   992.55383    0.885516   0.866162
   992.57150    0.859440   0.867414
   992.58933    0.881669   0.868768
   992.60717    0.877180   0.869991
   992.62500    0.870554   0.871330
   992.64267    0.890646   0.872640
   992.66050    0.883165   0.873924
   992.67833    0.860081   0.875183
   992.69617    0.852600   0.876560
   992.71400    0.852814   0.877836
   992.73167    0.866921   0.879095
   992.74950    0.858371   0.880492
   992.76733    0.873119   0.881805
   992.78517    0.869699   0.883135
   992.80283    0.863501   0.884354
   992.82067    0.862432   0.885730
   992.83850    0.849180   0.886983
   992.85633    0.896203   0.888264
   992.87417    0.895134   0.889602
   992.89183    0.901119   0.890905
   992.90967    0.870127   0.892285
   992.92750    0.892142   0.893509
   992.94533    0.882524   0.894854
   992.96300    0.898554   0.896151
   992.98083    0.878249   0.897537
   992.99867    0.887867   0.898798
   993.01650    0.877608   0.900133
   993.03433    0.879104   0.901451
   993.05200    0.892997   0.902703
   993.06983    0.901974   0.904031
   993.08767    0.922065   0.905313
   993.10550    0.890432   0.906551
   993.12317    0.899409   0.907854
   993.14100    0.889363   0.909127
   993.15883    0.895134   0.910448
   993.17667    0.908386   0.911833
   993.19450    0.901546   0.913059
   993.21217    0.895348   0.914304
   993.23000    0.907958   0.915543
   993.24783    0.915225   0.916846
   993.26567    0.903256   0.918177
   993.28333    0.898981   0.919416
   993.30117    0.893852   0.920672
   993.31900    0.899195   0.921877
   993.33683    0.896630   0.923220
   993.35467    0.919287   0.924482
   993.37233    0.902829   0.925667
   993.39017    0.913302   0.926922
   993.40800    0.926981   0.928184
   993.42583    0.903256   0.929411
   993.44350    0.924630   0.930653
   993.46133    0.931683   0.931852
   993.47917    0.946645   0.933049
   993.49700    0.906890   0.934319
   993.51483    0.932966   0.935467
   993.53250    0.935744   0.936706
   993.55033    0.925485   0.937961
   993.56817    0.947500   0.939040
   993.58600    0.940233   0.940269
   993.60367    0.965026   0.941482
   993.62150    0.965454   0.942641
   993.63933    0.916722   0.943801
   993.65717    0.920996   0.944925
   993.67500    0.920569   0.946067
   993.69267    0.926340   0.947265
   993.71050    0.916294   0.948387
   993.72833    0.915012   0.949482
   993.74617    0.947927   0.950678
   993.76400    0.951347   0.951773
   993.78167    0.950920   0.952874
   993.79950    0.953698   0.953984
   993.81733    0.966309   0.955044
   993.83517    0.957118   0.956169
   993.85283    0.924844   0.957264
   993.87067    0.941729   0.958231
   993.88850    0.941515   0.959364
   993.90633    0.921851   0.960465
   993.92417    0.947714   0.961432
   993.94183    0.930615   0.962487
   993.95967    0.951133   0.963546
   993.97750    0.957546   0.964527
   993.99533    0.956904   0.965558
   994.01300    0.949210   0.966572
   994.03083    0.941088   0.967457
   994.04867    0.939378   0.968538
   994.06650    0.978064   0.969544
   994.08433    0.959469   0.970402
   994.10200    0.954981   0.971369
   994.11983    0.962889   0.972336
   994.13767    0.950279   0.973259
   994.15550    0.957118   0.974156
   994.17317    0.971011   0.975105
   994.19100    0.965668   0.975935
   994.20883    0.977637   0.976832
   994.22667    0.964385   0.977738
   994.24450    0.962248   0.978557
   994.26217    0.973362   0.979429
   994.28000    0.979988   0.980286
   994.29783    0.979988   0.981019
   994.31567    0.960324   0.981830
   994.33333    0.987469   0.982689
   994.35117    0.983835   0.983476
   994.36900    0.964385   0.984191
   994.38683    0.983194   0.984988
   994.40467    0.963530   0.985733
   994.42233    0.965881   0.986421
   994.44017    0.996018   0.987133
   994.45800    0.985332   0.987850
   994.47583    0.976355   0.988538
   994.49350    1.000934   0.989239
   994.51133    0.994736   0.989908
   994.52917    0.995377   0.990518
   994.54700    0.985973   0.991147
   994.56483    0.978278   0.991791
   994.58250    0.986828   0.992302
   994.60033    0.982553   0.992901
   994.61817    0.987683   0.993517
   994.63600    0.984904   0.994006
   994.65367    0.994522   0.994499
   994.67150    0.953485   0.995056
   994.68933    0.995591   0.995531
   994.70717    0.971652   0.995996
   994.72500    0.987683   0.996462
   994.74267    0.983194   0.996930
   994.76050    0.969087   0.997275
   994.77833    0.975500   0.997685
   994.79617    0.991102   0.998074
   994.81383    1.007560   0.998373
   994.83167    0.975713   0.998681
   994.84950    1.018888   0.998993
   994.86733    1.007347   0.999246
   994.88517    0.980629   0.999450
   994.90283    0.975927   0.999668
   994.92067    1.009698   0.999860
   994.93850    0.979561   0.999926
   994.95633    0.967164   1.000000
   994.97417    0.981057   1.000000
   994.99183    0.979774   1.000000
   995.00967    1.005637   1.000000
   995.02750    0.984690   1.000000
   995.04533    1.022736   1.000000
   995.06300    1.010339   1.000000
   995.08083    0.987683   1.000000
   995.09867    1.014827   1.000000
   995.11650    0.987041   1.000000
   995.13433    1.005850   1.000000
   995.15200    0.991316   1.000000
   995.16983    1.013331   1.000000
   995.18767    1.012904   1.000000
   995.20550    1.021239   1.000000
   995.22317    0.994095   1.000000
   995.24100    0.991102   1.000000
   995.25883    1.003927   1.000000
   995.27667    1.010766   1.000000
   995.29450    0.995591   1.000000
   995.31217    1.002217   1.000000
   995.33000    1.000934   1.000000
   995.34783    1.000293   1.000000
   995.36567    0.987896   1.000000
   995.38333    1.010766   1.000000
   995.40117    1.002644   1.000000
   995.41900    0.987255   1.000000
   995.43683    0.976141   1.000000
   995.45467    0.987469   1.000000
   995.47233    0.985118   1.000000
   995.49017    0.994308   1.000000
   995.50800    0.991102   1.000000
   995.52583    0.997301   1.000000
   995.54350    1.002431   1.000000
   995.56133    1.004140   1.000000
   995.57917    1.009056   1.000000
   995.59700    1.002217   1.000000
   995.61483    1.004568   1.000000
   995.63250    1.034491   1.000000
   995.65033    1.006064   1.000000
   995.66817    0.995163   1.000000
   995.68600    0.997728   1.000000
   995.70367    1.018461   1.000000
   995.72150    1.007560   1.000000
   995.73933    1.002217   1.000000
   995.75717    1.004568   1.000000
   995.77500    0.999866   1.000000
   995.79267    1.023591   1.000000
   995.81050    1.010125   1.000000
   995.82833    1.022094   1.000000
   995.84617    1.019957   1.000000
   995.86383    1.004782   1.000000
   995.88167    0.997087   1.000000
   995.89950    1.028720   1.000000
   995.91733    1.027652   1.000000
   995.93517    1.019316   1.000000
   995.95283    1.020812   1.000000
   995.97067    0.998797   1.000000
   995.98850    0.993667   1.000000
   996.00633    0.987255   1.000000
   996.02400    1.000721   1.000000
   996.04183    0.984477   1.000000
   996.05967    1.019530   1.000000
   996.07750    1.021453   1.000000
   996.09533    1.013759   1.000000
   996.11300    1.003072   1.000000
   996.13083    1.007774   1.000000
   996.14867    1.007133   1.000000
   996.16650    0.998156   1.000000
   996.18417    1.020598   1.000000
   996.20200    1.012049   1.000000
   996.21983    1.013972   1.000000
   996.23767    1.016751   1.000000
   996.25550    1.007774   1.000000
   996.27317    0.996660   1.000000
   996.29100    1.006705   1.000000
   996.30883    1.003927   1.000000
   996.32667    1.018033   1.000000
   996.34450    1.017392   1.000000
   996.36217    0.990675   1.000000
   996.38000    0.999011   1.000000
   996.39783    0.990675   1.000000
   996.41567    1.009698   1.000000
   996.43333    1.015682   1.000000
   996.45117    1.018888   1.000000
   996.46900    1.034491   1.000000
   996.48683    1.015896   1.000000
   996.50467    1.007774   1.000000
   996.52233    1.008629   1.000000
   996.54017    1.006278   1.000000
   996.55800    1.023377   1.000000
   996.57583    1.008629   1.000000
   996.59350    1.017606   1.000000
   996.61133    1.014186   1.000000
   996.62917    1.018675   1.000000
   996.64700    1.000079   1.000000
   996.66483    0.997942   1.000000
   996.68250    1.004140   1.000000
   996.70033    1.011408   1.000000
   996.71817    1.029362   1.000000
   996.73600    1.016110   1.000000
   996.75367    1.022736   1.000000
   996.77150    0.989820   1.000000
   996.78933    1.004354   1.000000
   996.80717    1.035132   1.000000
   996.82500    1.021667   1.000000
   996.84267    0.996660   1.000000
   996.86050    0.996018   1.000000
   996.87833    1.018033   1.000000
   996.89617    1.034277   1.000000
   996.91383    1.009698   1.000000
   996.93167    1.022736   1.000000
   996.94950    1.009911   1.000000
   996.96733    1.005209   1.000000
   996.98517    1.028293   1.000000
