    93.35617    0.972456   1.000000
    93.62817    1.012398   1.000000
    93.89483    0.975740   1.000000
    94.16150    1.035642   1.000000
    94.42817    0.924123   1.000000
    94.69483    0.920475   1.000000
    94.96150    0.924885   1.000000
    95.22817    0.986392   1.000000
    95.49483    1.018192   1.000000
    95.76150    0.942795   1.000000
    96.02817    0.991802   1.000000
    96.29483    1.047258   1.000000
    96.56150    0.940651   1.000000
    96.82817    0.886142   1.000000
    97.09483    1.029343   1.000000
    97.36150    0.945284   1.000000
    97.62817    1.048187   1.000000
    97.89483    1.034217   1.000000
    98.16150    1.010816   1.000000
    98.42817    0.968835   1.000000
    98.69483    0.934800   1.000000
    98.96150    1.022964   1.000000
    99.22817    1.024885   1.000000
    99.49483    1.043055   1.000000
    99.76150    1.027695   1.000000
   100.02817    1.037266   1.000000
   100.29483    1.058819   1.000000
   100.56150    0.983218   1.000000
   100.82817    0.983156   1.000000
   101.09483    0.976141   1.000000
   101.36150    0.998623   1.000000
   101.62817    1.016773   1.000000
   101.89483    0.917018   1.000000
   102.16150    1.009101   1.000000
   102.42817    0.997679   1.000000
   102.69483    1.039638   1.000000
   102.96150    1.042339   1.000000
   103.22817    1.019633   1.000000
   103.49483    1.030991   1.000000
   103.76150    0.984189   0.999969
   104.02817    1.045321   0.999780
   104.29483    1.052476   0.999262
   104.56150    0.996060   0.998231
   104.82817    1.021013   0.996509
   105.09483    1.007279   0.993930
   105.36150    0.986749   0.990348
   105.62817    1.039191   0.985642
   105.89483    0.990468   0.979731
   106.16150    1.021778   0.972569
   106.42817    0.962842   0.964159
   106.69483    0.950211   0.954556
   106.96150    0.966268   0.943884
   107.22817    0.954683   0.932335
   107.49483    0.860036   0.920081
   107.76150    0.902300   0.907267
   108.02817    0.889933   0.894026
   108.29483    0.912784   0.880487
   108.56150    0.862267   0.866775
   108.82817    0.820684   0.853013
   109.09483    0.798288   0.839323
   109.36150    0.804260   0.825829
   109.62817    0.811671   0.812651
   109.89483    0.822300   0.799909
   110.16150    0.793300   0.787720
   110.42817    0.808311   0.776199
   110.69483    0.706072   0.765454
   110.96150    0.794400   0.755584
   111.22817    0.734771   0.746680
   111.49483    0.728000   0.738815
   111.76150    0.744650   0.732051
   112.02817    0.690374   0.726428
   112.29483    0.707191   0.721962
   112.56150    0.683360   0.718649
   112.82817    0.749784   0.716483
   113.09483    0.679181   0.715451
   113.36150    0.738891   0.715549
   113.62817    0.765203   0.716774
   113.89483    0.725783   0.719130
   114.16150    0.813450   0.722625
   114.42817    0.783922   0.727262
   114.69483    0.765207   0.733037
   114.96150    0.725810   0.739929
   115.22817    0.736935   0.747891
   115.49483    0.745087   0.756859
   115.76150    0.749784   0.766756
   116.02817    0.684864   0.777494
   116.29483    0.804011   0.788972
   116.56150    0.736503   0.801084
   116.82817    0.793894   0.813721
   117.09483    0.840706   0.826766
   117.36150    0.895277   0.840105
   117.62817    0.812464   0.853620
   117.89483    0.900813   0.867196
   118.16150    0.882881   0.880714
   118.42817    0.944393   0.894057
   118.69483    0.897474   0.907105
   118.96150    0.914759   0.919738
   119.22817    0.877453   0.931828
   119.49483    0.950963   0.943240
   119.76150    0.928325   0.953809
   120.02817    0.957360   0.963352
   120.29483    0.969512   0.971745
   120.56150    0.942609   0.978930
   120.82817    1.012367   0.984902
   121.09483    1.009349   0.989697
   121.36150    1.082146   0.993392
   121.62817    1.009511   0.996095
   121.89483    1.043632   0.997941
   122.16150    1.072786   0.999084
   122.42817    1.031526   0.999694
   122.69483    1.051069   0.999943
   122.96150    1.120270   0.999999
   123.22817    0.951631   1.000000
   123.49483    1.054229   1.000000
   123.76150    1.101238   1.000000
   124.02817    1.008647   1.000000
   124.29483    0.995658   1.000000
   124.56150    1.032001   1.000000
   124.82817    1.071322   1.000000
   125.09483    1.016430   1.000000
   125.36150    0.924240   1.000000
   125.62817    0.949821   1.000000
   125.89483    1.106406   1.000000
   126.16150    1.096370   1.000000
   126.42817    1.029270   1.000000
   126.69483    1.001715   1.000000
   126.96150    0.996373   1.000000
   127.22817    1.073073   1.000000
   127.49483    0.943585   1.000000
   127.76150    0.877932   1.000000
   128.02817    0.884869   1.000000
   128.29483    1.089474   1.000000
   128.56150    0.995222   1.000000
   128.82817    0.964702   1.000000
   129.09483    0.953812   1.000000
   129.36150    1.056684   1.000000
   129.62817    0.952296   1.000000
   129.89483    0.904594   1.000000
   130.16150    0.931076   1.000000
   130.42817    0.844401   1.000000
   130.69483    0.924136   1.000000
   130.96150    0.935527   1.000000
   131.22817    1.035080   1.000000
   131.49483    0.869792   1.000000
   131.76150    0.976379   1.000000
   132.02817    0.997282   1.000000
   132.29483    1.004284   1.000000
   132.56150    1.018932   1.000000
   132.82817    0.968931   1.000000
   133.09483    0.955827   1.000000
   133.36150    1.095530   1.000000
   133.62817    1.108418   1.000000
   133.89483    1.080953   1.000000
   134.16150    0.988941   1.000000
   134.42817    0.903813   1.000000
   134.69483    0.954629   1.000000
   134.96150    0.977381   1.000000
   135.22817    1.052939   1.000000
