   438.37217    0.999578   1.000000
   438.38934    1.005054   1.000000
   438.40666    0.988195   1.000000
   438.42367    1.002365   1.000000
   438.44083    1.003609   1.000000
   438.45817    0.998455   1.000000
   438.47516    1.010248   1.000000
   438.49233    0.994049   1.000000
   438.50966    0.996864   1.000000
   438.52667    1.000987   1.000000
   438.54384    0.992935   1.000000
   438.56117    0.985303   1.000000
   438.57834    0.989857   1.000000
   438.59533    0.999608   1.000000
   438.61267    0.997713   1.000000
   438.62983    0.998059   1.000000
   438.64684    1.006838   1.000000
   438.66416    0.999876   1.000000
   438.68133    0.995173   1.000000
   438.69833    0.998694   1.000000
   438.71567    1.003964   1.000000
   438.73284    1.001627   1.000000
   438.74983    1.001554   1.000000
   438.76716    1.001235   1.000000
   438.78433    1.000878   1.000000
   438.80134    0.991425   1.000000
   438.81867    0.992076   1.000000
   438.83584    1.004927   1.000000
   438.85300    0.997205   1.000000
   438.87017    1.008266   1.000000
   438.88733    0.996442   1.000000
   438.90450    1.006492   1.000000
   438.92166    1.004603   1.000000
   438.93883    0.989805   1.000000
   438.95601    1.008026   1.000000
   438.97317    0.990848   1.000000
   438.99034    0.999071   1.000000
   439.00750    1.005930   1.000000
   439.02467    1.003300   1.000000
   439.04183    1.014201   1.000000
   439.05900    1.003197   1.000000
   439.07616    0.996913   1.000000
   439.09334    0.998081   1.000000
   439.11050    1.011046   1.000000
   439.12767    1.010987   1.000000
   439.14483    1.002135   1.000000
   439.16200    0.998647   1.000000
   439.17916    1.009652   1.000000
   439.19633    1.013827   1.000000
   439.21349    1.008006   1.000000
   439.23067    0.995848   1.000000
   439.24784    1.007442   1.000000
   439.26500    1.011227   1.000000
   439.28217    1.003639   1.000000
   439.29933    1.006031   1.000000
   439.31650    0.999111   1.000000
   439.33383    1.004185   1.000000
   439.35084    0.998956   1.000000
   439.36801    1.013040   1.000000
   439.38533    1.002026   1.000000
   439.40233    0.999979   1.000000
   439.41950    1.018960   1.000000
   439.43684    1.001766   1.000000
   439.45400    1.010213   1.000000
   439.47117    0.999403   1.000000
   439.48833    0.999918   1.000000
   439.50550    1.017132   1.000000
   439.52266    1.008739   1.000000
   439.53984    1.009154   1.000000
   439.55700    1.000277   1.000000
   439.57417    1.012320   1.000000
   439.59133    1.004670   1.000000
   439.60833    1.012583   1.000000
   439.62566    0.995514   1.000000
   439.64283    0.998989   1.000000
   439.65984    0.998147   1.000000
   439.67717    0.990492   1.000000
   439.69467    0.998294   1.000000
   439.71201    1.006012   1.000000
   439.72933    1.017992   1.000000
   439.74649    1.000974   1.000000
   439.76350    0.997677   1.000000
   439.78084    1.007943   1.000000
   439.79800    1.004579   1.000000
   439.81500    0.993875   1.000000
   439.83233    1.005524   1.000000
   439.84950    0.991305   1.000000
   439.86666    1.009127   1.000000
   439.88400    1.008568   1.000000
   439.90116    0.997441   1.000000
   439.91833    0.990160   1.000000
   439.93549    0.996104   1.000000
   439.95267    1.009848   1.000000
   439.96984    0.997493   1.000000
   439.98700    1.003619   1.000000
   440.00417    0.994640   1.000000
   440.02133    1.008241   1.000000
   440.03850    0.996993   1.000000
   440.05566    0.986457   1.000000
   440.07399    0.994291   1.000000
   440.09117    1.005201   1.000000
   440.10834    0.996989   1.000000
   440.12550    0.997690   1.000000
   440.14267    0.981318   1.000000
   440.15983    1.007876   1.000000
   440.17700    0.992949   1.000000
   440.19416    1.000042   1.000000
   440.21133    0.990277   1.000000
   440.22866    0.992361   1.000000
   440.24567    0.997357   1.000000
   440.26283    1.002869   1.000000
   440.28017    1.000383   1.000000
   440.29716    1.009529   1.000000
   440.31433    0.999679   1.000000
   440.33167    0.992232   1.000000
   440.34867    0.986427   1.000000
   440.36600    0.997811   1.000000
   440.38316    0.993502   1.000000
   440.40050    0.994682   1.000000
   440.41751    0.991105   1.000000
   440.43467    0.990674   1.000000
   440.45199    0.998726   1.000000
   440.46900    1.001125   1.000000
   440.48617    1.013603   1.000000
   440.50350    0.998256   1.000000
   440.52049    0.992023   1.000000
   440.53783    1.003728   1.000000
   440.55500    0.990694   1.000000
   440.57200    1.000958   1.000000
   440.58933    0.995807   1.000000
   440.60651    0.998105   1.000000
   440.62367    1.001176   1.000000
   440.64084    0.997318   1.000000
   440.65800    1.012023   1.000000
   440.67501    0.997211   1.000000
   440.69233    1.000211   1.000000
   440.70949    1.001319   1.000000
   440.72650    1.000286   1.000000
   440.74384    0.992388   1.000000
   440.76100    1.007178   1.000000
   440.77817    1.004058   1.000000
   440.79533    0.997733   1.000000
   440.81250    1.004599   1.000000
   440.82966    1.007309   1.000000
   440.84683    0.998155   1.000000
   440.86416    0.984058   1.000000
   440.88133    0.996568   1.000000
   440.89834    0.994139   1.000000
   440.91567    0.992098   1.000000
   440.93284    0.990496   1.000000
   440.94983    0.998028   1.000000
   440.96717    1.008291   1.000000
   440.98433    0.996298   1.000000
   441.00134    1.006395   1.000000
   441.01866    0.996369   1.000000
   441.03583    0.995445   1.000000
   441.05301    1.007804   1.000000
   441.07017    0.991227   1.000000
   441.08734    0.997853   1.000000
   441.10450    1.001972   1.000000
   441.12167    0.995808   1.000000
   441.13883    0.999036   1.000000
   441.15600    0.993694   1.000000
   441.17316    0.993055   1.000000
   441.19034    0.989304   1.000000
   441.20750    0.997266   1.000000
   441.22467    0.992877   1.000000
   441.24183    1.000315   1.000000
   441.25900    0.997698   1.000000
   441.27616    0.997330   1.000000
   441.29333    1.003590   1.000000
   441.31049    0.987514   1.000000
   441.32783    0.992564   1.000000
   441.34499    0.983925   1.000000
   441.36216    0.997847   1.000000
   441.37950    0.984880   1.000000
   441.39650    0.989450   1.000000
   441.41367    0.988417   1.000000
   441.43101    0.994724   1.000000
   441.44800    1.008717   1.000000
   441.46516    0.993300   1.000000
   441.48250    0.986617   1.000000
   441.49951    0.997218   1.000000
   441.51667    0.988458   1.000000
   441.53400    0.989014   1.000000
   441.55100    0.991048   1.000000
   441.56817    0.996637   1.000000
   441.58550    1.004322   1.000000
   441.60250    0.989723   1.000000
   441.61966    0.990237   1.000000
   441.63700    0.998435   0.999999
   441.65416    0.998338   0.999999
   441.67117    0.994660   0.999998
   441.68851    0.996603   0.999997
   441.70567    1.001257   0.999996
   441.72266    0.997264   0.999994
   441.74000    0.988731   0.999992
   441.75717    0.990726   0.999990
   441.77417    0.997178   0.999987
   441.79150    0.992056   0.999984
   441.80901    0.998236   0.999979
   441.82617    0.991575   0.999975
   441.84334    0.991414   0.999969
   441.86050    0.986982   0.999963
   441.87767    0.990331   0.999955
   441.89483    0.996795   0.999947
   441.91200    0.994167   0.999938
   441.92916    0.989320   0.999928
   441.94634    0.992050   0.999916
   441.96350    0.989416   0.999903
   441.98067    0.999206   0.999889
   441.99783    0.994276   0.999874
   442.01500    0.985837   0.999857
   442.03234    0.991609   0.999839
   442.04933    0.995967   0.999819
   442.06649    0.997684   0.999798
   442.08383    0.995723   0.999774
   442.10084    0.989846   0.999749
   442.11800    0.999441   0.999722
   442.13534    0.994814   0.999693
   442.15233    0.982679   0.999662
   442.16950    0.987995   0.999629
   442.18683    1.004028   0.999593
   442.20384    0.987843   0.999556
   442.22116    0.990969   0.999515
   442.23833    0.992929   0.999473
   442.25551    0.992668   0.999428
   442.27267    0.981119   0.999380
   442.28999    0.992548   0.999329
   442.30716    0.998908   0.999276
   442.32417    1.000530   0.999220
   442.34150    1.002132   0.999161
   442.35867    0.993657   0.999099
   442.37566    0.993045   0.999034
   442.39300    0.983259   0.998965
   442.41016    0.993488   0.998893
   442.42717    0.991856   0.998819
   442.44451    0.979670   0.998740
   442.46167    0.997676   0.998658
   442.47866    0.975885   0.998573
   442.49600    0.981642   0.998482
   442.51317    0.992891   0.998389
   442.53017    0.992843   0.998293
   442.54750    0.999223   0.998191
   442.56466    0.986578   0.998086
   442.58184    0.996877   0.997976
   442.59900    1.000411   0.997863
   442.61617    0.996010   0.997745
   442.63333    0.999345   0.997623
   442.65050    0.989396   0.997496
   442.66766    0.995183   0.997364
   442.68483    0.991642   0.997228
   442.70199    0.998325   0.997088
   442.71917    0.988400   0.996942
   442.73634    0.998221   0.996791
   442.75366    0.994024   0.996634
   442.77084    0.990532   0.996473
   442.78783    0.999733   0.996309
   442.80517    1.001087   0.996136
   442.82233    1.000658   0.995960
   442.83950    0.997488   0.995778
   442.85666    0.977870   0.995590
   442.87383    0.989524   0.995397
   442.89099    0.995644   0.995198
   442.90817    0.994573   0.994993
   442.92534    0.977567   0.994783
   442.94233    0.996799   0.994569
   442.95967    0.984664   0.994344
   442.97683    0.991118   0.994115
   442.99384    0.989181   0.993882
   443.01116    0.978740   0.993639
   443.02833    0.992769   0.993391
   443.04533    0.979238   0.993139
   443.06267    1.000657   0.992876
   443.07984    0.997661   0.992609
   443.09683    0.994540   0.992338
   443.11416    0.975001   0.992054
   443.13133    0.977844   0.991766
   443.14849    0.979674   0.991471
   443.16566    0.985051   0.991169
   443.18284    1.001234   0.990860
   443.20000    0.978465   0.990544
   443.21717    0.980925   0.990220
   443.23451    0.985329   0.989886
   443.25150    0.975933   0.989550
   443.26883    0.990787   0.989201
   443.28600    0.993183   0.988847
   443.30301    0.988065   0.988489
   443.32033    0.986286   0.988116
   443.33749    0.992141   0.987739
   443.35450    0.989508   0.987357
   443.37184    0.980572   0.986959
   443.38900    0.977911   0.986558
   443.40599    0.983172   0.986152
   443.42333    0.982731   0.985730
   443.44050    0.973339   0.985304
   443.45750    0.979144   0.984873
   443.47483    0.985665   0.984425
   443.49201    0.988722   0.983973
   443.50900    0.985293   0.983517
   443.52634    0.975037   0.983043
   443.54350    0.964845   0.982564
   443.56067    0.981509   0.982077
   443.57783    0.963177   0.981581
   443.59500    0.986842   0.981075
   443.61216    0.987118   0.980561
   443.62934    0.954852   0.980037
   443.64650    0.970307   0.979503
   443.66367    0.982845   0.978961
   443.68083    0.978949   0.978409
   443.69800    0.973127   0.977848
   443.71516    0.978393   0.977277
   443.73250    0.957652   0.976690
   443.74967    0.980569   0.976099
   443.76667    0.994749   0.975505
   443.78400    0.973176   0.974889
   443.80116    0.971709   0.974268
   443.81834    0.969386   0.973638
   443.83550    0.960861   0.972997
   443.85267    0.958781   0.972346
   443.86983    0.952932   0.971686
   443.88700    0.966819   0.971014
   443.90416    0.967121   0.970333
   443.92133    0.982282   0.969641
   443.93849    0.963685   0.968938
   443.95567    0.957517   0.968224
   443.97284    0.966813   0.967501
   443.99000    0.964699   0.966766
   444.00717    0.969385   0.966021
   444.02433    0.961639   0.965264
   444.04150    0.949723   0.964497
   444.05866    0.963277   0.963719
   444.07584    0.973036   0.962929
   444.09300    0.956618   0.962129
   444.11017    0.955493   0.961317
   444.12733    0.946495   0.960495
   444.14450    0.962107   0.959661
   444.16166    0.950133   0.958815
   444.17883    0.960582   0.957958
   444.19617    0.950386   0.957081
   444.21333    0.956007   0.956201
   444.23050    0.948116   0.955310
   444.24766    0.955981   0.954407
   444.26484    0.945819   0.953491
   444.28201    0.934080   0.952564
   444.29917    0.939082   0.951626
   444.31633    0.947343   0.950675
   444.33350    0.940798   0.949713
   444.35066    0.946568   0.948739
   444.36783    0.946378   0.947752
   444.38499    0.950272   0.946754
   444.40217    0.938898   0.945743
   444.41934    0.941962   0.944720
   444.43650    0.940813   0.943685
   444.45367    0.932310   0.942638
   444.47083    0.937634   0.941578
   444.48800    0.932154   0.940506
   444.50516    0.931573   0.939422
   444.52233    0.929748   0.938325
   444.53951    0.935620   0.937214
   444.55667    0.930433   0.936092
   444.57384    0.933235   0.934958
   444.59100    0.925466   0.933810
   444.60817    0.924588   0.932651
   444.62533    0.919955   0.931478
   444.64249    0.921973   0.930292
   444.65983    0.918728   0.929082
   444.67700    0.925562   0.927871
   444.69416    0.915143   0.926647
   444.71133    0.918333   0.925410
   444.72851    0.924351   0.924159
   444.74567    0.917120   0.922896
   444.76284    0.919314   0.921620
   444.78017    0.925915   0.920318
   444.79716    0.923251   0.919029
   444.81433    0.905540   0.917714
   444.83167    0.907644   0.916372
   444.84867    0.913308   0.915043
   444.86584    0.915964   0.913689
   444.88316    0.912907   0.912308
   444.90017    0.900193   0.910940
   444.91733    0.895448   0.909546
   444.93467    0.901408   0.908124
   444.95166    0.900536   0.906717
   444.96883    0.899600   0.905283
   444.98616    0.901767   0.903821
   445.00317    0.899697   0.902373
   445.02034    0.898150   0.900899
   445.03767    0.901073   0.899396
   445.05467    0.897341   0.897910
   445.07183    0.894078   0.896396
   445.08917    0.879796   0.894852
   445.10616    0.883597   0.893326
   445.12334    0.887933   0.891770
   445.14066    0.887021   0.890187
   445.15783    0.888404   0.888605
   445.17501    0.879004   0.887008
   445.19217    0.867969   0.885399
   445.20934    0.878329   0.883776
   445.22650    0.866897   0.882140
   445.24367    0.879668   0.880491
   445.26083    0.882301   0.878828
   445.27800    0.877819   0.877151
   445.29516    0.870750   0.875461
   445.31234    0.861853   0.873756
   445.32950    0.872236   0.872038
   445.34667    0.868432   0.870308
   445.36383    0.858477   0.868563
   445.38100    0.859505   0.866806
   445.39816    0.864679   0.865034
   445.41533    0.864714   0.863250
   445.43249    0.850573   0.861451
   445.44967    0.853307   0.859638
   445.46684    0.857682   0.857813
   445.48400    0.850054   0.855975
   445.50134    0.851833   0.854104
   445.51833    0.858691   0.852257
   445.53550    0.841792   0.850378
   445.55266    0.843920   0.848486
   445.56984    0.852333   0.846579
   445.58701    0.844953   0.844660
   445.60433    0.841847   0.842711
   445.62151    0.834623   0.840764
   445.63850    0.836578   0.838825
   445.65584    0.827171   0.836833
   445.67300    0.826689   0.834848
   445.69017    0.811812   0.832850
   445.70733    0.820943   0.830839
   445.72450    0.825467   0.828815
   445.74166    0.819386   0.826778
   445.75884    0.823530   0.824726
   445.77600    0.816146   0.822663
   445.79317    0.812026   0.820587
   445.81033    0.816028   0.818498
   445.82750    0.816360   0.816397
   445.84466    0.809412   0.814282
   445.86183    0.815023   0.812155
   445.87899    0.809306   0.810016
   445.89617    0.799944   0.807862
   445.91350    0.801237   0.805677
   445.93050    0.803083   0.803520
   445.94767    0.795035   0.801331
   445.96500    0.792951   0.799107
   445.98200    0.798378   0.796915
   445.99916    0.778500   0.794689
   446.01650    0.785459   0.792428
   446.03351    0.783541   0.790198
   446.05067    0.787192   0.787936
   446.06799    0.777791   0.785641
   446.08517    0.785253   0.783353
   446.10234    0.773682   0.781055
   446.11950    0.774756   0.778746
   446.13667    0.777512   0.776425
   446.15383    0.766474   0.774092
   446.17100    0.772871   0.771748
   446.18816    0.770982   0.769393
   446.20533    0.765224   0.767027
   446.22251    0.769841   0.764648
   446.23967    0.753432   0.762260
   446.25684    0.756188   0.759861
   446.27400    0.761932   0.757451
   446.29116    0.758805   0.755030
   446.30833    0.740819   0.752599
   446.32549    0.746372   0.750158
   446.34267    0.748753   0.747704
   446.35984    0.740009   0.745242
   446.37700    0.735639   0.742770
   446.39417    0.739510   0.740288
   446.41133    0.733421   0.737796
   446.42867    0.733379   0.735270
   446.44566    0.732836   0.732784
   446.46283    0.728939   0.730264
   446.48016    0.719364   0.727709
   446.49717    0.721172   0.725194
   446.51434    0.720185   0.722646
   446.53166    0.718089   0.720066
   446.54867    0.714685   0.717525
   446.56583    0.713884   0.714952
   446.58317    0.700718   0.712344
   446.60033    0.702084   0.709754
   446.61750    0.704551   0.707156
   446.63466    0.704733   0.704551
   446.65183    0.698638   0.701938
   446.66901    0.696719   0.699315
   446.68617    0.695595   0.696688
   446.70334    0.685187   0.694053
   446.72050    0.695885   0.691412
   446.73767    0.683284   0.688764
   446.75483    0.683890   0.686110
   446.77199    0.682680   0.683449
   446.78916    0.678755   0.680783
   446.80634    0.679694   0.678109
   446.82350    0.675844   0.675432
   446.84067    0.672624   0.672750
   446.85783    0.667433   0.670063
   446.87500    0.667124   0.667371
   446.89216    0.656820   0.664675
   446.90933    0.662435   0.661975
   446.92651    0.648812   0.659269
   446.94383    0.652451   0.656536
   446.96100    0.658099   0.653825
   446.97816    0.647848   0.651110
   446.99534    0.645718   0.648391
   447.01250    0.648667   0.645671
   447.02967    0.644811   0.642949
   447.04701    0.640982   0.640198
   447.06417    0.636240   0.637472
   447.08134    0.636602   0.634744
   447.09850    0.625181   0.632016
   447.11567    0.632226   0.629286
   447.13283    0.622856   0.626556
   447.15000    0.627323   0.623825
   447.16716    0.619284   0.621095
   447.18434    0.618096   0.618363
   447.20150    0.614213   0.615633
   447.21867    0.607577   0.612905
   447.23583    0.615673   0.610178
   447.25300    0.605369   0.607452
   447.27016    0.598968   0.604729
   447.28733    0.609689   0.602008
   447.30449    0.604202   0.599289
   447.32183    0.600252   0.596546
   447.33884    0.596814   0.593859
   447.35600    0.589597   0.591150
   447.37334    0.583989   0.588417
   447.39033    0.581901   0.585743
   447.40750    0.582379   0.583046
   447.42483    0.575690   0.580326
   447.44184    0.573629   0.577663
   447.45900    0.566692   0.574980
   447.47633    0.578711   0.572278
   447.49333    0.567359   0.569631
   447.51067    0.560276   0.566938
   447.52800    0.563338   0.564254
   447.54500    0.558427   0.561625
   447.56217    0.557067   0.558979
   447.57950    0.559512   0.556312
   447.59650    0.556526   0.553706
   447.61366    0.548367   0.551081
   447.63100    0.540182   0.548437
   447.64801    0.542209   0.545852
   447.66517    0.544808   0.543250
   447.68251    0.543223   0.540631
   447.69967    0.544503   0.538047
   447.71666    0.537653   0.535497
   447.73400    0.529375   0.532906
   447.75117    0.531356   0.530349
   447.76817    0.528877   0.527826
   447.78550    0.519496   0.525265
   447.80266    0.521777   0.522739
   447.81967    0.522561   0.520245
   447.83700    0.517872   0.517715
   447.85417    0.514126   0.515220
   447.87116    0.518305   0.512762
   447.88850    0.512407   0.510266
   447.90566    0.508794   0.507806
   447.92267    0.509406   0.505381
   447.93999    0.498150   0.502923
   447.95717    0.506047   0.500498
   447.97434    0.500422   0.498089
   447.99166    0.489319   0.495670
   448.00900    0.492085   0.493263
   448.02600    0.492368   0.490916
   448.04317    0.495858   0.488560
   448.06051    0.485671   0.486196
   448.07750    0.488693   0.483893
   448.09466    0.476741   0.481580
   448.11200    0.479213   0.479260
   448.12917    0.477567   0.476978
   448.14617    0.480309   0.474733
   448.16350    0.475465   0.472461
   448.18066    0.476612   0.470226
   448.19767    0.472812   0.468028
   448.21500    0.473650   0.465803
   448.23217    0.464847   0.463617
   448.24933    0.463752   0.461448
   448.26650    0.454300   0.459295
   448.28366    0.459206   0.457160
   448.30083    0.454633   0.455042
   448.31799    0.448301   0.452942
   448.33517    0.445576   0.450858
   448.35234    0.452191   0.448794
   448.36950    0.451913   0.446748
   448.38667    0.444289   0.444720
   448.40383    0.443076   0.442711
   448.42117    0.441706   0.440701
   448.43816    0.440250   0.438749
   448.45533    0.436384   0.436797
   448.47266    0.434948   0.434845
   448.48983    0.437649   0.432932
   448.50684    0.429668   0.431056
   448.52417    0.427622   0.429164
   448.54134    0.434736   0.427311
   448.55833    0.425774   0.425496
   448.57567    0.427388   0.423665
   448.59283    0.421743   0.421873
   448.61000    0.421152   0.420102
   448.62716    0.422893   0.418352
   448.64433    0.421073   0.416623
   448.66133    0.418632   0.414931
   448.67867    0.417945   0.413227
   448.69583    0.408843   0.411562
   448.71300    0.408320   0.409919
   448.73016    0.407773   0.408298
   448.74733    0.410942   0.406698
   448.76449    0.405274   0.405121
   448.78167    0.405287   0.403565
   448.79884    0.406404   0.402033
   448.81600    0.408299   0.400523
   448.83317    0.405265   0.399036
   448.85033    0.397942   0.397572
   448.86750    0.391731   0.396131
   448.88466    0.392872   0.394713
   448.90183    0.394263   0.393318
   448.91901    0.394098   0.391945
   448.93617    0.392345   0.390597
   448.95349    0.389056   0.389261
   448.97067    0.393844   0.387960
   448.98784    0.390645   0.386683
   449.00500    0.390773   0.385431
   449.02217    0.384370   0.384202
   449.03933    0.383584   0.382998
   449.05650    0.379254   0.381818
   449.07366    0.382589   0.380663
   449.09083    0.384853   0.379532
   449.10801    0.378884   0.378424
   449.12517    0.379619   0.377343
   449.14234    0.382039   0.376286
   449.15950    0.374597   0.375254
   449.17667    0.378607   0.374247
   449.19383    0.376019   0.373265
   449.21100    0.374782   0.372309
   449.22816    0.375084   0.371377
   449.24534    0.377071   0.370470
   449.26250    0.376024   0.369590
   449.27967    0.372288   0.368734
   449.29683    0.361583   0.367905
   449.31400    0.370969   0.367101
   449.33116    0.373394   0.366323
   449.34833    0.363105   0.365570
   449.36549    0.363273   0.364844
   449.38267    0.371047   0.364142
   449.39984    0.366597   0.363468
   449.41716    0.365840   0.362814
   449.43434    0.369199   0.362191
   449.45133    0.364189   0.361601
   449.46867    0.366403   0.361025
   449.48583    0.364229   0.360482
   449.50284    0.362544   0.359969
   449.52016    0.364195   0.359474
   449.53733    0.364844   0.359009
   449.55449    0.362679   0.358572
   449.57167    0.365967   0.358160
   449.58884    0.362513   0.357775
   449.60600    0.366716   0.357417
   449.62317    0.358858   0.357085
   449.64033    0.362274   0.356781
   449.65750    0.360702   0.356502
   449.67466    0.359296   0.356251
   449.69184    0.357299   0.356026
   449.70901    0.358789   0.355828
   449.72617    0.353126   0.355657
   449.74333    0.357052   0.355513
   449.76050    0.361136   0.355396
   449.77766    0.357646   0.355305
   449.79483    0.360855   0.355242
   449.81199    0.354358   0.355205
   449.82917    0.359851   0.355195
   449.84634    0.360073   0.355212
   449.86350    0.359593   0.355256
   449.88067    0.358456   0.355327
   449.89800    0.363887   0.355426
   449.91517    0.361972   0.355551
   449.93233    0.360373   0.355703
   449.94950    0.357919   0.355882
   449.96666    0.361595   0.356087
   449.98383    0.364043   0.356320
   450.00099    0.357244   0.356579
   450.01817    0.361642   0.356866
   450.03534    0.363889   0.357179
   450.05250    0.356208   0.357519
   450.06967    0.365454   0.357886
   450.08700    0.359392   0.358284
   450.10400    0.361162   0.358700
   450.12116    0.367412   0.359147
   450.13850    0.366478   0.359625
   450.15551    0.365678   0.360121
   450.17267    0.370413   0.360648
   450.18999    0.367765   0.361207
   450.20717    0.367791   0.361788
   450.22416    0.366769   0.362389
   450.24150    0.365204   0.363028
   450.25849    0.368254   0.363681
   450.27567    0.365922   0.364368
   450.29300    0.373589   0.365087
   450.31016    0.371796   0.365825
   450.32717    0.371936   0.366583
   450.34451    0.370099   0.367382
   450.36167    0.374073   0.368199
   450.37884    0.361618   0.369042
   450.39617    0.374431   0.369920
   450.41334    0.375539   0.370815
   450.43033    0.376844   0.371727
   450.44767    0.377860   0.372683
   450.46483    0.380776   0.373656
   450.48184    0.374929   0.374644
   450.49916    0.378644   0.375677
   450.51633    0.381316   0.376726
   450.53351    0.380157   0.377801
   450.55067    0.382761   0.378901
   450.56784    0.379121   0.380025
   450.58500    0.386107   0.381175
   450.60216    0.382558   0.382350
   450.61933    0.386144   0.383549
   450.63649    0.390212   0.384773
   450.65367    0.386320   0.386024
   450.67084    0.390054   0.387297
   450.68800    0.393654   0.388595
   450.70517    0.397051   0.389917
   450.72233    0.399731   0.391264
   450.73950    0.398381   0.392635
   450.75666    0.392730   0.394029
   450.77383    0.399561   0.395448
   450.79101    0.396764   0.396891
   450.80833    0.398030   0.398371
   450.82534    0.400349   0.399846
   450.84250    0.403841   0.401359
   450.85984    0.409771   0.402910
   450.87700    0.404647   0.404470
   450.89417    0.407698   0.406052
   450.91133    0.409021   0.407657
   450.92850    0.411994   0.409284
   450.94566    0.414574   0.410934
   450.96283    0.408647   0.412607
   450.98001    0.417363   0.414303
   450.99717    0.419320   0.416019
   451.01434    0.412174   0.417758
   451.03150    0.423521   0.419518
   451.04867    0.421283   0.421300
   451.06583    0.417041   0.423103
   451.08317    0.423614   0.424946
   451.10016    0.427178   0.426772
   451.11734    0.426529   0.428640
   451.13466    0.429678   0.430544
   451.15167    0.435400   0.432434
   451.16883    0.434419   0.434361
   451.18617    0.435130   0.436328
   451.20316    0.439778   0.438276
   451.22033    0.441434   0.440263
   451.23767    0.450374   0.442290
   451.25467    0.442469   0.444297
   451.27184    0.445890   0.446341
   451.28916    0.443499   0.448424
   451.30634    0.450933   0.450508
   451.32350    0.453444   0.452608
   451.34083    0.451722   0.454746
   451.35801    0.455013   0.456885
   451.37517    0.463710   0.459039
   451.39234    0.459565   0.461210
   451.40950    0.458153   0.463399
   451.42667    0.466619   0.465605
   451.44383    0.467124   0.467827
   451.46100    0.470861   0.470065
   451.47816    0.472551   0.472319
   451.49534    0.469100   0.474591
   451.51250    0.479268   0.476876
   451.52967    0.478275   0.479176
   451.54683    0.480566   0.481492
   451.56400    0.482389   0.483821
   451.58116    0.488390   0.486165
   451.59833    0.489107   0.488524
   451.61549    0.489746   0.490896
   451.63267    0.487210   0.493283
   451.64984    0.494266   0.495682
   451.66700    0.493624   0.498094
   451.68417    0.494838   0.500519
   451.70133    0.496821   0.502957
   451.71850    0.499096   0.505407
   451.73566    0.505448   0.507868
   451.75284    0.510474   0.510344
   451.77000    0.509243   0.512830
   451.78717    0.509227   0.515326
   451.80449    0.516544   0.517858
   451.82167    0.517306   0.520379
   451.83884    0.520850   0.522908
   451.85600    0.523847   0.525448
   451.87317    0.523406   0.527998
   451.89033    0.526709   0.530558
   451.90750    0.531066   0.533128
   451.92466    0.538175   0.535707
   451.94184    0.533683   0.538297
   451.95900    0.542473   0.540894
   451.97617    0.541588   0.543500
   451.99333    0.542018   0.546114
   452.01050    0.545498   0.548736
   452.02766    0.552970   0.551366
   452.04483    0.549303   0.554004
   452.06199    0.563707   0.556649
   452.07917    0.559686   0.559303
   452.09667    0.564552   0.562014
   452.11416    0.569078   0.564731
   452.13117    0.565148   0.567378
   452.14834    0.568119   0.570056
   452.16567    0.564864   0.572767
   452.18267    0.569461   0.575429
   452.19983    0.576451   0.578123
   452.21717    0.583006   0.580848
   452.23416    0.578949   0.583525
   452.25134    0.583464   0.586234
   452.26866    0.585229   0.588971
   452.28600    0.589450   0.591713
   452.30301    0.594987   0.594407
   452.32033    0.592569   0.597154
   452.33749    0.596213   0.599878
   452.35450    0.600760   0.602580
   452.37184    0.598960   0.605337
   452.38900    0.600676   0.608068
   452.40617    0.606678   0.610801
   452.42333    0.607845   0.613535
   452.44050    0.610242   0.616271
   452.45766    0.613579   0.619007
   452.47483    0.610534   0.621744
   452.49201    0.625291   0.624484
   452.50900    0.623038   0.627193
   452.52634    0.622417   0.629958
   452.54350    0.626396   0.632694
   452.56049    0.632316   0.635402
   452.57783    0.638624   0.638163
   452.59499    0.638515   0.640896
   452.61200    0.636772   0.643601
   452.62934    0.647723   0.646357
   452.64650    0.643899   0.649083
   452.66367    0.651516   0.651806
   452.68083    0.657581   0.654526
   452.69800    0.657839   0.657243
   452.71516    0.652180   0.659956
   452.73233    0.659342   0.662665
   452.74967    0.663859   0.665397
   452.76683    0.662320   0.668098
   452.78400    0.665497   0.670794
   452.80116    0.667410   0.673485
   452.81834    0.667875   0.676174
   452.83550    0.684757   0.678855
   452.85267    0.674607   0.681531
   452.86983    0.685141   0.684201
   452.88700    0.675080   0.686865
   452.90416    0.689490   0.689524
   452.92133    0.687075   0.692175
   452.93851    0.687443   0.694823
   452.95567    0.696525   0.697462
   452.97284    0.698883   0.700094
   452.99000    0.694312   0.702719
   453.00717    0.704849   0.705337
   453.02433    0.709032   0.707947
   453.04167    0.705580   0.710576
   453.05866    0.710906   0.713145
   453.07584    0.701128   0.715735
   453.09316    0.714392   0.718338
   453.11017    0.712546   0.720885
   453.12733    0.725273   0.723448
   453.14467    0.720707   0.726027
   453.16166    0.722817   0.728547
   453.17883    0.728215   0.731084
   453.19617    0.728879   0.733637
   453.21317    0.737364   0.736133
   453.23050    0.731701   0.738665
   453.24766    0.737825   0.741165
   453.26484    0.739098   0.743658
   453.28200    0.744300   0.746139
   453.29917    0.738691   0.748610
   453.31633    0.753322   0.751071
   453.33350    0.747565   0.753523
   453.35066    0.748353   0.755964
   453.36783    0.766241   0.758395
   453.38499    0.763789   0.760815
   453.40217    0.756651   0.763227
   453.41934    0.760430   0.765627
   453.43650    0.761273   0.768016
   453.45367    0.761476   0.770394
   453.47083    0.772561   0.772761
   453.48800    0.770442   0.775117
   453.50516    0.770083   0.777463
   453.52233    0.776425   0.779797
   453.53951    0.780997   0.782121
   453.55667    0.780783   0.784432
   453.57383    0.785417   0.786732
   453.59100    0.786695   0.789021
   453.60834    0.791150   0.791320
   453.62533    0.797402   0.793562
   453.64249    0.794989   0.795815
   453.65983    0.794997   0.798079
   453.67700    0.792534   0.800309
   453.69400    0.811195   0.802505
   453.71133    0.790660   0.804731
   453.72851    0.808218   0.806926
   453.74567    0.802171   0.809106
   453.76284    0.805817   0.811275
   453.78000    0.804215   0.813431
   453.79717    0.816084   0.815575
   453.81433    0.808776   0.817706
   453.83149    0.820056   0.819824
   453.84867    0.818939   0.821932
   453.86584    0.822238   0.824025
   453.88300    0.823148   0.826106
   453.90017    0.830619   0.828174
   453.91733    0.825608   0.830229
   453.93450    0.837723   0.832271
   453.95166    0.823507   0.834300
   453.96883    0.837027   0.836316
   453.98601    0.828146   0.838321
   454.00317    0.835547   0.840311
   454.02034    0.836043   0.842288
   454.03750    0.839719   0.844252
   454.05467    0.843510   0.846203
   454.07183    0.846495   0.848140
   454.08917    0.852474   0.850084
   454.10616    0.842527   0.851975
   454.12334    0.849502   0.853875
   454.14066    0.847969   0.855776
   454.15767    0.849178   0.857630
   454.17501    0.866980   0.859506
   454.19217    0.860515   0.861350
   454.20934    0.860497   0.863181
   454.22650    0.866415   0.864998
   454.24367    0.861703   0.866801
   454.26083    0.859992   0.868591
   454.27800    0.872971   0.870368
   454.29516    0.867823   0.872131
   454.31234    0.871011   0.873882
   454.32950    0.873422   0.875618
   454.34667    0.879264   0.877340
   454.36383    0.883664   0.879049
   454.38100    0.877899   0.880744
   454.39816    0.888601   0.882426
   454.41533    0.884601   0.884094
   454.43249    0.883950   0.885748
   454.44967    0.888644   0.887390
   454.46684    0.886266   0.889018
   454.48400    0.885551   0.890631
   454.50117    0.884070   0.892231
   454.51833    0.880007   0.893817
   454.53550    0.878634   0.895390
   454.55266    0.897080   0.896949
   454.56984    0.895738   0.898495
   454.58700    0.905658   0.900027
   454.60433    0.902546   0.901559
   454.62133    0.892259   0.903050
   454.63850    0.897197   0.904540
   454.65584    0.899420   0.906033
   454.67300    0.897080   0.907496
   454.69017    0.907037   0.908946
   454.70733    0.909626   0.910383
   454.72450    0.912420   0.911805
   454.74166    0.908995   0.913215
   454.75884    0.911286   0.914612
   454.77601    0.907334   0.915994
   454.79317    0.913784   0.917363
   454.81033    0.916993   0.918718
   454.82750    0.916624   0.920060
   454.84466    0.920406   0.921389
   454.86183    0.917029   0.922704
   454.87899    0.921015   0.924005
   454.89617    0.929441   0.925295
   454.91334    0.919350   0.926570
   454.93050    0.938234   0.927831
   454.94767    0.932701   0.929080
   454.96483    0.926048   0.930315
   454.98200    0.932636   0.931537
   454.99916    0.926959   0.932746
   455.01633    0.926133   0.933941
   455.03351    0.932106   0.935125
   455.05067    0.934137   0.936294
   455.06799    0.926379   0.937461
   455.08500    0.939165   0.938594
   455.10217    0.938010   0.939724
   455.11950    0.939255   0.940853
   455.13667    0.940391   0.941957
   455.15383    0.933145   0.943048
   455.17117    0.946913   0.944138
   455.18833    0.949195   0.945204
   455.20533    0.941499   0.946246
   455.22266    0.945856   0.947297
   455.23983    0.951981   0.948325
   455.25684    0.951681   0.949331
   455.27417    0.948367   0.950344
   455.29134    0.954847   0.951334
   455.30833    0.958851   0.952301
   455.32567    0.965299   0.953276
   455.34283    0.934160   0.954229
   455.35984    0.951266   0.955161
   455.37716    0.968761   0.956098
   455.39433    0.950335   0.957014
   455.41133    0.957652   0.957910
   455.42867    0.961843   0.958811
   455.44584    0.958112   0.959691
   455.46283    0.956380   0.960550
   455.48016    0.950072   0.961415
   455.49733    0.964497   0.962259
   455.51449    0.963612   0.963091
   455.53167    0.973565   0.963912
   455.54884    0.956053   0.964721
   455.56600    0.970037   0.965518
   455.58317    0.959054   0.966304
   455.60033    0.966693   0.967078
   455.61750    0.970039   0.967841
   455.63466    0.962179   0.968592
   455.65200    0.961865   0.969339
   455.66901    0.969027   0.970061
   455.68617    0.970700   0.970779
   455.70349    0.965695   0.971492
   455.72050    0.967375   0.972181
   455.73784    0.982149   0.972872
   455.75500    0.970875   0.973546
   455.77200    0.982535   0.974202
   455.78933    0.982552   0.974860
   455.80650    0.964414   0.975501
   455.82350    0.974663   0.976126
   455.84083    0.970228   0.976752
   455.85801    0.980267   0.977362
   455.87500    0.969063   0.977955
   455.89234    0.971709   0.978550
   455.90950    0.974428   0.979128
   455.92649    0.981887   0.979691
   455.94383    0.992412   0.980254
   455.96099    0.971851   0.980803
   455.97800    0.981425   0.981336
   455.99534    0.987060   0.981869
   456.01250    0.988142   0.982388
   456.02967    0.984855   0.982896
   456.04683    0.991671   0.983395
   456.06400    0.991379   0.983885
   456.08116    0.990862   0.984365
   456.09833    0.972890   0.984835
   456.11567    0.978510   0.985301
   456.13267    1.003128   0.985748
   456.14984    0.980722   0.986191
   456.16700    0.986192   0.986625
   456.18417    0.986786   0.987049
   456.20133    0.994019   0.987465
   456.21867    0.995850   0.987876
   456.23566    0.989058   0.988270
   456.25284    0.986287   0.988659
   456.27016    0.987003   0.989043
   456.28717    0.991725   0.989412
   456.30451    0.984317   0.989779
   456.32167    0.995595   0.990135
   456.33866    0.985289   0.990478
   456.35600    0.982806   0.990821
   456.37317    0.986717   0.991152
   456.39017    0.997660   0.991472
   456.40750    1.005814   0.991790
   456.42466    1.012004   0.992097
   456.44167    0.990460   0.992394
   456.45900    0.988421   0.992689
   456.47617    0.998216   0.992973
   456.49316    0.998372   0.993247
   456.51050    0.998369   0.993519
   456.52766    0.991157   0.993782
   456.54483    0.998892   0.994037
   456.56199    0.997985   0.994285
   456.57917    1.002505   0.994527
   456.59634    1.002328   0.994761
   456.61350    0.997714   0.994989
   456.63084    1.002567   0.995212
   456.64783    0.993199   0.995424
   456.66500    0.999938   0.995632
   456.68233    0.997837   0.995835
   456.69933    0.980978   0.996029
   456.71651    0.985948   0.996218
   456.73383    0.995437   0.996402
   456.75084    0.997329   0.996578
   456.76800    1.003449   0.996749
   456.78534    1.006167   0.996915
   456.80250    0.999728   0.997075
   456.81949    1.002751   0.997227
   456.83683    0.992440   0.997377
   456.85400    1.016883   0.997520
   456.87116    1.004202   0.997657
   456.88833    0.997290   0.997790
   456.90551    0.986924   0.997917
   456.92267    0.993646   0.998039
   456.93983    0.999342   0.998157
   456.95700    1.050479   0.998269
   456.97416    1.035677   0.998377
   456.99133    1.012868   0.998480
   457.00849    1.003470   0.998579
   457.02567    1.004697   0.998673
   457.04300    1.025047   0.998764
   457.06000    1.000177   0.998849
   457.07717    1.000299   0.998931
   457.09451    1.003158   0.999009
   457.11167    0.974231   0.999083
   457.12866    1.008342   0.999152
   457.14600    1.023945   0.999219
   457.16317    0.995971   0.999282
   457.18017    0.979284   0.999340
   457.19749    1.023611   0.999397
   457.21467    0.994797   0.999449
   457.23167    1.008391   0.999498
   457.24900    1.003591   0.999545
   457.26617    1.012229   0.999588
   457.28333    1.006062   0.999629
   457.30067    0.999294   0.999667
   457.31784    1.014736   0.999702
   457.33483    1.015738   0.999734
   457.35216    0.999090   0.999764
   457.36933    1.002638   0.999791
   457.38634    1.039756   0.999817
   457.40367    1.009748   0.999840
   457.42084    1.004126   0.999861
   457.43783    0.990210   0.999880
   457.45517    1.006595   0.999897
   457.47233    0.997191   0.999913
   457.48934    1.014871   0.999926
   457.50666    1.032309   0.999939
   457.52383    1.013599   0.999950
   457.54101    1.001638   0.999959
   457.55833    0.994307   0.999967
   457.57534    1.008474   0.999974
   457.59250    1.002118   0.999980
   457.60984    0.992934   0.999985
   457.62683    1.014705   0.999989
   457.64400    1.002445   0.999992
   457.66217    0.995717   0.999995
   457.67951    0.996955   0.999997
   457.69650    1.011938   0.999998
   457.71366    1.007818   0.999999
   457.73100    1.007443   0.999999
   457.74801    1.013707   1.000000
   457.76517    1.021567   1.000000
   457.78249    1.002232   1.000000
   457.79967    1.002870   1.000000
   457.81667    0.998003   1.000000
   457.83400    1.010896   1.000000
   457.85117    1.017615   1.000000
   457.86833    1.017816   1.000000
   457.88550    1.013746   1.000000
   457.90266    0.993506   1.000000
   457.91983    0.988823   1.000000
   457.93701    1.015285   1.000000
   457.95417    1.002574   1.000000
   457.97134    1.005527   1.000000
   457.98850    1.023957   1.000000
   458.00584    1.006632   1.000000
   458.02300    1.011582   1.000000
   458.04000    1.012693   1.000000
   458.05733    1.004076   1.000000
   458.07450    1.030341   1.000000
   458.09166    1.004335   1.000000
   458.10883    1.012647   1.000000
   458.12601    0.994206   1.000000
   458.14317    0.995756   1.000000
   458.16034    1.003530   1.000000
   458.17750    1.003818   1.000000
   458.19467    0.993429   1.000000
   458.21183    0.999202   1.000000
   458.22900    1.011530   1.000000
   458.24616    1.006428   1.000000
   458.26334    1.007528   1.000000
   458.28050    1.015226   1.000000
   458.29767    1.055737   1.000000
   458.31483    1.006359   1.000000
   458.33200    1.026858   1.000000
   458.34916    1.021178   1.000000
   458.36650    0.997432   1.000000
   458.38349    1.022190   1.000000
   458.40067    0.983181   1.000000
   458.41799    0.998055   1.000000
   458.43500    1.023210   1.000000
   458.45217    0.994479   1.000000
   458.46950    0.996692   1.000000
   458.48683    1.010323   1.000000
   458.50401    0.998402   1.000000
   458.52117    1.011328   1.000000
   458.53834    0.997665   1.000000
   458.55550    1.006001   1.000000
   458.57267    1.001885   1.000000
   458.58983    1.006899   1.000000
   458.60700    0.989213   1.000000
   458.62416    1.057735   1.000000
   458.64134    1.039475   1.000000
   458.65833    1.037629   1.000000
   458.67567    1.016426   1.000000
   458.69283    1.004787   1.000000
   458.71000    1.007390   1.000000
   458.72716    1.009527   1.000000
   458.74433    1.031557   1.000000
   458.76151    1.007152   1.000000
   458.77867    1.008170   1.000000
   458.79584    1.000844   1.000000
   458.81300    1.001815   1.000000
   458.83017    0.996512   1.000000
   458.84733    1.008282   1.000000
   458.86450    1.011766   1.000000
   458.88166    0.991197   1.000000
   458.89884    0.984790   1.000000
   458.91600    0.999224   1.000000
   458.93317    1.016086   1.000000
   458.95049    0.985339   1.000000
   458.96767    0.994588   1.000000
   458.98466    1.001063   1.000000
   459.00200    1.039802   1.000000
   459.01917    1.030942   1.000000
   459.03633    1.009836   1.000000
   459.05350    1.005146   1.000000
   459.07066    1.021397   1.000000
   459.08784    0.980960   1.000000
   459.10500    0.978865   1.000000
   459.12217    1.003806   1.000000
   459.13933    1.004608   1.000000
   459.15650    1.003365   1.000000
   459.17366    1.003572   1.000000
   459.19083    1.009749   1.000000
   459.20817    1.020021   1.000000
   459.22517    1.016748   1.000000
   459.24234    0.978616   1.000000
   459.25950    0.970047   1.000000
   459.27667    1.015393   1.000000
   459.29383    1.025599   1.000000
   459.31100    1.040583   1.000000
   459.32816    1.031953   1.000000
   459.34533    0.992092   1.000000
   459.36266    0.998079   1.000000
   459.37967    1.007069   1.000000
   459.39683    1.000539   1.000000
   459.41417    0.988099   1.000000
   459.43134    1.009633   1.000000
   459.44850    1.021896   1.000000
   459.46567    1.004848   1.000000
   459.48283    1.026254   1.000000
   459.50000    1.033983   1.000000
   459.51733    0.981775   1.000000
   459.53433    1.030976   1.000000
   459.55151    1.041415   1.000000
   459.56883    1.005384   1.000000
   459.58584    1.007555   1.000000
   459.60300    1.025950   1.000000
   459.62034    1.009580   1.000000
   459.63733    0.997717   1.000000
   459.65449    0.949489   1.000000
   459.67183    1.028213   1.000000
   459.68884    1.017068   1.000000
   459.70600    0.994206   1.000000
   459.72333    1.021327   1.000000
   459.74033    1.031043   1.000000
   459.75750    1.033495   1.000000
   459.79183    1.052971   1.000000
   459.80901    1.061592   1.000000
   459.82633    0.969202   1.000000
   459.84349    0.987011   1.000000
   459.86050    1.000831   1.000000
   459.87784    1.048460   1.000000
   459.89500    0.980640   1.000000
   459.91217    1.005598   1.000000
   459.92951    0.969406   1.000000
   459.94650    1.023399   1.000000
   459.96366    0.996444   1.000000
   459.98100    1.012299   1.000000
   460.01517    1.032556   1.000000
   460.03249    0.998593   1.000000
   460.04950    0.944037   1.000000
   460.06667    0.881485   1.000000
   460.08400    0.960476   1.000000
   460.10117    0.995094   1.000000
   460.11816    1.009784   1.000000
   460.13550    1.028305   1.000000
   460.15266    1.034222   1.000000
   460.20417    1.024011   1.000000
   460.22116    1.004639   1.000000
   460.23850    1.025960   1.000000
   460.27267    0.999130   1.000000
   460.29000    1.006494   1.000000
   460.30716    1.001917   1.000000
   460.32434    0.999990   1.000000
   460.34150    1.016765   1.000000
   460.35867    0.996272   1.000000
   460.37583    1.003211   1.000000
   460.39317    1.005375   1.000000
   460.41034    1.010599   1.000000
   460.42733    0.996082   1.000000
   460.44467    0.992638   1.000000
   460.46183    0.983660   1.000000
   460.47884    1.014010   1.000000
   460.49616    1.018710   1.000000
   460.51334    1.006109   1.000000
   460.53050    0.983761   1.000000
   460.54767    0.999677   1.000000
   460.56483    1.013763   1.000000
   460.58200    1.022753   1.000000
   460.59916    1.036296   1.000000
   460.61633    1.028515   1.000000
   460.63351    0.999154   1.000000
   460.65067    1.034622   1.000000
   460.66784    1.030644   1.000000
