  1373.68152    0.958034   1.000000
  1373.76072    1.015268   1.000000
  1373.81486    0.991245   1.000000
  1373.86901    0.995820   1.000000
  1373.92315    0.987599   1.000000
  1373.97730    1.008744   1.000000
  1374.03878    0.987599   1.000000
  1374.12418    1.017140   1.000000
  1374.16997    0.995820   1.000000
  1374.21590    0.973152   1.000000
  1374.26170    0.986690   1.000000
  1374.30749    0.987599   1.000000
  1374.35328    1.039874   1.000000
  1374.39922    0.975845   1.000000
  1374.44501    0.986690   1.000000
  1374.49080    1.064096   1.000000
  1374.53674    0.974947   1.000000
  1374.58253    0.969574   1.000000
  1374.62832    0.996738   1.000000
  1374.67411    0.993072   1.000000
  1374.72005    1.028444   1.000000
  1374.76584    0.962456   1.000000
  1374.81062    1.010604   1.000000
  1374.85656    0.950125   1.000000
  1374.90235    1.010604   1.000000
  1374.94814    0.967789   1.000000
  1374.99394    0.979447   1.000000
  1375.03886    0.970467   1.000000
  1375.08466    0.990332   1.000000
  1375.13045    0.997656   1.000000
  1375.17638    0.983968   1.000000
  1375.22117    1.053370   1.000000
  1375.26696    1.029392   1.000000
  1375.31290    0.971361   1.000000
  1375.35869    0.983968   1.000000
  1375.40448    0.982157   1.000000
  1375.45027    1.015268   1.000000
  1375.49621    0.973152   1.000000
  1375.54200    0.983968   1.000000
  1375.58779    0.996738   1.000000
  1375.63373    0.994903   1.000000
  1375.67952    1.051431   1.000000
  1375.72531    1.015268   1.000000
  1375.77110    0.993987   1.000000
  1375.81704    1.008744   1.000000
  1375.86283    1.003184   1.000000
  1375.90862    1.004109   1.000000
  1375.95456    1.046600   1.000000
  1375.99920    1.011535   1.000000
  1376.04499    1.055312   1.000000
  1376.09078    1.016204   1.000000
  1376.13787    0.981253   1.000000
  1376.18366    1.012467   1.000000
  1376.22946    0.996738   1.000000
  1376.27539    1.006887   1.000000
  1376.32118    0.983062   1.000000
  1376.36698    1.015268   1.000000
  1376.41277    1.003184   1.000000
  1376.45870    1.011535   1.000000
  1376.50450    0.987599   1.000000
  1376.55029    1.001338   1.000000
  1376.59622    0.981253   1.000000
  1376.64202    0.993987   1.000000
  1376.68781    1.005960   1.000000
  1376.73360    0.998575   1.000000
  1376.77954    1.007815   1.000000
  1376.82533    1.008744   1.000000
  1376.87112    0.975845   1.000000
  1376.91706    0.972256   1.000000
  1376.96285    0.981253   1.000000
  1377.00864    0.996738   1.000000
  1377.05443    1.014334   1.000000
  1377.10037    1.012467   1.000000
  1377.14616    1.024662   1.000000
  1377.19080    1.008744   1.000000
  1377.23674    1.002261   1.000000
  1377.28253    1.005960   1.000000
  1377.32832    0.993072   1.000000
  1377.37411    0.998575   1.000000
  1377.42005    0.998575   1.000000
  1377.46584    0.988509   1.000000
  1377.51163    1.048530   1.000000
  1377.55757    0.985782   1.000000
  1377.60336    1.004109   1.000000
  1377.64915    1.021835   1.000000
  1377.69494    0.995820   1.000000
  1377.74088    1.003184   1.000000
  1377.78667    1.019955   1.000000
  1377.83246    1.021835   1.000000
  1377.87840    0.961570   1.000000
  1377.92419    0.995820   1.000000
  1377.96998    1.011535   1.000000
  1378.01578    0.970467   1.000000
  1378.06171    0.983062   1.000000
  1378.11096    0.995820   1.000000
  1378.15690    0.991245   1.000000
  1378.20154    1.012467   1.000000
  1378.24733    1.000416   1.000000
  1378.29312    1.027498   1.000000
  1378.33906    1.010604   1.000000
  1378.38485    0.980349   1.000000
  1378.43064    1.008744   1.000000
  1378.47643    0.974947   1.000000
  1378.52237    0.995820   1.000000
  1378.56816    0.966008   1.000000
  1378.61395    1.008744   1.000000
  1378.65989    0.997656   1.000000
  1378.75147    0.978545   1.000000
  1378.79726    1.003184   1.000000
  1378.84320    0.962456   1.000000
  1378.88899    0.999495   1.000000
  1378.93478    1.043712   1.000000
  1378.98072    1.019016   1.000000
  1379.02651    1.002261   1.000000
  1379.44944    0.962456   1.000000
  1379.53181    0.994903   1.000000
  1379.57760    1.019016   1.000000
  1379.62354    0.976744   1.000000
  1379.66933    0.989420   1.000000
  1379.71512    0.973152   1.000000
  1379.76106    1.032240   1.000000
  1379.80685    0.989420   1.000000
  1379.85264    0.953632   1.000000
  1379.89843    0.992158   1.000000
  1379.94437    1.053370   1.000000
  1379.99016    0.992158   1.000000
  1380.03595    0.987599   1.000000
  1380.08189    0.938817   1.000000
  1380.12768    1.000416   1.000000
  1380.17347    0.987599   1.000000
  1380.21926    0.954511   0.999674
  1380.26520    1.007815   0.998717
  1380.31099    1.029392   0.997469
  1380.35678    1.018077   0.995983
  1380.40272    0.999495   0.994264
  1380.44851    0.981253   0.992362
  1380.49315    1.003184   0.990282
  1380.53894    0.969574   0.987993
  1380.58488    1.015268   0.985568
  1380.63067    0.981253   0.982967
  1380.67646    0.958034   0.980260
  1380.72240    0.969574   0.977412
  1380.76819    0.984874   0.974483
  1380.81398    0.967789   0.971453
  1380.85978    0.960685   0.968340
  1380.90470    0.937952   0.965150
  1380.95050    0.948377   0.961894
  1380.99629    0.923381   0.958466
  1381.04222    0.979447   0.954991
  1381.08802    0.948377   0.951444
  1381.13381    0.936226   0.947882
  1381.17960    0.945760   0.944278
  1381.22554    0.899872   0.940532
  1381.27133    0.964230   0.936818
  1381.31712    0.904859   0.933040
  1381.36306    0.935364   0.929283
  1381.40885    0.892444   0.925485
  1381.45464    0.905693   0.921672
  1381.50043    0.898216   0.917771
  1381.54637    0.904859   0.913930
  1381.59216    0.896563   0.910039
  1381.63795    0.839810   0.906185
  1381.68389    0.866524   0.902357
  1381.72968    0.925083   0.898476
  1381.77547    0.901531   0.894672
  1381.82126    0.902362   0.891027
  1381.86720    0.937089   0.887268
  1381.91299    0.882634   0.883580
  1381.95878    0.834412   0.879923
  1382.00472    0.885892   0.876251
  1382.05051    0.917447   0.872603
  1382.09630    0.824481   0.869100
  1382.14210    0.886708   0.865648
  1382.18803    0.894089   0.862298
  1382.23382    0.887525   0.858977
  1382.27962    0.849925   0.855670
  1382.32555    0.894089   0.852616
  1382.37134    0.889981   0.849493
  1382.41714    0.861749   0.846537
  1382.46293    0.851492   0.843647
  1382.50886    0.824481   0.840879
  1382.55466    0.840583   0.838250
  1382.60045    0.853848   0.835688
  1382.64638    0.821449   0.833236
  1382.69218    0.839036   0.830906
  1382.73797    0.823722   0.828715
  1382.78390    0.857790   0.826637
  1382.82970    0.831344   0.824732
  1382.87549    0.819938   0.822903
  1382.92128    0.832877   0.821276
  1382.96722    0.833644   0.819768
  1383.01301    0.826763   0.818356
  1383.05880    0.838264   0.817139
  1383.10474    0.828287   0.816064
  1383.15053    0.781593   0.815160
  1383.19632    0.804972   0.814429
  1383.24211    0.814668   0.813775
  1383.28805    0.829814   0.813329
  1383.33384    0.793197   0.813036
  1383.37963    0.842133   0.812880
  1383.42557    0.799063   0.812890
  1383.47136    0.801274   0.813104
  1383.51715    0.784478   0.813380
  1383.56294    0.801274   0.813905
  1383.60888    0.793197   0.814541
  1383.65467    0.835951   0.815359
  1383.70046    0.822964   0.816279
  1383.74640    0.836721   0.817355
  1383.79219    0.821449   0.818662
  1383.83798    0.832877   0.820107
  1383.88378    0.783034   0.821547
  1383.92971    0.807199   0.823276
  1383.97550    0.847580   0.825079
  1384.02130    0.816922   0.827041
  1384.06723    0.788825   0.829141
  1384.11302    0.829814   0.831344
  1384.15781    0.850709   0.833636
  1384.20360    0.829814   0.836063
  1384.24954    0.809433   0.838654
  1384.29533    0.854635   0.841283
  1384.34112    0.833644   0.844085
  1384.38706    0.865727   0.846923
  1384.43285    0.833644   0.849861
  1384.47864    0.857000   0.852926
  1384.52443    0.861749   0.855998
  1384.57037    0.832877   0.859177
  1384.61616    0.888343   0.862575
  1384.66195    0.885892   0.865871
  1384.70789    0.897389   0.869235
  1384.75368    0.853062   0.872684
  1384.79947    0.861749   0.876224
  1384.84526    0.927643   0.879783
  1384.89120    0.874542   0.883401
  1384.93699    0.877770   0.887044
  1384.98278    0.910711   0.890738
  1385.02973    0.866524   0.894445
  1385.07552    0.914915   0.898190
  1385.12131    0.882634   0.901896
  1385.16710    0.883448   0.905593
  1385.21304    0.918292   0.909370
  1385.25883    0.911551   0.913083
  1385.30462    0.921681   0.916777
  1385.35056    0.895738   0.920520
  1385.39635    0.949250   0.924262
  1385.44214    0.881822   0.927860
  1385.48794    0.929353   0.931530
  1385.53387    0.966008   0.935157
  1385.57966    0.945760   0.938750
  1385.62546    0.922531   0.942289
  1385.67139    0.937952   0.945729
  1385.71718    0.946631   0.949235
  1385.76197    0.933643   0.952535
  1385.80790    0.967789   0.955838
  1385.85370    0.941414   0.959076
  1385.89949    0.946631   0.962287
  1385.94528    0.962456   0.965372
  1385.99122    1.005034   0.968399
  1386.03701    0.948377   0.971324
  1386.08280    0.994903   0.974153
  1386.12874    1.003184   0.976890
  1386.17453    0.990332   0.979478
  1386.22032    0.970467   0.982021
  1386.26611    0.992158   0.984358
  1386.31205    0.967789   0.986640
  1386.35784    0.992158   0.988801
  1386.40363    0.980349   0.990729
  1386.44856    0.975845   0.992559
  1386.49435    1.010604   0.994260
  1386.54014    1.034143   0.995805
  1386.58594    1.010604   0.997098
  1386.63187    1.037005   0.998208
  1386.67766    0.974947   0.999079
  1386.72346    1.023719   0.999698
  1386.76939    1.016204   0.999985
  1386.81518    0.994903   1.000000
  1386.86112    1.032240   1.000000
  1386.90677    0.983062   1.000000
  1386.95371    0.998575   1.000000
  1386.99950    0.996738   1.000000
  1387.04630    1.007815   1.000000
  1387.09210    0.991245   1.000000
  1387.13904    1.011535   1.000000
  1387.18382    0.970467   1.000000
  1387.22962    1.032240   1.000000
  1387.27555    1.011535   1.000000
  1387.32134    1.025607   1.000000
  1387.36714    0.981253   1.000000
  1387.41307    1.010604   1.000000
  1387.45886    1.013400   1.000000
  1387.50566    1.019016   1.000000
  1387.55146    0.986690   1.000000
  1387.59739    1.031290   1.000000
  1387.64318    1.022777   1.000000
  1387.68898    1.014334   1.000000
  1387.73477    1.002261   1.000000
  1387.78070    1.007815   1.000000
  1387.82650    0.968681   1.000000
  1387.87229    0.956271   1.000000
  1387.91822    1.054340   1.000000
  1387.96402    1.033191   1.000000
  1388.00981    1.020894   1.000000
  1388.05560    1.002261   1.000000
  1388.10154    0.974947   1.000000
  1388.14733    0.993072   1.000000
  1388.19312    1.004109   1.000000
  1388.23906    0.997656   1.000000
  1388.28485    0.983968   1.000000
  1388.33064    0.991245   1.000000
  1388.37643    0.994903   1.000000
  1388.42237    1.021835   1.000000
  1388.46816    0.980349   1.000000
  1388.51395    1.014334   1.000000
  1388.55989    1.025607   1.000000
  1388.60568    1.016204   1.000000
  1388.65147    1.040832   1.000000
  1388.69726    0.986690   1.000000
  1388.74320    0.993987   1.000000
  1388.78899    1.036050   1.000000
  1388.83478    1.002261   1.000000
  1388.88072    1.047565   1.000000
  1388.92651    0.958917   1.000000
  1388.97230    1.036050   1.000000
  1389.01810    1.013400   1.000000
  1389.06403    1.055312   1.000000
  1389.10982    1.048530   1.000000
  1389.15562    1.025607   1.000000
  1389.20155    1.031290   1.000000
  1389.24734    0.974947   1.000000
  1389.29314    1.010604   1.000000
  1389.33907    1.004109   1.000000
  1389.38486    1.032240   1.000000
  1389.43066    0.973152   1.000000
  1389.47645    0.994903   1.000000
  1389.52238    0.997656   1.000000
  1389.56818    0.958034   1.000000
  1389.61397    1.001338   1.000000
  1389.65990    0.992158   1.000000
  1389.70570    0.976744   1.000000
  1389.75149    1.025607   1.000000
  1389.79627    0.980349   1.000000
  1389.84221    1.020894   1.000000
  1389.88800    0.982157   1.000000
  1389.93379    1.048530   1.000000
  1389.97973    1.019955   1.000000
  1390.02552    1.037960   1.000000
  1390.07131    1.046600   1.000000
  1390.11710    0.986690   1.000000
  1390.16304    0.980349   1.000000
  1390.20883    0.994903   1.000000
  1390.25462    1.005034   1.000000
  1390.30056    0.951877   1.000000
  1390.34534    0.998575   1.000000
  1390.39114    1.002261   1.000000
  1390.43693    0.963343   1.000000
  1390.48286    1.002261   1.000000
  1390.52866    1.035096   1.000000
  1390.57445    0.984874   1.000000
  1390.62038    0.972256   1.000000
  1390.66618    1.015268   1.000000
  1390.71197    0.988509   1.000000
  1390.75790    1.030341   1.000000
  1390.80370    1.000416   1.000000
  1390.84949    0.994903   1.000000
  1390.89528    1.015268   1.000000
  1390.94122    0.962456   1.000000
  1390.98701    0.993072   1.000000
  1391.03280    1.011535   1.000000
  1391.07874    1.029392   1.000000
  1391.12453    1.002261   1.000000
  1391.17032    1.001338   1.000000
  1391.21611    1.002261   1.000000
  1391.26205    1.005034   1.000000
  1391.30885    0.958917   1.000000
  1391.35464    0.974049   1.000000
  1391.40043    1.010604   1.000000
  1391.44637    0.958034   1.000000
  1391.49216    0.966898   1.000000
  1391.53795    0.948377   1.000000
  1391.58389    0.989420   1.000000
  1391.62968    1.009673   1.000000
  1391.67547    0.961570   1.000000
  1391.72126    0.984874   1.000000
  1391.76720    0.998575   1.000000
  1391.81299    0.960685   1.000000
  1391.85878    0.991245   1.000000
  1391.90472    0.977644   1.000000
  1391.95051    1.000416   1.000000
  1391.99630    1.001338   1.000000
  1392.04210    1.011535   1.000000
  1392.08803    1.050463   1.000000
  1392.13382    1.019955   1.000000
