   771.88320    0.969445   1.000000
   771.91680    1.005558   1.000000
   771.93360    1.021291   1.000000
   771.94980    1.014604   1.000000
   771.96660    1.014613   1.000000
   772.00020    1.029287   1.000000
   772.01640    1.023537   1.000000
   772.03320    1.016686   1.000000
   772.05000    1.022765   1.000000
   772.08360    1.025896   1.000000
   772.09980    1.021499   1.000000
   772.11660    0.993720   1.000000
   772.15020    0.996487   1.000000
   772.16640    1.000702   1.000000
   772.18320    0.989210   1.000000
   772.20000    0.960217   1.000000
   772.23360    0.981587   1.000000
   772.24980    1.004596   1.000000
   772.26660    1.010103   1.000000
   772.30020    0.994206   1.000000
   772.31640    0.989748   1.000000
   772.33320    0.992636   1.000000
   772.35000    0.987588   1.000000
   772.38360    0.982740   1.000000
   772.39980    0.966626   1.000000
   772.41660    0.987727   1.000000
   772.45020    0.991829   1.000000
   772.46640    1.012254   1.000000
   772.48320    1.007397   1.000000
   772.50000    0.980260   1.000000
   772.53360    0.989869   1.000000
   772.54980    1.029374   1.000000
   772.56660    0.996096   1.000000
   772.58340    0.984336   1.000000
   772.61640    0.996755   1.000000
   772.63320    1.014110   1.000000
   772.65000    1.000693   1.000000
   772.68360    1.007050   1.000000
   772.69980    0.987085   1.000000
   772.71660    0.989774   1.000000
   772.73340    0.986895   1.000000
   772.76640    0.996010   1.000000
   772.78320    1.008004   1.000000
   772.80000    1.025185   1.000000
   772.83360    1.008065   1.000000
   772.84980    1.003182   1.000000
   772.86660    1.023919   1.000000
   772.88340    1.012861   1.000000
   772.91640    0.975932   1.000000
   772.93320    0.998932   1.000000
   772.95000    0.996148   1.000000
   772.98360    0.996409   1.000000
   772.99980    1.021187   1.000000
   773.01660    0.980572   1.000000
   773.03340    0.987701   1.000000
   773.06640    1.010493   1.000000
   773.08320    1.011109   1.000000
   773.10000    1.005532   1.000000
   773.11680    1.020658   1.000000
   773.14980    1.012072   1.000000
   773.16660    1.001092   1.000000
   773.18340    1.010953   1.000000
   773.21640    1.007649   1.000000
   773.23320    1.006712   1.000000
   773.25000    1.003754   1.000000
   773.26680    1.029625   1.000000
   773.29980    1.018810   1.000000
   773.31660    0.989687   1.000000
   773.33340    0.965273   1.000000
   773.36640    0.969011   1.000000
   773.38320    0.991604   1.000000
   773.40000    0.960338   1.000000
   773.41680    0.972116   1.000000
   773.44980    0.941848   1.000000
   773.46660    0.985585   1.000000
   773.48340    1.000207   1.000000
   773.51640    1.006998   1.000000
   773.53320    0.963998   1.000000
   773.55000    0.991127   1.000000
   773.56680    0.968187   1.000000
   773.59980    1.028654   1.000000
   773.61660    0.999279   1.000000
   773.63340    0.978369   1.000000
   773.65020    1.019201   1.000000
   773.68320    1.013216   1.000000
   773.70000    0.979982   1.000000
   773.71680    0.995611   1.000000
   773.74980    0.961873   1.000000
   773.76660    0.990173   1.000000
   773.78340    0.994579   1.000000
   773.80020    1.017137   1.000000
   773.83320    0.985923   1.000000
   773.85000    0.975299   1.000000
   773.86680    0.997605   1.000000
   773.89980    1.034075   1.000000
   773.91660    1.019903   1.000000
   773.93340    0.938535   1.000000
   773.95020    0.948474   1.000000
   773.98320    0.961396   1.000000
   774.00000    1.004708   1.000000
   774.01680    1.006313   1.000000
   774.04980    0.990095   1.000000
   774.06660    1.011517   1.000000
   774.08340    1.015619   1.000000
   774.10020    1.008429   1.000000
   774.13320    1.016729   1.000000
   774.15000    1.036520   1.000000
   774.16680    1.005220   1.000000
   774.18360    1.024118   1.000000
   774.21660    1.005619   1.000000
   774.23340    0.991855   1.000000
   774.25020    1.003199   1.000000
   774.28320    0.975906   1.000000
   774.30000    0.997059   1.000000
   774.31680    0.990260   1.000000
   774.33360    0.989644   1.000000
   774.36660    0.958751   1.000000
   774.38340    0.951969   1.000000
   774.40020    0.960815   1.000000
   774.43320    0.970503   1.000000
   774.45000    1.001075   1.000000
   774.46680    0.971023   1.000000
   774.48360    0.993182   1.000000
   774.51660    0.974215   1.000000
   774.53340    0.999097   1.000000
   774.55020    0.953964   1.000000
   774.58320    0.973799   1.000000
   774.60000    0.965403   1.000000
   774.61680    1.012653   1.000000
   774.63360    1.024404   1.000000
   774.66660    0.981361   1.000000
   774.68340    0.965334   1.000000
   774.70020    0.966635   1.000000
   774.71640    0.978326   0.999999
   774.75000    0.989939   0.999995
   774.76680    0.986470   0.999990
   774.78360    0.990242   0.999981
   774.81660    0.978517   0.999955
   774.83340    0.989349   0.999934
   774.85020    1.017258   0.999908
   774.86640    0.979063   0.999876
   774.90000    1.007995   0.999789
   774.91680    1.009860   0.999733
   774.93360    0.982359   0.999667
   774.96660    0.987085   0.999508
   774.98340    1.007900   0.999409
   775.00020    1.001604   0.999298
   775.01640    1.012306   0.999178
   775.05000    0.991777   0.998885
   775.06680    0.994353   0.998716
   775.08360    1.009149   0.998530
   775.11660    1.011161   0.998112
   775.13340    0.974666   0.997871
   775.15020    0.985377   0.997611
   775.16640    0.998490   0.997340
   775.20000    0.986686   0.996715
   775.21680    0.983503   0.996368
   775.23360    0.966834   0.995998
   775.24980    0.995264   0.995617
   775.28340    0.941562   0.994754
   775.30020    0.948075   0.994282
   775.31640    0.953287   0.993802
   775.35000    0.974796   0.992723
   775.36680    0.966609   0.992140
   775.38360    0.976817   0.991526
   775.39980    0.946436   0.990906
   775.43340    0.954979   0.989527
   775.45020    0.959272   0.988790
   775.46640    0.971110   0.988047
   775.50000    0.962411   0.986407
   775.51680    0.980546   0.985536
   775.53360    0.995038   0.984629
   775.54980    0.970546   0.983721
   775.58340    0.971951   0.981731
   775.60020    0.965533   0.980681
   775.61640    0.974883   0.979633
   775.65000    0.966982   0.977348
   775.66680    0.965681   0.976148
   775.68360    0.939012   0.974909
   775.69980    0.976192   0.973677
   775.73340    0.946800   0.971006
   775.75020    0.943982   0.969612
   775.76640    0.987744   0.968229
   775.78320    0.955707   0.966755
   775.81680    0.952871   0.963686
   775.83360    0.961396   0.962091
   775.84980    0.956401   0.960514
   775.88340    0.985290   0.957123
   775.90020    0.943158   0.955367
   775.91640    0.926567   0.953634
   775.93320    0.923696   0.951798
   775.96680    0.965924   0.948003
   775.98360    0.918882   0.946046
   775.99980    0.924771   0.944120
   776.03340    0.908718   0.940008
   776.05020    0.946020   0.937893
   776.06640    0.932828   0.935817
   776.08320    0.942993   0.933626
   776.11680    0.941310   0.929130
   776.13360    0.916810   0.926825
   776.14980    0.943452   0.924569
   776.18340    0.933123   0.919783
   776.20020    0.916341   0.917338
   776.21640    0.925526   0.914948
   776.23320    0.933574   0.912437
   776.26680    0.905943   0.907320
   776.28360    0.908059   0.904715
   776.29980    0.897565   0.902177
   776.31660    0.903783   0.899516
   776.35020    0.901433   0.894110
   776.36640    0.905769   0.891466
   776.38320    0.921007   0.888697
   776.41680    0.884521   0.883083
   776.43360    0.876134   0.880239
   776.44980    0.884295   0.877474
   776.46660    0.860254   0.874583
   776.50020    0.863750   0.868731
   776.51640    0.850558   0.865878
   776.53320    0.888294   0.862898
   776.56680    0.858737   0.856873
   776.58360    0.878953   0.853830
   776.59980    0.884556   0.850877
   776.61660    0.863836   0.847794
   776.65020    0.861677   0.841573
   776.66640    0.836231   0.838546
   776.68320    0.839370   0.835390
   776.71680    0.840584   0.829026
   776.73360    0.855207   0.825818
   776.74980    0.820585   0.822709
   776.76660    0.832059   0.819470
   776.80020    0.824228   0.812944
   776.81640    0.828651   0.809776
   776.83320    0.839995   0.806477
   776.85000    0.851417   0.803164
   776.88360    0.814028   0.796497
   776.89980    0.841044   0.793264
   776.91660    0.818686   0.789899
   776.95020    0.797359   0.783132
   776.96640    0.809761   0.779853
   776.98320    0.821314   0.776442
   777.00000    0.776874   0.773020
   777.03360    0.794636   0.766145
   777.04980    0.788912   0.762817
   777.06660    0.789502   0.759357
   777.10020    0.811375   0.752409
   777.11640    0.776146   0.749048
   777.13320    0.754993   0.745554
   777.15000    0.748341   0.742054
   777.18360    0.775009   0.735032
   777.19980    0.758418   0.731637
   777.21660    0.743839   0.728111
   777.25020    0.734022   0.721043
   777.26640    0.757577   0.717628
   777.28320    0.767412   0.714082
   777.30000    0.735514   0.710533
   777.33360    0.743475   0.703423
   777.34980    0.738670   0.699991
   777.36660    0.742972   0.696429
   777.38340    0.700337   0.692865
   777.41640    0.705350   0.685861
   777.43320    0.730024   0.682293
   777.45000    0.703867   0.678724
   777.48360    0.711915   0.671587
   777.49980    0.717882   0.668147
   777.51660    0.720102   0.664580
   777.53340    0.691308   0.661014
   777.56640    0.693572   0.654016
   777.58320    0.667848   0.650457
   777.60000    0.681326   0.646900
   777.63360    0.673625   0.639798
   777.64980    0.651743   0.636379
   777.66660    0.672324   0.632838
   777.68340    0.671933   0.629301
   777.71640    0.653096   0.622371
   777.73320    0.674951   0.618852
   777.75000    0.658308   0.615338
   777.78360    0.645958   0.608333
   777.79980    0.625326   0.604967
   777.81660    0.636514   0.601484
   777.83340    0.628309   0.598009
   777.86640    0.605803   0.591210
   777.88320    0.625621   0.587762
   777.90000    0.606280   0.584325
   777.91680    0.596324   0.580899
   777.94980    0.572803   0.574201
   777.96660    0.567921   0.570808
   777.98340    0.586012   0.567428
   778.01640    0.565041   0.560826
   778.03320    0.579516   0.557485
   778.05000    0.571355   0.554157
   778.06680    0.567964   0.550844
   778.09980    0.559369   0.544381
   778.11660    0.556655   0.541113
   778.13340    0.566516   0.537862
   778.16640    0.531729   0.531524
   778.18320    0.527913   0.528324
   778.20000    0.548598   0.525141
   778.21680    0.552414   0.521977
   778.24980    0.522189   0.515816
   778.26660    0.508737   0.512709
   778.28340    0.506951   0.509623
   778.31640    0.490290   0.503620
   778.33320    0.504106   0.500596
   778.35000    0.513455   0.497594
   778.36680    0.495260   0.494615
   778.39980    0.502918   0.488829
   778.41660    0.486960   0.485919
   778.43340    0.491158   0.483034
   778.45020    0.484861   0.480173
   778.48320    0.479658   0.474628
   778.50000    0.451957   0.471844
   778.51680    0.474835   0.469086
   778.54980    0.461358   0.463749
   778.56660    0.460794   0.461074
   778.58340    0.427699   0.458427
   778.60020    0.428158   0.455809
   778.63320    0.425374   0.450753
   778.65000    0.384899   0.448224
   778.66680    0.417751   0.445726
   778.69980    0.396485   0.440911
   778.71660    0.420917   0.438507
   778.73340    0.416207   0.436136
   778.75020    0.422157   0.433799
   778.78320    0.435582   0.429306
   778.80000    0.412834   0.427069
   778.81680    0.396355   0.424868
   778.84980    0.413606   0.420648
   778.86660    0.406529   0.418553
   778.88340    0.394083   0.416495
   778.90020    0.396876   0.414475
   778.93320    0.392375   0.410616
   778.95000    0.404707   0.408708
   778.96680    0.392435   0.406840
   778.98360    0.379972   0.405011
   779.01660    0.385540   0.401534
   779.03340    0.373936   0.399824
   779.05020    0.374621   0.398156
   779.08320    0.385245   0.394998
   779.10000    0.394742   0.393453
   779.11680    0.381360   0.391951
   779.13360    0.360268   0.390492
   779.16660    0.362714   0.387751
   779.18340    0.352167   0.386421
   779.20020    0.347727   0.385135
   779.23320    0.361040   0.382740
   779.25000    0.364691   0.381587
   779.26680    0.332324   0.380480
   779.28360    0.342888   0.379419
   779.31660    0.337727   0.377469
   779.33340    0.343529   0.376546
   779.35020    0.332125   0.375669
   779.38320    0.351370   0.374085
   779.40000    0.331500   0.373349
   779.41680    0.330364   0.372661
   779.43360    0.338664   0.372021
   779.46660    0.338204   0.370905
   779.48340    0.335134   0.370408
   779.50020    0.354032   0.369960
   779.51640    0.343104   0.369575
   779.55000    0.353798   0.368921
   779.56680    0.344006   0.368668
   779.58360    0.352298   0.368464
   779.61660    0.355307   0.368208
   779.63340    0.349947   0.368151
   779.65020    0.367440   0.368144
   779.66640    0.358655   0.368184
   779.70000    0.340338   0.368414
   779.71680    0.355480   0.368603
   779.73360    0.354622   0.368842
   779.76660    0.369791   0.369457
   779.78340    0.348230   0.369843
   779.80020    0.361794   0.370278
   779.81640    0.351335   0.370744
   779.85000    0.342862   0.371858
   779.86680    0.345446   0.372488
   779.88360    0.367449   0.373167
   779.91660    0.354648   0.374643
   779.93340    0.356174   0.375466
   779.95020    0.369556   0.376336
   779.96640    0.356894   0.377222
   780.00000    0.372340   0.379199
   780.01680    0.367267   0.380259
   780.03360    0.352107   0.381365
   780.04980    0.372878   0.382477
   780.08340    0.356695   0.384919
   780.10020    0.372271   0.386209
   780.11640    0.383337   0.387497
   780.15000    0.378507   0.390300
   780.16680    0.386191   0.391769
   780.18360    0.385714   0.393283
   780.19980    0.380814   0.394783
   780.23340    0.381447   0.398024
   780.25020    0.397110   0.399709
   780.26640    0.386676   0.401374
   780.30000    0.389114   0.404951
   780.31680    0.362063   0.406802
   780.33360    0.385315   0.408693
   780.34980    0.397188   0.410555
   780.38340    0.399478   0.414534
   780.40020    0.385688   0.416583
   780.41640    0.398489   0.418594
   780.45000    0.383953   0.422879
   780.46680    0.413909   0.425078
   780.48360    0.429295   0.427313
   780.49980    0.412946   0.429502
   780.53340    0.430942   0.434149
   780.55020    0.416858   0.436525
   780.56640    0.424316   0.438848
   780.58320    0.430275   0.441290
   780.61680    0.427508   0.446275
   780.63360    0.420873   0.448815
   780.64980    0.428930   0.451296
   780.68340    0.445166   0.456532
   780.70020    0.445044   0.459195
   780.71640    0.450890   0.461792
   780.73320    0.441653   0.464514
   780.76680    0.473456   0.470042
   780.78360    0.457776   0.472848
   780.79980    0.478938   0.475580
   780.83340    0.486318   0.481324
   780.85020    0.466544   0.484235
   780.86640    0.480213   0.487066
   780.88320    0.491713   0.490025
   780.91680    0.498686   0.496017
   780.93360    0.491505   0.499047
   780.94980    0.511296   0.501991
   780.98340    0.501877   0.508161
   781.00020    0.519370   0.511278
   781.01640    0.530922   0.514303
   781.03320    0.530315   0.517460
   781.06680    0.537271   0.523831
   781.08360    0.547618   0.527045
   781.09980    0.519353   0.530161
   781.11660    0.530844   0.533410
   781.15020    0.550436   0.539959
   781.16640    0.553723   0.543140
   781.18320    0.564018   0.546453
   781.21680    0.562656   0.553126
   781.23360    0.558589   0.556483
   781.24980    0.555215   0.559734
   781.26660    0.561936   0.563119
   781.30020    0.558719   0.569925
   781.31640    0.587851   0.573223
   781.33320    0.573636   0.576655
   781.36680    0.593462   0.583552
   781.38360    0.619949   0.587015
   781.39980    0.606289   0.590364
   781.41660    0.625994   0.593846
   781.45020    0.640980   0.600834
   781.46640    0.631787   0.604215
   781.48320    0.642307   0.607729
   781.51680    0.646331   0.614775
   781.53360    0.655923   0.618308
   781.54980    0.649289   0.621719
   781.56660    0.646652   0.625262
   781.60020    0.659644   0.632362
   781.61640    0.675879   0.635791
   781.63320    0.671014   0.639350
   781.65000    0.673278   0.642912
   781.68360    0.669800   0.650044
   781.69980    0.639419   0.653485
   781.71660    0.652463   0.657055
   781.75020    0.694951   0.664198
   781.76640    0.711880   0.667642
   781.78320    0.702141   0.671213
   781.80000    0.703355   0.674784
   781.83360    0.703728   0.681922
   781.84980    0.720197   0.685361
   781.86660    0.697900   0.688925
   781.90020    0.707015   0.696045
   781.91640    0.715263   0.699473
   781.93320    0.721811   0.703025
   781.95000    0.723814   0.706572
   781.98360    0.736632   0.713653
   781.99980    0.738870   0.717059
   782.01660    0.754420   0.720586
   782.05020    0.760630   0.727621
   782.06640    0.759572   0.731004
   782.08320    0.768089   0.734505
   782.10000    0.768011   0.737998
   782.13360    0.753674   0.744960
   782.14980    0.761653   0.748304
   782.16660    0.762330   0.751764
   782.18340    0.799224   0.755214
   782.21640    0.756849   0.761962
   782.23320    0.784896   0.765382
   782.25000    0.784567   0.768791
   782.28360    0.785174   0.775575
   782.29980    0.796908   0.778829
   782.31660    0.817541   0.782191
   782.33340    0.795087   0.785541
   782.36640    0.811817   0.792083
   782.38320    0.837774   0.795393
   782.40000    0.818226   0.798689
   782.43360    0.820706   0.805238
   782.44980    0.843273   0.808373
   782.46660    0.823473   0.811610
   782.48340    0.850792   0.814831
   782.51640    0.848104   0.821109
   782.53320    0.842094   0.824281
   782.55000    0.832345   0.827435
   782.58360    0.855441   0.833690
   782.59980    0.868875   0.836680
   782.61660    0.874478   0.839762
   782.63340    0.870020   0.842825
   782.66640    0.867522   0.848785
   782.68320    0.853559   0.851789
   782.70000    0.859066   0.854772
   782.71680    0.869309   0.857735
   782.74980    0.880896   0.863492
   782.76660    0.853732   0.866390
   782.78340    0.876022   0.869266
   782.81640    0.856143   0.874848
   782.83320    0.868017   0.877655
   782.85000    0.892482   0.880438
   782.86680    0.909048   0.883196
   782.89980    0.916749   0.888542
   782.91660    0.926835   0.891226
   782.93340    0.922707   0.893884
   782.96640    0.908284   0.899028
   782.98320    0.933505   0.901606
   783.00000    0.929706   0.904157
   783.01680    0.912881   0.906679
   783.04980    0.917477   0.911550
   783.06660    0.938145   0.913986
   783.08340    0.948604   0.916392
   783.11640    0.918856   0.921028
   783.13320    0.920279   0.923342
   783.15000    0.953418   0.925623
   783.16680    0.949341   0.927871
   783.19980    0.957424   0.932189
   783.21660    0.939680   0.934335
   783.23340    0.966869   0.936446
   783.25020    0.937780   0.938521
   783.28320    0.950399   0.942490
   783.30000    0.958023   0.944456
   783.31680    0.935387   0.946385
   783.34980    0.946956   0.950064
   783.36660    0.942759   0.951881
   783.38340    0.952385   0.953659
   783.40020    0.974874   0.955399
   783.43320    0.951848   0.958706
   783.45000    0.971301   0.960332
   783.46680    0.966036   0.961920
   783.49980    0.957199   0.964928
   783.51660    0.939133   0.966402
   783.53340    0.979982   0.967838
   783.55020    0.977797   0.969236
   783.58320    0.978369   0.971873
   783.60000    0.982541   0.973160
   783.61680    0.965776   0.974409
   783.64980    0.970286   0.976757
   783.66660    0.976643   0.977898
   783.68340    0.981526   0.979003
   783.70020    0.999340   0.980072
   783.73320    0.963452   0.982070
   783.75000    0.992055   0.983036
   783.76680    1.008880   0.983968
   783.78360    1.009635   0.984866
   783.81660    0.988690   0.986534
   783.83340    1.016772   0.987335
   783.85020    0.993893   0.988104
   783.88320    0.997796   0.989524
   783.90000    1.019704   0.990202
   783.91680    0.962706   0.990850
   783.93360    1.006564   0.991470
   783.96660    0.983269   0.992604
   783.98340    0.995914   0.993140
   784.00020    0.990711   0.993650
   784.03320    0.988421   0.994576
   784.05000    0.999245   0.995011
   784.06680    1.010224   0.995421
   784.08360    0.994050   0.995808
   784.11660    0.971344   0.996503
   784.13340    0.997250   0.996824
   784.15020    1.000433   0.997125
   784.18320    0.988525   0.997658
   784.20000    1.013815   0.997902
   784.21680    0.993052   0.998127
   784.23360    0.987753   0.998336
   784.26660    1.015220   0.998697
   784.28340    1.017856   0.998859
   784.30020    0.985082   0.999006
   784.31640    1.018628   0.999134
   784.35000    1.024639   0.999364
   784.36680    1.016755   0.999461
   784.38360    1.002280   0.999547
   784.41660    0.980060   0.999688
   784.43340    0.972003   0.999746
   784.45020    0.971639   0.999796
   784.46640    0.999062   0.999837
   784.50000    0.966227   0.999904
   784.51680    0.990312   0.999929
   784.53360    1.016928   0.999948
   784.56660    0.983148   0.999976
   784.58340    1.009548   0.999984
   784.60020    1.025480   0.999991
   784.61640    1.006833   0.999995
   784.65000    1.020051   0.999999
   784.66680    1.005047   1.000000
   784.68360    1.038090   1.000000
   784.71660    1.038203   1.000000
   784.73340    1.027978   1.000000
   784.75020    1.017934   1.000000
   784.76640    0.999678   1.000000
   784.80000    1.017483   1.000000
   784.81680    1.006885   1.000000
   784.83360    1.013416   1.000000
   784.84980    1.012254   1.000000
   784.88340    0.979549   1.000000
   784.90020    0.970052   1.000000
   784.91640    0.974198   1.000000
   784.95000    1.002618   1.000000
   784.96680    0.999852   1.000000
   784.98360    0.996955   1.000000
   784.99980    0.990077   1.000000
   785.03340    0.972376   1.000000
   785.05020    1.001057   1.000000
   785.06640    0.966184   1.000000
   785.10000    1.006530   1.000000
   785.11680    1.005983   1.000000
   785.13360    0.987406   1.000000
   785.14980    0.978595   1.000000
   785.18340    0.964120   1.000000
   785.20020    0.980685   1.000000
   785.21640    0.956245   1.000000
   785.25000    0.966123   1.000000
   785.26680    0.988811   1.000000
   785.28360    1.019721   1.000000
   785.29980    1.023424   1.000000
   785.33340    0.995715   1.000000
   785.35020    0.976149   1.000000
   785.36640    1.008273   1.000000
   785.38320    0.982974   1.000000
   785.41680    0.979896   1.000000
   785.43360    1.021360   1.000000
   785.44980    0.984674   1.000000
   785.48340    1.011317   1.000000
   785.50020    0.980147   1.000000
   785.51640    1.005914   1.000000
   785.53320    0.970052   1.000000
   785.56680    0.992879   1.000000
   785.58360    0.945430   1.000000
   785.59980    0.958595   1.000000
   785.63340    0.980824   1.000000
   785.65020    0.971682   1.000000
   785.66640    0.949966   1.000000
   785.68320    0.994162   1.000000
   785.71680    0.968716   1.000000
   785.73360    0.990216   1.000000
   785.74980    0.978144   1.000000
   785.78340    0.988941   1.000000
   785.80020    0.976140   1.000000
   785.81640    0.997094   1.000000
   785.83320    1.000199   1.000000
   785.86680    0.997432   1.000000
   785.88360    1.002219   1.000000
   785.89980    0.967363   1.000000
   785.91660    0.997258   1.000000
   785.95020    0.988820   1.000000
   785.96640    0.978326   1.000000
   785.98320    0.983625   1.000000
   786.01680    0.965169   1.000000
   786.03360    1.007015   1.000000
   786.04980    0.964293   1.000000
   786.06660    1.007492   1.000000
   786.10020    0.987285   1.000000
   786.11640    0.962958   1.000000
   786.13320    0.975837   1.000000
   786.16680    1.014483   1.000000
   786.18360    0.977259   1.000000
   786.19980    0.981916   1.000000
   786.21660    0.981856   1.000000
   786.25020    0.981951   1.000000
   786.26640    0.988863   1.000000
   786.28320    1.017917   1.000000
   786.31680    1.017301   1.000000
   786.33360    0.993937   1.000000
   786.34980    0.973677   1.000000
   786.36660    0.995073   1.000000
   786.40020    0.974466   1.000000
   786.41640    0.983729   1.000000
   786.43320    0.998577   1.000000
   786.45000    0.993200   1.000000
   786.48360    0.984492   1.000000
   786.49980    0.982680   1.000000
   786.51660    1.005290   1.000000
   786.55020    0.982029   1.000000
   786.56640    1.010311   1.000000
   786.58320    0.997961   1.000000
   786.60000    1.009791   1.000000
   786.63360    0.983009   1.000000
   786.64980    0.973616   1.000000
   786.66660    1.036572   1.000000
   786.70020    1.022392   1.000000
   786.71640    0.979887   1.000000
   786.73320    0.998898   1.000000
   786.75000    0.976539   1.000000
   786.78360    0.993191   1.000000
   786.79980    0.976522   1.000000
   786.81660    0.971231   1.000000
   786.85020    0.950980   1.000000
   786.86640    0.948734   1.000000
   786.88320    1.009530   1.000000
   786.90000    1.004778   1.000000
   786.93360    1.002514   1.000000
   786.94980    0.975585   1.000000
   786.96660    1.004891   1.000000
   786.98340    0.969410   1.000000
   787.01640    0.982298   1.000000
   787.03320    1.005558   1.000000
   787.05000    0.965646   1.000000
   787.08360    0.992211   1.000000
   787.09980    0.983573   1.000000
   787.11660    1.016469   1.000000
   787.13340    0.992523   1.000000
   787.16640    0.982255   1.000000
   787.18320    1.018758   1.000000
   787.20000    0.983911   1.000000
   787.23360    1.014812   1.000000
   787.24980    1.009357   1.000000
   787.26660    0.988534   1.000000
   787.28340    0.994579   1.000000
   787.31640    1.035219   1.000000
   787.33320    0.989878   1.000000
   787.35000    0.986261   1.000000
   787.38360    0.991751   1.000000
   787.39980    1.008785   1.000000
   787.41660    1.013164   1.000000
   787.43340    0.989626   1.000000
   787.46640    1.010042   1.000000
   787.48320    1.000155   1.000000
   787.50000    1.005472   1.000000
   787.51680    1.012791   1.000000
   787.54980    0.996166   1.000000
   787.56660    1.000884   1.000000
   787.58340    1.003555   1.000000
   787.61640    1.019365   1.000000
   787.63320    1.014916   1.000000
   787.65000    1.007640   1.000000
   787.66680    1.046754   1.000000
   787.69980    1.003832   1.000000
   787.71660    1.031976   1.000000
   787.73340    1.006382   1.000000
   787.76640    0.980728   1.000000
   787.78320    1.011369   1.000000
   787.80000    1.023615   1.000000
   787.81680    1.043233   1.000000
   787.84980    1.007640   1.000000
   787.86660    1.005714   1.000000
   787.88340    0.996573   1.000000
   787.91640    0.995533   1.000000
   787.93320    0.993208   1.000000
   787.95000    0.991500   1.000000
   787.96680    1.026208   1.000000
   787.99980    0.963287   1.000000
   788.01660    1.033858   1.000000
