  1301.82250    1.015886   1.000000
  1301.88917    1.060828   1.000000
  1301.95583    1.047237   1.000000
  1302.03917    0.993676   1.000000
  1302.10583    1.133561   1.000000
  1302.18917    0.971952   1.000000
  1302.25583    0.940253   1.000000
  1302.33917    0.931633   1.000000
  1302.40583    1.041465   1.000000
  1302.48917    0.962154   1.000000
  1302.55583    1.088541   1.000000
  1302.62250    0.908751   1.000000
  1302.70583    0.881546   1.000000
  1302.77250    1.058875   1.000000
  1302.85583    0.991847   1.000000
  1302.92250    1.022456   1.000000
  1303.00583    0.991847   1.000000
  1303.07250    1.055954   1.000000
  1303.13917    1.006572   1.000000
  1303.22250    1.027176   1.000000
  1303.28917    1.013082   1.000000
  1303.37250    0.999182   1.000000
  1303.43917    1.042425   1.000000
  1303.52250    1.062784   1.000000
  1303.58917    0.971057   1.000000
  1303.65583    1.022456   1.000000
  1303.73917    1.121101   1.000000
  1303.80583    0.910426   1.000000
  1303.88917    1.014016   1.000000
  1303.95583    0.858311   1.000000
  1304.03917    0.959500   1.000000
  1304.10583    1.055954   1.000000
  1304.17250    0.967486   1.000000
  1304.25583    0.997344   1.000000
  1304.32250    0.949828   1.000000
  1304.40583    0.957734   1.000000
  1304.47250    0.980945   1.000000
  1304.55583    0.999182   1.000000
  1304.62250    1.081546   1.000000
  1304.70583    1.043386   1.000000
  1304.77250    0.903743   1.000000
  1304.85583    1.088541   1.000000
  1304.92250    1.007499   1.000000
  1305.00583    1.017759   1.000000
  1305.07250    0.983660   1.000000
  1305.15583    1.041465   1.000000
  1305.22250    0.948080   1.000000
  1305.30583    0.952456   1.000000
  1305.37250    0.978239   1.000000
  1305.43917    0.947207   1.000000
  1305.52250    0.938523   1.000000
  1305.58917    0.947207   1.000000
  1305.67250    1.057900   1.000000
  1305.73917    1.011218   1.000000
  1305.82250    0.956852   1.000000
  1305.88917    0.972848   1.000000
  1305.97250    1.014950   1.000000
  1306.03917    1.058875   1.000000
  1306.10583    1.054981   1.000000
  1306.18917    0.990022   1.000000
  1306.25583    1.053040   1.000000
  1306.33917    1.105719   1.000000
  1306.40583    1.213514   1.000000
  1306.47250    0.945464   1.000000
  1306.55583    0.982754   1.000000
  1306.62250    1.132517   1.000000
  1306.70583    1.012150   1.000000
  1306.77250    1.107758   1.000000
  1306.85583    0.963928   0.999999
  1306.92250    1.047237   0.999981
  1307.00583    0.995508   0.999878
  1307.07250    1.043386   0.999675
  1307.13917    1.062784   0.999311
  1307.22250    1.082542   0.998550
  1307.28917    0.929918   0.997634
  1307.37250    0.875074   0.996023
  1307.43917    0.971057   0.994304
  1307.52250    1.001947   0.991551
  1307.58917    0.995508   0.988817
  1307.67250    1.080550   0.984682
  1307.73917    1.082542   0.980769
  1307.82250    0.941987   0.975091
  1307.88917    1.040507   0.969905
  1307.95583    1.018696   0.964142
  1308.03917    1.030018   0.956132
  1308.10583    0.902079   0.949093
  1308.18917    0.892164   0.939536
  1308.25583    0.939388   0.931319
  1308.33917    0.954212   0.920393
  1308.40583    0.902911   0.911182
  1308.48917    0.803979   0.899173
  1308.57250    0.828028   0.886723
  1308.63917    0.885615   0.876522
  1308.72250    0.878304   0.863556
  1308.78917    0.790760   0.853072
  1308.87250    0.767087   0.839906
  1308.95583    0.809925   0.826761
  1309.02250    0.815164   0.816320
  1309.10583    0.828028   0.803438
  1309.17250    0.790032   0.793321
  1309.25583    0.733238   0.780982
  1309.32250    0.752393   0.771410
  1309.40583    0.756562   0.759886
  1309.47250    0.775613   0.751070
  1309.55583    0.759355   0.740616
  1309.63917    0.721846   0.730859
  1309.78917    0.709324   0.715274
  1309.85583    0.715228   0.709240
  1310.08917    0.766381   0.692938
  1310.17250    0.679274   0.689056
  1310.23917    0.710632   0.686723
  1310.38917    0.686823   0.684040
  1310.55583    0.731215   0.685283
  1310.62250    0.761456   0.687022
  1310.77250    0.699592   0.693472
  1310.85583    0.730541   0.698530
  1310.93917    0.679900   0.704597
  1311.00583    0.679274   0.710148
  1311.08917    0.764971   0.717918
  1311.15583    0.727185   0.724765
  1311.23917    0.743438   0.734063
  1311.30583    0.681781   0.742053
  1311.38917    0.740022   0.752672
  1311.45583    0.752393   0.761629
  1311.53917    0.715888   0.773339
  1311.62250    0.796608   0.785548
  1311.68917    0.840320   0.795619
  1311.77250    0.852010   0.808518
  1311.85583    0.809925   0.821682
  1311.92250    0.831084   0.832343
  1312.00583    0.887248   0.845756
  1312.07250    0.831084   0.856496
  1312.15583    0.843422   0.869848
  1312.22250    0.828791   0.880408
  1312.30583    0.875880   0.893356
  1312.37250    0.872659   0.903430
  1312.45583    0.949828   0.915549
  1312.52250    0.935933   0.924794
  1312.58917    1.010287   0.933581
  1312.67250    0.948080   0.943855
  1312.73917    0.816667   0.951464
  1312.82250    0.890522   0.960169
  1312.88917    0.907078   0.966466
  1312.97250    0.886431   0.973490
  1313.03917    0.958616   0.978430
  1313.10583    1.088541   0.982773
  1313.18917    1.014950   0.987387
  1313.25583    0.901249   0.990455
  1313.33917    1.041465   0.993561
  1313.40583    1.066706   0.995507
  1313.48917    0.977338   0.997339
  1313.55583    0.991847   0.998383
  1313.63917    1.003794   0.999248
  1313.70583    0.952456   0.999658
  1313.77250    1.087539   0.999881
  1313.85583    1.052070   0.999986
  1313.92250    0.981849   1.000000
  1314.00583    1.003794   1.000000
  1314.07250    1.074595   1.000000
  1314.15583    0.900419   1.000000
  1314.22250    1.008428   1.000000
  1314.30583    0.929062   1.000000
  1314.37250    0.947207   1.000000
  1314.43917    0.997344   1.000000
  1314.52250    0.960384   1.000000
  1314.58917    1.110823   1.000000
  1314.67250    1.000103   1.000000
  1314.73917    0.967486   1.000000
  1314.82250    0.990022   1.000000
  1314.88917    0.954212   1.000000
  1314.97250    1.062784   1.000000
  1315.03917    1.060828   1.000000
  1315.10583    0.953333   1.000000
  1315.18917    0.981849   1.000000
  1315.25583    0.921393   1.000000
  1315.33917    0.932491   1.000000
  1315.40583    0.988200   1.000000
  1315.48917    0.948953   1.000000
  1315.55583    1.019635   1.000000
  1315.63917    0.880734   1.000000
  1315.70583    1.045309   1.000000
  1315.77250    0.938523   1.000000
  1315.85583    1.057900   1.000000
  1315.92250    0.935933   1.000000
  1316.00583    0.967486   1.000000
  1316.07250    1.064743   1.000000
  1316.15583    0.939388   1.000000
  1316.22250    0.922242   1.000000
  1316.28917    0.922242   1.000000
  1316.37250    0.974641   1.000000
  1316.43917    0.962154   1.000000
  1316.52250    1.021515   1.000000
  1316.58917    1.029070   1.000000
  1316.65583    1.057900   1.000000
  1317.17250    0.871856   1.000000
  1317.23917    0.962154   1.000000
  1317.32250    0.993676   1.000000
  1317.38917    0.985473   1.000000
  1317.47250    1.106738   1.000000
  1317.53917    1.031917   1.000000
  1317.62250    0.925646   1.000000
  1317.68917    0.971952   1.000000
  1317.75583    0.947207   1.000000
  1317.83917    1.060828   1.000000
  1317.90583    0.945464   1.000000
  1317.98917    0.985473   1.000000
  1318.05583    0.952456   1.000000
  1318.13917    1.066706   1.000000
  1318.20583    1.027176   1.000000
  1318.27250    0.955091   1.000000
  1318.35583    1.072617   1.000000
  1318.42250    0.967486   1.000000
  1318.50583    1.027176   1.000000
  1318.57250    0.969270   1.000000
  1318.65583    0.990022   1.000000
  1318.72250    1.066706   1.000000
  1318.78917    1.089544   1.000000
  1318.87250    1.032868   1.000000
  1318.93917    0.994592   1.000000
  1319.02250    0.992761   1.000000
  1319.08917    1.055954   1.000000
  1319.17250    1.028122   1.000000
  1319.23917    1.038592   1.000000
  1319.32250    0.952456   1.000000
  1319.38917    0.996425   1.000000
  1319.45583    1.028122   1.000000
  1319.53917    0.954212   1.000000
  1319.60583    1.044347   1.000000
  1319.68917    0.957734   1.000000
  1319.75583    0.979140   1.000000
  1319.83917    1.090548   1.000000
  1319.90583    0.933351   1.000000
  1319.97250    0.987290   1.000000
  1320.05583    0.916315   1.000000
  1320.12250    0.990022   1.000000
