  1046.69078    1.012448   1.000000
  1046.74622    1.005942   1.000000
  1046.80037    0.996719   1.000000
  1046.85451    0.983950   1.000000
  1046.90866    0.986672   1.000000
  1046.96280    1.007796   1.000000
  1047.01694    1.021816   1.000000
  1047.07123    1.018997   1.000000
  1047.12638    1.039855   1.000000
  1047.18053    1.003166   1.000000
  1047.23467    1.043693   1.000000
  1047.28882    0.991226   1.000000
  1047.34296    1.027479   1.000000
  1047.39710    1.017122   1.000000
  1047.45139    0.997638   1.000000
  1047.50554    0.995802   1.000000
  1047.55968    0.981235   1.000000
  1047.61483    0.996719   1.000000
  1047.66898    1.015250   1.000000
  1047.72312    1.023700   1.000000
  1047.77726    1.035077   0.999111
  1047.83155    1.021816   0.996670
  1047.88570    0.979429   0.992991
  1047.93984    0.958899   0.988169
  1047.99398    0.994885   0.982349
  1048.04813    1.001320   0.975708
  1048.10227    0.975827   0.968239
  1048.15656    0.983950   0.959941
  1048.21171    0.954493   0.950868
  1048.26586    0.938799   0.941224
  1048.32000    0.950983   0.931007
  1048.37414    0.919121   0.920189
  1048.42829    0.937935   0.908851
  1048.48243    0.897373   0.896958
  1048.53672    0.874526   0.884454
  1048.59086    0.861733   0.871635
  1048.64501    0.844448   0.858252
  1048.69915    0.799784   0.844505
  1048.75330    0.825986   0.830455
  1048.80744    0.780141   0.815959
  1048.86173    0.781579   0.801044
  1048.91587    0.760979   0.785986
  1048.97002    0.758181   0.770655
  1049.02416    0.745028   0.755024
  1049.07830    0.701088   0.739257
  1049.13245    0.704974   0.723188
  1049.18674    0.686393   0.707036
  1049.24088    0.670151   0.690970
  1049.29502    0.643536   0.674797
  1049.34917    0.636463   0.658751
  1049.40331    0.609499   0.642848
  1049.45746    0.613441   0.627406
  1049.51290    0.596723   0.612526
  1049.56704    0.591797   0.600109
  1049.62118    0.574610   0.592524
  1049.67533    0.577794   0.586702
  1049.72947    0.559980   0.582360
  1049.78362    0.572497   0.578682
  1049.83790    0.567771   0.576812
  1049.89205    0.580461   0.584627
  1049.94619    0.587453   0.596149
  1050.00034    0.595077   0.609470
  1050.05448    0.608938   0.623479
  1050.10862    0.631790   0.638055
  1050.16277    0.645317   0.652893
  1050.21706    0.670151   0.668164
  1050.27120    0.664007   0.683490
  1050.32534    0.692744   0.699044
  1050.37949    0.710187   0.714554
  1050.43363    0.722725   0.730117
  1050.48778    0.735483   0.745776
  1050.54206    0.740923   0.761208
  1050.59621    0.735483   0.776675
  1050.65035    0.788811   0.791958
  1050.70450    0.786634   0.807163
  1050.75864    0.805699   0.822030
  1050.81278    0.819923   0.836755
  1050.86693    0.816907   0.851090
  1050.92122    0.842894   0.865279
  1050.97536    0.893250   0.878984
  1051.02950    0.889965   0.892263
  1051.08365    0.888327   0.905213
  1051.13779    0.884245   0.917625
  1051.19194    0.929336   0.929543
  1051.24622    0.914056   0.940913
  1051.30037    0.936209   0.951615
  1051.35451    0.941397   0.961693
  1051.40866    0.941397   0.970984
  1051.51694    0.982139   0.986836
  1051.57123    1.002243   0.993147
  1051.62538    0.992140   0.997889
  1051.68053    1.016185   1.000000
  1051.73467    1.022758   1.000000
  1051.78882    1.037941   1.000000
  1051.84296    0.990314   1.000000
  1051.89811    0.995802   1.000000
  1051.95240    1.020876   1.000000
  1052.00654    1.041772   1.000000
  1052.06069    0.978527   1.000000
  1052.11584    1.018997   1.000000
  1052.16998    1.017122   1.000000
  1052.22413    0.999477   1.000000
  1052.27827    1.028425   1.000000
  1052.33256    1.002243   1.000000
  1052.38670    1.005016   1.000000
  1052.44085    1.020876   1.000000
  1052.49499    1.015250   1.000000
  1052.55029    1.034125   1.000000
  1052.60443    0.987581   1.000000
  1052.65872    0.998557   1.000000
  1052.71286    1.006869   1.000000
  1052.76802    0.997638   1.000000
  1052.82216    1.013381   1.000000
  1052.87630    1.018059   1.000000
  1052.93045    1.033172   1.000000
  1052.98560    0.993969   1.000000
  1053.03989    0.994885   1.000000
  1053.09403    0.997638   1.000000
  1053.14818    1.000398   1.000000
  1053.20232    1.009655   1.000000
  1053.25646    1.004090   1.000000
  1053.31061    1.005016   1.000000
  1053.36590    1.009655   1.000000
  1053.42005    1.032221   1.000000
  1053.47419    0.994885   1.000000
  1053.52834    1.009655   1.000000
  1053.58363    1.011516   1.000000
  1053.63778    1.018059   1.000000
  1053.69206    0.993969   1.000000
