  1120.11360    1.053356   1.000000
  1120.12440    1.136172   1.000000
  1120.13520    1.082113   1.000000
  1120.14540    1.064019   1.000000
  1120.15620    1.051511   1.000000
  1120.16700    1.050873   1.000000
  1120.17780    1.007712   1.000000
  1120.18800    1.029396   1.000000
  1120.19880    1.014406   1.000000
  1120.20960    1.014123   1.000000
  1120.22040    1.017118   1.000000
  1120.23120    1.044210   1.000000
  1120.24140    1.043126   1.000000
  1120.25220    1.009798   1.000000
  1120.26300    1.043268   1.000000
  1120.27380    1.016585   1.000000
  1120.28400    1.049786   1.000000
  1120.29480    1.033822   1.000000
  1120.30560    1.055598   1.000000
  1120.31640    1.014386   1.000000
  1120.32720    0.974591   1.000000
  1120.33740    0.995212   1.000000
  1120.34820    0.991208   1.000000
  1120.35900    1.025653   1.000000
  1120.36980    0.999412   1.000000
  1120.38000    1.030132   1.000000
  1120.39080    1.027635   1.000000
  1120.40160    1.050031   1.000000
  1120.41240    1.055418   1.000000
  1120.42320    1.060982   1.000000
  1120.43340    1.074515   1.000000
  1120.44420    1.022938   1.000000
  1120.45500    1.038424   1.000000
  1120.46580    1.025206   1.000000
  1120.47600    1.068861   1.000000
  1120.48680    1.052720   1.000000
  1120.49760    1.020721   1.000000
  1120.50840    1.058798   1.000000
  1120.51920    1.079246   1.000000
  1120.52940    1.081882   0.999847
  1120.54020    1.069817   0.999745
  1120.55100    1.039590   0.999488
  1120.56180    1.020082   0.999308
  1120.57200    1.019441   0.999039
  1120.58280    1.021461   0.998744
  1120.59360    1.078674   0.998463
  1120.60440    1.037196   0.998104
  1120.61520    1.033458   0.997810
  1120.62540    1.024666   0.997389
  1120.63620    1.031647   0.997083
  1120.64700    1.012051   0.996625
  1120.65780    0.972611   0.996269
  1120.66800    0.939545   0.995824
  1120.67880    0.912684   0.995394
  1120.68960    0.941814   0.994914
  1120.70040    0.944277   0.994434
  1120.71120    0.985012   0.993992
  1120.72140    0.980384   0.993502
  1120.73220    0.978329   0.993000
  1120.74300    1.013394   0.992461
  1120.75380    0.968107   0.991960
  1120.76400    1.014153   0.991375
  1120.77480    0.983660   0.990937
  1120.78560    0.984795   0.990255
  1120.79640    0.953593   0.989708
  1120.80720    1.002301   0.989128
  1120.81740    1.006976   0.988521
  1120.82820    0.974002   0.987944
  1120.83900    0.939346   0.987292
  1120.84980    0.992040   0.986729
  1120.86000    1.009472   0.986031
  1120.87080    0.952490   0.985458
  1120.88160    1.004565   0.984715
  1120.89240    0.989487   0.984146
  1120.90320    0.981408   0.983345
  1120.91340    0.971287   0.982816
  1120.92420    1.009719   0.982055
  1120.93500    0.997299   0.981421
  1120.94580    1.010836   0.980651
  1120.95600    1.045277   0.980021
  1120.96680    1.018593   0.979292
  1120.97760    1.100081   0.978582
  1120.98840    1.048237   0.977809
  1120.99920    0.948643   0.977082
  1121.00940    0.952165   0.976313
  1121.02020    1.042600   0.975589
  1121.03100    1.119480   0.974803
  1121.04180    0.944495   0.974012
  1121.05200    0.931362   0.973288
  1121.06280    0.982373   0.972446
  1121.07360    0.975623   0.971753
  1121.08440    1.021142   0.970904
  1121.09520    1.051689   0.970168
  1121.10540    1.023761   0.969335
  1121.11620    1.050853   0.968584
  1121.12700    1.048444   0.967744
  1121.13780    1.020077   0.966964
  1121.14800    1.019436   0.966098
  1121.15880    1.007636   0.965309
  1121.16960    0.961374   0.964417
  1121.18040    0.980049   0.963636
  1121.19120    0.941140   0.962736
  1121.20140    0.951484   0.962005
  1121.21220    0.919929   0.961072
  1121.22300    0.874375   0.960292
  1121.23380    0.898278   0.959319
  1121.24400    0.896928   0.958612
  1121.25480    0.901783   0.957691
  1121.26560    0.872176   0.956834
  1121.27640    0.878360   0.955995
  1121.28720    0.867623   0.955066
  1121.29740    0.892585   0.954261
  1121.30820    0.911792   0.953351
  1121.31900    0.938618   0.952412
  1121.32980    0.896165   0.951568
  1121.34000    0.894107   0.950680
  1121.35080    0.897633   0.949822
  1121.36160    0.886719   0.948912
  1121.37240    0.867034   0.948024
  1121.38320    0.851779   0.947137
  1121.39340    0.868856   0.946291
  1121.40420    0.906313   0.945371
  1121.41500    0.893185   0.944446
  1121.42580    0.862426   0.943597
  1121.43600    0.885173   0.942662
  1121.44680    0.853440   0.941787
  1121.45760    0.907020   0.940859
  1121.46840    0.926493   0.939957
  1121.47920    0.862513   0.939009
  1121.48940    0.837154   0.938196
  1121.50020    0.874257   0.937204
  1121.51100    0.842081   0.936329
  1121.52180    0.867047   0.935370
  1121.53200    0.846738   0.934514
  1121.54280    0.826256   0.933595
  1121.55360    0.894897   0.932649
  1121.56440    0.890096   0.931792
  1121.57520    0.896635   0.930773
  1121.58540    0.935328   0.929961
  1121.59620    0.950726   0.928932
  1121.60700    0.914474   0.928069
  1121.61780    0.913217   0.927105
  1121.62800    0.913727   0.926302
  1121.63880    0.871983   0.925352
  1121.64960    0.851501   0.924424
  1121.66040    0.852370   0.923571
  1121.67120    0.864047   0.922563
  1121.68140    0.902474   0.921731
  1121.69220    0.888991   0.920800
  1121.70300    0.896947   0.919886
  1121.71380    0.861670   0.918974
  1121.72400    0.863598   0.918066
  1121.73480    0.900258   0.917204
  1121.74560    0.895014   0.916255
  1121.75640    0.909083   0.915382
  1121.76720    0.860340   0.914406
  1121.77740    0.858636   0.913554
  1121.78820    0.871110   0.912756
  1121.79900    0.890051   0.911793
  1121.80980    0.894463   0.910889
  1121.82000    0.882482   0.909997
  1121.83080    0.883351   0.909062
  1121.84160    0.898926   0.908194
  1121.85240    0.865155   0.907317
  1121.86320    0.868416   0.906422
  1121.87340    0.856080   0.905549
  1121.88420    0.840648   0.904671
  1121.89500    0.894583   0.903806
  1121.90580    0.878531   0.902864
  1121.91600    0.907125   0.902083
  1121.92680    0.903475   0.901177
  1121.93760    0.921796   0.900376
  1121.94840    0.896442   0.899513
  1121.95920    0.891021   0.898671
  1121.96940    0.856626   0.897815
  1121.98020    0.877073   0.896924
  1121.99100    0.837987   0.896124
  1122.00180    0.861712   0.895236
  1122.01200    0.900494   0.894354
  1122.02280    0.858130   0.893566
  1122.03360    0.859176   0.892744
  1122.04440    0.903720   0.891860
  1122.05520    0.901134   0.891072
  1122.06540    0.896063   0.890386
  1122.07620    0.869557   0.889530
  1122.08700    0.865907   0.888703
  1122.09780    0.856765   0.887879
  1122.10800    0.854795   0.887132
  1122.11880    0.844412   0.886292
  1122.12960    0.860696   0.885436
  1122.14040    0.858198   0.884665
  1122.15120    0.885024   0.883919
  1122.16140    0.827330   0.883103
  1122.17220    0.850789   0.882328
  1122.18300    0.856531   0.881727
  1122.19380    0.855450   0.880946
  1122.20400    0.863137   0.880111
  1122.21480    0.831226   0.879398
  1122.22560    0.856192   0.878699
  1122.23640    0.866363   0.877859
  1122.24720    0.865814   0.877157
  1122.25740    0.840278   0.876459
  1122.26820    0.845665   0.875712
  1122.27900    0.889767   0.875020
  1122.28980    0.886383   0.874373
  1122.30000    0.884501   0.873624
  1122.31080    0.911682   0.872922
  1122.32160    0.865774   0.872311
  1122.33240    0.866288   0.871518
  1122.34320    0.857677   0.870791
  1122.35340    0.867313   0.870161
  1122.36420    0.854361   0.869645
  1122.37500    0.856381   0.868960
  1122.38580    0.860174   0.868268
  1122.39600    0.841814   0.867609
  1122.40680    0.851187   0.866952
  1122.41760    0.840716   0.866370
  1122.42840    0.836890   0.865674
  1122.43920    0.864602   0.865115
  1122.44940    0.833042   0.864537
  1122.46020    0.862437   0.863933
  1122.47100    0.828578   0.863374
  1122.48180    0.855226   0.862763
  1122.49200    0.857066   0.862118
  1122.50280    0.821523   0.861572
  1122.51360    0.865713   0.861083
  1122.52440    0.847535   0.860612
  1122.53520    0.849644   0.859962
  1122.54540    0.850065   0.859358
  1122.55620    0.863691   0.858836
  1122.56700    0.856852   0.858413
  1122.57780    0.842838   0.857932
  1122.58800    0.865850   0.857398
  1122.59880    0.891525   0.856858
  1122.60960    0.888584   0.856358
  1122.62040    0.852953   0.855898
  1122.63120    0.908748   0.855503
  1122.64140    0.895172   0.855012
  1122.65220    0.881246   0.854507
  1122.66300    0.864751   0.854077
  1122.67380    0.882895   0.853684
  1122.68400    0.882962   0.853314
  1122.69480    0.888881   0.852817
  1122.70560    0.887180   0.852376
  1122.71640    0.910906   0.851981
  1122.72720    0.878995   0.851697
  1122.73740    0.880037   0.851254
  1122.74820    0.886487   0.850844
  1122.75900    0.850324   0.850433
  1122.76980    0.860938   0.850156
  1122.78000    0.843730   0.849852
  1122.79080    0.900589   0.849461
  1122.80160    0.852732   0.849116
  1122.81240    0.864940   0.848842
  1122.82320    0.856330   0.848508
  1122.83340    0.860118   0.848187
  1122.84420    0.871263   0.847913
  1122.85500    0.914567   0.847621
  1122.86580    0.850853   0.847368
  1122.87600    0.886180   0.847142
  1122.88680    0.847005   0.846870
  1122.89760    0.862668   0.846586
  1122.90840    0.893127   0.846349
  1122.91920    0.916409   0.846183
  1122.92940    0.909300   0.845926
  1122.94020    0.841245   0.845688
  1122.95100    0.857794   0.845620
  1122.96180    0.935117   0.845407
  1122.97200    0.903292   0.845175
  1122.98280    0.829212   0.845033
  1122.99360    0.904763   0.844844
  1123.00440    0.892077   0.844719
  1123.01520    0.879569   0.844552
  1123.02540    0.905328   0.844455
  1123.03620    0.886706   0.844396
  1123.04700    0.866579   0.844199
  1123.05780    0.864790   0.844183
  1123.06800    0.861579   0.844040
  1123.07880    0.907098   0.843985
  1123.08960    0.834435   0.843969
  1123.10040    0.837253   0.843868
  1123.11120    0.916083   0.843815
  1123.12140    0.880890   0.843817
  1123.13220    0.854650   0.843756
  1123.14300    0.894765   0.843746
  1123.15380    0.920439   0.843727
  1123.16400    0.897738   0.843689
  1123.17480    0.903480   0.843792
  1123.18560    0.885655   0.843774
  1123.19640    0.858972   0.843807
  1123.20720    0.911844   0.843815
  1123.21740    0.923694   0.843910
  1123.22820    0.906224   0.843893
  1123.23900    0.865809   0.844018
  1123.24980    0.892458   0.844093
  1123.26000    0.899347   0.844154
  1123.27080    0.845732   0.844296
  1123.28160    0.893377   0.844373
  1123.29240    0.867757   0.844523
  1123.30320    0.878193   0.844623
  1123.31340    0.947628   0.844813
  1123.32420    0.907922   0.844939
  1123.33500    0.844118   0.845092
  1123.34580    0.909570   0.845270
  1123.35600    0.860381   0.845473
  1123.36680    0.880917   0.845652
  1123.37760    0.880191   0.845860
  1123.38840    0.855013   0.846046
  1123.39920    0.907265   0.846377
  1123.40940    0.901840   0.846464
  1123.42020    0.842998   0.846701
  1123.43100    0.870178   0.846986
  1123.44180    0.881323   0.847222
  1123.45200    0.844537   0.847530
  1123.46280    0.900332   0.847765
  1123.47360    0.907668   0.848045
  1123.48440    0.880719   0.848302
  1123.49520    0.925175   0.848647
  1123.50540    0.886173   0.848998
  1123.51620    0.865691   0.849268
  1123.52700    0.887025   0.849623
  1123.53780    0.856532   0.849998
  1123.54800    0.865724   0.850282
  1123.55880    0.880324   0.850662
  1123.56960    0.854084   0.851027
  1123.58040    0.887023   0.851391
  1123.59120    0.865832   0.851758
  1123.60140    0.880606   0.852131
  1123.61220    0.868894   0.852590
  1123.62300    0.877648   0.852983
  1123.63380    0.862659   0.853440
  1123.64400    0.862903   0.853807
  1123.65480    0.861114   0.854251
  1123.66560    0.841075   0.854704
  1123.67640    0.850094   0.855134
  1123.68720    0.817298   0.855583
  1123.69740    0.858649   0.856128
  1123.70820    0.865719   0.856635
  1123.71900    0.875624   0.857015
  1123.72980    0.898818   0.857489
  1123.74000    0.894544   0.858011
  1123.75080    0.883719   0.858590
  1123.76160    0.863768   0.859064
  1123.77240    0.876065   0.859559
  1123.78320    0.902892   0.860097
  1123.79340    0.863004   0.860667
  1123.80420    0.887438   0.861195
  1123.81500    0.893268   0.861699
  1123.82580    0.901312   0.862334
  1123.83600    0.876131   0.862920
  1123.84680    0.883378   0.863484
  1123.85760    0.899042   0.864078
  1123.86840    0.897962   0.864630
  1123.87920    0.884301   0.865211
  1123.88940    0.870460   0.865859
  1123.90020    0.894096   0.866451
  1123.91100    0.895762   0.867102
  1123.92180    0.905313   0.867715
  1123.93200    0.881461   0.868313
  1123.94280    0.882861   0.868953
  1123.95360    0.838016   0.869664
  1123.96440    0.862627   0.870285
  1123.97520    0.893263   0.870880
  1123.98540    0.881193   0.871527
  1123.99620    0.885871   0.872256
  1124.00700    0.899674   0.872958
  1124.01780    0.916135   0.873695
  1124.02800    0.927542   0.874224
  1124.03880    0.935587   0.874923
  1124.04960    0.869657   0.875671
  1124.06040    0.898521   0.876433
  1124.07120    0.926942   0.877123
  1124.08140    0.921782   0.877781
  1124.09220    0.932396   0.878592
  1124.10300    0.931316   0.879299
  1124.11380    0.903835   0.880008
  1124.12400    0.897789   0.880665
  1124.13480    0.876333   0.881486
  1124.14560    0.851776   0.882230
  1124.15640    0.875678   0.883027
  1124.16720    0.905428   0.883808
  1124.17740    0.911077   0.884540
  1124.18820    0.923108   0.885225
  1124.19900    0.934696   0.886021
  1124.20980    0.903672   0.886911
  1124.22000    0.935101   0.887530
  1124.23080    0.897255   0.888284
  1124.24160    0.888910   0.889200
  1124.25240    0.867365   0.890068
  1124.26320    0.907834   0.890786
  1124.27340    0.907370   0.891556
  1124.28420    0.922147   0.892336
  1124.29500    0.904943   0.893155
  1124.30580    0.897661   0.893954
  1124.31600    0.896666   0.894709
  1124.32680    0.862895   0.895590
  1124.33760    0.895745   0.896499
  1124.34840    0.915927   0.897259
  1124.35920    0.900583   0.898076
  1124.36940    0.895512   0.898966
  1124.38020    0.914011   0.899765
  1124.39100    0.900439   0.900557
  1124.40180    0.924607   0.901414
  1124.41200    0.927332   0.902240
  1124.42280    0.920582   0.903055
  1124.43360    0.900809   0.903910
  1124.44440    0.894236   0.904762
  1124.45520    0.901129   0.905716
  1124.46540    0.906778   0.906455
  1124.47620    0.896749   0.907329
  1124.48700    0.908072   0.908318
  1124.49780    0.913813   0.909089
  1124.50800    0.903249   0.909851
  1124.51880    0.919710   0.910807
  1124.52960    0.878586   0.911588
  1124.54040    0.851637   0.912449
  1124.55120    0.899903   0.913461
  1124.56140    0.891731   0.914209
  1124.57220    0.868414   0.915090
  1124.58300    0.870700   0.915966
  1124.59380    0.880428   0.916858
  1124.60400    0.886785   0.917708
  1124.61480    0.875783   0.918590
  1124.62560    0.914391   0.919463
  1124.63640    0.867509   0.920384
  1124.64720    0.864657   0.921235
  1124.65740    0.872786   0.922144
  1124.66820    0.874718   0.922951
  1124.67900    0.876030   0.923821
  1124.68980    0.884872   0.924761
  1124.70000    0.879446   0.925504
  1124.71080    0.924965   0.926471
  1124.72160    0.933718   0.927301
  1124.73240    0.927145   0.928214
  1124.74320    0.939885   0.929137
  1124.75340    0.922855   0.929903
  1124.76420    0.936835   0.930874
  1124.77500    0.951878   0.931700
  1124.78580    0.892150   0.932625
  1124.79600    0.881852   0.933453
  1124.80680    0.882987   0.934265
  1124.81760    0.879691   0.935207
  1124.82840    0.885344   0.936050
  1124.83920    0.888693   0.936965
  1124.84940    0.860411   0.937740
  1124.86020    0.866507   0.938638
  1124.87100    0.853644   0.939513
  1124.88180    0.892696   0.940348
  1124.89200    0.893206   0.941259
  1124.90280    0.898416   0.942081
  1124.91360    0.901676   0.942986
  1124.92440    0.951093   0.943789
  1124.93520    0.951785   0.944697
  1124.94540    0.953358   0.945489
  1124.95620    0.921093   0.946325
  1124.96700    0.918950   0.947213
  1124.97780    0.936119   0.947992
  1124.98800    0.913685   0.948861
  1124.99880    0.886027   0.949658
  1125.00960    0.898324   0.950517
  1125.02040    0.884752   0.951366
  1125.03120    0.884912   0.952262
  1125.04140    0.893573   0.952949
  1125.05220    0.928460   0.953874
  1125.06300    0.883173   0.954612
  1125.07380    0.885548   0.955490
  1125.08400    0.865593   0.956208
  1125.09480    0.849452   0.957057
  1125.10560    0.894174   0.957918
  1125.11640    0.873515   0.958715
  1125.12720    0.906454   0.959497
  1125.13740    0.911216   0.960243
  1125.14820    0.920324   0.961046
  1125.15900    0.932267   0.961843
  1125.16980    0.922504   0.962677
  1125.18000    0.908840   0.963382
  1125.19080    0.896420   0.964213
  1125.20160    0.927410   0.964912
  1125.21240    0.921280   0.965764
  1125.22320    0.923743   0.966464
  1125.23340    0.928240   0.967240
  1125.24420    0.961887   0.967918
  1125.25500    0.942734   0.968765
  1125.26580    0.929517   0.969433
  1125.27600    0.912929   0.970230
  1125.28680    0.918139   0.970870
  1125.29760    0.895353   0.971685
  1125.30840    0.887894   0.972305
  1125.31920    0.903292   0.973099
  1125.32940    0.868720   0.973732
  1125.34020    0.910607   0.974465
  1125.35100    0.890213   0.975148
  1125.36180    0.920938   0.975885
  1125.37200    0.930396   0.976463
  1125.38280    0.962183   0.977226
  1125.39360    0.973505   0.977803
  1125.40440    0.948328   0.978552
  1125.41520    0.951234   0.979147
  1125.42540    0.930748   0.979839
  1125.43620    0.950133   0.980391
  1125.44700    0.941079   0.981115
  1125.45780    0.936721   0.981683
  1125.46800    0.946888   0.982359
  1125.47880    0.945807   0.982895
  1125.48960    0.927895   0.983601
  1125.50040    0.958264   0.984095
  1125.51120    0.954172   0.984767
  1125.52140    0.949278   0.985253
  1125.53220    0.970877   0.985871
  1125.54300    0.989287   0.986378
  1125.55380    0.952504   0.987008
  1125.56400    0.936625   0.987467
  1125.57480    0.923585   0.988047
  1125.58560    0.867755   0.988546
  1125.59640    0.897947   0.989115
  1125.60720    0.897310   0.989597
  1125.61740    0.931042   0.990102
  1125.62820    0.936872   0.990587
  1125.63900    0.975569   0.991098
  1125.64980    0.949152   0.991553
  1125.66000    0.967557   0.992025
  1125.67080    0.926256   0.992466
  1125.68160    0.923227   0.992901
  1125.69240    0.913819   0.993393
  1125.70320    0.962882   0.993753
  1125.71340    0.989349   0.994192
  1125.72420    0.968602   0.994547
  1125.73500    0.964775   0.994987
  1125.74580    0.951469   0.995317
  1125.75600    0.978557   0.995717
  1125.76680    0.957012   0.996048
  1125.77760    0.957083   0.996401
  1125.78840    0.980454   0.996713
  1125.79920    0.968920   0.997049
  1125.80940    0.961634   0.997343
  1125.82020    0.940975   0.997625
  1125.83100    0.949906   0.997945
  1125.84180    0.968847   0.998157
  1125.85200    0.994340   0.998440
  1125.86280    0.993791   0.998628
  1125.87360    1.017517   0.998885
  1125.88440    1.041862   0.999060
  1125.89520    0.968402   0.999263
  1125.90540    0.975380   0.999414
  1125.91620    0.971287   0.999564
  1125.92700    0.969764   0.999717
  1125.93780    1.000754   0.999801
  1125.94800    0.975484   0.999914
  1125.95880    1.036063   0.999944
  1125.96960    1.010000   1.000000
  1125.98040    1.049584   1.000000
  1125.99120    1.013066   1.000000
  1126.00140    0.975837   1.000000
  1126.01220    0.997347   1.000000
  1126.02300    0.996444   1.000000
  1126.03380    1.003337   1.000000
  1126.04400    0.978599   1.000000
  1126.05480    0.994439   1.000000
  1126.06560    1.017367   1.000000
  1126.07640    0.992190   1.000000
  1126.08720    1.009537   1.000000
  1126.09740    0.965485   1.000000
  1126.10820    0.985047   1.000000
  1126.11900    0.994332   1.000000
  1126.12980    1.056506   1.000000
  1126.14000    1.027515   1.000000
  1126.15080    1.025106   1.000000
  1126.16160    1.026861   1.000000
  1126.17240    0.993356   1.000000
  1126.18320    1.028421   1.000000
  1126.19340    1.039474   1.000000
  1126.20420    1.037153   1.000000
  1126.21500    1.052462   1.000000
  1126.22580    1.016211   1.000000
  1126.23600    1.018139   1.000000
  1126.24680    1.052229   1.000000
  1126.25760    1.053895   1.000000
  1126.26840    1.040235   1.000000
  1126.27920    1.076717   1.000000
  1126.28940    1.020529   1.000000
  1126.30020    1.034066   1.000000
  1126.31100    1.039719   1.000000
  1126.32180    1.063090   1.000000
  1126.33200    1.021165   1.000000
  1126.34280    1.025577   1.000000
  1126.35360    1.019535   1.000000
  1126.36440    1.038831   1.000000
  1126.37520    1.007630   1.000000
  1126.38540    1.087607   1.000000
  1126.39620    1.045863   1.000000
  1126.40700    1.020597   1.000000
  1126.41780    1.035817   1.000000
  1126.42800    1.004080   1.000000
  1126.43880    1.013011   1.000000
  1126.44960    1.028940   1.000000
  1126.46040    1.013419   1.000000
  1126.47120    1.017034   1.000000
  1126.48140    1.042970   1.000000
  1126.49220    1.038081   1.000000
  1126.50300    1.012815   1.000000
  1126.51380    1.009785   1.000000
  1126.52400    0.999576   1.000000
  1126.53480    1.019049   1.000000
  1126.54560    1.017880   1.000000
  1126.55640    1.012547   1.000000
  1126.56720    1.043892   1.000000
  1126.57740    0.967770   1.000000
  1126.58820    0.986800   1.000000
  1126.59900    0.994136   1.000000
  1126.60980    0.985525   1.000000
  1126.62000    0.951396   1.000000
  1126.63080    1.000459   1.000000
  1126.64160    1.008681   1.000000
  1126.65240    1.007246   1.000000
  1126.66320    1.030883   1.000000
  1126.67340    1.043441   1.000000
  1126.68420    1.042715   1.000000
  1126.69500    1.021525   1.000000
  1126.70580    1.052869   1.000000
  1126.71600    1.049658   1.000000
  1126.72680    1.037327   1.000000
  1126.73760    1.000544   1.000000
  1126.74840    1.005577   1.000000
  1126.75920    0.987398   1.000000
  1126.76940    0.979846   1.000000
  1126.78020    0.993472   1.000000
  1126.79100    0.950842   1.000000
  1126.80180    0.971024   1.000000
  1126.81200    0.988278   1.000000
  1126.82280    0.970543   1.000000
  1126.83360    0.981511   1.000000
  1126.84440    0.970065   1.000000
  1126.85520    0.985995   1.000000
  1126.86540    0.981278   1.000000
  1126.87620    1.031669   1.000000
  1126.88700    1.032006   1.000000
  1126.89780    0.966254   1.000000
  1126.90800    0.940541   1.000000
  1126.91880    0.958685   1.000000
  1126.92960    0.979310   1.000000
  1126.94040    1.043876   1.000000
  1126.95120    0.988223   1.000000
  1126.96140    0.979874   1.000000
  1126.97220    0.993855   1.000000
  1126.98300    0.949276   1.000000
  1126.99380    0.971495   1.000000
  1127.00400    0.982193   1.000000
  1127.01480    1.000426   1.000000
  1127.02560    1.009445   1.000000
  1127.03640    1.029095   1.000000
  1127.04720    1.029875   1.000000
  1127.05740    1.027639   1.000000
  1127.06820    1.046315   1.000000
  1127.07900    1.012278   1.000000
  1127.08980    0.961321   1.000000
  1127.10000    0.995851   1.000000
  1127.11080    0.992555   1.000000
  1127.12160    1.023634   1.000000
  1127.13240    1.019276   1.000000
  1127.14320    1.002514   1.000000
  1127.15340    1.012593   1.000000
  1127.16420    1.005400   1.000000
  1127.17500    1.038604   1.000000
  1127.18580    1.079516   1.000000
  1127.19600    1.043350   1.000000
  1127.20680    1.047496   1.000000
  1127.21760    1.004335   1.000000
  1127.22840    1.002457   1.000000
  1127.23920    0.995795   1.000000
  1127.24940    0.980359   1.000000
  1127.26020    0.981937   1.000000
  1127.27100    1.001321   1.000000
  1127.28180    0.985800   1.000000
  1127.29200    1.001637   1.000000
  1127.30280    0.960247   1.000000
  1127.31360    1.009487   1.000000
  1127.32440    0.972438   1.000000
  1127.33520    1.046750   1.000000
  1127.34540    1.014481   1.000000
  1127.35620    1.045028   1.000000
  1127.36700    1.043859   1.000000
  1127.37780    1.029667   1.000000
  1127.38800    1.051439   1.000000
  1127.39880    1.025553   1.000000
  1127.40960    1.034661   1.000000
  1127.42040    1.047755   1.000000
  1127.43120    1.064571   1.000000
  1127.44140    1.058879   1.000000
  1127.45220    1.050357   1.000000
  1127.46300    1.044759   1.000000
  1127.47380    1.014355   1.000000
  1127.48400    1.027002   1.000000
  1127.49480    1.031326   1.000000
  1127.50560    0.993923   1.000000
  1127.51640    0.985046   1.000000
  1127.52720    0.995217   1.000000
  1127.53740    0.997056   1.000000
  1127.54820    0.995002   1.000000
  1127.55900    1.013411   1.000000
  1127.56980    1.015255   1.000000
  1127.58000    1.041988   1.000000
  1127.59080    1.016545   1.000000
  1127.60160    0.996329   1.000000
  1127.61240    1.009955   1.000000
  1127.62320    1.032263   1.000000
  1127.63340    1.068121   1.000000
  1127.64420    1.034705   1.000000
  1127.65500    1.029903   1.000000
  1127.66580    1.009244   1.000000
  1127.67600    0.982025   1.000000
  1127.68680    0.987944   1.000000
  1127.69760    0.949301   1.000000
  1127.70840    0.979139   1.000000
  1127.71920    0.968047   1.000000
  1127.72940    0.975645   1.000000
  1127.74020    0.994498   1.000000
  1127.75100    1.009718   1.000000
  1127.76180    1.016611   1.000000
  1127.77200    1.031828   1.000000
  1127.78280    1.051921   1.000000
  1127.79360    1.097883   1.000000
  1127.80440    1.070314   1.000000
  1127.81520    1.059311   1.000000
  1127.82540    1.073907   1.000000
  1127.83620    1.077522   1.000000
  1127.84700    1.066165   1.000000
  1127.85780    1.072527   1.000000
