   923.87952    0.835835   1.000000
   923.89730    0.971198   1.000000
   923.91510    0.920662   1.000000
   923.93290    0.952078   1.000000
   923.95068    0.919281   1.000000
   923.96848    0.978014   1.000000
   923.98628    0.970050   1.000000
   924.00408    0.977342   1.000000
   924.02187    0.995631   1.000000
   924.03967    0.987668   1.000000
   924.05747    0.886046   1.000000
   924.07527    0.989835   1.000000
   924.09305    0.919077   1.000000
   924.11085    0.921402   1.000000
   924.12865    0.981199   1.000000
   924.14645    0.905120   1.000000
   924.16423    0.887578   1.000000
   924.18203    0.889548   1.000000
   924.19983    0.913514   1.000000
   924.21762    0.870783   1.000000
   924.23542    0.973153   1.000000
   924.25322    0.956675   1.000000
   924.27102    0.942680   1.000000
   924.28880    0.962744   1.000000
   924.30660    0.906886   1.000000
   924.32440    1.040831   1.000000
   924.34220    0.908698   1.000000
   924.35998    0.999005   1.000000
   924.37778    1.104568   1.000000
   924.39558    0.945118   1.000000
   924.41338    1.006690   1.000000
   924.43117    1.017529   1.000000
   924.44897    0.941450   1.000000
   924.46677    1.024662   1.000000
   924.48455    0.965612   1.000000
   924.50235    0.999156   1.000000
   924.52015    0.958200   1.000000
   924.53795    1.088596   1.000000
   924.55573    0.929856   1.000000
   924.57353    1.016261   1.000000
   924.59133    1.058320   1.000000
   924.60913    1.064902   1.000000
   924.62692    1.073612   1.000000
   924.64472    0.975183   1.000000
   924.66252    1.018306   1.000000
   924.68032    0.992959   1.000000
   924.69810    1.016215   1.000000
   924.71590    1.103685   1.000000
   924.73370    1.164192   1.000000
   924.75148    1.083501   1.000000
   924.76928    1.072699   1.000000
   924.78708    1.037773   1.000000
   924.80488    0.966661   1.000000
   924.82267    1.060161   1.000000
   924.84047    0.910291   1.000000
   924.85827    1.056297   1.000000
   924.87607    0.975606   1.000000
   924.89385    1.027953   1.000000
   924.91165    0.986996   1.000000
   924.92945    0.887148   1.000000
   924.94725    0.952267   1.000000
   924.96503    1.041510   1.000000
   924.98283    0.928535   1.000000
   925.00063    0.944341   1.000000
   925.01843    0.915091   1.000000
   925.03622    0.998303   1.000000
   925.05402    0.909807   1.000000
   925.07182    0.883041   1.000000
   925.08960    0.962706   1.000000
   925.10740    0.989155   1.000000
   925.12520    0.977644   1.000000
   925.14300    0.886665   1.000000
   925.16078    1.008901   1.000000
   925.17858    0.981780   1.000000
   925.19638    0.987298   1.000000
   925.21418    1.135078   1.000000
   925.23197    0.968888   1.000000
   925.24977    0.942476   1.000000
   925.26757    1.019657   1.000000
   925.28537    1.048235   1.000000
   925.30315    1.049496   1.000000
   925.32095    1.078428   1.000000
   925.33875    1.009799   1.000000
   925.35653    0.857445   1.000000
   925.37433    0.975424   1.000000
   925.39213    0.913181   1.000000
   925.40993    1.059542   1.000000
   925.42772    0.941601   1.000000
   925.44552    1.012041   1.000000
   925.46332    0.865363   1.000000
   925.48112    1.061747   1.000000
   925.49890    0.951255   1.000000
   925.51670    1.016374   1.000000
   925.53450    0.944907   1.000000
   925.55230    1.011090   1.000000
   925.57008    1.058825   0.999998
   925.58788    0.993389   0.999995
   925.60568    1.090083   0.999988
   925.62347    1.053028   0.999976
   925.64127    1.022360   0.999959
   925.65907    1.204552   0.999935
   925.67687    1.044393   0.999903
   925.69465    0.988890   0.999860
   925.71245    1.133478   0.999807
   925.73025    1.118419   0.999740
   925.74805    0.948681   0.999660
   925.76583    1.027990   0.999564
   925.78363    0.962555   0.999451
   925.80143    0.960267   0.999319
   925.81923    1.124367   0.999167
   925.83702    1.066381   0.998994
   925.85482    0.969016   0.998797
   925.87262    1.052583   0.998576
   925.89040    0.986082   0.998329
   925.90820    1.032753   0.998053
   925.92600    1.065588   0.997748
   925.94380    1.066849   0.997413
   925.96158    1.080172   0.997045
   925.97938    1.098816   0.996644
   925.99718    1.056795   0.996207
   926.01498    1.128299   0.995733
   926.03277    0.928406   0.995221
   926.05057    0.978270   0.994670
   926.06837    1.010041   0.994077
   926.08617    0.948507   0.993443
   926.10395    0.882362   0.992765
   926.12175    0.939321   0.992041
   926.13955    0.977477   0.991271
   926.15735    1.009603   0.990452
   926.17513    0.986030   0.989586
   926.19293    0.985871   0.988669
   926.21073    0.919371   0.987700
   926.22852    1.095887   0.986679
   926.24632    1.041449   0.985603
   926.26412    0.928474   0.984472
   926.28192    0.930444   0.983284
   926.29970    1.060131   0.982041
   926.31750    0.980859   0.980738
   926.33530    0.973960   0.979376
   926.35310    0.925553   0.977954
   926.37088    0.958742   0.976472
   926.38868    1.012154   0.974927
   926.40648    0.980421   0.973318
   926.42428    0.983101   0.971647
   926.44207    0.940725   0.969913
   926.45987    0.994846   0.968112
   926.47767    0.954953   0.966246
   926.49545    1.065837   0.964316
   926.51325    0.979470   0.962317
   926.53105    0.965476   0.960251
   926.54885    0.953965   0.958118
   926.56663    0.996733   0.955918
   926.58443    1.007927   0.953649
   926.60223    1.038988   0.951311
   926.62003    0.898341   0.948905
   926.63782    0.916631   0.946433
   926.65562    1.010486   0.943889
   926.67342    0.986558   0.941278
   926.69122    0.967951   0.938598
   926.70900    1.001851   0.935852
   926.72680    0.967280   0.933036
   926.74460    0.964992   0.930153
   926.76238    0.950643   0.927206
   926.78018    0.914298   0.924189
   926.79798    0.959195   0.921107
   926.81578    0.964004   0.917961
   926.83357    1.000386   0.914753
   926.85137    0.965815   0.911480
   926.86917    0.978783   0.908145
   926.88697    1.048514   0.904749
   926.90475    0.895450   0.901298
   926.92255    0.966245   0.897787
   926.94035    0.945865   0.894221
   926.95815    0.924775   0.890602
   926.97593    0.801157   0.886934
   926.99373    0.917718   0.883212
   927.01153    0.900530   0.879440
   927.02932    0.827999   0.875623
   927.04712    0.934271   0.871756
   927.06492    0.962494   0.867842
   927.08272    0.919763   0.863882
   927.10050    0.917121   0.859881
   927.11830    0.740288   0.855832
   927.13610    0.867846   0.851741
   927.15390    0.833275   0.847607
   927.17168    0.857595   0.843436
   927.18948    0.935841   0.839219
   927.20728    0.855150   0.834963
   927.22508    0.811710   0.830668
   927.24287    0.797715   0.826338
   927.26067    0.815295   0.821967
   927.27847    0.835713   0.817558
   927.29627    0.867484   0.813112
   927.31405    0.844265   0.808636
   927.33185    0.732000   0.804120
   927.34965    0.811310   0.799569
   927.36743    0.860109   0.794989
   927.38523    0.774451   0.790372
   927.40303    0.858373   0.785722
   927.42083    0.787970   0.781040
   927.43862    0.740982   0.776331
   927.45642    0.771689   0.771588
   927.47422    0.782883   0.766814
   927.49202    0.730219   0.762011
   927.50980    0.739993   0.757183
   927.52760    0.724580   0.752323
   927.54540    0.764510   0.747435
   927.56320    0.769673   0.742521
   927.58098    0.785834   0.737584
   927.59878    0.740975   0.732617
   927.61658    0.687246   0.727625
   927.63437    0.777554   0.722612
   927.65217    0.756464   0.717571
   927.66997    0.696704   0.712506
   927.68777    0.675260   0.707419
   927.70555    0.682551   0.702314
   927.72335    0.812238   0.697182
   927.74115    0.647112   0.692029
   927.75895    0.653339   0.686856
   927.77673    0.736197   0.681667
   927.79453    0.644153   0.676454
   927.81233    0.663862   0.671222
   927.83013    0.676830   0.665972
   927.84792    0.651482   0.660709
   927.86572    0.667288   0.655423
   927.88352    0.662518   0.650121
   927.90130    0.630075   0.644808
   927.91910    0.633465   0.639475
   927.93690    0.696100   0.634126
   927.95470    0.616474   0.628764
   927.97248    0.647889   0.623392
   927.99028    0.584582   0.618003
   928.00808    0.646153   0.612601
   928.02588    0.615485   0.607187
   928.04367    0.611424   0.601766
   928.06147    0.658804   0.596329
   928.07927    0.692703   0.590883
   928.09707    0.613077   0.585427
   928.11485    0.654781   0.579966
   928.13265    0.609212   0.574492
   928.15045    0.585284   0.569010
   928.16823    0.593285   0.563527
   928.18603    0.554457   0.558031
   928.20383    0.579842   0.552529
   928.22163    0.535337   0.547022
   928.23942    0.557884   0.541516
   928.25722    0.600652   0.536000
   928.27502    0.544440   0.530480
   928.29282    0.581887   0.524957
   928.31060    0.535609   0.519438
   928.32840    0.507424   0.513912
   928.34620    0.529615   0.508384
   928.36400    0.480854   0.502856
   928.38178    0.536394   0.497334
   928.39958    0.480891   0.491808
   928.41738    0.465833   0.486283
   928.43518    0.484122   0.480761
   928.45297    0.477223   0.475246
   928.47077    0.444780   0.469731
   928.48857    0.476196   0.464220
   928.50635    0.427789   0.458719
   928.52415    0.456012   0.453219
   928.54195    0.388448   0.447725
   928.55975    0.400351   0.442239
   928.57753    0.414029   0.436766
   928.59533    0.413870   0.431296
   928.61313    0.352337   0.425836
   928.63093    0.400072   0.420387
   928.64872    0.385368   0.414954
   928.66652    0.385564   0.409527
   928.68432    0.392501   0.404114
   928.70212    0.349416   0.398713
   928.71990    0.429789   0.393333
   928.73770    0.321781   0.387962
   928.75550    0.335104   0.382608
   928.77328    0.323238   0.377275
   928.79108    0.314920   0.371955
   928.80888    0.357688   0.366654
   928.82668    0.343694   0.361373
   928.84447    0.320830   0.356117
   928.86227    0.328122   0.350877
   928.88007    0.349604   0.345660
   928.89787    0.324257   0.340466
   928.91565    0.336161   0.335302
   928.93345    0.316490   0.330158
   928.95125    0.286886   0.325041
   928.96905    0.281406   0.319951
   928.98683    0.300405   0.314894
   929.00463    0.262286   0.309861
   929.02243    0.266739   0.304860
   929.04022    0.280417   0.299895
   929.05802    0.278130   0.294958
   929.07582    0.261297   0.290055
   929.09362    0.261493   0.285187
   929.11140    0.261335   0.280360
   929.12920    0.249114   0.275567
   929.14700    0.275208   0.270812
   929.16480    0.252345   0.266098
   929.18258    0.232319   0.261429
   929.20038    0.252737   0.256799
   929.21818    0.250095   0.252212
   929.23598    0.235037   0.247672
   929.25377    0.195499   0.243182
   929.27157    0.225141   0.238737
   929.28937    0.193053   0.234341
   929.30715    0.204602   0.230000
   929.32495    0.213313   0.225709
   929.34275    0.202866   0.221471
   929.36055    0.205191   0.217290
   929.37833    0.208935   0.213169
   929.39613    0.176137   0.209104
   929.41393    0.189460   0.205100
   929.43173    0.179013   0.201159
   929.44952    0.183467   0.197285
   929.46732    0.186856   0.193474
   929.48512    0.159380   0.189731
   929.50292    0.170929   0.186057
   929.52070    0.167223   0.182458
   929.53850    0.176288   0.178930
   929.55630    0.169744   0.175476
   929.57410    0.161071   0.172101
   929.59188    0.156300   0.168807
   929.60968    0.155432   0.165591
   929.62748    0.154564   0.162456
   929.64527    0.144117   0.159408
   929.66307    0.136509   0.156442
   929.68087    0.141317   0.153562
   929.69867    0.139740   0.150770
   929.71645    0.131066   0.148068
   929.73425    0.145099   0.145454
   929.75205    0.130395   0.142931
   929.76985    0.135203   0.140501
   929.78763    0.127240   0.138165
   929.80543    0.124598   0.135922
   929.82323    0.124439   0.133774
   929.84103    0.131731   0.131722
   929.85882    0.119510   0.129770
   929.87662    0.118997   0.127913
   929.89442    0.127708   0.126156
   929.91220    0.123646   0.124500
   929.93000    0.113554   0.122944
   929.94780    0.120846   0.121489
   929.96560    0.122816   0.120136
   929.98338    0.113079   0.118888
   930.00118    0.115049   0.117742
   930.01898    0.120212   0.116701
   930.03678    0.121118   0.115765
   930.05457    0.111735   0.114935
   930.07237    0.112641   0.114212
   930.09017    0.109645   0.113595
   930.10797    0.111969   0.113086
   930.12575    0.110746   0.112685
   930.14355    0.114490   0.112392
   930.16135    0.115042   0.112208
   930.17913    0.118431   0.112133
   930.19693    0.113305   0.112168
   930.21473    0.113147   0.112312
   930.23253    0.112634   0.112566
   930.25032    0.119216   0.112930
   930.26812    0.120476   0.113404
   930.28592    0.122092   0.113989
   930.30372    0.122997   0.114683
   930.32150    0.123194   0.115487
   930.33930    0.125164   0.116402
   930.35710    0.121812   0.117427
   930.37490    0.115977   0.118561
   930.39268    0.123624   0.119803
   930.41048    0.131980   0.121155
   930.42828    0.128274   0.122616
   930.44607    0.126696   0.124183
   930.46387    0.128666   0.125860
   930.48167    0.134539   0.127643
   930.49947    0.131187   0.129534
   930.51725    0.137060   0.131528
   930.53505    0.141158   0.133629
   930.55285    0.137097   0.135835
   930.57065    0.137649   0.138144
   930.58843    0.146359   0.140554
   930.60623    0.145846   0.143068
   930.62403    0.150654   0.145684
   930.64183    0.170717   0.148399
   930.65962    0.151401   0.151210
   930.67742    0.152307   0.154122
   930.69522    0.156406   0.157131
   930.71302    0.170438   0.160236
   930.73080    0.163184   0.163431
   930.74860    0.179700   0.166723
   930.76640    0.191603   0.170106
   930.78418    0.195702   0.173576
   930.80198    0.213637   0.177137
   930.81978    0.200352   0.180786
   930.83758    0.201612   0.184520
   930.85537    0.196132   0.188334
   930.87317    0.192781   0.192233
   930.89097    0.209297   0.196212
   930.90877    0.213041   0.200268
   930.92655    0.221042   0.204396
   930.94435    0.213433   0.208601
   930.96215    0.230658   0.212878
   930.97995    0.218438   0.217222
   930.99773    0.238501   0.221627
   931.01553    0.234795   0.226100
   931.03333    0.251310   0.230633
   931.05112    0.257892   0.235220
   931.06892    0.266603   0.239868
   931.08672    0.249770   0.244569
   931.10452    0.251386   0.249323
   931.12230    0.285640   0.254122
   931.14010    0.301446   0.258975
   931.15790    0.283904   0.263873
   931.17570    0.292969   0.268816
   931.19348    0.304518   0.273797
   931.21128    0.309326   0.278824
   931.22908    0.299234   0.283890
   931.24688    0.311493   0.288994
   931.26467    0.309205   0.294129
   931.28247    0.333171   0.299304
   931.30027    0.330529   0.304512
   931.31805    0.317954   0.309747
   931.33585    0.314247   0.315016
   931.35365    0.333956   0.320315
   931.37145    0.340183   0.325641
   931.38923    0.357054   0.330989
   931.40703    0.309356   0.336366
   931.42483    0.330484   0.341767
   931.44263    0.348064   0.347190
   931.46042    0.392961   0.352629
   931.47822    0.361228   0.358093
   931.49602    0.373486   0.363576
   931.51382    0.383971   0.369077
   931.53160    0.393391   0.374590
   931.54940    0.417002   0.380122
   931.56720    0.416489   0.385670
   931.58498    0.435488   0.391225
   931.60278    0.427524   0.396798
   931.62058    0.400049   0.402383
   931.63838    0.430755   0.407979
   931.65617    0.426339   0.413578
   931.67397    0.423343   0.419192
   931.69177    0.434182   0.424813
   931.70957    0.441474   0.430440
   931.72735    0.447346   0.436069
   931.74515    0.492953   0.441708
   931.76295    0.442417   0.447351
   931.78075    0.445806   0.452998
   931.79853    0.393497   0.458642
   931.81633    0.446553   0.464293
   931.83413    0.472293   0.469944
   931.85193    0.470716   0.475596
   931.86972    0.515612   0.481243
   931.88752    0.473591   0.486893
   931.90532    0.458178   0.492541
   931.92310    0.411899   0.498182
   931.94090    0.502562   0.503824
   931.95870    0.489631   0.509461
   931.97650    0.526014   0.515094
   931.99428    0.531177   0.520716
   932.01208    0.504766   0.526337
   932.02988    0.570594   0.531952
   932.04768    0.558019   0.537558
   932.06547    0.531252   0.543151
   932.08327    0.572247   0.548741
   932.10107    0.519583   0.554321
   932.11887    0.452018   0.559890
   932.13665    0.545164   0.565444
   932.15445    0.566292   0.570992
   932.17225    0.545202   0.576528
   932.19003    0.614932   0.582046
   932.20783    0.540273   0.587556
   932.22563    0.557853   0.593051
   932.24343    0.596364   0.598533
   932.26122    0.625296   0.603995
   932.27902    0.636490   0.609446
   932.29682    0.605112   0.614881
   932.31462    0.614533   0.620300
   932.33240    0.592023   0.625696
   932.35020    0.630180   0.631079
   932.36800    0.689268   0.636444
   932.38580    0.642635   0.641790
   932.40358    0.669439   0.647112
   932.42138    0.638770   0.652419
   932.43918    0.674088   0.657705
   932.45697    0.609362   0.662965
   932.47477    0.637230   0.668208
   932.49257    0.696318   0.673430
   932.51037    0.658909   0.678628
   932.52815    0.612275   0.683799
   932.54595    0.674911   0.688951
   932.56375    0.671205   0.694078
   932.58155    0.726745   0.699181
   932.59933    0.690045   0.704253
   932.61713    0.657248   0.709305
   932.63493    0.718819   0.714330
   932.65273    0.655867   0.719328
   932.67052    0.690121   0.724294
   932.68832    0.798521   0.729238
   932.70612    0.723862   0.734152
   932.72390    0.723348   0.739034
   932.74170    0.678489   0.743890
   932.75950    0.698197   0.748716
   932.77730    0.759769   0.753512
   932.79508    0.692204   0.758273
   932.81288    0.760516   0.763006
   932.83068    0.722752   0.767708
   932.84848    0.643480   0.772377
   932.86627    0.845894   0.777009
   932.88407    0.763075   0.781611
   932.90187    0.743404   0.786180
   932.91967    0.885862   0.790713
   932.93745    0.889251   0.795208
   932.95525    0.731931   0.799671
   932.97305    0.860908   0.804098
   932.99085    0.822434   0.808489
   933.00863    0.834338   0.812837
   933.02643    0.805798   0.817153
   933.04423    0.876238   0.821430
   933.06202    0.847343   0.825664
   933.07982    0.826608   0.829863
   933.09762    0.816516   0.834022
   933.11542    0.801812   0.838141
   933.13320    0.903827   0.842215
   933.15100    0.855420   0.846251
   933.16880    0.841780   0.850245
   933.18660    0.851555   0.854196
   933.20438    0.849268   0.858101
   933.22218    0.965829   0.861965
   933.23998    0.979151   0.865785
   933.25778    0.889236   0.869560
   933.27557    0.833734   0.873286
   933.29337    0.951713   0.876969
   933.31117    0.910047   0.880605
   933.32895    0.924079   0.884190
   933.34675    1.006582   0.887730
   933.36455    0.949305   0.891222
   933.38235    0.824978   0.894664
   933.40013    0.900030   0.898052
   933.41793    0.792377   0.901393
   933.43573    0.901487   0.904682
   933.45353    0.937870   0.907918
   933.47132    0.927778   0.911098
   933.48912    0.955646   0.914227
   933.50692    0.898370   0.917301
   933.52472    0.875506   0.920318
   933.54250    0.859028   0.923275
   933.56030    0.831907   0.926177
   933.57810    0.890995   0.929019
   933.59588    0.803563   0.931798
   933.61368    0.944603   0.934520
   933.63148    0.869233   0.937179
   933.64928    0.832888   0.939777
   933.66707    0.986345   0.942311
   933.68487    0.944323   0.944784
   933.70267    0.893078   0.947194
   933.72047    0.925913   0.949541
   933.73825    0.909081   0.951824
   933.75605    0.866705   0.954046
   933.77385    0.924373   0.956205
   933.79165    0.847940   0.958301
   933.80943    0.916961   0.960333
   933.82723    0.936315   0.962305
   933.84503    1.053939   0.964215
   933.86282    1.108415   0.966062
   933.88062    0.966349   0.967850
   933.89842    0.848053   0.969578
   933.91622    0.939425   0.971245
   933.93400    0.979710   0.972852
   933.95180    0.921724   0.974402
   933.96960    0.835711   0.975894
   933.98740    0.886994   0.977329
   934.00518    0.891803   0.978706
   934.02298    1.002687   0.980029
   934.04078    0.854590   0.981298
   934.05858    1.041039   0.982512
   934.07637    0.890814   0.983673
   934.09417    1.033272   0.984783
   934.11197    0.944776   0.985842
   934.12977    0.958454   0.986850
   934.14755    1.053018   0.987809
   934.16535    0.942882   0.988722
   934.18315    1.036382   0.989587
   934.20093    0.856001   0.990406
   934.21873    0.956242   0.991181
   934.23653    0.962469   0.991913
   934.25433    1.022267   0.992603
   934.27212    0.918871   0.993251
   934.28992    1.042172   0.993860
   934.30772    1.005472   0.994430
   934.32552    0.904204   0.994964
   934.34330    0.992028   0.995461
   934.36110    1.123844   0.995924
   934.37890    0.876412   0.996353
   934.39670    1.040866   0.996751
   934.41448    1.046383   0.997117
   934.43228    1.000460   0.997454
   934.45008    0.850589   0.997763
   934.46787    0.963602   0.998044
   934.48567    1.022689   0.998301
   934.50347    0.956544   0.998533
   934.52127    1.055011   0.998742
   934.53905    1.015118   0.998929
   934.55685    0.977000   0.999096
   934.57465    0.963715   0.999244
   934.59245    0.969587   0.999374
   934.61023    1.016258   0.999487
   934.62803    0.952951   0.999585
   934.64583    0.956695   0.999670
   934.66363    0.905095   0.999741
   934.68142    0.954249   0.999801
   934.69922    1.044557   0.999850
   934.71702    0.980185   0.999890
   934.73480    1.012665   0.999922
   934.75260    1.096232   0.999946
   934.77040    0.982548   0.999965
   934.78820    0.938753   0.999978
   934.80598    1.009903   0.999988
   934.82378    0.977460   0.999994
   934.84158    0.981204   0.999997
   934.85938    0.957986   0.999999
   934.87717    0.935122   1.000000
   934.89497    1.003788   1.000000
   934.91277    0.957510   1.000000
   934.93057    0.918682   1.000000
   934.94835    1.002603   1.000000
   934.96615    0.968742   1.000000
   934.98395    1.089205   1.000000
   935.00175    1.015254   1.000000
   935.01953    1.055185   1.000000
   935.03733    1.009616   1.000000
   935.05513    1.039613   1.000000
   935.07292    0.997591   1.000000
   935.09072    1.063774   1.000000
   935.10852    1.014658   1.000000
   935.12632    1.041462   1.000000
   935.14410    0.975316   1.000000
   935.16190    0.879370   1.000000
   935.17970    0.965775   1.000000
   935.19750    0.987258   1.000000
   935.21528    1.050957   1.000000
   935.23308    1.070666   1.000000
   935.25088    1.059155   1.000000
   935.26868    1.101214   1.000000
   935.28647    0.958793   1.000000
   935.30427    0.970697   1.000000
   935.32207    0.946414   1.000000
   935.33985    1.057653   1.000000
   935.35765    0.999312   1.000000
   935.37545    1.055917   1.000000
   935.39325    0.991900   1.000000
   935.41103    1.077950   1.000000
   935.42883    0.925241   1.000000
   935.44663    0.992134   1.000000
   935.46443    1.133173   1.000000
   935.48222    1.034034   1.000000
   935.50002    1.045228   1.000000
   935.51782    1.035491   1.000000
   935.53562    0.977860   1.000000
   935.55340    1.006083   1.000000
   935.57120    1.029694   1.000000
   935.58900    0.940843   1.000000
   935.60678    0.932525   1.000000
   935.62458    1.153742   1.000000
   935.64238    1.091499   1.000000
   935.66018    1.027837   1.000000
   935.67797    1.118144   1.000000
   935.69577    1.021844   1.000000
   935.71357    1.266121   1.000000
   935.73137    1.128667   1.000000
   935.74915    0.995115   1.000000
   935.76695    1.065201   1.000000
   935.78475    1.073912   1.000000
   935.80255    0.964130   1.000000
   935.82033    1.068273   1.000000
   935.83813    0.985808   1.000000
   935.85593    1.063344   1.000000
   935.87372    1.082343   1.000000
   935.89152    1.002362   1.000000
   935.90932    1.051516   1.000000
   935.92712    1.034329   1.000000
   935.94490    1.075323   1.000000
   935.96270    1.059555   1.000000
   935.98050    1.061525   1.000000
   935.99830    1.131256   1.000000
   936.01608    1.042050   1.000000
   936.03388    1.077723   1.000000
   936.05168    1.021512   1.000000
   936.06948    0.994036   1.000000
   936.08727    0.944919   1.000000
   936.10507    1.002943   1.000000
   936.12287    1.015201   1.000000
   936.14067    1.089189   1.000000
   936.15845    1.068454   1.000000
   936.17625    0.962929   1.000000
   936.19405    0.980864   1.000000
   936.21183    0.937778   1.000000
   936.22963    1.041567   1.000000
   936.24743    1.023316   1.000000
   936.26523    1.013578   1.000000
   936.28302    1.010227   1.000000
   936.30082    0.898316   1.000000
   936.31862    0.983302   1.000000
   936.33642    0.834850   1.000000
   936.35420    1.066356   1.000000
   936.37200    0.937771   1.000000
   936.38980    1.080584   1.000000
   936.40760    0.871467   1.000000
   936.42538    1.036985   1.000000
   936.44318    0.966937   1.000000
   936.46098    0.961103   1.000000
   936.47877    0.891409   1.000000
   936.49657    0.994489   1.000000
   936.51437    0.959563   1.000000
   936.53217    0.874615   1.000000
   936.54995    0.883325   1.000000
   936.56775    0.881748   1.000000
   936.58555    0.913873   1.000000
   936.60335    0.948837   1.000000
   936.62113    1.018213   1.000000
   936.63893    0.980804   1.000000
   936.65673    1.030313   1.000000
   936.67453    0.995032   1.000000
   936.69232    1.186449   1.000000
   936.71012    1.096888   1.000000
   936.72792    0.944179   1.000000
   936.74570    1.055063   1.000000
   936.76350    1.089317   1.000000
   936.78130    0.902905   1.000000
   936.79910    1.099998   1.000000
   936.81688    0.829861   1.000000
   936.83468    0.944647   1.000000
   936.85248    0.938813   1.000000
   936.87028    1.040827   1.000000
   936.88807    1.035702   1.000000
   936.90587    1.056830   1.000000
   936.92367    0.960529   1.000000
   936.94147    1.144495   1.000000
   936.95925    0.988593   1.000000
   936.97705    0.915707   1.000000
   936.99485    0.943575   1.000000
   937.01263    0.938095   1.000000
   937.03043    0.941839   1.000000
   937.04823    1.020085   1.000000
   937.06603    1.000769   1.000000
