  1397.31370    1.004355   1.000000
  1397.32753    0.936820   1.000000
  1397.34620    1.007907   1.000000
  1397.35995    0.959351   1.000000
  1397.37320    1.026771   1.000000
  1397.38745    1.017743   1.000000
  1397.40070    0.992901   1.000000
  1397.41437    1.011472   1.000000
  1397.42820    0.975545   1.000000
  1397.44187    0.970401   1.000000
  1397.45570    0.894189   1.000000
  1397.46937    1.017743   1.000000
  1397.48303    0.984183   1.000000
  1397.49687    1.029496   1.000000
  1397.50970    1.047855   1.000000
  1397.52337    0.919679   1.000000
  1397.53703    1.015050   1.000000
  1397.55087    1.151008   1.000000
  1397.56370    1.007907   1.000000
  1397.57737    1.071284   1.000000
  1397.59112    1.004355   1.000000
  1397.60437    1.092352   1.000000
  1397.61770    1.064669   1.000000
  1397.63137    1.060908   1.000000
  1397.64520    1.004355   1.000000
  1397.65837    1.087526   1.000000
  1397.67170    1.020442   1.000000
  1397.68537    0.937644   1.000000
  1397.69920    1.043233   1.000000
  1397.71287    1.047855   1.000000
  1397.72570    0.953456   1.000000
  1397.73937    0.980719   1.000000
  1397.75320    0.961042   1.000000
  1397.76688    0.917257   1.000000
  1397.78013    0.899701   1.000000
  1397.79338    0.999933   1.000000
  1397.80722    0.953456   1.000000
  1397.82088    0.989404   1.000000
  1397.83472    1.076035   1.000000
  1397.84788    1.009688   1.000000
  1397.86122    0.940123   1.000000
  1397.87488    0.994654   1.000000
  1397.88872    0.999052   1.000000
  1397.90238    1.016844   1.000000
  1397.91563    0.931069   1.000000
  1397.92888    0.928616   1.000000
  1397.94272    1.091385   1.000000
  1397.95638    1.069389   1.000000
  1397.96963    1.004355   1.000000
  1397.98288    0.976406   1.000000
  1397.99672    1.014155   1.000000
  1398.01038    1.066555   1.000000
  1398.02363    0.939296   1.000000
  1398.03688    0.985920   1.000000
  1398.05072    0.929433   1.000000
  1398.06438    0.946765   1.000000
  1398.07772    1.016844   1.000000
  1398.09088    1.006129   1.000000
  1398.10472    0.911633   1.000000
  1398.11838    0.997290   1.000000
  1398.13222    1.066555   1.000000
  1398.14538    1.035883   1.000000
  1398.15872    1.021344   1.000000
  1398.17238    1.025864   1.000000
  1398.18622    1.018642   1.000000
  1398.19988    1.003469   1.000000
  1398.21272    1.015050   1.000000
  1398.22638    1.014155   1.000000
  1398.24022    0.998171   1.000000
  1398.25388    1.024054   1.000000
  1398.26713    1.017743   1.000000
  1398.28038    0.917257   1.000000
  1398.29505    1.010580   1.000000
  1398.30888    1.076987   1.000000
  1398.32255    1.004355   1.000000
  1398.33580    0.985052   1.000000
  1398.34905    0.932709   1.000000
  1398.36288    1.088490   1.000000
  1398.37655    0.941779   1.000000
  1398.39022    0.994654   1.000000
  1398.40355    0.988532   1.000000
  1398.41688    1.036799   1.000000
  1398.43155    1.022246   1.000000
  1398.44522    1.012365   1.000000
  1398.45805    0.966135   1.000000
  1398.47272    1.012365   1.000000
  1398.48597    0.945099   1.000000
  1398.49922    0.966987   1.000000
  1398.51297    1.032228   1.000000
  1398.52672    0.917257   1.000000
  1398.54038    0.931069   1.000000
  1398.55422    0.967839   1.000000
  1398.56748    0.894189   1.000000
  1398.58073    0.924543   1.000000
  1398.59440    0.999052   1.000000
  1398.60823    1.013260   1.000000
  1398.62190    1.015050   1.000000
  1398.63523    0.887154   1.000000
  1398.64840    1.007907   1.000000
  1398.66223    1.013260   1.000000
  1398.67590    0.903660   1.000000
  1398.68973    0.914039   1.000000
  1398.70290    0.978991   1.000000
  1398.71665    1.026771   1.000000
  1398.72990    0.956820   1.000000
  1398.74373    0.926170   1.000000
  1398.75740    1.099146   1.000000
  1398.77107    0.963585   1.000000
  1398.78440    0.990277   1.000000
  1398.79773    1.059033   1.000000
  1398.81140    0.864122   1.000000
  1398.82507    0.936820   1.000000
  1398.83890    1.002584   1.000000
  1398.85257    0.947598   1.000000
  1398.86590    0.993777   1.000000
  1398.87923    1.028587   1.000000
  1398.89290    1.065611   1.000000
  1398.90657    0.953456   1.000000
  1398.92040    1.065611   1.000000
  1398.93407    0.978128   1.000000
  1398.94732    1.061847   1.000000
  1398.96057    1.105004   1.000000
  1398.97440    0.963585   1.000000
  1398.98807    0.988532   1.000000
  1399.00190    1.055293   1.000000
  1399.01557    0.939296   1.000000
  1399.02882    0.962737   1.000000
  1399.04207    0.970401   1.000000
  1399.05590    0.979854   1.000000
  1399.06957    0.961889   1.000000
  1399.08323    1.000816   1.000000
  1399.09707    0.976406   1.000000
  1399.11032    0.979854   1.000000
  1399.12357    1.049709   1.000000
  1399.13723    0.985052   1.000000
  1399.15107    0.891837   1.000000
  1399.16473    0.996411   1.000000
  1399.17857    0.955978   1.000000
  1399.19173    1.054360   1.000000
  1399.20507    1.031316   1.000000
  1399.21873    0.882497   1.000000
  1399.23257    1.033141   1.000000
  1399.24623    1.062787   1.000000
  1399.25990    0.965284   1.000000
  1399.27323    0.969546   1.000000
  1399.28657    0.927800   1.000000
  1399.30023    0.950104   1.000000
  1399.31390    1.017743   1.000000
  1399.32773    0.922918   1.000000
  1399.34098    0.961889   1.000000
  1399.35475    1.003469   1.000000
  1399.36808    1.019542   1.000000
  1399.38175    0.924543   1.000000
  1399.39542    1.043233   1.000000
  1399.40925    1.017743   1.000000
  1399.42292    0.930251   1.000000
  1399.43658    1.067499   1.000000
  1399.45042    0.961042   1.000000
  1399.46367    1.025864   1.000000
  1399.47692    0.976406   1.000000
  1399.49158    1.012365   1.000000
  1399.50525    1.051567   1.000000
  1399.51858    0.930251   1.000000
  1399.53233    0.929433   1.000000
  1399.54558    1.023150   1.000000
  1399.55925    0.918064   1.000000
  1399.57392    0.971256   1.000000
  1399.58725    1.010580   1.000000
  1399.60058    1.035883   1.000000
  1399.61525    0.975545   1.000000
  1399.62892    1.152030   1.000000
  1399.64217    1.071284   1.000000
  1399.65542    1.062787   1.000000
  1399.66925    1.024959   1.000000
  1399.68292    0.976406   1.000000
  1399.69658    1.007018   1.000000
  1399.71042    0.920488   1.000000
  1399.72408    1.001700   1.000000
  1399.73792    1.059970   1.000000
  1399.75108    0.989404   1.000000
  1399.76442    1.136800   1.000000
  1399.77808    0.895760   1.000000
  1399.79192    1.076035   1.000000
  1399.80558    0.982449   1.000000
  1399.82025    1.014155   1.000000
  1399.83308    0.921297   1.000000
  1399.84675    0.940123   1.000000
  1399.86100    1.007018   1.000000
  1399.87467    0.999933   1.000000
  1399.88792    0.951778   1.000000
  1399.90217    0.982449   1.000000
  1399.91542    1.028587   1.000000
  1399.92908    0.846889   1.000000
  1399.94333    0.960196   1.000000
  1399.95658    0.882497   1.000000
  1399.97042    0.944268   1.000000
  1399.98408    0.966987   1.000000
  1399.99775    0.900491   1.000000
  1400.01158    1.235808   1.000000
  1400.02575    1.022246   1.000000
  1400.03908    1.046929   1.000000
  1400.05275    1.024054   1.000000
  1400.06642    1.084642   1.000000
  1400.08025    0.898911   1.000000
  1400.09392    1.055293   1.000000
  1400.10817    1.097201   1.000000
  1400.12142    0.931889   1.000000
  1400.13508    0.954296   1.000000
  1400.14977    0.993777   1.000000
  1400.16310    1.170586   1.000000
  1400.17627    1.058097   1.000000
  1400.19093    0.967839   1.000000
  1400.20427    1.018642   1.000000
  1400.21760    1.114840   1.000000
  1400.23218    0.992901   1.000000
  1400.24593    1.107945   1.000000
  1400.25960    0.926170   1.000000
  1400.27385    1.115829   1.000000
  1400.28710    0.977267   1.000000
  1400.30077    0.920488   1.000000
  1400.31593    0.949268   1.000000
  1400.33010    0.922107   1.000000
  1400.34393    0.916452   1.000000
  1400.35760    0.962737   1.000000
  1400.37127    0.940123   1.000000
  1400.38510    1.062787   1.000000
  1400.39977    0.936820   1.000000
  1400.41343    0.996411   1.000000
  1400.42710    1.089454   1.000000
  1400.44135    0.995532   1.000000
  1400.45460    1.009688   1.000000
  1400.46843    0.939296   1.000000
  1400.48293    0.950104   1.000000
  1400.49677    0.918064   1.000000
  1400.51043    1.012365   1.000000
  1400.52510    1.153053   1.000000
  1400.53793    1.037715   1.000000
  1400.55160    1.004355   1.000000
  1400.56585    1.053428   1.000000
  1400.57910    0.911633   1.000000
  1400.59293    0.905248   1.000000
  1400.60702    0.939296   1.000000
  1400.62027    0.992901   1.000000
  1400.63410    1.085602   1.000000
  1400.64877    0.924543   1.000000
  1400.66243    1.049709   1.000000
  1400.67610    1.116818   1.000000
  1400.69077    1.013260   1.000000
  1400.70460    1.023150   1.000000
  1400.71827    0.930251   1.000000
  1400.73293    0.979854   1.000000
  1400.74660    1.030406   1.000000
  1400.75993    0.965284   1.000000
  1400.77510    1.122774   1.000000
  1400.78827    1.001700   1.000000
  1400.80160    1.084642   1.000000
  1400.81710    1.058097   1.000000
  1400.83093    0.958506   1.000000
  1400.84460    0.916452   1.000000
  1400.85927    1.025864   1.000000
  1400.87293    1.083682   1.000000
  1400.88677    0.992026   1.000000
  1400.90227    0.985052   1.000000
  1400.91593    0.911633   1.000000
  1400.92977    0.970401   1.000000
  1400.94528    1.059970   1.000000
  1400.95912    0.961042   1.000000
  1400.97278    0.949268   1.000000
  1400.98828    0.999933   1.000000
  1401.00212    0.931889   1.000000
  1401.01578    1.104026   1.000000
  1401.03137    1.037715   1.000000
  1401.04512    1.091385   1.000000
  1401.05837    0.964434   1.000000
  1401.07345    1.029496   1.000000
  1401.08728    1.039551   1.000000
  1401.10095    1.108928   1.000000
  1401.11645    1.021344   1.000000
  1401.13028    0.931889   1.000000
  1401.14395    1.004355   1.000000
  1401.15945    1.097201   1.000000
  1401.17328    1.041390   1.000000
  1401.18695    1.143881   1.000000
  1401.20262    0.981584   1.000000
  1401.21628    1.047855   1.000000
  1401.22995    1.127763   1.000000
  1401.24562    0.983316   1.000000
  1401.25887    0.917257   1.000000
  1401.27212    0.978991   1.000000
  1401.28762    0.996411   1.000000
  1401.30145    0.999933   1.000000
  1401.31512    0.997290   1.000000
  1401.33078    1.043233   1.000000
  1401.34445    1.018642   1.000000
  1401.35912    0.955978   1.000000
  1401.37328    1.014155   1.000000
  1401.38662    0.964434   1.000000
  1401.40028    0.953456   1.000000
  1401.41578    0.971256   1.000000
  1401.42962    1.024054   1.000000
  1401.44287    1.122774   1.000000
  1401.45895    1.075083   1.000000
  1401.47262    1.075083   1.000000
  1401.48628    0.904454   1.000000
  1401.50195    1.107945   1.000000
  1401.51562    1.095259   1.000000
  1401.52928    0.918064   1.000000
  1401.54495    0.921297   1.000000
  1401.55862    0.970401   1.000000
  1401.57245    0.880177   1.000000
  1401.58878    0.968692   1.000000
  1401.60262    1.046929   1.000000
  1401.61628    0.955978   1.000000
  1401.63237    1.081765   1.000000
  1401.64562    0.937644   1.000000
  1401.65928    0.966987   1.000000
  1401.67495    1.024054   1.000000
  1401.68862    1.022246   1.000000
  1401.70245    1.090419   1.000000
  1401.71795    1.063728   1.000000
  1401.73213    0.967839   1.000000
  1401.74547    1.088490   1.000000
  1401.76147    1.264741   1.000000
  1401.77513    0.951778   1.000000
  1401.78930    0.887154   1.000000
  1401.80497    1.010580   1.000000
  1401.81863    0.924543   1.000000
  1401.83230    0.966135   1.000000
  1401.84880    0.953456   1.000000
  1401.86263    0.966987   1.000000
  1401.87630    0.982449   1.000000
  1401.89280    0.840980   1.000000
  1401.90647    0.966135   1.000000
  1401.92030    0.966987   1.000000
  1401.93630    1.000816   1.000000
  1401.94963    1.083682   1.000000
  1401.96330    1.019542   1.000000
  1401.97980    0.880950   1.000000
  1401.99347    1.007018   1.000000
  1402.00730    0.918871   1.000000
  1402.02322    0.962737   1.000000
  1402.03647    1.122774   1.000000
  1402.05030    0.947598   1.000000
  1402.06680    1.076035   1.000000
  1402.08047    0.975545   1.000000
  1402.09413    1.008797   1.000000
  1402.10980    1.009688   1.000000
  1402.12347    1.105004   1.000000
  1402.13722    0.927800   1.000000
  1402.15363    1.012365   1.000000
  1402.16747    0.952617   1.000000
  1402.18072    0.940950   1.000000
  1402.19763    1.148967   1.000000
  1402.21130    1.105984   1.000000
  1402.22513    0.973827   1.000000
  1402.24163    1.059970   1.000000
  1402.25530    1.012365   1.000000
  1402.26897    1.066555   1.000000
  1402.28547    1.170586   1.000000
  1402.29930    1.023150   1.000000
  1402.31255    1.007018   1.000000
  1402.32947    0.937644   1.000000
  1402.34313    0.980719   1.000000
  1402.35697    1.132774   1.000000
  1402.37347    1.066555   1.000000
  1402.38713    1.111880   1.000000
  1402.40080    1.062787   1.000000
  1402.41780    1.007018   1.000000
  1402.43113    0.944268   1.000000
  1402.44480    0.791094   1.000000
  1402.46213    0.968692   1.000000
  1402.47547    0.945099   1.000000
  1402.48880    1.124767   1.000000
  1402.50613    1.120785   1.000000
  1402.51980    1.034968   1.000000
  1402.53365    0.924543   1.000000
  1402.55015    1.054360   1.000000
  1402.56382    0.993777   1.000000
  1402.57748    0.932709   1.000000
  1402.59498    0.922918   1.000000
  1402.60865    1.030406   1.000000
  1402.62248    0.887154   1.000000
  1402.63932    0.965284   1.000000
  1402.65265    0.871728   1.000000
  1402.66632    1.020442   1.000000
  1402.68382    0.942608   1.000000
  1402.69748    0.978991   1.000000
  1402.71115    1.186286   1.000000
  1402.72765    0.975545   1.000000
  1402.74148    1.107945   1.000000
  1402.75515    0.974686   1.000000
  1402.77207    0.971256   1.000000
  1402.78532    1.052497   1.000000
  1402.79915    0.998171   1.000000
  1402.81598    1.066555   1.000000
  1402.82973    0.947598   1.000000
  1402.84298    0.861098   1.000000
  1402.86048    1.130767   1.000000
  1402.87415    1.032228   1.000000
  1402.88782    0.861098   1.000000
  1402.90532    0.894189   1.000000
  1402.91898    1.110895   1.000000
  1402.93282    1.028587   1.000000
  1402.94915    0.868677   1.000000
  1402.96298    1.078896   1.000000
  1402.97665    0.974686   1.000000
  1402.99415    1.003469   1.000000
  1403.00782    1.048781   1.000000
  1403.02148    1.105984   1.000000
  1403.03798    1.024054   1.000000
  1403.05182    0.838042   1.000000
  1403.06548    1.163333   1.000000
  1403.08282    0.980719   1.000000
  1403.09615    1.096229   1.000000
  1403.11032    0.927800   1.000000
  1403.12765    1.105984   1.000000
  1403.14148    0.965284   1.000000
  1403.15473    0.913236   0.999922
  1403.17265    0.935996   0.999876
  1403.18632    1.018642   0.999766
  1403.19998    0.926985   0.999696
  1403.21748    0.926170   0.999566
  1403.23115    1.078896   0.999432
  1403.24482    1.124767   0.999349
  1403.26232    1.021344   0.999139
  1403.27598    0.997290   0.999021
  1403.28982    1.059970   0.998842
  1403.30798    1.045079   0.998637
  1403.32183    1.020442   0.998467
  1403.33550    0.867156   0.998266
  1403.35300    1.067499   0.998067
  1403.36667    1.064669   0.997818
  1403.38033    0.954296   0.997636
  1403.39783    0.968692   0.997338
  1403.41150    0.963585   0.997130
  1403.42533    0.879406   0.996973
  1403.44308    1.046003   0.996586
  1403.45683    1.007907   0.996401
  1403.47017    0.858086   0.996122
  1403.48750    0.957663   0.995822
  1403.50117    0.964434   0.995538
  1403.51500    1.009688   0.995265
  1403.53333    0.953456   0.994919
  1403.54700    0.955978   0.994583
  1403.56067    1.019542   0.994347
  1403.57817    0.950941   0.993932
  1403.59183    0.908435   0.993645
  1403.60567    1.069389   0.993356
  1403.62300    1.043233   0.992912
  1403.63667    0.992901   0.992664
  1403.65050    1.072232   0.992266
  1403.66833    1.033141   0.991908
  1403.68150    0.969546   0.991529
  1403.69533    1.046003   0.991194
  1403.71317    0.999052   0.990737
  1403.72692    1.005242   0.990379
  1403.74058    1.118800   0.990040
  1403.75850    1.005242   0.989553
  1403.77217    1.021344   0.989176
  1403.78600    0.954296   0.988786
  1403.80417    1.010580   0.988285
  1403.81800    0.951778   0.987950
  1403.83167    0.924543   0.987499
  1403.84917    0.887933   0.987047
  1403.86283    1.012365   0.986596
  1403.87650    1.047855   0.986225
  1403.89483    1.054360   0.985634
  1403.90867    0.937644   0.985216
  1403.92233    1.061847   0.984918
  1403.94067    0.890273   0.984228
  1403.95433    0.980719   0.983862
  1403.96817    0.851349   0.983367
  1403.98633    0.865637   0.982777
  1404.00017    0.896547   0.982352
  1404.01383    0.981584   0.981861
  1404.03175    1.090419   0.981318
  1404.04542    0.985920   0.980789
  1404.05867    0.956820   0.980413
  1404.07700    1.024959   0.979711
  1404.09083    1.039551   0.979269
  1404.10450    1.078896   0.978761
  1404.12285    0.934351   0.978128
  1404.13652    0.987661   0.977669
  1404.15035    0.920488   0.977094
  1404.16852    0.978991   0.976512
  1404.18235    0.927800   0.975940
  1404.19602    1.126763   0.975476
  1404.21393    1.040470   0.974799
  1404.22760    0.995532   0.974248
  1404.24135    0.922918   0.973839
  1404.25968    0.985920   0.973044
  1404.27343    0.915647   0.972514
  1404.28668    1.127763   0.971980
  1404.30585    0.977267   0.971197
  1404.31968    0.908435   0.970682
  1404.33335    1.079851   0.970146
  1404.35168    0.898911   0.969377
  1404.36535    0.931889   0.968838
  1404.37918    1.039551   0.968275
  1404.39752    1.046003   0.967486
  1404.41118    0.927800   0.967011
  1404.42485    0.981584   0.966391
  1404.44318    0.935173   0.965633
  1404.45702    0.909233   0.965041
  1404.47068    1.034968   0.964454
  1404.48902    1.021344   0.963677
  1404.50268    0.867916   0.963071
  1404.51652    0.858838   0.962465
  1404.53468    0.892621   0.961654
  1404.54852    0.902074   0.961035
  1404.56218    0.957663   0.960486
  1404.58052    0.974686   0.959574
  1404.59427    0.975545   0.959031
  1404.60802    0.940123   0.958391
  1404.62635    1.056227   0.957532
  1404.64002    0.985920   0.956928
  1404.65385    0.956820   0.956284
  1404.67302    0.904454   0.955358
  1404.68668    0.946765   0.954730
  1404.70052    0.954296   0.954152
  1404.71868    0.991151   0.953199
  1404.73252    0.974686   0.952614
  1404.74618    0.978991   0.951960
  1404.76552    0.836577   0.951013
  1404.77918    0.956820   0.950349
  1404.79285    0.970401   0.949652
  1404.81118    0.982449   0.948870
  1404.82502    0.899701   0.948107
  1404.83868    0.990277   0.947422
  1404.85743    0.950104   0.946501
  1404.87118    1.027678   0.945826
  1404.88493    0.864122   0.945112
  1404.90370    0.907637   0.944146
  1404.91787    0.950104   0.943520
  1404.93162    0.918871   0.942746
  1404.94995    0.930251   0.941856
  1404.96362    0.884046   0.941106
  1404.97737    0.914842   0.940476
  1404.99620    0.895760   0.939443
  1405.01087    0.942608   0.938682
  1405.02453    0.972112   0.938011
  1405.04287    0.992901   0.936990
  1405.05653    0.894974   0.936329
  1405.07037    0.976406   0.935542
  1405.08903    0.864879   0.934588
  1405.10278    0.902867   0.933786
  1405.11653    0.827120   0.933115
  1405.13620    0.992026   0.932067
  1405.14987    1.007907   0.931281
  1405.16370    0.891055   0.930501
  1405.18203    1.007018   0.929542
  1405.19570    0.968692   0.928833
  1405.20937    0.948433   0.928026
  1405.22870    0.915647   0.926980
  1405.24237    0.938470   0.926203
  1405.25620    0.821357   0.925439
  1405.27537    0.979854   0.924430
  1405.29003    0.922107   0.923523
  1405.30370    0.859591   0.922807
  1405.32387    0.902867   0.921611
  1405.33753    0.937644   0.920882
  1405.35137    0.837310   0.920025
  1405.36970    0.945932   0.919034
  1405.38337    0.887154   0.918335
  1405.39703    0.908435   0.917432
  1405.41720    1.015947   0.916362
  1405.43103    0.902867   0.915474
  1405.44570    0.822794   0.914607
  1405.46487    0.879406   0.913519
  1405.47853    0.861098   0.912704
  1405.49237    0.955136   0.911888
  1405.51153    0.987661   0.910749
  1405.52520    0.950941   0.910018
  1405.53903    0.926985   0.909101
  1405.55778    1.011472   0.907993
  1405.57203    0.846889   0.907175
  1405.58570    0.844668   0.906350
  1405.60537    0.807132   0.905126
  1405.61953    1.015050   0.904348
  1405.63337    0.946765   0.903431
  1405.65337    0.878635   0.902290
  1405.66803    0.861098   0.901344
  1405.68187    0.873258   0.900442
  1405.70238    0.841717   0.899273
  1405.71613    0.843191   0.898311
  1405.72988    0.950941   0.897545
  1405.75055    0.914039   0.896213
  1405.76463    0.796634   0.895337
  1405.77838    0.851349   0.894587
  1405.79905    0.851349   0.893151
  1405.81272    0.947598   0.892376
  1405.82638    0.894189   0.891446
  1405.84572    0.921297   0.890329
  1405.85938    0.774718   0.889373
  1405.87322    0.891055   0.888490
  1405.89422    0.891837   0.887175
  1405.90888    0.870965   0.886292
  1405.92255    0.927800   0.885440
  1405.94230    0.895760   0.884147
  1405.95638    0.884822   0.883264
  1405.97022    0.803617   0.882306
  1405.99122    0.917257   0.881041
  1406.00547    0.935996   0.879999
  1406.01913    0.898122   0.879187
  1406.03788    0.850604   0.877889
  1406.05172    0.853589   0.877130
  1406.06538    0.977267   0.876136
  1406.07905    0.814212   0.875294
  1406.09288    0.831471   0.874344
  1406.10705    0.934351   0.873408
  1406.12080    0.893404   0.872474
  1406.13955    0.853589   0.871249
  1406.15322    0.912434   0.870315
  1406.16705    0.906840   0.869439
  1406.18905    0.835115   0.867995
  1406.20272    0.892621   0.867046
  1406.21638    0.882497   0.866172
  1406.23755    0.827120   0.864790
  1406.25122    0.826398   0.863798
  1406.26488    0.865637   0.862865
  1406.28605    0.843191   0.861462
  1406.30072    0.931889   0.860472
  1406.31438    0.870201   0.859557
  1406.33538    0.845408   0.858095
  1406.34922    0.931889   0.857184
  1406.36288    0.864879   0.856237
  1406.38388    0.902074   0.854863
  1406.39772    0.824233   0.853873
  1406.41138    0.872493   0.852936
  1406.43255    0.819922   0.851466
  1406.44663    0.698655   0.850498
  1406.46088    0.897334   0.849545
  1406.48105    0.876326   0.848100
  1406.49573    0.857335   0.847108
  1406.50940    0.875558   0.846152
  1406.52957    0.823513   0.844800
  1406.54373    0.782861   0.843785
  1406.55748    0.924543   0.842811
  1406.57940    0.923730   0.841271
  1406.59315    0.825675   0.840326
  1406.60823    0.924543   0.839294
  1406.62840    0.896547   0.837865
  1406.64307    0.790405   0.836834
  1406.65673    0.783543   0.835871
  1406.67740    0.795939   0.834420
  1406.69157    0.725183   0.833417
  1406.70523    0.808543   0.832424
  1406.72357    0.750821   0.831118
  1406.73740    0.741096   0.830164
  1406.75107    0.865637   0.829166
  1406.76473    0.765330   0.828069
  1406.77940    0.841717   0.827163
  1406.79323    0.784911   0.826181
  1406.80690    0.822075   0.825209
  1406.82565    0.816348   0.823864
  1406.83940    0.796634   0.822891
  1406.85315    0.887154   0.821925
  1406.87415    0.783543   0.820400
  1406.88840    0.830744   0.819348
  1406.90257    0.832927   0.818331
  1406.92407    0.890273   0.816809
  1406.93773    0.880950   0.815801
  1406.95157    0.817062   0.814833
  1406.96990    0.871728   0.813406
  1406.98640    0.786280   0.812307
  1407.00007    0.935173   0.811248
  1407.01373    0.697446   0.810305
  1407.02840    0.878635   0.809270
  1407.04223    0.906044   0.808220
  1407.05590    0.876326   0.807225
  1407.07690    0.856584   0.805723
  1407.09157    0.822794   0.804641
  1407.10540    0.741096   0.803649
  1407.12590    0.722044   0.802113
  1407.14007    0.789027   0.801102
  1407.15390    0.819922   0.800045
  1407.17532    0.890273   0.798560
  1407.18907    0.755406   0.797485
  1407.20323    0.861853   0.796438
  1407.22440    0.837310   0.794869
  1407.23890    0.751474   0.793841
  1407.25273    0.808543   0.792824
  1407.27290    0.849860   0.791307
  1407.28658    0.793167   0.790389
  1407.30025    0.730869   0.789295
  1407.31775    0.822075   0.788000
  1407.33142    0.772023   0.787020
  1407.34525    0.735325   0.785993
  1407.35892    0.855085   0.785002
  1407.37625    0.748865   0.783650
  1407.39008    0.769339   0.782698
  1407.40375    0.884822   0.781636
  1407.42575    0.761344   0.780001
  1407.44042    0.814923   0.778933
  1407.45408    0.719543   0.777893
  1407.47475    0.703511   0.776422
  1407.48975    0.807132   0.775245
  1407.50400    0.792475   0.774277
  1407.52558    0.775393   0.772611
  1407.53925    0.768000   0.771595
  1407.55292    0.782861   0.770509
  1407.57592    0.713332   0.768902
  1407.58958    0.802915   0.767711
  1407.60342    0.838042   0.766812
  1407.62525    0.762670   0.765082
  1407.63908    0.778778   0.764118
  1407.65275    0.734687   0.763150
  1407.67475    0.720168   0.761462
  1407.68942    0.765997   0.760438
  1407.70308    0.793167   0.759304
  1407.72425    0.743676   0.757781
  1407.73875    0.735325   0.756701
  1407.75258    0.723298   0.755699
  1407.77275    0.692635   0.754032
  1407.78742    0.749517   0.753071
  1407.80108    0.663352   0.752041
  1407.81842    0.780136   0.750704
  1407.83225    0.717674   0.749657
  1407.84592    0.686670   0.748616
  1407.86008    0.748215   0.747581
  1407.87892    0.742385   0.746128
  1407.89358    0.718919   0.745032
  1407.90725    0.746266   0.744033
  1407.92967    0.674903   0.742361
  1407.94392    0.814923   0.741317
  1407.95758    0.761344   0.740229
  1407.97958    0.702294   0.738642
  1407.99325    0.805021   0.737519
  1408.00708    0.683117   0.736539
  1408.02808    0.702294   0.734942
  1408.04175    0.698655   0.733958
  1408.05642    0.659928   0.732893
  1408.07660    0.712096   0.731344
  1408.09127    0.645862   0.730256
  1408.10493    0.723298   0.729145
  1408.12510    0.845408   0.727744
  1408.13893    0.738525   0.726625
  1408.15360    0.732775   0.725594
  1408.17093    0.701686   0.724321
  1408.18460    0.669101   0.723232
  1408.19843    0.700472   0.722268
  1408.21260    0.654827   0.721111
  1408.23227    0.816348   0.719757
  1408.24593    0.725812   0.718734
  1408.26018    0.690839   0.717617
  1408.28260    0.683117   0.716016
  1408.29627    0.674321   0.714976
  1408.31010    0.737243   0.713930
  1408.33210    0.769339   0.712248
  1408.34577    0.654827   0.711312
  1408.35993    0.633205   0.710208
  1408.38285    0.758699   0.708541
  1408.39710    0.791094   0.707387
  1408.41077    0.677239   0.706456
  1408.42993    0.756063   0.705061
  1408.44460    0.793859   0.703954
  1408.45843    0.673157   0.702981
  1408.47210    0.689645   0.701867
  1408.48718    0.723926   0.700858
  1408.50143    0.651449   0.699812
  1408.51510    0.686076   0.698701
  1408.53793    0.584673   0.697120
  1408.55218    0.646418   0.695979
  1408.56643    0.686076   0.695026
  1408.58877    0.692635   0.693299
  1408.60293    0.594762   0.692329
  1408.61677    0.695036   0.691306
  1408.63877    0.738525   0.689706
  1408.65243    0.685483   0.688713
  1408.66660    0.757380   0.687606
  1408.68727    0.559772   0.686188
  1408.70193    0.719543   0.685040
  1408.71560    0.632660   0.684179
  1408.72927    0.698655   0.683142
  1408.74677    0.819206   0.681870
  1408.76043    0.662780   0.680908
  1408.77410    0.632660   0.679806
  1408.79568    0.667947   0.678369
  1408.80993    0.751474   0.677219
  1408.82360    0.623484   0.676362
  1408.84377    0.722671   0.674954
  1408.85743    0.725812   0.673950
  1408.87212    0.723298   0.672938
  1408.88595    0.701686   0.671804
  1408.90412    0.674903   0.670651
  1408.91795    0.660497   0.669641
  1408.93162    0.669101   0.668664
  1408.95278    0.732140   0.667229
  1408.96728    0.661637   0.666108
  1408.98112    0.593237   0.665242
  1409.00353    0.742385   0.663533
  1409.01770    0.794552   0.662692
  1409.03145    0.552198   0.661670
  1409.05345    0.579698   0.660203
  1409.06895    0.639225   0.659123
  1409.08312    0.663924   0.658035
  1409.10462    0.605557   0.656669
  1409.12212    0.653699   0.655398
  1409.13678    0.597314   0.654440
  1409.15912    0.593745   0.652822
  1409.17328    0.686076   0.651969
  1409.18712    0.670257   0.650987
  1409.20995    0.657655   0.649492
  1409.22362    0.663352   0.648567
  1409.23787    0.655391   0.647561
  1409.25528    0.609202   0.646414
  1409.26895    0.673157   0.645419
  1409.28312    0.627245   0.644529
  1409.29695    0.654262   0.643723
  1409.31795    0.631573   0.642237
  1409.33162    0.696843   0.641427
  1409.34628    0.632660   0.640337
  1409.36928    0.704731   0.638944
  1409.38295    0.620280   0.638050
  1409.39662    0.629947   0.637133
  1409.41862    0.589694   0.635786
  1409.43245    0.576735   0.634795
  1409.44662    0.795939   0.634056
  1409.46078    0.624556   0.633089
  1409.47628    0.625093   0.632090
  1409.49012    0.674321   0.631264
  1409.50378    0.604002   0.630286
  1409.52437    0.638675   0.629183
  1409.53945    0.622949   0.628218
  1409.55328    0.614978   0.627308
  1409.57245    0.621880   0.626210
  1409.58612    0.681937   0.625223
  1409.60037    0.686670   0.624492
  1409.61412    0.622414   0.623719
  1409.63512    0.624556   0.622399
  1409.64978    0.672576   0.621613
  1409.66397    0.650328   0.620659
  1409.68597    0.682527   0.619499
  1409.69963    0.606596   0.618710
  1409.71430    0.637577   0.617712
  1409.73630    0.564082   0.616652
  1409.75013    0.649768   0.615661
  1409.76422    0.595781   0.615017
  1409.77797    0.582180   0.614288
  1409.79497    0.599877   0.613250
  1409.80863    0.600905   0.612584
  1409.82280    0.601936   0.611854
  1409.84430    0.581186   0.610628
  1409.85897    0.662208   0.609948
  1409.87280    0.674321   0.609143
  1409.89280    0.568428   0.608118
  1409.90663    0.616035   0.607470
  1409.92130    0.631573   0.606574
  1409.93497    0.630488   0.605980
  1409.95372    0.634840   0.605126
  1409.96797    0.611296   0.604294
  1409.98163    0.590704   0.603698
  1410.00180    0.613924   0.602777
  1410.01647    0.635933   0.602028
  1410.03063    0.617093   0.601454
  1410.04480    0.585674   0.600804
  1410.06313    0.558344   0.599903
  1410.07680    0.582180   0.599370
  1410.09063    0.639775   0.598774
  1410.11163    0.699260   0.597797
  1410.12530    0.549854   0.597318
  1410.13913    0.590199   0.596774
  1410.15330    0.577228   0.596057
  1410.17213    0.735325   0.595458
  1410.18580    0.558819   0.594915
  1410.19947    0.604520   0.594242
  1410.22063    0.620813   0.593600
  1410.23430    0.609202   0.593143
  1410.24897    0.616563   0.592449
  1410.26263    0.595781   0.592100
  1410.28097    0.650888   0.591566
  1410.29522    0.543810   0.591047
  1410.30930    0.625093   0.590515
  1410.33313    0.621880   0.589960
  1410.34697    0.677239   0.589537
  1410.36163    0.612871   0.588963
  1410.38305    0.590199   0.588529
  1410.39730    0.580194   0.588217
  1410.41097    0.555025   0.587828
  1410.42522    0.521225   0.587386
  1410.44480    0.595781   0.587051
  1410.45865    0.586175   0.586793
  1410.47232    0.505596   0.586524
  1410.49332    0.536925   0.585967
  1410.50798    0.645306   0.585805
  1410.52182    0.630488   0.585612
  1410.53598    0.535559   0.585420
  1410.55465    0.593745   0.585111
  1410.56848    0.515085   0.584753
  1410.58265    0.553610   0.584656
  1410.60515    0.566975   0.584475
  1410.61965    0.676655   0.584368
  1410.63348    0.612871   0.584242
  1410.65265    0.594762   0.584033
  1410.66690    0.579203   0.583743
  1410.68098    0.599877   0.583700
  1410.69482    0.587680   0.583658
  1410.71723    0.570371   0.583603
  1410.73148    0.505596   0.583561
  1410.74515    0.553610   0.583528
  1410.76798    0.578709   0.583475
  1410.78182    0.616563   0.583443
  1410.79648    0.568913   0.583421
  1410.81015    0.600391   0.583399
  1410.82932    0.545662   0.583375
  1410.84315    0.566492   0.583363
  1410.85682    0.620280   0.583360
  1410.87965    0.602452   0.583373
  1410.89390    0.705953   0.583379
  1410.90815    0.601936   0.583394
  1410.92915    0.512045   0.583426
  1410.94465    0.555498   0.583458
  1410.95890    0.548453   0.583472
  1410.97765    0.477853   0.583520
  1410.99132    0.546590   0.583542
  1411.00557    0.547521   0.583573
  1411.01982    0.588183   0.583603
  1411.04082    0.685483   0.583792
  1411.05548    0.567943   0.583955
  1411.06915    0.533291   0.584069
  1411.09215    0.635387   0.584224
  1411.10632    0.538294   0.584326
  1411.12048    0.606596   0.584409
  1411.13415    0.641429   0.584491
  1411.15432    0.591716   0.584898
  1411.16898    0.570371   0.585094
  1411.18265    0.503041   0.585252
  1411.20465    0.570371   0.585460
  1411.21848    0.639225   0.585705
  1411.23298    0.546590   0.586049
  1411.24683    0.666220   0.586276
  1411.26783    0.591210   0.586570
  1411.28250    0.581186   0.586763
  1411.29617    0.554553   0.587225
  1411.31917    0.638675   0.587705
  1411.33283    0.574769   0.587921
  1411.34667    0.592222   0.588240
  1411.36075    0.575751   0.588704
  1411.38133    0.587178   0.589157
  1411.39517    0.673157   0.589432
  1411.40883    0.595271   0.589937
  1411.42983    0.567943   0.590502
  1411.44408    0.534197   0.590840
  1411.45833    0.633205   0.591317
  1411.47200    0.516394   0.591805
  1411.49442    0.569884   0.592420
  1411.50867    0.560727   0.592900
  1411.52233    0.606077   0.593437
  1411.54433    0.627245   0.594107
  1411.55800    0.687264   0.594589
  1411.57267    0.565527   0.595190
  1411.58650    0.644196   0.595662
  1411.60933    0.536469   0.596521
  1411.62300    0.606077   0.597075
  1411.63767    0.580689   0.597595
  1411.65783    0.566009   0.598427
  1411.67200    0.612871   0.598980
  1411.68617    0.563601   0.599514
  1411.70000    0.560727   0.600139
  1411.72183    0.617093   0.601098
  1411.73567    0.667947   0.601603
  1411.74983    0.593745   0.602300
  1411.76950    0.569398   0.603172
  1411.78317    0.560249   0.603662
  1411.79700    0.631573   0.604458
  1411.81117    0.604002   0.605096
  1411.83408    0.582180   0.606157
  1411.84817    0.598337   0.606810
  1411.86200    0.657088   0.607435
  1411.88400    0.596802   0.608559
  1411.89767    0.619216   0.609218
  1411.91233    0.533744   0.609829
  1411.92600    0.619216   0.610678
  1411.94800    0.579698   0.611693
  1411.96183    0.683708   0.612451
  1411.97633    0.557868   0.613208
  1411.99750    0.655956   0.614165
  1412.01217    0.616035   0.615081
  1412.02583    0.546126   0.615770
  1412.03952    0.605039   0.616372
  1412.06152    0.619747   0.617711
  1412.07535    0.625093   0.618350
  1412.08993    0.599363   0.619256
  1412.11285    0.668524   0.620436
  1412.12652    0.621346   0.621301
  1412.14035    0.553139   0.622038
  1412.15402    0.580689   0.622775
  1412.17602    0.593237   0.624010
  1412.19068    0.594762   0.624895
  1412.20435    0.600905   0.625611
  1412.22718    0.552198   0.626981
  1412.24102    0.639775   0.627716
  1412.25568    0.596292   0.628679
  1412.26935    0.608680   0.629482
  1412.29218    0.583176   0.630845
  1412.30643    0.680759   0.631685
  1412.32068    0.633749   0.632435
  1412.34168    0.590199   0.633812
  1412.35635    0.603485   0.634618
  1412.37002    0.699866   0.635547
  1412.38427    0.629405   0.636408
  1412.40802    0.722044   0.637789
  1412.42218    0.621880   0.638744
  1412.43602    0.596292   0.639467
  1412.45385    0.649768   0.640677
  1412.47068    0.702902   0.641687
  1412.48452    0.675487   0.642570
  1412.49818    0.649208   0.643457
  1412.51752    0.616035   0.644561
  1412.53202    0.636481   0.645546
  1412.54627    0.519463   0.646462
  1412.56052    0.619747   0.647207
  1412.58235    0.674903   0.648756
  1412.59702    0.608680   0.649644
  1412.61218    0.642534   0.650752
  1412.63368    0.662780   0.652019
  1412.64735    0.665071   0.653006
  1412.66202    0.584673   0.653939
  1412.67585    0.667371   0.654771
  1412.69785    0.623484   0.656292
  1412.71193    0.611821   0.657098
  1412.72618    0.661637   0.658153
  1412.74402    0.739167   0.659291
  1412.76102    0.653136   0.660455
  1412.77552    0.724554   0.661446
  1412.78935    0.573298   0.662314
  1412.80952    0.655391   0.663726
  1412.82418    0.663924   0.664626
  1412.83787    0.576735   0.665637
  1412.85153    0.718296   0.666518
  1412.87270    0.635387   0.667961
  1412.88728    0.705953   0.668980
  1412.90187    0.658790   0.669829
  1412.91570    0.718296   0.670883
  1412.93770    0.701079   0.672290
  1412.95220    0.634295   0.673348
  1412.96603    0.744970   0.674311
  1412.98803    0.678411   0.675776
  1413.00170    0.657655   0.676744
  1413.01637    0.636481   0.677728
  1413.03003    0.637029   0.678659
  1413.05203    0.697446   0.680208
  1413.06670    0.739167   0.681157
  1413.08037    0.600905   0.682204
  1413.10053    0.653699   0.683411
  1413.11620    0.699260   0.684612
  1413.13087    0.604520   0.685650
  1413.14453    0.640877   0.686668
  1413.16737    0.677825   0.688155
  1413.18203    0.728336   0.689209
  1413.19578    0.616563   0.690236
  1413.21037    0.652011   0.691151
  1413.23287    0.715809   0.692775
  1413.24703    0.734049   0.693751
  1413.26120    0.754749   0.694775
  1413.28370    0.677239   0.696312
  1413.29787    0.663352   0.697402
  1413.31203    0.798722   0.698337
  1413.32570    0.797329   0.699275
  1413.34870    0.655956   0.700937
  1413.36237    0.690242   0.701864
  1413.37662    0.746915   0.702964
  1413.39620    0.648649   0.704323
  1413.41187    0.727704   0.705447
  1413.42603    0.720792   0.706449
  1413.44020    0.777422   0.707398
  1413.46220    0.662780   0.709045
  1413.47687    0.721418   0.710003
  1413.49053    0.696843   0.711080
  1413.50420    0.658223   0.712043
  1413.52670    0.709017   0.713630
  1413.54087    0.699866   0.714618
  1413.55470    0.693234   0.715554
  1413.57470    0.658223   0.717017
  1413.59120    0.661067   0.718184
  1413.60503    0.712714   0.719241
  1413.61872    0.657088   0.720219
  1413.64255    0.681937   0.721981
  1413.65622    0.666795   0.722865
  1413.67088    0.732775   0.723944
  1413.68472    0.786966   0.725021
  1413.70655    0.746915   0.726440
  1413.72122    0.725812   0.727624
  1413.73505    0.693234   0.728578
  1413.75422    0.686076   0.729973
  1413.77072    0.714569   0.731142
  1413.78438    0.755406   0.732106
  1413.79905    0.693834   0.733204
  1413.82105    0.802915   0.734693
  1413.83472    0.768000   0.735779
  1413.84938    0.745618   0.736836
  1413.86322    0.765997   0.737820
  1413.88322    0.734687   0.739254
  1413.89788    0.698655   0.740297
  1413.91172    0.752128   0.741359
  1413.92538    0.715189   0.742299
  1413.94780    0.737243   0.743931
  1413.96205    0.795245   0.744978
  1413.97622    0.725812   0.745970
  1413.99038    0.800816   0.746983
  1414.01238    0.779457   0.748641
  1414.02605    0.752128   0.749637
  1414.04072    0.718919   0.750601
  1414.06272    0.669101   0.752206
  1414.07738    0.823513   0.753340
  1414.09205    0.852095   0.754313
  1414.10572    0.663924   0.755380
  1414.12722    0.781497   0.756861
  1414.14138    0.705341   0.757924
  1414.15563    0.739809   0.758929
  1414.16988    0.807837   0.759978
  1414.19272    0.830744   0.761598
  1414.20638    0.754749   0.762552
  1414.22105    0.723298   0.763651
  1414.23488    0.738525   0.764582
  1414.25672    0.856584   0.766236
  1414.27055    0.847631   0.767172
  1414.28472    0.807837   0.768290
  1414.30205    0.775393   0.769403
  1414.32222    0.727704   0.770965
  1414.33638    0.743030   0.771923
  1414.35022    0.790405   0.772931
  1414.37305    0.740452   0.774543
  1414.38672    0.780136   0.775518
  1414.40138    0.798025   0.776643
  1414.41523    0.881723   0.777564
  1414.43707    0.805724   0.779163
  1414.45173    0.676655   0.780170
  1414.46557    0.885599   0.781249
  1414.47973    0.826398   0.782199
  1414.50073    0.897334   0.783697
  1414.51590    0.882497   0.784776
  1414.52957    0.762007   0.785764
  1414.54340    0.807837   0.786772
  1414.56440    0.871728   0.788239
  1414.57907    0.838042   0.789316
  1414.59323    0.857335   0.790290
  1414.60740    0.752128   0.791259
  1414.62840    0.914842   0.792828
  1414.64307    0.742385   0.793839
  1414.65773    0.791094   0.794887
  1414.67140    0.849860   0.795842
  1414.69340    0.772023   0.797425
  1414.70807    0.849116   0.798467
  1414.72232    0.780136   0.799369
  1414.73690    0.814923   0.800478
  1414.75757    0.787653   0.801932
  1414.77223    0.725183   0.802989
  1414.78690    0.849116   0.804000
  1414.80790    0.853589   0.805476
  1414.82298    0.848373   0.806577
  1414.83723    0.804318   0.807541
  1414.85140    0.796634   0.808562
  1414.87373    0.695638   0.810113
  1414.88798    0.707177   0.811119
  1414.90223    0.885599   0.812115
  1414.91590    0.874791   0.813059
  1414.93790    0.951778   0.814613
  1414.95257    0.773369   0.815623
  1414.96623    0.888712   0.816584
  1414.98040    0.715189   0.817527
  1415.00007    0.803617   0.818866
  1415.01473    0.830744   0.819920
