   136.80086    1.010695   1.000000
   136.89878    1.004200   1.000000
   136.96128    1.028538   1.000000
   137.02262    1.025700   1.000000
   137.08512    1.061256   1.000000
   137.14762    1.002352   1.000000
   137.21011    1.017232   1.000000
   137.27261    1.013492   1.000000
   137.33510    1.015360   1.000000
   137.39890    1.020047   1.000000
   137.46125    1.037099   1.000000
   137.52389    1.057353   1.000000
   137.58638    1.039011   1.000000
   137.64888    1.020987   1.000000
   137.71138    1.006051   1.000000
   137.77387    1.039969   1.000000
   137.83637    1.008835   1.000000
   137.89886    1.021928   1.000000
   137.96136    1.057353   1.000000
   138.02386    1.001429   1.000000
   138.08635    1.001429   1.000000
   138.14885    1.006051   1.000000
   138.21134    1.008835   1.000000
   138.27384    1.033285   1.000000
   138.33634    0.999586   1.000000
   138.39883    0.999586   1.000000
   138.46133    1.000507   1.000000
   138.52382    1.025700   1.000000
   138.58517    0.999586   1.000000
   138.64766    1.009765   1.000000
   138.71016    1.024755   1.000000
   138.77266    1.024755   1.000000
   138.83515    1.019108   1.000000
   138.89765    1.022869   1.000000
   138.96014    1.009765   1.000000
   139.02264    1.020047   1.000000
   139.08514    0.997746   1.000000
   139.14763    1.020047   1.000000
   139.21013    1.010695   1.000000
   139.27262    1.066155   1.000000
   139.33512    1.047660   1.000000
   139.39877    1.047660   1.000000
   139.46126    0.998666   1.000000
   139.52376    1.011627   1.000000
   139.58626    1.005125   1.000000
   139.64890    1.009765   1.000000
   139.71139    1.025700   1.000000
   139.77389    1.012559   1.000000
   139.83638    1.011627   1.000000
   139.89888    0.999586   1.000000
   139.96138    1.049591   1.000000
   140.02387    1.035190   1.000000
   140.08637    1.015360   1.000000
   140.14886    1.032334   1.000000
   140.21136    1.017232   1.000000
   140.27386    1.020987   1.000000
   140.33635    1.024755   1.000000
   140.39885    1.008835   1.000000
   140.46134    1.012559   1.000000
   140.52384    1.001429   1.000000
   140.58634    1.011627   1.000000
   140.64883    1.007906   1.000000
   140.71133    1.011627   1.000000
   140.77382    1.014426   1.000000
   140.83632    1.023812   1.000000
   140.89882    1.006051   1.000000
   140.96131    1.011627   1.000000
   141.02266    1.006051   1.000000
   141.08515    1.006051   1.000000
   141.14765    1.002352   1.000000
   141.21014    1.013492   1.000000
   141.27264    1.042846   1.000000
   141.33413    1.033285   1.000000
   141.39662    0.999586   1.000000
   141.45912    1.005125   1.000000
   141.52162    1.021928   1.000000
   141.58411    1.007906   1.000000
   141.64661    1.012559   1.000000
   141.70910    1.039969   1.000000
   141.77160    1.002352   1.000000
   141.83410    1.019108   1.000000
   141.89674    1.019108   1.000000
   141.95923    1.041886   1.000000
   142.02158    1.013492   1.000000
   142.08422    0.998666   1.000000
   142.14672    1.017232   1.000000
   142.20922    1.013492   1.000000
   142.27171    1.020047   1.000000
   142.33421    1.010695   1.000000
   142.39670    1.008835   1.000000
   142.45920    1.014426   1.000000
   142.52170    1.001429   1.000000
   142.58419    1.022869   1.000000
   142.64568    1.012559   1.000000
   142.70818    1.003275   1.000000
   142.77067    1.022869   1.000000
   142.83317    1.042846   1.000000
   142.89566    1.019108   1.000000
   142.95816    1.020047   1.000000
   143.02066    1.022869   1.000000
   143.08315    1.020987   1.000000
   143.14565    0.997746   1.000000
   143.20814    1.001429   1.000000
   143.27064    0.987689   1.000000
   143.33314    1.005125   1.000000
   143.39563    1.014426   1.000000
   143.45813    1.009765   1.000000
   143.52062    1.014426   1.000000
   143.58312    1.000507   1.000000
   143.64562    1.014426   1.000000
   143.70811    1.019108   1.000000
   143.77061    1.006051   1.000000
   143.83310    1.006051   1.000000
   143.89560    1.022869   1.000000
   143.95810    1.003275   1.000000
   144.02059    1.023812   1.000000
   144.08323    0.994993   1.000000
   144.14472    1.016296   1.000000
   144.20722    0.997746   1.000000
   144.26971    1.012559   1.000000
   144.33221    1.012559   1.000000
   144.39470    1.002352   1.000000
   144.45720    0.998666   1.000000
   144.51970    0.982246   1.000000
   144.58219    1.002352   1.000000
   144.64469    1.014426   1.000000
   144.70718    0.991334   1.000000
   144.76968    0.986780   1.000000
   144.83218    0.999586   1.000000
   144.89467    1.021928   1.000000
   144.95717    0.989510   1.000000
   145.01966    0.950211   1.000000
   145.08216    0.951087   1.000000
   145.14466    0.931151   1.000000
   145.20715    0.885157   1.000000
   145.26965    0.818503   1.000000
   145.33214    0.741003   1.000000
   145.39464    0.705050   1.000000
   145.45714    0.781664   1.000000
   145.51963    0.675803   1.000000
   145.58213    0.675803   1.000000
   145.64462    0.660420   1.000000
   145.70813    0.703753   1.000000
   145.77062    0.710919   1.000000
   145.83312    0.803563   1.000000
   145.89562    0.828362   1.000000
   145.95811    0.921765   1.000000
   146.02061    0.890062   1.000000
   146.08210    0.957239   1.000000
   146.14474    0.970555   1.000000
   146.20709    0.988599   1.000000
   146.26958    0.989510   1.000000
   146.33222    1.022869   1.000000
   146.39472    1.013492   1.000000
   146.45722    1.025700   1.000000
   146.51971    0.997746   1.000000
   146.58221    1.014426   1.000000
   146.64470    1.002352   1.000000
   146.70720    1.019108   1.000000
   146.76970    1.004200   1.000000
   146.83219    1.004200   1.000000
   146.89469    1.004200   1.000000
   146.95718    1.005125   1.000000
   147.01968    1.010695   1.000000
   147.08218    1.021928   1.000000
   147.14467    1.017232   1.000000
   147.20717    1.006051   1.000000
   147.26966    1.007906   1.000000
   147.33216    1.022869   1.000000
   147.39466    0.991334   1.000000
   147.45600    1.002352   1.000000
   147.51850    1.028538   1.000000
   147.58099    1.019108   1.000000
   147.64349    1.017232   1.000000
   147.70598    1.015360   0.999998
   147.76848    1.011627   0.999988
   147.83098    1.014426   0.999955
   147.89347    0.996828   0.999885
   147.95597    0.987689   0.999760
   148.01846    0.995910   0.999561
   148.08096    0.983151   0.999269
   148.14346    0.987689   0.998864
   148.20595    1.012559   0.998326
   148.26744    0.996828   0.997647
   148.32994    0.999586   0.996785
   148.39243    1.010695   0.995730
   148.45493    0.986780   0.994464
   148.51742    0.993162   0.992970
   148.58006    1.013492   0.991225
   148.64256    0.994077   0.989222
   148.70506    0.978634   0.986942
   148.76755    0.983151   0.984372
   148.83005    0.982246   0.981500
   148.89254    0.996828   0.978314
   148.95504    0.976833   0.974804
   149.01754    0.966986   0.970963
   149.08003    0.987689   0.966783
   149.14253    0.972345   0.962262
   149.20502    0.944975   0.957394
   149.26752    0.937174   0.952179
   149.33002    0.952840   0.946617
   149.39251    0.963430   0.940711
   149.45501    0.937174   0.934464
   149.51750    0.923464   0.927882
   149.58000    0.921765   0.920973
   149.64250    0.907445   0.913744
   149.70499    0.896644   0.906209
   149.76749    0.903275   0.898378
   149.82898    0.882714   0.890402
   149.89147    0.874622   0.882033
   149.95397    0.853926   0.873419
   150.01646    0.885972   0.864579
   150.07896    0.869001   0.855535
   150.14146    0.849220   0.846310
   150.20395    0.821524   0.836929
   150.26645    0.840660   0.827417
   150.32894    0.828362   0.817801
   150.39144    0.802085   0.808111
   150.45394    0.791080   0.798376
   150.51643    0.796930   0.788625
   150.57907    0.791809   0.778866
   150.64157    0.773072   0.769170
   150.70392    0.768812   0.759564
   150.76642    0.760362   0.750028
   150.82906    0.749929   0.740588
   150.89155    0.730836   0.731312
   150.95405    0.713543   0.722203
   151.01654    0.697301   0.713283
   151.07904    0.694737   0.704574
   151.14154    0.688367   0.696100
   151.91438    0.620326   0.618292
   151.97688    0.614073   0.614702
   152.03938    0.607883   0.611576
   152.10187    0.615772   0.608923
   152.16437    0.607324   0.606750
   152.22686    0.591317   0.605062
   152.28936    0.591862   0.603864
   152.35186    0.605648   0.603160
   152.41435    0.600095   0.602952
   152.47685    0.590772   0.603241
   152.53934    0.606206   0.604026
   152.60184    0.594046   0.605305
   152.66434    0.612943   0.607076
   152.72683    0.611815   0.609334
   152.78933    0.614639   0.612075
   152.85182    0.613508   0.615292
   152.91432    0.607324   0.618976
   152.97682    0.619755   0.623121
   153.03931    0.618615   0.627714
   153.10181    0.634776   0.632747
   153.16430    0.648366   0.638206
   153.22680    0.662247   0.644080
   153.28930    0.655572   0.650353
   153.35179    0.644199   0.657012
   153.41429    0.657386   0.664040
   153.47678    0.688367   0.671422
   153.53928    0.687734   0.679139
   153.60178    0.682056   0.687173
   153.66427    0.690908   0.695506
   153.72677    0.710919   0.704117
   153.78926    0.711574   0.712984
   153.85190    0.723469   0.722109
   153.91426    0.749239   0.731403
   153.97675    0.747171   0.740908
   154.03939    0.756171   0.750600
   154.10189    0.764575   0.760408
   154.16438    0.773072   0.770326
   154.22688    0.779507   0.780326
   154.28837    0.788897   0.790212
   154.35086    0.800609   0.800274
   154.41336    0.800609   0.810317
   154.47586    0.820768   0.820309
   154.53835    0.820012   0.830218
   154.60085    0.850786   0.840014
   154.66334    0.832952   0.849669
   154.72584    0.856289   0.859154
   154.78834    0.880279   0.868443
   154.85083    0.857867   0.877511
   154.91333    0.871405   0.886335
   154.97582    0.897471   0.894893
   155.03832    0.894994   0.903166
   155.10082    0.914156   0.911135
   155.16331    0.924315   0.918785
   155.22581    0.935449   0.926100
   155.28830    0.954597   0.933070
   155.34979    0.928582   0.939581
   155.41229    0.958121   0.945837
   155.47478    0.946717   0.951724
   155.53728    0.975035   0.957236
   155.59978    0.945845   0.962372
   155.66227    0.970555   0.967131
   155.72477    0.981342   0.971517
   155.78726    0.991334   0.975532
   155.84976    0.981342   0.979184
   155.91240    0.971449   0.982488
   155.97490    0.976833   0.985439
   156.03725    0.989510   0.988051
   156.09989    0.984964   0.990355
   156.16238    1.011627   0.992349
   156.22488    0.976833   0.994055
   156.28738    0.984057   0.995491
   156.34987    0.997746   0.996678
   156.41237    1.011627   0.997638
   156.47486    1.010695   0.998392
   156.53736    0.994077   0.998965
   156.59986    0.966096   0.999382
   156.66235    1.008835   0.999667
   156.72485    1.004200   0.999846
   156.78734    1.011627   0.999945
   156.84984    0.998666   0.999988
   156.91234    1.007906   0.999999
   156.97483    1.011627   1.000000
   157.03733    0.998666   1.000000
   157.09982    1.007906   1.000000
   157.16232    1.007906   1.000000
   157.22482    1.008835   1.000000
   157.28731    0.995910   1.000000
   157.34981    0.966986   1.000000
   157.41230    1.002352   1.000000
   157.47480    1.003275   1.000000
   157.53730    1.000507   1.000000
   157.59979    1.000507   1.000000
   157.66229    1.025700   1.000000
   157.72478    0.987689   1.000000
   157.78728    1.023812   1.000000
   157.84978    0.988599   1.000000
   157.91227    1.019108   1.000000
   157.97477    1.005125   1.000000
   158.03726    0.994993   1.000000
   158.09976    0.982246   1.000000
   158.16226    1.013492   1.000000
   158.22490    1.009765   1.000000
   158.28739    0.987689   1.000000
   158.34989    1.002352   1.000000
   158.41238    1.014426   1.000000
   158.47488    1.016296   1.000000
   158.53738    1.019108   1.000000
   158.59987    0.992248   1.000000
   158.66237    1.030434   1.000000
   158.72486    1.002352   1.000000
   158.78736    1.025700   1.000000
   158.84986    1.007906   1.000000
   158.91235    0.997746   1.000000
   158.97485    0.992248   1.000000
   159.03734    1.006051   1.000000
   159.09984    0.994993   1.000000
   159.16234    1.018170   1.000000
   159.22483    1.016296   1.000000
   159.28733    1.012559   1.000000
   159.34982    1.014426   1.000000
   159.41232    0.991334   1.000000
   159.47482    1.010695   1.000000
   159.53731    0.992248   1.000000
   159.59981    1.007906   1.000000
   159.66230    1.022869   1.000000
   159.72480    1.023812   1.000000
   159.78730    0.987689   1.000000
   159.84979    1.014426   1.000000
   159.91229    1.004200   1.000000
   159.97478    0.996828   1.000000
   160.03728    1.010695   1.000000
   160.09978    1.020987   1.000000
   160.16227    1.001429   1.000000
   160.22390    1.013492   1.000000
   160.28626    1.002352   1.000000
   160.34875    1.021928   1.000000
   160.41125    1.017232   1.000000
   160.47389    1.021928   1.000000
   160.53638    1.020987   1.000000
   160.59888    1.020047   1.000000
   160.66138    1.012559   1.000000
   160.72387    1.002352   1.000000
   160.78637    0.982246   1.000000
   160.84886    1.009765   1.000000
   160.91136    1.007906   1.000000
   160.97386    1.002352   1.000000
   161.03635    1.020047   1.000000
   161.09885    1.011627   1.000000
   161.16134    1.007906   1.000000
   161.22384    0.993162   1.000000
   161.28634    1.004200   1.000000
   161.34883    0.994077   1.000000
   161.41133    1.020987   1.000000
   161.47382    0.996828   1.000000
   161.53632    1.011627   1.000000
   161.59882    1.000507   1.000000
   161.66131    1.013492   1.000000
   161.72381    1.014426   1.000000
   161.78630    1.003275   1.000000
   161.84880    1.011627   1.000000
   161.91130    1.002352   1.000000
   161.97379    1.001429   1.000000
   162.03629    1.040927   1.000000
   162.09878    1.008835   1.000000
   162.16128    0.984057   1.000000
   162.22378    1.007906   1.000000
   162.28627    0.998666   1.000000
   162.34877    0.999586   1.000000
   162.41126    1.014426   1.000000
   162.47390    1.001429   1.000000
   162.53640    0.987689   1.000000
   162.59875    1.022869   1.000000
   162.66125    1.003275   1.000000
   162.72389    1.001429   1.000000
   162.78638    1.023812   1.000000
   162.84888    0.999586   1.000000
   162.91138    0.996828   1.000000
   162.97387    1.003275   1.000000
   163.03637    0.997746   1.000000
   163.09886    1.014426   1.000000
   163.16136    1.007906   1.000000
   163.22386    1.017232   1.000000
   163.28635    1.017232   1.000000
   163.34885    1.003275   1.000000
   163.41134    1.013492   1.000000
   163.47384    1.016296   1.000000
   163.53634    1.005125   1.000000
   163.59883    0.997746   1.000000
   163.66018    0.996828   1.000000
   163.72166    1.008835   1.000000
   163.78315    1.023812   1.000000
   163.84565    1.020987   1.000000
   163.90814    1.020987   1.000000
   163.97064    1.023812   1.000000
   164.03314    0.998666   1.000000
   164.09563    0.999586   1.000000
   164.15813    1.012559   1.000000
   164.22062    1.021928   1.000000
   164.28312    1.023812   1.000000
   164.34562    1.004200   1.000000
   164.40811    1.020987   1.000000
   164.47061    1.003275   1.000000
   164.53310    1.015360   1.000000
   164.59560    1.023812   1.000000
   164.65810    1.004200   1.000000
   164.72074    1.012559   1.000000
   164.78309    1.007906   1.000000
   164.84472    0.993162   1.000000
   164.90722    1.004200   1.000000
   164.96971    1.014426   1.000000
   165.03221    1.002352   1.000000
   165.09470    0.994077   1.000000
   165.15720    0.971449   1.000000
   165.21970    1.020987   1.000000
   165.28219    0.989510   1.000000
   165.34469    1.007906   1.000000
   165.40718    1.017232   1.000000
   165.46968    1.015360   1.000000
   165.53218    1.002352   1.000000
   165.59467    0.989510   1.000000
   165.65717    1.010695   1.000000
   165.71966    1.005125   1.000000
   165.78216    0.992248   1.000000
   165.84523    1.025700   1.000000
   165.90715    1.001429   1.000000
   165.96965    1.006979   1.000000
   166.03214    0.986780   1.000000
   166.09464    1.018170   1.000000
   166.15714    1.013492   1.000000
   166.21963    0.994993   1.000000
   166.28213    1.025700   1.000000
   166.34462    0.976833   1.000000
   166.40712    1.002352   1.000000
   166.46962    1.003275   1.000000
   166.53211    1.037099   1.000000
   166.59461    1.021928   1.000000
   166.65710    0.997746   1.000000
   166.71960    1.009765   1.000000
   166.78210    0.992248   1.000000
   166.84459    1.006051   1.000000
   166.90594    0.997746   1.000000
   166.96843    1.012559   1.000000
