   859.29908    1.036986   1.000000
   859.30975    1.029734   1.000000
   859.32042    1.032041   1.000000
   859.33108    1.001716   1.000000
   859.34175    1.001716   1.000000
   859.35242    0.963810   1.000000
   859.36308    1.019516   1.000000
   859.37375    1.007979   1.000000
   859.38442    1.013583   1.000000
   859.39508    1.017868   1.000000
   859.40575    0.928870   1.000000
   859.41642    0.942714   1.000000
   859.42708    0.978972   1.000000
   859.43775    0.932826   1.000000
   859.44842    1.006001   1.000000
   859.45908    0.983587   1.000000
   859.46975    0.979302   1.000000
   859.48042    0.984246   1.000000
   859.49108    0.956888   1.000000
   859.50175    1.007979   1.000000
   859.51242    0.962821   1.000000
   859.52308    0.993476   1.000000
   859.53375    0.964799   1.000000
   859.54442    0.929200   1.000000
   859.55508    1.026767   1.000000
   859.56575    0.991828   1.000000
   859.57642    0.975017   1.000000
   859.58708    1.010616   1.000000
   859.59775    0.978972   1.000000
   859.60842    0.910082   1.000000
   859.61908    0.999739   1.000000
   859.62975    1.018527   1.000000
   859.64042    1.019516   1.000000
   859.65108    0.951614   1.000000
   859.66175    0.991498   1.000000
   859.67242    0.991828   1.000000
   859.68308    1.003694   1.000000
   859.69375    0.985565   1.000000
   859.70442    1.036656   1.000000
   859.71508    1.047533   1.000000
   859.72575    0.990509   1.000000
   859.73642    1.005012   1.000000
   859.74708    1.033689   1.000000
   859.75775    1.015231   1.000000
   859.76842    1.038963   1.000000
   859.77908    1.021164   1.000000
   859.78975    0.946340   1.000000
   859.80042    1.030064   1.000000
   859.81108    1.011275   0.999877
   859.82175    0.970732   0.999741
   859.83242    0.966117   0.999427
   859.84308    1.003694   0.999100
   859.85375    1.012264   0.998842
   859.86442    0.973039   0.998421
   859.87508    0.953262   0.998016
   859.88575    1.004683   0.997623
   859.89642    1.024130   0.997111
   859.90708    0.982269   0.996640
   859.91775    0.965458   0.996171
   859.92842    0.992157   0.995541
   859.93908    0.979632   0.994967
   859.94975    1.020505   0.994462
   859.96042    1.067311   0.993758
   859.97108    0.992487   0.993163
   859.98175    1.002375   0.992581
   859.99242    1.020505   0.991872
   860.00308    0.955899   0.991149
   860.01375    0.972050   0.990493
   860.02442    1.002046   0.989724
   860.03508    0.972050   0.988983
   860.04575    0.945351   0.988280
   860.05642    0.966117   0.987452
   860.06708    0.955240   0.986654
   860.07775    0.966776   0.985870
   860.08842    0.970732   0.985024
   860.09908    0.966117   0.984168
   860.10975    0.995124   0.983394
   860.12042    0.979961   0.982467
   860.13108    0.985565   0.981594
   860.14175    0.955899   0.980753
   860.15242    0.951944   0.979785
   860.16308    0.942385   0.978899
   860.17375    0.952932   0.978028
   860.18442    0.931837   0.977011
   860.19508    0.958206   0.976119
   860.20575    0.985894   0.975101
   860.21642    0.947659   0.974071
   860.22708    0.896897   0.973163
   860.23775    0.945022   0.972147
   860.24842    0.934803   0.971082
   860.25908    0.975347   0.970151
   860.26975    1.007320   0.969112
   860.28042    0.966117   0.967976
   860.29108    1.011275   0.966949
   860.30175    0.948318   0.965917
   860.31242    0.912060   0.964852
   860.32308    1.027756   0.963797
   860.33375    0.923596   0.962670
   860.34442    0.948647   0.961581
   860.35508    0.996113   0.960415
   860.36575    0.969413   0.959306
   860.37642    0.965128   0.958226
   860.38708    0.952603   0.957056
   860.39775    0.956558   0.955946
   860.40842    0.909093   0.954826
   860.41908    0.927222   0.953580
   860.42975    0.966776   0.952480
   860.44042    0.966776   0.951333
   860.45108    0.947329   0.950118
   860.46175    0.967106   0.948980
   860.47242    0.923596   0.947772
   860.48308    0.902501   0.946522
   860.49375    0.936451   0.945327
   860.50442    0.958866   0.944102
   860.51508    1.024130   0.942920
   860.52575    0.987213   0.941668
   860.53642    0.800977   0.940439
   860.54708    1.011275   0.939273
   860.55775    0.893601   0.937944
   860.56842    0.862287   0.936745
   860.57908    0.927881   0.935556
   860.58975    0.958866   0.934229
   860.60042    0.925904   0.933017
   860.61108    0.953262   0.931708
   860.62175    0.972380   0.930455
   860.63242    0.917004   0.929208
   860.64308    0.942714   0.927891
   860.65375    0.868220   0.926631
   860.66442    0.934144   0.925347
   860.67508    0.955569   0.924078
   860.68575    0.928870   0.922773
   860.69642    0.919970   0.921466
   860.70708    0.912719   0.920288
   860.71775    0.878438   0.918926
   860.72842    0.932496   0.917651
   860.73908    0.910411   0.916257
   860.74975    0.918982   0.914982
   860.76042    0.871516   0.913749
   860.77108    0.900852   0.912377
   860.78175    0.873494   0.911140
   860.79242    0.922937   0.909779
   860.80308    0.892612   0.908443
   860.81375    0.913378   0.907122
   860.82442    0.938429   0.905838
   860.83508    0.874812   0.904574
   860.84575    0.860968   0.903177
   860.85642    0.908434   0.901900
   860.86708    0.898875   0.900572
   860.87775    0.896238   0.899262
   860.88842    0.887668   0.897931
   860.89908    0.902830   0.896581
   860.90975    0.903819   0.895313
   860.92042    0.862616   0.894067
   860.93108    0.888327   0.892781
   860.94175    0.910411   0.891418
   860.95242    0.886349   0.890069
   860.96308    0.879757   0.888634
   860.97375    0.852398   0.887366
   860.98442    0.847784   0.886153
   860.99508    0.879757   0.884778
   861.00575    0.882723   0.883526
   861.01642    0.900852   0.882137
   861.02708    0.872505   0.880907
   861.03775    0.860639   0.879617
   861.04842    0.864594   0.878296
   861.05908    0.877449   0.876909
   861.06975    0.874812   0.875690
   861.08042    0.849102   0.874397
   861.09108    0.852728   0.873170
   861.10175    0.901182   0.871863
   861.11242    0.848772   0.870595
   861.12308    0.880746   0.869312
   861.13375    0.882064   0.867978
   861.14442    0.867231   0.866697
   861.15508    0.848443   0.865420
   861.16575    0.850091   0.864159
   861.17642    0.904808   0.862907
   861.18708    0.818118   0.861711
   861.19775    0.840202   0.860420
   861.20842    0.869209   0.859136
   861.21908    0.856354   0.857927
   861.22975    0.882064   0.856728
   861.24042    0.858661   0.855465
   861.25108    0.856683   0.854305
   861.26175    0.861957   0.852999
   861.27242    0.837565   0.851717
   861.28308    0.817788   0.850588
   861.29375    0.842510   0.849344
   861.30442    0.898875   0.848235
   861.31508    0.857672   0.846971
   861.32575    0.878768   0.845783
   861.33642    0.845476   0.844624
   861.34708    0.844817   0.843479
   861.35775    0.854376   0.842261
   861.36842    0.805592   0.841095
   861.37908    0.810866   0.839974
   861.38975    0.791089   0.838857
   861.40042    0.830973   0.837646
   861.41108    0.813833   0.836519
   861.42175    0.804933   0.835441
   861.43242    0.842180   0.834295
   861.44308    0.827017   0.833194
   861.45375    0.861957   0.832078
   861.46442    0.846795   0.831030
   861.47508    0.815481   0.829890
   861.48575    0.818777   0.828855
   861.49642    0.827677   0.827821
   861.50708    0.812514   0.826753
   861.51775    0.827347   0.825719
   861.52842    0.826358   0.824638
   861.53908    0.817129   0.823650
   861.54975    0.794715   0.822595
   861.56042    0.777904   0.821614
   861.57108    0.782848   0.820610
   861.58175    0.813833   0.819580
   861.59242    0.826029   0.818655
   861.60308    0.844817   0.817679
   861.61375    0.813503   0.816741
   861.62442    0.765378   0.815766
   861.63508    0.825699   0.814814
   861.64575    0.819766   0.813914
   861.65642    0.828006   0.813001
   861.66708    0.852398   0.812073
   861.67775    0.861628   0.811200
   861.68842    0.808888   0.810340
   861.69908    0.813173   0.809434
   861.70975    0.820425   0.808572
   861.72042    0.832951   0.807750
   861.73108    0.750875   0.806913
   861.74175    0.803614   0.806099
   861.75242    0.781530   0.805222
   861.76308    0.844817   0.804519
   861.77375    0.857343   0.803572
   861.78442    0.790100   0.802882
   861.79508    0.766697   0.802174
   861.80575    0.792737   0.801408
   861.81642    0.759445   0.800634
   861.82708    0.772300   0.799928
   861.83775    0.807899   0.799223
   861.84842    0.819436   0.798555
   861.85908    0.799989   0.797820
   861.86975    0.741646   0.797168
   861.88042    0.781530   0.796523
   861.89108    0.788122   0.795924
   861.90175    0.832621   0.795253
   861.91242    0.814162   0.794622
   861.92308    0.803614   0.794042
   861.93375    0.836576   0.793473
   861.94442    0.782848   0.792840
   861.95508    0.770323   0.792335
   861.96575    0.794715   0.791801
   861.97642    0.830643   0.791276
   861.98708    0.854046   0.790717
   861.99775    0.817788   0.790206
   862.00842    0.788452   0.789777
   862.01908    0.813173   0.789316
   862.02975    0.842839   0.788830
   862.04042    0.776915   0.788372
   862.05108    0.836906   0.787936
   862.06175    0.806911   0.787583
   862.07242    0.742964   0.787207
   862.08308    0.774937   0.786795
   862.09375    0.807240   0.786360
   862.10442    0.808229   0.786091
   862.11508    0.798011   0.785754
   862.12575    0.778893   0.785437
   862.13642    0.792078   0.785157
   862.14708    0.785815   0.784859
   862.15775    0.821414   0.784507
   862.16842    0.761423   0.784351
   862.17908    0.747579   0.784066
   862.18975    0.741316   0.783913
   862.20042    0.809877   0.783704
   862.21108    0.794385   0.783514
   862.22175    0.790100   0.783347
   862.23242    0.814492   0.783180
   862.24308    0.819766   0.782973
   862.25375    0.739338   0.782879
   862.26442    0.780211   0.782714
   862.27508    0.822073   0.782692
   862.28575    0.806251   0.782545
   862.29642    0.768345   0.782576
   862.30708    0.783837   0.782545
   862.31775    0.747909   0.782468
   862.32842    0.729779   0.782478
   862.33908    0.725824   0.782489
   862.34975    0.753512   0.782507
   862.36042    0.802296   0.782607
   862.37108    0.734394   0.782602
   862.38175    0.783508   0.782693
   862.39242    0.807570   0.782784
   862.40308    0.842180   0.782843
   862.41375    0.841191   0.783025
   862.42442    0.800648   0.783164
   862.43508    0.836576   0.783314
   862.44575    0.801307   0.783419
   862.45642    0.757138   0.783666
   862.46708    0.800977   0.783891
   862.47775    0.847124   0.784066
   862.48842    0.792407   0.784281
   862.49908    0.822732   0.784548
   862.50975    0.803614   0.784783
   862.52042    0.815481   0.785065
   862.53108    0.771971   0.785445
   862.54175    0.777245   0.785704
   862.55242    0.788781   0.786070
   862.56308    0.790100   0.786425
   862.57375    0.837236   0.786672
   862.58442    0.793396   0.787106
   862.59508    0.783508   0.787443
   862.60575    0.821744   0.787890
   862.61642    0.775926   0.788328
   862.62708    0.784826   0.788790
   862.63775    0.772630   0.789248
   862.64842    0.820755   0.789727
   862.65908    0.802626   0.790158
   862.66975    0.762412   0.790664
   862.68042    0.788122   0.791169
   862.69108    0.811525   0.791720
   862.70175    0.802296   0.792235
   862.71242    0.792078   0.792832
   862.72308    0.785815   0.793402
   862.73375    0.828006   0.793938
   862.74442    0.814162   0.794544
   862.75508    0.775267   0.795137
   862.76575    0.749557   0.795735
   862.77642    0.815481   0.796430
   862.78708    0.837236   0.797134
   862.79775    0.843169   0.797802
   862.80842    0.776586   0.798417
   862.81908    0.799659   0.799105
   862.82975    0.805263   0.799805
   862.84042    0.804933   0.800554
   862.85108    0.815810   0.801370
   862.86175    0.822073   0.802044
   862.87242    0.785156   0.802788
   862.88308    0.788122   0.803632
   862.89375    0.854046   0.804377
   862.90442    0.819107   0.805133
   862.91508    0.805922   0.805932
   862.92575    0.813173   0.806791
   862.93642    0.813173   0.807613
   862.94708    0.863605   0.808471
   862.95775    0.819436   0.809304
   862.96842    0.811196   0.810200
   862.97908    0.855035   0.811039
   862.98975    0.833610   0.811965
   863.00042    0.763071   0.812857
   863.01108    0.855694   0.813746
   863.02175    0.813173   0.814696
   863.03242    0.790759   0.815600
   863.04308    0.848772   0.816553
   863.05375    0.854376   0.817524
   863.06442    0.783178   0.818457
   863.07508    0.814492   0.819373
   863.08575    0.800318   0.820454
   863.09642    0.792407   0.821369
   863.10708    0.823062   0.822419
   863.11775    0.834269   0.823426
   863.12842    0.830643   0.824457
   863.13908    0.807899   0.825486
   863.14975    0.826029   0.826503
   863.16042    0.830643   0.827546
   863.17108    0.792078   0.828614
   863.18175    0.857343   0.829684
   863.19242    0.877779   0.830747
   863.20308    0.820755   0.831846
   863.21375    0.866902   0.832905
   863.22442    0.870527   0.833998
   863.23508    0.864594   0.835103
   863.24575    0.822403   0.836237
   863.25642    0.842180   0.837352
   863.26708    0.864594   0.838460
   863.27775    0.803285   0.839618
   863.28842    0.867561   0.840705
   863.29908    0.827017   0.841849
   863.30975    0.859320   0.843046
   863.32042    0.828666   0.844160
   863.33108    0.882394   0.845363
   863.34175    0.859320   0.846488
   863.35242    0.885360   0.847666
   863.36308    0.877779   0.848878
   863.37375    0.890634   0.849988
   863.38442    0.875142   0.851237
   863.39508    0.846135   0.852396
   863.40575    0.840202   0.853617
   863.41642    0.872835   0.854833
   863.42708    0.840532   0.855979
   863.43775    0.852398   0.857257
   863.44842    0.883712   0.858447
   863.45908    0.837895   0.859642
   863.46975    0.863935   0.860850
   863.48042    0.848113   0.862117
   863.49108    0.833939   0.863372
   863.50175    0.854046   0.864576
   863.51242    0.868220   0.865803
   863.52308    0.828666   0.866985
   863.53375    0.861298   0.868369
   863.54442    0.896897   0.869565
   863.55508    0.841191   0.870800
   863.56575    0.851739   0.872003
   863.57642    0.882394   0.873300
   863.58708    0.881075   0.874555
   863.59775    0.846135   0.875794
   863.60842    0.877120   0.877031
   863.61908    0.868550   0.878313
   863.62975    0.862616   0.879566
   863.64042    0.869538   0.880871
   863.65108    0.891623   0.882195
   863.66175    0.874812   0.883448
   863.67242    0.886679   0.884669
   863.68308    0.878768   0.885904
   863.69375    0.901841   0.887171
   863.70442    0.858331   0.888472
   863.71508    0.898545   0.889793
   863.72575    0.863605   0.891066
   863.73642    0.890305   0.892306
   863.74708    0.881405   0.893536
   863.75775    0.860639   0.894743
   863.76842    0.854376   0.896037
   863.77908    0.887338   0.897265
   863.78975    0.868220   0.898591
   863.80042    0.917333   0.899819
   863.81108    0.891293   0.901104
   863.82175    0.891293   0.902352
   863.83242    0.894590   0.903632
   863.84308    0.909423   0.904878
   863.85375    0.887668   0.906163
   863.86442    0.858991   0.907295
   863.87508    0.880746   0.908615
   863.88575    0.880086   0.909893
   863.89642    0.876790   0.911141
   863.90708    0.905797   0.912418
   863.91775    0.920300   0.913669
   863.92842    0.937770   0.914903
   863.93908    0.953262   0.916052
   863.94975    0.911071   0.917344
   863.96042    0.885031   0.918579
   863.97108    0.963480   0.919887
   863.98175    0.851739   0.920980
   863.99242    0.911400   0.922254
   864.00308    0.927552   0.923519
   864.01375    0.853387   0.924686
   864.02442    0.864594   0.925939
   864.03508    0.901182   0.927069
   864.04575    0.886020   0.928361
   864.05642    0.924255   0.929507
   864.06708    0.892942   0.930679
   864.07775    0.887997   0.931920
   864.08842    0.914696   0.933025
   864.09908    0.957877   0.934223
   864.10975    0.951284   0.935417
   864.12042    0.909423   0.936632
   864.13108    0.927222   0.937714
   864.14175    0.913378   0.938931
   864.15242    0.946670   0.940097
   864.16308    0.924585   0.941143
   864.17375    0.945681   0.942335
   864.18442    0.935133   0.943456
   864.19508    0.892612   0.944587
   864.20575    0.926563   0.945722
   864.21642    0.918322   0.946784
   864.22708    0.924255   0.947958
   864.23775    0.917993   0.948984
   864.24842    0.890305   0.950140
   864.25908    0.922278   0.951279
   864.26975    0.924915   0.952243
   864.28042    0.924585   0.953366
   864.29108    0.988531   0.954437
   864.30175    0.915026   0.955478
   864.31242    0.929529   0.956505
   864.32308    0.961503   0.957539
   864.33375    0.940407   0.958596
   864.34442    0.892612   0.959597
   864.35508    0.927881   0.960615
   864.36575    0.905137   0.961649
   864.37642    0.969084   0.962577
   864.38708    0.983587   0.963667
   864.39775    0.951614   0.964617
   864.40842    0.941396   0.965532
   864.41908    1.026767   0.966511
   864.42975    0.984906   0.967462
   864.44042    0.973369   0.968418
   864.45108    0.976006   0.969375
   864.46175    0.969084   0.970239
   864.47242    0.984246   0.971158
   864.48308    1.025779   0.972054
   864.49375    0.953262   0.972975
   864.50442    0.969413   0.973911
   864.51508    1.005342   0.974720
   864.52575    0.959195   0.975585
   864.53642    0.944033   0.976420
   864.54708    0.978313   0.977206
   864.55775    0.965788   0.978113
   864.56842    0.961503   0.978890
   864.57908    1.020175   0.979693
   864.58975    1.000727   0.980546
   864.60042    1.034019   0.981255
   864.61108    0.971721   0.982013
   864.62175    0.950295   0.982830
   864.63242    1.023471   0.983507
   864.64308    1.000068   0.984234
   864.65375    0.945022   0.985016
   864.66442    0.928211   0.985657
   864.67508    0.936781   0.986358
   864.68575    0.948977   0.987090
   864.69642    0.974028   0.987678
   864.70708    0.989520   0.988347
   864.71775    0.988202   0.989002
   864.72842    0.963810   0.989589
   864.73908    1.026108   0.990214
   864.74975    1.031052   0.990782
   864.76042    1.035667   0.991378
   864.77108    1.059729   0.991962
   864.78175    0.999079   0.992472
   864.79242    1.066322   0.993029
   864.80308    1.057092   0.993555
   864.81375    1.010616   0.994008
   864.82442    0.944692   0.994516
   864.83508    0.990839   0.995002
   864.84575    1.039952   0.995405
   864.85642    0.984906   0.995855
   864.86708    0.967765   0.996288
   864.87775    0.992816   0.996647
   864.88842    0.979632   0.997043
   864.89908    1.034678   0.997429
   864.90975    1.063026   0.997712
   864.92042    1.050830   0.998044
   864.93108    1.023471   0.998372
   864.94175    0.939748   0.998599
   864.95242    0.975017   0.998885
   864.96308    1.016220   0.999130
   864.97375    0.995453   0.999293
   864.98442    1.026438   0.999484
   864.99508    0.962821   0.999672
   865.00575    1.092032   0.999755
   865.01642    1.046215   0.999873
   865.02708    0.960514   0.999960
   865.03775    1.001716   0.999978
   865.04842    1.041930   1.000000
   865.05908    1.003035   1.000000
   865.06975    1.012264   1.000000
   865.08042    1.030393   1.000000
   865.09108    0.989850   1.000000
   865.10175    0.979632   1.000000
   865.11242    0.977984   1.000000
   865.12308    1.021823   1.000000
   865.13375    1.018857   1.000000
   865.14442    0.977654   1.000000
   865.15508    0.989191   1.000000
   865.16575    1.020505   1.000000
   865.17642    1.014242   1.000000
   865.18708    0.998090   1.000000
   865.19775    0.988531   1.000000
   865.20842    0.972050   1.000000
   865.21908    0.991498   1.000000
   865.22975    1.011275   1.000000
   865.24042    0.972710   1.000000
   865.25108    0.961832   1.000000
   865.26175    1.001716   1.000000
   865.27242    0.975347   1.000000
   865.28308    0.978643   1.000000
   865.29375    0.974358   1.000000
   865.30442    0.998090   1.000000
   865.31508    0.987872   1.000000
   865.32575    1.016549   1.000000
   865.33642    0.995453   1.000000
   865.34708    1.008968   1.000000
   865.35775    0.952932   1.000000
   865.36842    0.990180   1.000000
   865.37908    1.035338   1.000000
   865.38975    1.011605   1.000000
   865.40042    0.956229   1.000000
   865.41108    0.969413   1.000000
   865.42175    1.014242   1.000000
   865.43242    0.993476   1.000000
   865.44308    1.009627   1.000000
   865.45375    0.992487   1.000000
   865.46442    0.988861   1.000000
   865.47508    1.041600   1.000000
   865.48575    0.991828   1.000000
   865.49642    1.046874   1.000000
   865.50708    1.014242   1.000000
   865.51775    1.027427   1.000000
   865.52842    0.940736   1.000000
   865.53908    0.995783   1.000000
   865.54975    1.013253   1.000000
   865.56042    1.058741   1.000000
   865.57108    0.981609   1.000000
   865.58175    0.969743   1.000000
   865.59242    0.971391   1.000000
   865.60308    0.958536   1.000000
   865.61375    0.935792   1.000000
   865.62442    0.952273   1.000000
   865.63508    0.991168   1.000000
   865.64575    0.980950   1.000000
   865.65642    0.984576   1.000000
   865.66708    0.978972   1.000000
   865.67775    1.019845   1.000000
   865.68842    1.040611   1.000000
   865.69908    1.041600   1.000000
   865.70975    1.006990   1.000000
   865.72042    1.050170   1.000000
   865.73108    1.070607   1.000000
   865.74175    1.032701   1.000000
   865.75242    1.025779   1.000000
   865.76308    1.020834   1.000000
   865.77375    0.942714   1.000000
   865.78442    1.005672   1.000000
   865.79508    1.040282   1.000000
   865.80575    1.097965   1.000000
   865.81642    1.105876   1.000000
   865.82708    1.025779   1.000000
   865.83775    0.920959   1.000000
   865.84842    0.975017   1.000000
   865.85908    1.079507   1.000000
   865.86975    1.027756   1.000000
   865.88042    1.030723   1.000000
   865.89108    1.024130   1.000000
   865.90175    1.078518   1.000000
   865.91242    1.004683   1.000000
   865.92308    1.027097   1.000000
   865.93375    1.028745   1.000000
   865.94442    0.972380   1.000000
   865.95508    0.976006   1.000000
   865.96575    1.004683   1.000000
   865.97642    1.014242   1.000000
   865.98708    1.003035   1.000000
   865.99775    1.048852   1.000000
   866.00842    1.007320   1.000000
   866.01908    1.007979   1.000000
   866.02975    1.060718   1.000000
   866.04042    1.012264   1.000000
   866.05108    1.059070   1.000000
   866.06175    1.008638   1.000000
   866.07242    0.994794   1.000000
   866.08308    1.006001   1.000000
   866.09375    0.986554   1.000000
   866.10442    1.037645   1.000000
   866.11508    1.006331   1.000000
   866.12575    1.021823   1.000000
   866.13642    0.996442   1.000000
   866.14708    1.029404   1.000000
   866.15775    0.950625   1.000000
   866.16842    1.006661   1.000000
   866.17908    0.984246   1.000000
   866.18975    0.995453   1.000000
   866.20042    0.989520   1.000000
   866.21108    0.982928   1.000000
   866.22175    0.967106   1.000000
   866.23242    1.027427   1.000000
   866.24308    1.050830   1.000000
   866.25375    1.005342   1.000000
   866.26442    1.006331   1.000000
   866.27508    0.998090   1.000000
   866.28575    0.982598   1.000000
   866.29642    1.014242   1.000000
   866.30708    1.027097   1.000000
   866.31775    0.980950   1.000000
   866.32842    0.979961   1.000000
   866.33908    0.966776   1.000000
   866.34975    1.020505   1.000000
   866.36042    1.030393   1.000000
   866.37108    0.974687   1.000000
   866.38175    1.017538   1.000000
   866.39242    1.010616   1.000000
   866.40308    1.020175   1.000000
   866.41375    1.017868   1.000000
   866.42442    1.063355   1.000000
   866.43508    1.032041   1.000000
   866.44575    0.970402   1.000000
   866.45642    0.993805   1.000000
   866.46708    1.047863   1.000000
   866.47775    1.018527   1.000000
   866.48842    0.972710   1.000000
   866.49908    0.982269   1.000000
   866.50975    0.993476   1.000000
   866.52042    1.023142   1.000000
   866.53108    1.025119   1.000000
   866.54175    1.014571   1.000000
   866.55242    0.969413   1.000000
   866.56308    1.023471   1.000000
   866.57375    0.958206   1.000000
   866.58442    0.975017   1.000000
   866.59508    1.017538   1.000000
   866.60575    1.024460   1.000000
   866.61642    0.971721   1.000000
   866.62708    1.004683   1.000000
   866.63775    1.003694   1.000000
   866.64842    0.955569   1.000000
   866.65908    1.002705   1.000000
   866.66975    1.025449   1.000000
   866.68042    0.979961   1.000000
   866.69108    1.023142   1.000000
   866.70175    0.981939   1.000000
   866.71242    1.007320   1.000000
   866.72308    1.048522   1.000000
   866.73375    1.058081   1.000000
   866.74442    0.990509   1.000000
   866.75508    1.007979   1.000000
   866.76575    1.024790   1.000000
   866.77642    1.072914   1.000000
   866.78708    0.978972   1.000000
   866.79775    0.976995   1.000000
   866.80842    1.044237   1.000000
   866.81908    1.039952   1.000000
   866.82975    1.041271   1.000000
   866.84042    0.971391   1.000000
   866.85108    1.010616   1.000000
   866.86175    1.003364   1.000000
   866.87242    1.062696   1.000000
   866.88308    1.014901   1.000000
   866.89375    1.039623   1.000000
   866.90442    1.014901   1.000000
   866.91508    1.033030   1.000000
   866.92575    0.978643   1.000000
   866.93642    1.001716   1.000000
   866.94708    1.032041   1.000000
   866.95775    0.994135   1.000000
   866.96842    0.972710   1.000000
   866.97908    1.002375   1.000000
   866.98975    1.021164   1.000000
   867.00042    1.020175   1.000000
