   571.51140    0.709184   0.806446
   571.52160    0.871966   0.803689
   571.53240    0.705769   0.800759
   571.54320    0.788867   0.797819
   571.55400    0.786590   0.794870
   571.56420    0.817326   0.792076
   571.57500    0.790005   0.789110
   571.58580    0.885626   0.786135
   571.59660    0.949373   0.783151
   571.60740    0.539571   0.780159
   571.61760    0.752440   0.777327
   571.62840    0.697800   0.774321
   571.63920    0.930021   0.771308
   571.65000    0.800250   0.768287
   571.66020    0.693247   0.765429
   571.67100    0.778622   0.762397
   571.68180    0.876519   0.759358
   571.69260    0.808219   0.756314
   571.70340    0.991491   0.753265
   571.71360    0.811634   0.750381
   571.72440    0.686417   0.747322
   571.73520    0.890179   0.744259
   571.74600    0.720567   0.741191
   571.75620    0.763824   0.738291
   571.76700    0.752440   0.735216
   571.77780    0.750164   0.732138
   571.78860    0.762685   0.729058
   571.79940    0.762685   0.725974
   571.80960    0.762685   0.723060
   571.82040    0.762685   0.719972
   571.83120    0.762685   0.716883
   571.84200    0.762685   0.713791
   571.85220    0.680725   0.710871
   571.86300    0.645437   0.707777
   571.87380    0.720567   0.704683
   571.88460    0.885626   0.701589
   571.89540    0.695524   0.698494
   571.90560    0.628362   0.695572
   571.91640    0.376789   0.692478
   571.92720    0.720567   0.689385
   571.93800    0.903839   0.686293
   571.94820    0.577137   0.683375
   571.95900    0.553231   0.680286
   571.96980    0.762685   0.677198
   571.98060    0.762685   0.674114
   571.99140    0.762685   0.671031
   572.00160    0.884487   0.668123
   572.01240    0.689832   0.665047
   572.02320    0.442813   0.661973
   572.03400    0.456473   0.658904
   572.04420    0.596488   0.656009
   572.05500    0.662512   0.652947
   572.06580    0.722844   0.649891
   572.07660    0.711460   0.646839
   572.08740    0.580552   0.643792
   572.09760    0.690970   0.640920
   572.10840    0.643160   0.637884
   572.11920    0.737642   0.634854
   572.13000    0.766100   0.631831
   572.14020    0.762685   0.628981
   572.15100    0.623808   0.625971
   572.16180    0.621532   0.622968
   572.17260    0.762685   0.619973
   572.18340    0.721705   0.616985
   572.19360    0.685279   0.614171
   572.20440    0.660235   0.611200
   572.21520    0.672757   0.608237
   572.22600    0.653405   0.605283
   572.23620    0.632915   0.602503
   572.24700    0.598765   0.599567
   572.25780    0.618117   0.596642
   572.26860    0.665927   0.593727
   572.27940    0.703492   0.590823
   572.28960    0.719429   0.588090
   572.30040    0.643160   0.585207
   572.31120    0.593073   0.582335
   572.32200    0.609010   0.579475
   572.33220    0.553231   0.576785
   572.34300    0.544125   0.573949
   572.35380    0.731950   0.571126
   572.36460    0.771792   0.568316
   572.37540    0.607872   0.565519
   572.38560    0.648852   0.562890
   572.39640    0.504283   0.560120
   572.40720    0.481516   0.557364
   572.41800    0.762685   0.554622
   572.42820    0.762685   0.552047
   572.43900    0.762685   0.549334
   572.44980    0.359714   0.546638
   572.46060    0.357438   0.543957
   572.47140    0.475825   0.541292
   572.48160    0.585105   0.538790
   572.49240    0.527050   0.536157
   572.50320    0.421184   0.533542
   572.51400    0.400694   0.530943
   572.52420    0.318734   0.528506
   572.53500    0.284584   0.525942
   572.54580    0.521358   0.523397
   572.55660    0.505421   0.520870
   572.56740    0.432568   0.518362
   572.57760    0.396141   0.516011
   572.58840    0.377928   0.513540
   572.59920    0.377928   0.511090
   572.61000    0.377928   0.508659
   572.62020    0.581690   0.506383
   572.63100    0.390449   0.503993
   572.64180    0.257264   0.501623
   572.65260    0.297106   0.499275
   572.66340    0.352884   0.496949
   572.67360    0.344916   0.494773
   572.68440    0.433706   0.492490
   572.69520    0.680725   0.490229
   572.70600    0.532741   0.487992
   572.71620    0.482655   0.485899
   572.72700    0.450781   0.483707
   572.73780    0.318734   0.481539
   572.74860    0.339224   0.479395
   572.75940    0.285722   0.477275
   572.76960    0.520220   0.475296
   572.78040    0.525911   0.473224
   572.79120    0.424599   0.471178
   572.80200    0.572583   0.469158
   572.81220    0.519081   0.467274
   572.82300    0.385896   0.465304
   572.83380    0.464441   0.463361
   572.84460    0.438260   0.461444
   572.85540    0.466718   0.459555
   572.86560    0.390449   0.457796
   572.87640    0.399556   0.455960
   572.88720    0.459888   0.454152
   572.89800    0.762685   0.452372
   572.90820    0.287999   0.450717
   572.91900    0.328979   0.448993
   572.92980    0.488346   0.447298
   572.94060    0.512251   0.445633
   572.95140    0.464441   0.443997
   572.96160    0.252711   0.442479
   572.97240    0.426876   0.440901
   572.98320    0.445090   0.439354
   572.99400    0.212869   0.437837
   573.00420    0.437121   0.436433
   573.01500    0.445090   0.434977
   573.02580    0.451920   0.433551
   573.03660    0.383619   0.432158
   573.04740    0.483793   0.430796
   573.05760    0.221976   0.429540
   573.06840    0.371098   0.428241
   573.07920    0.473548   0.426975
   573.09000    0.470133   0.425741
   573.10020    0.547540   0.424606
   573.11100    0.762685   0.423437
   573.12180    0.762685   0.422302
   573.13260    0.762685   0.421200
   573.14340    0.459888   0.420131
   573.15360    0.442813   0.419154
   573.16440    0.505421   0.418152
   573.17520    0.364268   0.417185
   573.18600    0.428014   0.416252
   573.19620    0.486070   0.415403
   573.20700    0.532741   0.414538
   573.21780    0.439398   0.413708
   573.22860    0.441675   0.412914
   573.23940    0.446228   0.412155
   573.24960    0.392726   0.411471
   573.26040    0.397279   0.410781
   573.27120    0.455335   0.410127
   573.28200    0.421184   0.409510
   573.29220    0.306212   0.408960
   573.30300    0.313043   0.408413
   573.31380    0.346054   0.407902
   573.32460    0.399556   0.407428
   573.33540    0.331256   0.406990
   573.34560    0.412078   0.406611
   573.35640    0.387034   0.406245
   573.36720    0.410939   0.405915
   573.37800    0.426876   0.405623
   573.38820    0.422323   0.405381
   573.39900    0.377928   0.405161
   573.40980    0.428014   0.404979
   573.42060    0.377928   0.404833
   573.43140    0.376789   0.404725
   573.44160    0.355161   0.404657
   573.45240    0.432568   0.404621
   573.46320    0.517943   0.404623
   573.47400    0.504283   0.404662
   573.48420    0.379066   0.404733
   573.49500    0.392726   0.404845
   573.50580    0.376789   0.404994
   573.51660    0.315319   0.405181
   573.52740    0.358576   0.405405
   573.53760    0.301659   0.405651
   573.54840    0.381343   0.405948
   573.55920    0.395003   0.406282
   573.57000    0.303936   0.406653
   573.58020    0.339224   0.407038
   573.59100    0.298244   0.407481
   573.60180    0.208316   0.407962
   573.61260    0.252711   0.408479
   573.62340    0.397279   0.409034
   573.63360    0.432568   0.409591
   573.64440    0.431429   0.410217
   573.65520    0.392726   0.410879
   573.66600    0.401833   0.411578
   573.67620    0.437121   0.412272
   573.68700    0.404109   0.413042
   573.69780    0.431429   0.413848
   573.70860    0.497453   0.414689
   573.71940    0.515666   0.415567
   573.72960    0.434845   0.416429
   573.74040    0.409801   0.417376
   573.75120    0.276616   0.418358
   573.76200    0.318734   0.419376
   573.77220    0.360853   0.420369
   573.78300    0.385896   0.421454
   573.79380    0.420046   0.422575
   573.80460    0.459888   0.423729
   573.81540    0.450781   0.424918
   573.82560    0.457611   0.426072
   573.83640    0.354023   0.427327
   573.84720    0.365406   0.428616
   573.85800    0.398418   0.429938
   573.86820    0.381343   0.431216
   573.87900    0.319873   0.432603
   573.88980    0.381343   0.434022
   573.90060    0.495176   0.435473
   573.91140    0.484931   0.436956
   573.92160    0.486070   0.438387
   573.93240    0.519081   0.439932
   573.94320    0.433706   0.441509
   573.95400    0.285722   0.443117
   573.96420    0.398418   0.444664
   573.97500    0.441675   0.446332
   573.98580    0.361991   0.448030
   573.99660    0.435983   0.449758
   574.00740    0.507698   0.451516
   574.01760    0.424599   0.453203
   574.02840    0.425738   0.455018
   574.03920    0.463303   0.456861
   574.05000    0.456473   0.458733
   574.06020    0.488346   0.460527
   574.07100    0.544125   0.462454
   574.08180    0.459888   0.464408
   574.09260    0.426876   0.466390
   574.10340    0.504283   0.468398
   574.11360    0.675033   0.470320
   574.12440    0.553231   0.472380
   574.13520    0.395003   0.474466
   574.14600    0.417769   0.476578
   574.15620    0.459888   0.478595
   574.16700    0.515666   0.480756
   574.17780    0.627223   0.482941
   574.18860    0.549816   0.485151
   574.19940    0.393864   0.487385
   574.20960    0.428014   0.489516
   574.22040    0.497453   0.491795
   574.23120    0.451920   0.494097
   574.24200    0.443951   0.496422
   574.25220    0.431429   0.498638
   574.26300    0.507698   0.501006
   574.27380    0.578275   0.503396
   574.28460    0.636330   0.505806
   574.29540    0.545263   0.508238
   574.30560    0.450781   0.510553
   574.31640    0.478101   0.513024
   574.32720    0.554370   0.515515
   574.33800    0.536156   0.518025
   574.34820    0.530465   0.520414
   574.35900    0.583967   0.522961
   574.36980    0.762685   0.525527
   574.38060    0.762685   0.528110
   574.39140    0.631777   0.530712
   574.40160    0.554370   0.533185
   574.41240    0.499730   0.535820
   574.42320    0.563477   0.538471
   574.43400    0.480378   0.541139
   574.44420    0.399556   0.543673
   574.45500    0.430291   0.546372
   574.46580    0.497453   0.549086
   574.47660    0.535018   0.551815
   574.48740    0.479240   0.554558
   574.49760    0.514528   0.557162
   574.50840    0.520220   0.559932
   574.51920    0.530465   0.562717
   574.53000    0.544125   0.565514
   574.54020    0.737642   0.568168
   574.55100    0.706907   0.570990
   574.56180    0.649990   0.573824
   574.57260    0.647713   0.576670
   574.58340    0.525911   0.579527
   574.59360    0.553231   0.582236
   574.60440    0.675033   0.585115
   574.61520    0.587382   0.588004
   574.62600    0.583967   0.590903
   574.63620    0.618117   0.593650
   574.64700    0.500868   0.596568
   574.65780    0.532741   0.599495
   574.66860    0.542986   0.602431
   574.67940    0.497453   0.605376
   574.68960    0.644298   0.608164
   574.70040    0.703492   0.611124
   574.71120    0.700077   0.614091
   574.72200    0.718290   0.617065
   574.73220    0.646575   0.619881
   574.74300    0.646575   0.622868
   574.75380    0.671618   0.625862
   574.76460    0.580552   0.628861
   574.77540    0.647713   0.631866
   574.78560    0.661373   0.634709
   574.79640    0.762685   0.637723
   574.80720    0.762685   0.640743
   574.81800    0.672757   0.643766
   574.82820    0.794559   0.646626
   574.83900    0.745610   0.649657
   574.84980    0.503145   0.652691
   574.86060    0.587382   0.655728
   574.87140    0.705769   0.658769
   574.88160    0.587382   0.661642
   574.89240    0.498591   0.664686
   574.90320    0.462165   0.667733
   574.91400    0.676172   0.670781
   574.92420    0.661373   0.673660
   574.93500    0.673895   0.676710
   574.94580    0.725120   0.679760
   574.95660    0.843507   0.682811
   574.96740    0.859444   0.685862
   574.97760    0.823017   0.688743
   574.98840    0.766100   0.691793
   574.99920    0.711460   0.694842
   575.01000    0.598765   0.697890
   575.02020    0.508836   0.700767
   575.03100    0.637468   0.703811
   575.04180    0.734227   0.706854
   575.05260    0.683002   0.709894
   575.06340    0.635192   0.712932
   575.07360    0.673895   0.715799
   575.08440    0.565753   0.718831
   575.09520    0.503145   0.721859
   575.10600    0.484931   0.724884
   575.11620    0.595350   0.727737
   575.12700    0.700077   0.730753
   575.13780    0.695524   0.733765
   575.14860    0.741057   0.736773
   575.15940    0.742195   0.739775
   575.16960    0.720567   0.742605
   575.18040    0.742195   0.745596
   575.19120    0.685279   0.748582
   575.20200    0.670480   0.751561
   575.21220    0.742195   0.754368
   575.22300    0.826432   0.757335
   575.23380    0.828709   0.760294
   575.24460    0.745610   0.763246
   575.25540    0.618117   0.766190
   575.26560    0.752440   0.768963
   575.27640    0.981246   0.771892
   575.28720    0.974416   0.774812
   575.29800    0.815049   0.777724
   575.30820    0.914084   0.780466
   575.31900    0.966448   0.783360
   575.32980    0.941404   0.786244
   575.34060    0.697800   0.789119
   575.35140    0.653405   0.791984
   575.36160    0.722844   0.794681
   575.37240    0.940266   0.797525
   575.38320    0.842369   0.800359
   575.39400    0.763824   0.803182
   575.40420    0.845784   0.805838
   575.41500    0.780899   0.808639
   575.42580    0.881072   0.811428
   575.43660    0.836677   0.814204
   575.44740    0.725120   0.816969
   575.45760    0.945958   0.819568
   575.46840    1.161103   0.822308
   575.47920    0.823017   0.825034
   575.49000    0.631777   0.827747
   575.50020    0.762685   0.830297
   575.51100    0.762685   0.832983
   575.52180    0.762685   0.835655
   575.53260    0.762685   0.838313
   575.54340    0.762685   0.840956
   575.55360    0.893594   0.843438
   575.56440    0.925467   0.846052
   575.57520    0.836677   0.848650
   575.58600    0.808219   0.851232
   575.59620    0.812772   0.853656
   575.60700    0.853752   0.856206
   575.61780    0.882211   0.858741
   575.62860    0.998321   0.861258
   575.63940    1.082558   0.863758
   575.64960    0.838954   0.866103
   575.66040    0.738780   0.868569
   575.67120    0.968724   0.871017
   575.68200    0.887902   0.873447
   575.69220    0.762685   0.875724
   575.70300    0.811634   0.878118
   575.71380    1.000598   0.880492
   575.72460    1.017673   0.882847
   575.73540    0.961894   0.885182
   575.74560    0.897009   0.887369
   575.75640    0.838954   0.889665
   575.76720    1.150858   0.891940
   575.77800    1.233957   0.894194
   575.78820    0.917499   0.896304
   575.79900    0.762685   0.898516
   575.80980    0.762685   0.900707
   575.82060    0.762685   0.902875
   575.83140    0.762685   0.905021
   575.84160    0.762685   0.907026
   575.85240    0.762685   0.909126
   575.86320    0.762685   0.911203
   575.87400    0.762685   0.913255
   575.88420    1.022226   0.915172
   575.89500    0.811634   0.917177
   575.90580    0.971001   0.919157
   575.91660    0.914084   0.921112
   575.92740    0.898147   0.923042
   575.93760    0.951649   0.924842
   575.94840    0.999459   0.926722
   575.95920    0.877657   0.928577
   575.97000    0.873104   0.930406
   575.98020    0.973278   0.932109
   575.99100    1.187285   0.933887
   576.00180    1.082558   0.935638
   576.01260    1.062068   0.937364
   576.02340    0.721705   0.939062
   576.03360    0.786590   0.940642
   576.04440    0.983523   0.942290
   576.05520    1.225988   0.943910
   576.06600    1.187285   0.945504
   576.07620    0.934574   0.946985
   576.08700    0.837816   0.948527
   576.09780    0.902701   0.950042
   576.10860    0.862859   0.951530
   576.11940    1.013119   0.952992
   576.12960    1.181593   0.954348
   576.14040    0.974416   0.955758
   576.15120    0.884487   0.957142
   576.16200    0.942543   0.958499
   576.17220    0.997183   0.959756
   576.18300    0.821879   0.961061
   576.19380    0.870827   0.962341
   576.20460    1.037024   0.963594
   576.21540    1.140613   0.964821
   576.22560    1.108740   0.965956
   576.23640    1.133783   0.967132
   576.24720    0.963033   0.968283
   576.25800    0.997183   0.969408
   576.26820    1.173625   0.970448
   576.27900    0.890179   0.971524
   576.28980    1.032471   0.972575
   576.30060    1.092803   0.973601
   576.31140    1.063206   0.974602
   576.32160    0.945958   0.975526
   576.33240    0.990353   0.976479
   576.34320    0.876519   0.977409
   576.35400    0.968724   0.978315
   576.36420    1.090526   0.979148
   576.37500    1.040439   0.980008
   576.38580    0.974416   0.980844
   576.39660    0.907254   0.981657
   576.40740    0.882211   0.982448
   576.41760    0.837816   0.983174
   576.42840    0.858306   0.983920
   576.43920    1.137198   0.984645
   576.45000    0.815049   0.985348
   576.46020    0.821879   0.985992
   576.47100    0.928882   0.986653
   576.48180    0.785452   0.987294
   576.49260    1.063206   0.987913
   576.50340    1.354620   0.988512
   576.51360    0.871966   0.989060
   576.52440    0.937989   0.989620
   576.53520    1.055238   0.990161
   576.54600    0.919776   0.990683
   576.55620    0.887902   0.991158
   576.56700    0.857167   0.991643
   576.57780    1.108740   0.992110
   576.58860    1.397877   0.992559
   576.59940    1.057515   0.992991
   576.60960    0.917499   0.993382
   576.62040    0.973278   0.993781
   576.63120    0.981246   0.994163
   576.64200    0.963033   0.994528
   576.65220    1.073451   0.994859
   576.66300    1.206637   0.995194
   576.67380    1.106463   0.995513
   576.68460    1.033609   0.995818
   576.69540    1.026779   0.996109
   576.70560    1.157688   0.996370
   576.71640    1.177040   0.996633
   576.72720    1.263553   0.996883
   576.73800    1.112155   0.997120
   576.74820    0.982384   0.997332
   576.75900    1.057515   0.997545
   576.76980    1.211190   0.997745
   576.78060    1.070036   0.997934
   576.79140    1.155411   0.998112
   576.80160    1.047269   0.998269
   576.81240    1.213467   0.998426
   576.82320    0.961894   0.998573
   576.83400    0.762685   0.998710
   576.84420    0.762685   0.998830
   576.85500    1.175901   0.998949
   576.86580    0.762685   0.999059
   576.87660    0.762685   0.999161
   576.88740    1.325024   0.999255
   576.89760    1.132645   0.999336
   576.90840    0.762685   0.999416
   576.91920    1.138336   0.999488
   576.93000    0.762685   0.999554
   576.94020    1.058653   0.999611
   576.95100    0.857167   0.999665
   576.96180    0.821879   0.999713
   576.97260    1.126953   0.999757
   576.98340    1.120123   0.999795
   576.99360    1.066621   0.999827
   577.00440    1.006289   0.999857
   577.01520    1.048408   0.999883
   577.02600    1.006289   0.999906
   577.03620    0.981246   0.999924
   577.04700    0.974416   0.999941
   577.05780    0.991491   0.999954
   577.06860    1.096218   0.999966
   577.07940    1.139475   0.999975
   577.08960    0.935713   0.999982
   577.10040    0.918637   0.999987
   577.11120    0.769515   0.999992
   577.12200    0.762685   0.999995
   577.13220    0.762685   0.999997
   577.14300    0.762685   0.999998
   577.15380    0.762685   0.999999
   577.16460    0.762685   1.000000
   577.17540    0.762685   1.000000
   577.18560    1.157688   1.000000
   577.19640    1.021088   1.000000
   577.20720    1.103048   1.000000
   577.21800    1.105325   1.000000
   577.22820    0.944819   1.000000
   577.23900    0.969863   1.000000
   577.24980    0.933436   1.000000
   577.26060    0.999459   1.000000
   577.27140    0.762685   1.000000
   577.28160    0.762685   1.000000
   577.29240    0.762685   1.000000
   577.30320    0.762685   1.000000
   577.31400    0.762685   1.000000
   577.32420    0.762685   1.000000
   577.33500    0.762685   1.000000
   577.34580    0.762685   1.000000
   577.35660    1.017673   1.000000
   577.36740    1.139475   1.000000
   577.37760    0.897009   1.000000
   577.38840    0.923191   1.000000
   577.39920    1.269245   1.000000
   577.41000    1.257862   1.000000
   577.42020    1.063206   1.000000
   577.43100    1.120123   1.000000
   577.44180    0.844646   1.000000
   577.45260    0.785452   1.000000
   577.46340    0.981246   1.000000
   577.47360    0.910669   1.000000
   577.48440    1.277213   1.000000
   577.49520    1.222573   1.000000
   577.50600    0.942543   1.000000
   577.51620    0.842369   1.000000
   577.52700    0.854891   1.000000
   577.53780    0.910669   1.000000
   577.54860    1.000598   1.000000
   577.55940    1.104186   1.000000
   577.56960    1.065483   1.000000
   577.58040    1.034748   1.000000
   577.59120    0.865136   1.000000
   577.60200    0.771792   1.000000
   577.61220    1.154273   1.000000
   577.62300    1.334130   1.000000
   577.63380    1.121261   1.000000
   577.64460    1.087111   1.000000
   577.65540    1.064345   1.000000
   577.66560    0.925467   1.000000
   577.67640    0.926606   1.000000
   577.68720    0.917499   1.000000
   577.69800    1.257862   1.000000
   577.70820    1.370557   1.000000
   577.71900    0.755855   1.000000
   577.72980    0.809357   1.000000
   577.74060    0.827571   1.000000
   577.75140    1.032471   1.000000
   577.76160    1.208913   1.000000
   577.77240    1.238510   1.000000
   577.78320    1.139475   1.000000
   577.79400    1.021088   1.000000
   577.80420    1.113293   1.000000
   577.81500    1.182732   1.000000
   577.82580    0.952788   1.000000
   577.83660    0.778622   1.000000
   577.84740    0.937989   1.000000
   577.85760    1.023364   1.000000
   577.86840    1.064345   1.000000
   577.87920    1.098495   1.000000
   577.89000    1.131506   1.000000
   577.90020    0.978969   1.000000
   577.91100    1.000598   1.000000
   577.92180    0.853752   1.000000
   577.93260    0.762685   1.000000
   577.94340    0.762685   1.000000
   577.95360    0.762685   1.000000
   577.96440    0.762685   1.000000
   577.97520    0.886764   1.000000
   577.98600    1.285182   1.000000
   577.99620    1.062068   1.000000
   578.00700    1.068898   1.000000
   578.01780    0.908392   1.000000
   578.02860    0.873104   1.000000
   578.03940    1.278352   1.000000
   578.04960    1.358035   1.000000
   578.06040    0.778622   1.000000
   578.07120    0.704630   1.000000
   578.08200    0.923191   1.000000
   578.09220    1.060930   1.000000
   578.10300    0.959618   1.000000
   578.11380    1.048408   1.000000
   578.12460    1.310225   1.000000
   578.13540    1.268107   1.000000
   578.14560    1.018811   1.000000
   578.15640    1.048408   1.000000
   578.16720    1.120123   1.000000
   578.17800    1.058653   1.000000
   578.18820    1.023364   1.000000
   578.19900    1.044993   1.000000
   578.20980    0.968724   1.000000
   578.22060    1.132645   1.000000
   578.23140    1.180455   1.000000
   578.24160    1.175901   1.000000
   578.25240    1.015396   1.000000
   578.26320    1.128091   1.000000
   578.27400    1.128091   1.000000
   578.28420    0.951649   1.000000
   578.29500    1.142890   1.000000
   578.30580    1.027918   1.000000
   578.31660    1.090526   1.000000
   578.32740    1.099633   1.000000
   578.33760    1.246478   1.000000
   578.34840    1.325024   1.000000
   578.35920    0.870827   1.000000
   578.37000    0.947096   1.000000
   578.38020    0.989214   1.000000
   578.39100    0.762685   1.000000
   578.40180    0.762685   1.000000
   578.41260    0.762685   1.000000
   578.42340    0.762685   1.000000
   578.43360    0.920914   1.000000
   578.44440    1.122400   1.000000
   578.45520    1.113293   1.000000
   578.46600    1.085973   1.000000
   578.47620    0.934574   1.000000
   578.48700    0.908392   1.000000
   578.49780    1.104186   1.000000
   578.50860    0.868551   1.000000
   578.51940    1.126953   1.000000
   578.54040    0.845784   1.000000
   578.55120    0.507698   1.000000
   578.56200    1.001736   1.000000
   578.58300    0.998321   1.000000
   578.59380    0.762685   1.000000
   578.60460    0.762685   1.000000
   578.61540    1.286320   1.000000
   578.63640    0.762685   1.000000
   578.64720    0.762685   1.000000
   578.65800    0.762685   1.000000
   578.66820    0.762685   1.000000
