  1092.01535    0.963587   1.000000
  1092.03313    1.000081   1.000000
  1092.05093    1.031553   1.000000
  1092.06873    1.060682   1.000000
  1092.08652    0.997403   1.000000
  1092.10432    1.004434   1.000000
  1092.12212    1.006108   1.000000
  1092.13992    0.988028   1.000000
  1092.15770    0.998072   1.000000
  1092.17550    0.990706   1.000000
  1092.19330    1.021509   1.000000
  1092.21110    1.023853   1.000000
  1092.22888    1.002425   1.000000
  1092.24668    1.010795   1.000000
  1092.26448    0.969948   1.000000
  1092.28228    0.980997   1.000000
  1092.30007    0.954547   1.000000
  1092.31787    1.000416   1.000000
  1092.33567    0.932114   1.000000
  1092.35345    0.998407   1.000000
  1092.37125    0.996398   1.000000
  1092.38905    1.022179   1.000000
  1092.40685    0.981332   1.000000
  1092.42463    0.967270   1.000000
  1092.44243    1.034567   1.000000
  1092.46023    0.953542   1.000000
  1092.47803    0.986019   1.000000
  1092.49582    1.002090   1.000000
  1092.51362    0.975975   1.000000
  1092.53142    0.952203   1.000000
  1092.54922    0.979992   1.000000
  1092.56700    0.995059   1.000000
  1092.58480    0.993385   1.000000
  1092.60260    0.996063   1.000000
  1092.62038    0.967604   1.000000
  1092.63818    0.951199   1.000000
  1092.65598    0.982001   1.000000
  1092.67378    1.031219   1.000000
  1092.69157    0.984010   1.000000
  1092.70937    1.006108   1.000000
  1092.72717    1.022179   1.000000
  1092.74497    0.984010   1.000000
  1092.76275    0.992046   1.000000
  1092.78055    1.000416   1.000000
  1092.79835    0.909682   1.000000
  1092.81615    0.999077   1.000000
  1092.83393    0.987023   1.000000
  1092.85173    0.992715   1.000000
  1092.86953    1.008451   1.000000
  1092.88732    0.996733   1.000000
  1092.90512    0.994389   1.000000
  1092.92292    0.992715   1.000000
  1092.94072    1.009456   1.000000
  1092.95850    0.983675   1.000000
  1092.97630    0.974635   1.000000
  1092.99410    0.989032   1.000000
  1093.01190    1.047290   1.000000
  1093.02968    0.984680   1.000000
  1093.04748    0.968609   1.000000
  1093.06528    0.986019   1.000000
  1093.08308    1.049298   1.000000
  1093.10087    1.015482   1.000000
  1093.11867    1.009791   1.000000
  1093.13647    1.030549   1.000000
  1093.15427    1.023518   1.000000
  1093.17205    1.004768   1.000000
  1093.18985    1.012804   1.000000
  1093.20765    0.965261   1.000000
  1093.22543    1.019165   1.000000
  1093.24323    0.992046   1.000000
  1093.26103    0.962917   1.000000
  1093.27883    1.004768   1.000000
  1093.29662    0.984010   1.000000
  1093.31442    0.969613   1.000000
  1093.33222    0.966935   1.000000
  1093.35002    0.967604   1.000000
  1093.36780    1.001755   1.000000
  1093.38560    0.997068   1.000000
  1093.40340    0.996733   1.000000
  1093.42120    0.980327   1.000000
  1093.43898    1.001755   1.000000
  1093.45678    0.981667   1.000000
  1093.47458    0.994055   1.000000
  1093.49237    1.021509   1.000000
  1093.51017    1.027201   1.000000
  1093.52797    0.984680   1.000000
  1093.54577    1.021844   1.000000
  1093.56355    0.991376   1.000000
  1093.58135    1.004768   1.000000
  1093.59915    0.992046   1.000000
  1093.61695    1.035236   1.000000
  1093.63473    0.999746   1.000000
  1093.65253    1.043941   1.000000
  1093.67033    1.013139   1.000000
  1093.68813    1.012804   1.000000
  1093.70592    1.061017   1.000000
  1093.72372    1.013139   1.000000
  1093.74152    1.042267   1.000000
  1093.75930    1.021174   1.000000
  1093.77710    1.038584   1.000000
  1093.79490    1.043941   1.000000
  1093.81270    0.983675   1.000000
  1093.83048    0.976310   1.000000
  1093.84828    0.976979   1.000000
  1093.86608    1.002090   1.000000
  1093.88388    0.987358   1.000000
  1093.90167    0.944168   1.000000
  1093.91947    0.991376   1.000000
  1093.93727    0.942159   1.000000
  1093.95507    0.985349   1.000000
  1093.97285    0.971622   1.000000
  1093.99065    0.991376   1.000000
  1094.00845    1.018161   1.000000
  1094.02623    1.015482   1.000000
  1094.04403    0.975640   1.000000
  1094.06183    1.019165   1.000000
  1094.07963    1.023183   1.000000
  1094.09742    0.996063   1.000000
  1094.11522    0.984010   1.000000
  1094.13302    1.002425   1.000000
  1094.15082    1.009121   1.000000
  1094.16860    0.990706   1.000000
  1094.18640    1.014143   1.000000
  1094.20420    1.028540   1.000000
  1094.22200    1.047290   1.000000
  1094.23978    1.008786   1.000000
  1094.25758    1.049968   1.000000
  1094.27538    0.982001   1.000000
  1094.29318    0.994055   1.000000
  1094.31097    0.984680   1.000000
  1094.32877    0.985349   1.000000
  1094.34657    1.007112   1.000000
  1094.36435    1.003094   1.000000
  1094.38215    0.962917   1.000000
  1094.39995    1.051977   1.000000
  1094.41775    1.036241   1.000000
  1094.43553    1.041263   1.000000
  1094.45333    1.039254   1.000000
  1094.47113    0.997068   1.000000
  1094.48893    0.954212   1.000000
  1094.50672    1.015817   1.000000
  1094.52452    0.982671   1.000000
  1094.54232    0.973966   1.000000
  1094.56012    0.971957   1.000000
  1094.57790    1.008786   1.000000
  1094.59570    0.993720   1.000000
  1094.61350    0.974301   1.000000
  1094.63128    0.969613   1.000000
  1094.64908    0.975640   1.000000
  1094.66688    0.986354   1.000000
  1094.68468    1.015817   1.000000
  1094.70247    1.025527   0.999786
  1094.72027    1.004099   0.999410
  1094.73807    1.009791   0.998898
  1094.75587    0.946511   0.998351
  1094.77365    0.967939   0.997658
  1094.79145    1.013474   0.996919
  1094.80925    1.009791   0.996085
  1094.82705    1.015817   0.995171
  1094.84483    0.998742   0.994237
  1094.86263    0.998742   0.993235
  1094.88043    1.015482   0.992165
  1094.89822    0.971622   0.991102
  1094.91602    0.990372   0.989948
  1094.93382    1.020505   0.988765
  1094.95162    0.943163   0.987517
  1094.96940    0.971287   0.986312
  1094.98720    0.945172   0.984949
  1095.00500    0.949525   0.983617
  1095.02280    1.018831   0.982273
  1095.04058    1.038919   0.980793
  1095.05838    0.965261   0.979240
  1095.07618    1.008117   0.977788
  1095.09398    0.994055   0.976179
  1095.11177    0.990372   0.974589
  1095.12957    0.985684   0.972997
  1095.14737    1.010125   0.971335
  1095.16515    0.994389   0.969671
  1095.18295    1.007782   0.967992
  1095.20075    0.994055   0.966260
  1095.21855    0.946846   0.964516
  1095.23633    0.944168   0.962702
  1095.25413    0.960573   0.960929
  1095.27193    0.949190   0.959043
  1095.28973    0.890263   0.957176
  1095.30752    0.947181   0.955287
  1095.32532    0.977649   0.953283
  1095.34312    0.955216   0.951392
  1095.36092    0.948185   0.949358
  1095.37870    0.962247   0.947455
  1095.39650    1.013139   0.945310
  1095.41430    0.935128   0.943267
  1095.43210    0.936467   0.941233
  1095.44988    0.933454   0.939150
  1095.46768    0.927092   0.937019
  1095.48548    0.987693   0.934899
  1095.50327    0.901981   0.932788
  1095.52107    0.969948   0.930597
  1095.53887    0.965930   0.928429
  1095.55667    0.903321   0.926181
  1095.57445    0.941489   0.923987
  1095.59225    0.935797   0.921729
  1095.61005    0.955216   0.919448
  1095.62785    0.937137   0.917159
  1095.64563    0.905330   0.914861
  1095.66343    0.900307   0.912545
  1095.68123    0.958565   0.910206
  1095.69903    0.957225   0.907854
  1095.71682    0.933789   0.905534
  1095.73462    0.946511   0.903118
  1095.75242    0.945172   0.900812
  1095.77020    0.918052   0.898396
  1095.78800    0.910017   0.895953
  1095.80580    0.976310   0.893489
  1095.82360    0.916713   0.891070
  1095.84138    0.880888   0.888682
  1095.85918    0.856447   0.886209
  1095.87698    0.870844   0.883770
  1095.89478    0.850086   0.881334
  1095.91257    0.862139   0.878769
  1095.93037    0.846068   0.876240
  1095.94817    0.867831   0.873885
  1095.96597    0.876201   0.871345
  1095.98375    0.875866   0.868845
  1096.00155    0.868166   0.866206
  1096.01935    0.885911   0.863706
  1096.03713    0.863478   0.861294
  1096.05493    0.833010   0.858641
  1096.07273    0.896959   0.856122
  1096.09053    0.846403   0.853530
  1096.10832    0.904660   0.850968
  1096.12612    0.914704   0.848405
  1096.14392    0.844729   0.845846
  1096.16172    0.816605   0.843227
  1096.17950    0.815265   0.840630
  1096.19730    0.847742   0.838088
  1096.21510    0.831336   0.835536
  1096.23290    0.873188   0.832910
  1096.25068    0.900642   0.830291
  1096.26848    0.860130   0.827757
  1096.28628    0.877540   0.825160
  1096.30407    0.869505   0.822557
  1096.32187    0.839707   0.819998
  1096.33967    0.812252   0.817402
  1096.35747    0.839707   0.814793
  1096.37525    0.776762   0.812223
  1096.39305    0.838367   0.809587
  1096.41085    0.806560   0.807027
  1096.42865    0.786806   0.804468
  1096.44643    0.797186   0.801888
  1096.46423    0.759687   0.799296
  1096.48203    0.775758   0.796763
  1096.49983    0.792833   0.794154
  1096.51762    0.781115   0.791595
  1096.53542    0.765713   0.789056
  1096.55322    0.739263   0.786500
  1096.57102    0.765713   0.784000
  1096.58880    0.714152   0.781443
  1096.60660    0.757678   0.778922
  1096.62440    0.791494   0.776360
  1096.64218    0.817944   0.773861
  1096.65998    0.763035   0.771316
  1096.67778    0.770066   0.768836
  1096.69558    0.739598   0.766354
  1096.71337    0.741942   0.763815
  1096.73117    0.721853   0.761359
  1096.74897    0.724531   0.758861
  1096.76677    0.749308   0.756427
  1096.78455    0.753325   0.753972
  1096.80235    0.743951   0.751530
  1096.82015    0.787811   0.749111
  1096.83795    0.772075   0.746741
  1096.85573    0.774084   0.744328
  1096.87353    0.804217   0.741968
  1096.89133    0.781784   0.739598
  1096.90912    0.732902   0.737186
  1096.92692    0.810243   0.734879
  1096.94472    0.754999   0.732508
  1096.96252    0.743281   0.730220
  1096.98030    0.731897   0.727951
  1096.99810    0.726540   0.725636
  1097.01590    0.706452   0.723442
  1097.03370    0.670292   0.721142
  1097.05148    0.675314   0.718885
  1097.06928    0.677658   0.716600
  1097.08708    0.689042   0.714449
  1097.10488    0.718170   0.712238
  1097.12267    0.742946   0.710085
  1097.14047    0.733571   0.708000
  1097.15827    0.703438   0.705893
  1097.17605    0.691050   0.703779
  1097.19385    0.674979   0.701740
  1097.21165    0.693394   0.699574
  1097.22945    0.658239   0.697545
  1097.24723    0.686363   0.695524
  1097.26503    0.678997   0.693506
  1097.28283    0.729888   0.691491
  1097.30063    0.661922   0.689603
  1097.31842    0.692724   0.687703
  1097.33622    0.663596   0.685780
  1097.35402    0.697077   0.683893
  1097.37182    0.651208   0.681992
  1097.38960    0.663931   0.680137
  1097.40740    0.731897   0.678295
  1097.42520    0.719844   0.676608
  1097.44298    0.734241   0.674838
  1097.46078    0.680002   0.673090
  1097.47858    0.688707   0.671335
  1097.49638    0.669288   0.669610
  1097.51417    0.721518   0.667982
  1097.53197    0.643842   0.666379
  1097.54977    0.644846   0.664773
  1097.56757    0.659578   0.663191
  1097.58535    0.653217   0.661601
  1097.60315    0.669957   0.660076
  1097.62095    0.683350   0.658607
  1097.63875    0.670292   0.657157
  1097.65653    0.694398   0.655737
  1097.67433    0.646520   0.654249
  1097.69213    0.647860   0.652938
  1097.70993    0.633463   0.651572
  1097.72772    0.650873   0.650248
  1097.74552    0.660917   0.648872
  1097.76332    0.685024   0.647669
  1097.78110    0.665940   0.646476
  1097.79890    0.637146   0.645215
  1097.81670    0.643172   0.644051
  1097.83450    0.644512   0.642919
  1097.85228    0.671966   0.641809
  1097.87008    0.657234   0.640668
  1097.88788    0.648529   0.639658
  1097.90568    0.642168   0.638624
  1097.92347    0.646855   0.637601
  1097.94127    0.633128   0.636677
  1097.95907    0.606008   0.635675
  1097.97687    0.636476   0.634787
  1097.99465    0.657234   0.633917
  1098.01245    0.624088   0.632949
  1098.03025    0.650203   0.632226
  1098.04803    0.625093   0.631382
  1098.06583    0.588933   0.630660
  1098.08363    0.642838   0.629910
  1098.10143    0.624088   0.629130
  1098.11922    0.646186   0.628499
  1098.13702    0.626767   0.627745
  1098.15482    0.614713   0.627197
  1098.17262    0.588263   0.626506
  1098.19040    0.621410   0.626031
  1098.20820    0.613039   0.625338
  1098.22600    0.596634   0.624921
  1098.24380    0.601656   0.624356
  1098.26158    0.628775   0.623917
  1098.27938    0.613374   0.623469
  1098.29718    0.593955   0.622998
  1098.31497    0.608687   0.622625
  1098.33277    0.580228   0.622137
  1098.35057    0.593620   0.621850
  1098.36837    0.641163   0.621504
  1098.38615    0.605674   0.621120
  1098.40395    0.599982   0.620877
  1098.42175    0.612705   0.620577
  1098.43955    0.581232   0.620237
  1098.45733    0.606678   0.620044
  1098.47513    0.618396   0.619837
  1098.49293    0.596968   0.619560
  1098.51073    0.580897   0.619391
  1098.52852    0.599982   0.619229
  1098.54632    0.614713   0.619095
  1098.56412    0.597638   0.618932
  1098.58190    0.599647   0.618704
  1098.59970    0.606008   0.618651
  1098.61750    0.612035   0.618578
  1098.63530    0.637481   0.618511
  1098.65308    0.607013   0.618466
  1098.67088    0.627436   0.618402
  1098.68868    0.610361   0.618358
  1098.70648    0.628106   0.618327
  1098.72427    0.597638   0.618286
  1098.74207    0.588933   0.618288
  1098.75987    0.592951   0.618267
  1098.77767    0.632458   0.618277
  1098.79545    0.592616   0.618387
  1098.81325    0.592281   0.618478
  1098.83105    0.624088   0.618602
  1098.84885    0.591611   0.618703
  1098.86663    0.624088   0.618852
  1098.88443    0.620405   0.618991
  1098.90223    0.605004   0.619141
  1098.92002    0.591611   0.619304
  1098.93782    0.599647   0.619474
  1098.95562    0.620405   0.619624
  1098.97342    0.606678   0.619944
  1098.99120    0.645181   0.620248
  1099.00900    0.626767   0.620524
  1099.02680    0.646855   0.620778
  1099.04460    0.606008   0.621063
  1099.06238    0.592616   0.621537
  1099.08018    0.613374   0.621888
  1099.09798    0.601656   0.622280
  1099.11578    0.630450   0.622703
  1099.13357    0.631789   0.623222
  1099.15137    0.621410   0.623675
  1099.16917    0.598308   0.624221
  1099.18695    0.609691   0.624807
  1099.20475    0.622749   0.625295
  1099.22255    0.618062   0.626025
  1099.24035    0.626432   0.626662
  1099.25813    0.632458   0.627265
  1099.27593    0.637815   0.628043
  1099.29373    0.600317   0.628733
  1099.31153    0.650538   0.629600
  1099.32932    0.593955   0.630333
  1099.34712    0.616387   0.631314
  1099.36492    0.607348   0.632080
  1099.38272    0.596968   0.633065
  1099.40050    0.620405   0.634008
  1099.41830    0.599312   0.635033
  1099.43610    0.596634   0.635952
  1099.45388    0.615048   0.637135
  1099.47168    0.606678   0.638087
  1099.48948    0.620070   0.639345
  1099.50728    0.630784   0.640534
  1099.52507    0.589268   0.641650
  1099.54287    0.637146   0.643031
  1099.56067    0.629780   0.644193
  1099.57847    0.617727   0.645593
  1099.59625    0.614713   0.646941
  1099.61405    0.623419   0.648244
  1099.63185    0.632458   0.649722
  1099.64965    0.641833   0.651174
  1099.66743    0.646520   0.652631
  1099.68523    0.641498   0.654222
  1099.70303    0.643507   0.655731
  1099.72082    0.640159   0.657249
  1099.73862    0.657234   0.658930
  1099.75642    0.685359   0.660625
  1099.77422    0.648529   0.662149
  1099.79200    0.645851   0.663926
  1099.80980    0.668953   0.665719
  1099.82760    0.644846   0.667496
  1099.84540    0.679667   0.669231
  1099.86318    0.682680   0.671127
  1099.88098    0.677658   0.673047
  1099.89878    0.677323   0.674895
  1099.91658    0.663931   0.676708
  1099.93437    0.680336   0.678718
  1099.95217    0.710135   0.680718
  1099.96997    0.682680   0.682756
  1099.98777    0.673640   0.684742
  1100.00555    0.692724   0.686751
  1100.02335    0.704108   0.688851
  1100.04115    0.688372   0.690976
  1100.05893    0.683685   0.693100
  1100.07673    0.711139   0.695244
  1100.09453    0.695068   0.697336
  1100.11233    0.711809   0.699508
  1100.13012    0.678997   0.701777
  1100.14792    0.686363   0.704035
  1100.16572    0.704778   0.706265
  1100.18352    0.702769   0.708565
  1100.20130    0.713483   0.710824
  1100.21910    0.676653   0.713014
  1100.23690    0.733571   0.715399
  1100.25470    0.717166   0.717762
  1100.27248    0.759352   0.720128
  1100.29028    0.727545   0.722531
  1100.30808    0.735245   0.724940
  1100.32587    0.755669   0.727279
  1100.34367    0.744620   0.729821
  1100.36147    0.743951   0.731959
  1100.37927    0.730893   0.734555
  1100.39705    0.748973   0.737051
  1100.41485    0.722523   0.739419
  1100.43265    0.736250   0.741968
  1100.45045    0.738259   0.744507
  1100.46823    0.797855   0.746930
  1100.48603    0.722857   0.749510
  1100.50383    0.752990   0.752063
  1100.52163    0.749308   0.754564
  1100.53942    0.769061   0.757003
  1100.55722    0.763704   0.759507
  1100.57502    0.775423   0.762075
  1100.59280    0.769061   0.764645
  1100.61060    0.757343   0.767255
  1100.62840    0.808904   0.769844
  1100.64620    0.758013   0.772398
  1100.66398    0.766383   0.774983
  1100.68178    0.812922   0.777552
  1100.69958    0.754330   0.780187
  1100.71738    0.793503   0.782804
  1100.73517    0.811917   0.785375
  1100.75297    0.773079   0.787967
  1100.77077    0.746294   0.790601
  1100.78857    0.827319   0.793188
  1100.80635    0.801873   0.795764
  1100.82415    0.833680   0.798389
  1100.84195    0.814931   0.800976
  1100.85973    0.813256   0.803617
  1100.87753    0.805556   0.806172
  1100.89533    0.836693   0.808801
  1100.91313    0.789485   0.811344
  1100.93092    0.800199   0.813983
  1100.94872    0.785467   0.816609
  1100.96652    0.848746   0.819161
  1100.98432    0.819618   0.821758
  1101.00210    0.862809   0.824345
  1101.01990    0.834350   0.826924
  1101.03770    0.865822   0.829507
  1101.05550    0.869840   0.832083
  1101.07328    0.829327   0.834649
  1101.09108    0.850755   0.837207
  1101.10888    0.830667   0.839771
  1101.12668    0.836693   0.842310
  1101.14447    0.877205   0.844825
  1101.16227    0.872183   0.847395
  1101.18007    0.849081   0.849915
  1101.19785    0.838032   0.852445
  1101.21565    0.858456   0.854983
  1101.23345    0.871848   0.857437
  1101.25125    0.838367   0.859960
  1101.26903    0.857117   0.862494
  1101.28683    0.837698   0.864955
  1101.30463    0.891267   0.867353
  1101.32243    0.829327   0.869832
  1101.34022    0.885576   0.872273
  1101.35802    0.918722   0.874725
  1101.37582    0.885241   0.877104
  1101.39362    0.927762   0.879542
  1101.41140    0.932449   0.881883
  1101.42920    0.943163   0.884294
  1101.44700    0.868166   0.886728
  1101.46478    0.885911   0.889001
  1101.48258    0.890263   0.891330
  1101.50038    0.881223   0.893661
  1101.51818    0.897964   0.895966
  1101.53597    0.908008   0.898320
  1101.55377    0.909347   0.900657
  1101.57157    0.902986   0.902880
  1101.58937    0.876201   0.905028
  1101.60715    0.870844   0.907309
  1101.62495    0.850421   0.909615
  1101.64275    0.923409   0.911773
  1101.66055    0.882897   0.913937
  1101.67833    0.960908   0.916112
  1101.69613    0.894281   0.918241
  1101.71393    0.895285   0.920373
  1101.73172    0.883902   0.922525
  1101.74952    0.895955   0.924573
  1101.76732    0.926088   0.926680
  1101.78512    0.935463   0.928726
  1101.80290    0.953542   0.930798
  1101.82070    0.910687   0.932782
  1101.83850    1.015482   0.934797
  1101.85630    0.969948   0.936749
  1101.87408    0.975640   0.938715
  1101.89188    0.997403   0.940599
  1101.90968    0.966935   0.942507
  1101.92748    0.920731   0.944376
  1101.94527    0.906669   0.946240
  1101.96307    0.985349   0.948072
  1101.98087    0.974301   0.949852
  1101.99865    0.992380   0.951627
  1102.01645    0.985015   0.953430
  1102.03425    1.007447   0.955133
  1102.05205    0.984345   0.956848
  1102.06983    0.968944   0.958547
  1102.08763    0.986019   0.960217
  1102.10543    0.963922   0.961849
  1102.12323    1.032223   0.963478
  1102.14102    0.968609   0.965022
  1102.15882    0.985015   0.966631
  1102.17662    1.014478   0.968139
  1102.19442    1.003429   0.969644
  1102.21220    1.024522   0.971116
  1102.23000    0.989702   0.972512
  1102.24780    1.060012   0.973921
  1102.26560    0.954212   0.975291
  1102.28338    0.976979   0.976655
  1102.30118    0.973966   0.977927
  1102.31898    1.014813   0.979230
  1102.33677    0.985684   0.980487
  1102.35457    1.009791   0.981688
  1102.37237    0.997403   0.982864
  1102.39017    0.993720   0.984057
  1102.40795    1.017826   0.985169
  1102.42575    1.029545   0.986260
  1102.44355    1.006108   0.987346
  1102.46135    1.007447   0.988361
  1102.47913    1.005103   0.989373
  1102.49693    0.983341   0.990285
  1102.51473    1.031888   0.991169
  1102.53253    0.982671   0.992047
  1102.55032    1.050303   0.992877
  1102.56812    1.033227   0.993656
  1102.58592    1.017826   0.994395
  1102.60370    1.002090   0.995134
  1102.62150    1.058338   0.995771
  1102.63930    1.068048   0.996420
  1102.65710    1.043941   0.996990
  1102.67488    0.995729   0.997538
  1102.69268    1.053986   0.998034
  1102.71048    1.016152   0.998509
  1102.72828    1.065704   0.998891
  1102.74607    1.038919   0.999225
  1102.76387    1.061686   0.999488
  1102.78167    1.084788   0.999712
  1102.79947    1.013808   0.999867
  1102.81725    1.096172   0.999961
  1102.83505    1.057334   1.000000
  1102.85285    1.049968   1.000000
  1102.87063    1.081105   1.000000
  1102.88843    1.034567   1.000000
  1102.90623    1.056664   1.000000
  1102.92403    1.072066   1.000000
  1102.94182    1.019500   1.000000
  1102.95962    1.025862   1.000000
  1102.97742    1.037245   1.000000
  1102.99522    1.034567   1.000000
  1103.01300    0.986689   1.000000
  1103.03080    0.981667   1.000000
  1103.04860    0.984010   1.000000
  1103.06640    0.982671   1.000000
  1103.08418    1.023518   1.000000
  1103.10198    0.992380   1.000000
  1103.11978    1.013139   1.000000
  1103.13758    0.993050   1.000000
  1103.15537    1.029545   1.000000
  1103.17317    1.031888   1.000000
  1103.19097    1.022179   1.000000
  1103.20875    0.990372   1.000000
  1103.22655    0.972961   1.000000
  1103.24435    0.974970   1.000000
  1103.26215    0.961578   1.000000
  1103.27993    0.952873   1.000000
  1103.29773    0.968609   1.000000
  1103.31553    0.964256   1.000000
  1103.33333    1.003094   1.000000
  1103.35112    1.005438   1.000000
  1103.36892    0.998407   1.000000
  1103.38672    0.984680   1.000000
  1103.40452    0.927092   1.000000
  1103.42230    0.973296   1.000000
  1103.44010    0.939480   1.000000
  1103.45790    0.949859   1.000000
  1103.47568    0.931780   1.000000
  1103.49348    0.961243   1.000000
  1103.51128    0.966265   1.000000
  1103.52908    0.939480   1.000000
  1103.54687    0.964256   1.000000
  1103.56467    1.001086   1.000000
  1103.58247    0.968609   1.000000
  1103.60027    1.015148   1.000000
  1103.61805    0.990706   1.000000
  1103.63585    1.022513   1.000000
  1103.65365    0.993385   1.000000
  1103.67145    0.997737   1.000000
  1103.68923    0.989702   1.000000
  1103.70703    0.996398   1.000000
  1103.72483    1.037915   1.000000
  1103.74262    0.974970   1.000000
  1103.76042    0.982001   1.000000
  1103.77822    0.991376   1.000000
  1103.79602    0.915709   1.000000
  1103.81380    1.018831   1.000000
  1103.83160    0.985015   1.000000
  1103.84940    1.026866   1.000000
  1103.86720    0.981667   1.000000
  1103.88498    0.961578   1.000000
  1103.90278    0.999746   1.000000
  1103.92058    0.973966   1.000000
  1103.93838    0.979323   1.000000
  1103.95617    0.961243   1.000000
  1103.97397    0.996063   1.000000
  1103.99177    0.910352   1.000000
  1104.00955    0.924414   1.000000
  1104.02735    0.953877   1.000000
  1104.04515    0.980662   1.000000
  1104.06295    0.982671   1.000000
  1104.08073    0.979658   1.000000
  1104.09853    0.951534   1.000000
  1104.11633    0.995729   1.000000
  1104.13413    0.977984   1.000000
  1104.15192    1.012134   1.000000
  1104.16972    0.989032   1.000000
  1104.18752    1.000751   1.000000
  1104.20532    1.002760   1.000000
  1104.22310    0.972292   1.000000
  1104.24090    0.997737   1.000000
  1104.25870    0.997068   1.000000
  1104.27650    0.978653   1.000000
  1104.29428    0.990372   1.000000
  1104.31208    0.975305   1.000000
  1104.32988    0.977649   1.000000
  1104.34767    0.961243   1.000000
  1104.36547    0.942159   1.000000
  1104.38327    0.930440   1.000000
  1104.40107    0.956556   1.000000
  1104.41885    0.942159   1.000000
  1104.43665    0.976979   1.000000
  1104.45445    1.009121   1.000000
  1104.47225    0.973296   1.000000
  1104.49003    0.945842   1.000000
  1104.50783    1.005773   1.000000
  1104.52563    0.971622   1.000000
  1104.54343    1.010125   1.000000
  1104.56122    0.981667   1.000000
  1104.57902    0.963922   1.000000
  1104.59682    0.918052   1.000000
  1104.61460    0.975640   1.000000
  1104.63240    1.006777   1.000000
  1104.65020    0.984680   1.000000
  1104.66800    1.008117   1.000000
  1104.68578    1.015482   1.000000
  1104.70358    1.015148   1.000000
  1104.72138    1.019165   1.000000
  1104.73918    0.992380   1.000000
  1104.75697    0.972961   1.000000
  1104.77477    0.992715   1.000000
  1104.79257    0.957895   1.000000
  1104.81037    0.962247   1.000000
  1104.82815    0.942828   1.000000
  1104.84595    0.959569   1.000000
  1104.86375    0.999077   1.000000
  1104.88153    0.978653   1.000000
  1104.89933    0.938476   1.000000
  1104.91713    1.015482   1.000000
  1104.93493    1.019835   1.000000
  1104.95272    1.026196   1.000000
  1104.97052    1.016152   1.000000
  1104.98832    0.997403   1.000000
  1105.00612    0.961243   1.000000
  1105.02390    0.971957   1.000000
