    59.64322    1.486221   1.000000
    59.69318    0.986469   1.000000
    59.75986    0.924024   1.000000
    59.80982    0.570274   1.000000
    59.87650    0.892244   1.000000
    59.94317    1.255693   1.000000
    59.99314    1.057021   1.000000
    60.04325    0.727920   1.000000
    60.09322    0.782138   1.000000
    60.14318    0.942939   1.000000
    60.20986    1.271989   1.000000
    60.25982    0.936016   1.000000
    60.32650    0.768570   1.000000
    60.37646    1.017849   1.000000
    60.44314    0.775682   1.000000
    60.50981    0.884063   1.000000
    60.55992    1.115022   1.000000
    60.62659    0.953418   1.000000
    60.67656    0.837305   1.000000
    60.72653    1.025377   1.000000
    60.77650    0.980129   1.000000
    60.84317    1.088638   1.000000
    60.89314    0.821265   1.000000
    60.94325    1.057995   1.000000
    61.00992    0.825056   1.000000
    61.05989    0.847390   1.000000
    61.10986    0.967572   1.000000
    61.15982    1.020666   1.000000
    61.22650    1.041558   1.000000
    61.27646    0.727920   1.000000
    61.32658    1.100737   1.000000
    61.37654    1.030110   1.000000
    61.42651    0.891422   1.000000
    61.47648    1.174041   1.000000
    61.54315    0.817492   1.000000
    61.59326    1.149432   1.000000
    61.64323    0.793749   1.000000
    61.69320    0.782138   1.000000
    61.74317    0.936879   1.000000
    61.79314    0.958702   1.000000
    61.85981    0.966682   1.000000
    61.90992    0.877573   1.000000
    61.95989    0.970250   1.000000
    62.00986    1.024433   1.000000
    62.05982    1.039641   1.000000
    62.10994    0.972934   1.000000
    62.17646    0.845831   1.000000
    62.22658    0.903823   1.000000
    62.27654    1.005735   1.000000
    62.32651    1.062878   1.000000
    62.39318    1.171881   1.000000
    62.44315    0.987378   1.000000
    62.49326    0.868727   1.000000
    62.54323    0.815987   1.000000
    62.60990    0.836534   1.000000
    62.65987    0.873541   1.000000
    62.70984    1.090645   1.000000
    62.75981    0.898842   1.000000
    62.80992    1.176206   1.000000
    62.85989    1.083636   1.000000
    62.90986    1.068768   1.000000
    62.97653    0.852086   1.000000
    63.02650    0.882436   1.000000
    63.07646    0.860763   1.000000
    63.12658    1.082638   1.000000
    63.19325    1.058969   1.000000
    63.24322    0.877573   1.000000
    63.29318    1.007589   1.000000
    63.34315    1.376840   1.000000
    63.39326    0.920626   1.000000
    63.45994    1.010377   1.000000
    63.50990    1.054104   1.000000
    63.55987    0.928290   1.000000
    63.60984    1.090645   1.000000
    63.65981    1.127414   1.000000
    63.72648    0.975626   1.000000
    63.77659    0.985561   1.000000
    63.82656    1.147317   1.000000
    63.87653    1.043478   1.000000
    63.92650    1.182724   1.000000
    63.97646    1.047330   1.000000
    64.04314    0.899670   1.000000
    64.09325    0.988288   1.000000
    64.14322    0.818245   1.000000
    64.19318    1.103782   1.000000
    64.24315    0.942071   1.000000
    64.30982    0.913868   1.000000
    64.35994    1.075681   1.000000
    64.40990    1.038684   1.000000
    64.45987    0.911346   1.000000
    64.52654    0.929145   1.000000
    64.57651    0.836534   1.000000
    64.62648    1.170802   1.000000
    64.67659    0.906324   1.000000
    64.72656    1.168647   1.000000
    64.77653    0.991936   1.000000
    64.84320    1.049261   1.000000
    66.29314    0.917241   1.000000
    66.34325    0.994680   1.000000
    66.39322    0.729262   1.000000
    66.45989    1.079651   1.000000
    66.50986    1.205823   1.000000
    66.55982    1.149432   1.000000
    66.60994    1.180547   1.000000
    66.65990    0.984654   1.000000
    66.70987    0.858388   1.000000
    66.75984    1.166497   1.000000
    66.82651    1.134706   1.000000
    66.87648    1.129493   1.000000
    66.92659    0.929145   1.000000
    66.97656    0.967572   1.000000
    67.02653    1.003884   1.000000
    67.09320    1.029161   1.000000
    67.14317    0.907159   1.000000
    67.19314    1.157933   1.000000
    67.25981    1.104799   1.000000
    67.30992    1.053134   1.000000
    67.35989    1.049261   1.000000
    67.40986    0.879191   1.000000
    67.45982    1.011308   1.000000
    67.50994    0.964903   1.000000
    67.57646    0.789375   1.000000
    67.62658    0.966682   1.000000
    67.67654    1.050228   1.000000
    67.72651    0.919779   1.000000
    67.77648    1.041558   1.000000
    67.82659    0.976525   1.000000
    67.89326    0.898015   1.000000
    67.94323    0.824296   1.000000
    67.99320    0.861556   1.000000
    68.05987    1.061900   1.000000
    68.10984    1.027267   1.000000
    68.17651    1.125339   1.000000
    68.22648    1.003884   1.000000
    68.27659    1.034864   1.000000
    68.34326    1.012240   1.000000
    68.39323    1.546263   1.000000
    68.44320    0.854444   1.000000
    68.49317    1.254537   1.000000
    68.55984    0.969356   1.000000
    68.60981    1.026322   1.000000
    68.65992    0.834225   1.000000
    68.70989    0.733303   1.000000
    68.75986    1.094671   1.000000
    68.82653    0.901329   1.000000
    68.87650    0.935155   1.000000
    68.92646    1.266145   1.000000
    68.97658    1.200282   1.000000
    69.02654    1.185997   1.000000
    69.07651    0.929145   1.000000
    69.14318    0.991022   1.000000
    69.19315    0.877573   1.000000
    69.24326    1.111945   1.000000
    69.29323    1.239605   1.000000
    69.34320    1.038684   1.000000
    69.39317    1.004809   1.000000
    69.45984    1.002960   0.999150
    69.50981    0.858388   0.998099
    69.55992    0.781418   0.996851
    69.60989    1.209159   0.995330
    69.65986    1.065819   0.993698
    69.72653    1.012240   0.991183
    69.77650    1.017849   0.989147
    69.82646    0.923174   0.986933
    69.87658    1.160068   0.984655
    69.94325    0.930858   0.981443
    69.99322    1.005735   0.978823
    70.04318    1.036772   0.976263
    70.10986    0.988288   0.972620
    70.15982    0.880002   0.969682
    70.20994    0.919779   0.966794
    70.25990    1.135752   0.963902
    70.32658    0.836534   0.959872
    70.37654    1.079651   0.956797
    70.42651    1.182724   0.953588
    70.47648    1.133662   0.950392
    70.54315    0.924876   0.946182
    70.59326    0.945548   0.942891
    70.64323    0.940337   0.939705
    70.69320    1.170802   0.936416
    70.74317    0.804792   0.933201
    70.80984    0.998351   0.928815
    70.85981    1.044440   0.925495
    70.90992    0.667549   0.922280
    70.95989    0.901329   0.918987
    71.00986    1.113996   0.915787
    71.07653    0.828864   0.911587
    71.12650    0.798148   0.908367
    71.17646    0.867927   0.905308
    71.22658    1.256850   0.902108
    71.27654    0.831924   0.899156
    71.34322    0.714634   0.895098
    71.39318    0.903823   0.892279
    71.44315    0.961354   0.889356
    71.50982    0.866330   0.885828
    71.55994    0.772118   0.883057
    71.60990    0.894712   0.880411
    71.65987    0.902991   0.877856
    71.72654    0.841169   0.874650
    71.77651    0.834994   0.872275
    71.82648    0.814486   0.870102
    71.89315    0.909669   0.867313
    71.94326    0.859970   0.865238
    71.99323    1.091650   0.863382
    72.04320    0.684989   0.861629
    72.09317    0.705478   0.860002
    72.15984    0.852086   0.857954
    72.20981    0.939471   0.856575
    72.25992    0.815236   0.855383
    72.30989    0.676836   0.854167
    72.35986    0.799620   0.853186
    72.64325    1.104799   0.849984
    72.69322    0.942071   0.849836
    72.74318    0.780699   0.849867
    72.79315    0.621274   0.849972
    72.84326    0.660212   0.850243
    72.89323    0.836534   0.850652
    72.95990    0.708734   0.851416
    73.00987    1.201388   0.852143
    73.05984    0.904656   0.853060
    73.10981    0.756630   0.853955
    73.17648    0.655365   0.855516
    73.29326    0.924876   0.858706
    73.47658    0.836534   0.864867
    73.74326    0.897188   0.876392
    73.80994    0.651754   0.879719
    73.90987    0.596600   0.884826
    74.02651    0.464819   0.891227
    74.14315    1.159000   0.897951
    74.19326    1.156867   0.900906
    74.24323    0.962240   0.903993
    74.29320    1.028214   0.906940
    74.34317    1.467180   0.910054
    74.40984    1.009447   0.914233
    74.45981    0.860763   0.917363
    74.50992    0.673106   0.920492
    74.55989    0.645184   0.923684
    74.62656    1.323377   0.927892
    74.67653    1.031059   0.931043
    74.72650    0.723242   0.934205
    74.77646    0.998351   0.937420
    74.84314    0.869528   0.941640
    74.89325    1.124303   0.944772
    74.94322    0.991936   0.947772
    74.99318    0.977425   0.950927
    75.04315    0.548635   0.953961
    75.09326    1.218101   0.956946
    75.14323    1.050228   0.959855
    75.20990    1.005735   0.963804
    75.25987    1.343023   0.966590
    75.35981    0.509663   0.971992
    75.40992    0.805533   0.974642
    75.47659    0.888963   0.977972
    75.52656    1.209159   0.980340
    75.57653    1.335622   0.982742
    75.62650    0.796679   0.984918
    75.67646    1.121201   0.987031
    75.74314    0.774967   0.989684
    75.79325    0.972934   0.991515
    75.84322    1.262651   0.993246
    75.89318    1.222597   0.994760
    75.94315    0.946419   0.996156
    75.99326    1.057995   0.997387
    76.04323    0.983747   0.998416
    76.10990    0.945548   0.999487
    76.15987    0.748313   0.999925
    76.20984    0.959585   1.000000
    76.25981    0.875152   1.000000
    76.32648    1.362961   1.000000
    76.37659    1.247623   1.000000
    76.42656    1.273161   1.000000
    76.47653    1.036772   1.000000
    76.52650    1.052164   1.000000
    76.57646    0.737367   1.000000
    76.64314    0.968464   1.000000
    76.69325    0.920626   1.000000
    76.74322    1.019726   1.000000
    76.79318    0.990110   1.000000
    76.84315    1.082638   1.000000
    76.90982    0.859970   1.000000
    76.95994    0.841944   1.000000
    77.00990    1.093663   1.000000
    77.05987    1.170802   1.000000
    77.10984    1.181635   1.000000
    77.15981    1.163278   1.000000
    77.22648    1.019726   1.000000
    77.27659    1.035818   1.000000
    77.32656    0.759422   1.000000
    77.37653    0.898842   1.000000
    77.42650    0.903823   1.000000
    77.47646    0.981937   1.000000
    77.54314    0.691327   1.000000
    77.59325    0.858388   1.000000
    77.64322    0.894712   1.000000
    77.69318    0.832690   1.000000
    77.74315    0.696440   1.000000
    77.79326    0.971144   1.000000
    77.85994    0.936879   1.000000
    77.90990    0.965792   1.000000
    77.95987    1.223724   1.000000
    78.00984    1.063857   1.000000
    78.05981    0.897188   1.000000
    78.12648    1.109899   1.000000
    78.17659    0.809251   1.000000
    78.22656    0.860763   1.000000
    78.32650    1.233910   1.000000
    78.37646    0.947291   1.000000
    78.42658    0.884878   1.000000
    78.49325    0.843497   1.000000
    78.54322    0.771407   1.000000
    78.59318    1.049261   1.000000
    78.64315    0.866330   1.000000
    78.69326    1.014106   1.000000
    78.74323    0.703531   1.000000
    78.80990    0.795946   1.000000
    78.85987    1.033912   1.000000
    78.90984    0.801094   1.000000
    78.95981    0.965792   1.000000
    79.00992    1.245327   1.000000
    79.05989    1.361706   1.000000
    79.17653    0.614446   1.000000
    79.22650    0.859179   1.000000
    79.27646    1.032009   1.000000
    79.32658    0.740770   1.000000
    79.37654    1.179461   1.000000
    79.42651    0.807762   1.000000
    79.47648    0.702884   1.000000
    79.54315    0.942071   1.000000
    79.59326    1.213622   1.000000
    79.64323    0.761524   1.000000
    81.02650    0.885693   1.000000
    81.07646    0.984654   1.000000
    81.12658    1.070739   1.000000
    81.17654    1.053134   1.000000
    81.22651    1.163278   1.000000
    81.27648    0.973831   1.000000
    81.32659    1.103782   1.000000
    81.39326    0.760122   1.000000
    81.44323    0.787922   1.000000
    81.49320    1.212505   1.000000
    81.54317    0.975626   1.000000
    81.59314    1.052164   1.000000
    81.64325    1.093663   1.000000
    81.69322    0.820509   1.000000
    81.75989    1.425882   1.000000
    81.80986    1.005735   1.000000
    81.85982    1.126376   1.000000
    81.90994    0.918086   1.000000
    81.95990    1.144151   1.000000
    82.00987    1.079651   1.000000
    82.05984    1.001114   1.000000
    82.12651    1.361706   1.000000
    82.17648    1.118107   1.000000
    82.22659    1.270818   1.000000
    82.27656    1.004809   1.000000
    82.32653    0.959585   1.000000
    82.37650    0.692602   1.000000
    82.42646    1.190374   1.000000
    82.49314    1.128453   1.000000
    82.54325    1.191471   1.000000
    82.59322    0.847390   1.000000
    82.64318    0.846610   1.000000
    82.69315    1.204713   1.000000
    82.74326    1.273161   1.000000
    82.79323    1.374306   1.000000
    82.84320    1.159000   1.000000
    82.90987    0.963127   1.000000
    82.95984    1.028214   1.000000
    83.00981    0.779980   1.000000
    83.05992    1.134706   1.000000
    83.10989    1.273161   1.000000
    83.15986    0.987378   1.000000
    83.20982    1.036772   1.000000
    83.27650    1.071725   1.000000
    83.32646    1.160068   1.000000
    83.37658    1.079651   1.000000
    83.42654    0.938606   1.000000
    83.47651    0.843497   1.000000
    83.54318    0.980129   1.000000
    83.59315    0.985561   1.000000
