   644.98267    0.985158   1.000000
   645.00050    1.036714   1.000000
   645.01833    1.007574   1.000000
   645.03617    0.948920   1.000000
   645.05383    0.993004   1.000000
   645.07167    1.015419   1.000000
   645.08950    0.990015   1.000000
   645.10733    1.031110   1.000000
   645.12500    1.019902   1.000000
   645.14283    1.019155   1.000000
   645.16067    1.004211   1.000000
   645.17850    1.028121   1.000000
   645.19633    0.996366   1.000000
   645.21400    0.961996   1.000000
   645.23183    0.956765   1.000000
   645.24967    1.009815   1.000000
   645.26683    1.020649   1.000000
   645.28467    0.981422   1.000000
   645.30250    1.000102   1.000000
   645.32033    1.001596   1.000000
   645.33800    0.980302   1.000000
   645.35583    0.948546   1.000000
   645.37367    0.984411   1.000000
   645.39150    0.940327   1.000000
   645.40933    1.005332   1.000000
   645.42700    0.985905   1.000000
   645.44483    0.999355   1.000000
   645.46267    1.021023   1.000000
   645.48050    1.029242   1.000000
   645.49817    1.016540   1.000000
   645.51600    1.027748   1.000000
   645.53383    0.991883   1.000000
   645.55167    0.974324   1.000000
   645.56950    1.023264   1.000000
   645.58717    1.035593   1.000000
   645.60500    1.005332   1.000000
   645.62283    1.001970   1.000000
   645.64067    1.008321   1.000000
   645.65833    1.019155   1.000000
   645.67617    0.996739   1.000000
   645.69400    1.015045   1.000000
   645.71183    1.023638   1.000000
   645.72967    0.988147   1.000000
   645.74733    0.977686   1.000000
   645.76517    1.022891   1.000000
   645.78300    0.954150   1.000000
   645.80083    0.975818   1.000000
   645.81850    0.987400   1.000000
   645.83633    1.003838   1.000000
   645.85417    0.970588   1.000000
   645.87200    1.049416   1.000000
   645.88983    1.003464   1.000000
   645.90750    0.976566   1.000000
   645.92533    1.010936   1.000000
   645.94317    1.027374   1.000000
   645.96100    0.976939   1.000000
   645.97883    1.000849   1.000000
   645.99650    1.010936   1.000000
   646.01433    1.022517   1.000000
   646.03217    1.020276   1.000000
   646.05000    1.022891   1.000000
   646.06767    1.037087   1.000000
   646.08550    0.985905   1.000000
   646.10333    0.986653   1.000000
   646.12117    0.966105   1.000000
   646.13900    1.010936   1.000000
   646.15667    0.954150   1.000000
   646.17450    0.975818   1.000000
   646.19233    1.023638   1.000000
   646.21017    0.984411   1.000000
   646.22783    0.961622   1.000000
   646.24567    0.989641   1.000000
   646.26350    0.997860   1.000000
   646.29800    1.040450   1.000000
   646.29917    0.994872   1.000000
   646.31683    1.014298   1.000000
   646.33467    0.993004   1.000000
   646.35250    1.007200   1.000000
   646.37033    0.998981   1.000000
   646.38800    1.007200   1.000000
   646.40583    0.997487   1.000000
   646.42367    0.964984   1.000000
   646.44150    0.925384   1.000000
   646.45933    0.957512   1.000000
   646.47700    0.972456   1.000000
   646.49483    0.963490   1.000000
   646.51267    0.973203   1.000000
   646.53050    0.985158   1.000000
   646.54817    0.990762   1.000000
   646.56600    0.979928   1.000000
   646.58383    0.992256   1.000000
   646.60167    1.016913   1.000000
   646.61950    0.993004   1.000000
   646.63717    1.004211   1.000000
   646.65500    1.023264   1.000000
   646.67283    0.993377   1.000000
   646.69067    1.008694   1.000000
   646.70833    0.975818   1.000000
   646.72617    0.994872   1.000000
   646.74400    1.007947   1.000000
   646.76183    1.024759   1.000000
   646.77967    0.991509   1.000000
   646.79733    1.046427   1.000000
   646.81517    1.044185   1.000000
   646.83300    0.995619   1.000000
   646.85083    1.013177   0.999960
   646.86850    0.997113   0.999870
   646.88633    1.012430   0.999732
   646.90417    0.997860   0.999537
   646.92200    1.012057   0.999306
   646.93983    0.998234   0.999025
   646.95750    0.982917   0.998707
   646.97533    0.981049   0.998360
   646.99317    1.018034   0.997967
   647.01100    0.994124   0.997535
   647.02867    1.001223   0.997057
   647.04650    1.000849   0.996569
   647.06433    0.991509   0.996018
   647.08217    1.037461   0.995456
   647.10000    0.991509   0.994858
   647.11767    1.007200   0.994233
   647.13550    1.003464   0.993567
   647.15333    1.015419   0.992850
   647.17117    1.052031   0.992155
   647.18883    1.032231   0.991405
   647.20667    1.007200   0.990643
   647.22450    0.976939   0.989829
   647.24233    1.009815   0.989023
   647.26017    1.032978   0.988140
   647.27783    1.005332   0.987263
   647.29567    1.009068   0.986376
   647.31350    1.016166   0.985421
   647.33133    0.975818   0.984484
   647.34900    0.999728   0.983520
   647.36683    0.975818   0.982502
   647.38467    0.955645   0.981488
   647.40250    0.980675   0.980435
   647.42033    0.963864   0.979410
   647.43800    0.950041   0.978328
   647.45583    0.969467   0.977210
   647.47367    0.942195   0.976049
   647.49150    0.969094   0.974887
   647.50917    0.982169   0.973705
   647.52700    1.000102   0.972488
   647.54483    0.973577   0.971251
   647.56267    0.907825   0.970014
   647.58050    0.932482   0.968737
   647.59817    0.947052   0.967442
   647.61600    0.957886   0.966163
   647.63383    0.966479   0.964877
   647.65167    0.954897   0.963520
   647.66933    0.985905   0.962148
   647.68717    0.949667   0.960800
   647.70500    0.929120   0.959458
   647.72283    0.920901   0.958072
   647.74067    0.932482   0.956635
   647.75833    0.951161   0.955245
   647.77617    0.961248   0.953803
   647.79400    0.960128   0.952275
   647.81183    0.956392   0.950778
   647.82950    0.939954   0.949345
   647.84733    0.921274   0.947815
   647.86517    0.976566   0.946300
   647.88300    0.928372   0.944755
   647.90083    0.920153   0.943209
   647.91850    0.921648   0.941661
   647.93633    0.916418   0.940121
   647.95417    0.883542   0.938500
   647.97200    0.941822   0.936933
   647.98967    0.898859   0.935330
   648.00750    0.944437   0.933718
   648.02533    0.910814   0.932038
   648.04317    0.939580   0.930367
   648.06100    0.915670   0.928736
   648.07867    0.890266   0.927051
   648.09650    0.918285   0.925426
   648.11433    0.954524   0.923718
   648.13217    0.901100   0.922031
   648.14983    0.905957   0.920377
   648.16767    0.927999   0.918632
   648.18550    0.922769   0.916885
   648.20333    0.874949   0.915149
   648.22117    0.928372   0.913471
   648.23883    0.909319   0.911732
   648.25667    0.902968   0.909967
   648.27450    0.910814   0.908147
   648.29233    0.888025   0.906487
   648.31000    0.901848   0.904731
   648.32783    0.881300   0.902927
   648.34567    0.820031   0.901115
   648.36350    0.858137   0.899409
   648.38133    0.900727   0.897527
   648.39900    0.923516   0.895805
   648.41683    0.905210   0.894040
   648.43467    0.902595   0.892221
   648.45250    0.870839   0.890355
   648.47017    0.877938   0.888596
   648.48800    0.877191   0.886769
   648.50583    0.897364   0.884931
   648.52367    0.879058   0.883178
   648.54150    0.907078   0.881355
   648.55917    0.894376   0.879538
   648.57700    0.955271   0.877700
   648.59483    0.903342   0.875901
   648.61267    0.871587   0.874085
   648.63033    0.873081   0.872222
   648.64817    0.906704   0.870415
   648.66600    0.892508   0.868583
   648.68383    0.897364   0.866768
   648.70167    0.877191   0.864947
   648.71933    0.875696   0.863134
   648.73717    0.890266   0.861319
   648.75500    0.844688   0.859520
   648.77283    0.864488   0.857700
   648.79050    0.863741   0.855891
   648.80833    0.887277   0.854086
   648.82617    0.839458   0.852287
   648.84400    0.849918   0.850454
   648.86183    0.845435   0.848658
   648.87950    0.858511   0.846891
   648.89733    0.855149   0.845080
   648.91517    0.868224   0.843312
   648.93300    0.865983   0.841544
   648.95067    0.868224   0.839802
   648.96850    0.826009   0.838031
   648.98633    0.794253   0.836238
   649.00417    0.827877   0.834494
   649.02200    0.802472   0.832722
   649.03967    0.820405   0.831012
   649.05750    0.807703   0.829280
   649.07533    0.855149   0.827541
   649.09317    0.818163   0.825877
   649.11083    0.823767   0.824113
   649.12867    0.841699   0.822478
   649.14650    0.848424   0.820747
   649.16433    0.801352   0.819038
   649.18217    0.816669   0.817430
   649.19983    0.791265   0.815757
   649.21767    0.802099   0.814067
   649.23550    0.786782   0.812451
   649.25333    0.806582   0.810838
   649.27100    0.837590   0.809116
   649.28883    0.780431   0.807641
   649.30667    0.819658   0.805972
   649.32450    0.836843   0.804372
   649.34233    0.851039   0.802848
   649.36000    0.817790   0.801271
   649.37783    0.766608   0.799787
   649.39567    0.777442   0.798170
   649.41350    0.823767   0.796661
   649.43117    0.806208   0.795229
   649.44900    0.807703   0.793646
   649.46683    0.818537   0.792274
   649.48467    0.788276   0.790780
   649.50250    0.795374   0.789321
   649.52017    0.826382   0.787932
   649.53800    0.771838   0.786458
   649.55583    0.786782   0.785115
   649.57367    0.776321   0.783601
   649.59133    0.795748   0.782339
   649.60917    0.807703   0.780890
   649.62700    0.773706   0.779659
   649.64483    0.777815   0.778282
   649.66267    0.786034   0.777014
   649.68033    0.766608   0.775735
   649.69817    0.752038   0.774491
   649.71600    0.764366   0.773273
   649.73383    0.760630   0.772020
   649.75150    0.759510   0.770837
   649.76933    0.742698   0.769619
   649.78717    0.776695   0.768403
   649.80500    0.777815   0.767311
   649.82283    0.775200   0.766143
   649.84050    0.786034   0.765084
   649.85833    0.751664   0.763996
   649.87617    0.760257   0.762847
   649.89400    0.784914   0.761889
   649.91167    0.737468   0.760844
   649.92950    0.784914   0.759728
   649.94733    0.740083   0.758866
   649.96517    0.752411   0.757801
   649.98300    0.777815   0.756799
   650.00067    0.713931   0.755982
   650.01850    0.749049   0.755020
   650.03633    0.758389   0.754173
   650.05417    0.778189   0.753272
   650.07183    0.759883   0.752423
   650.08967    0.784540   0.751631
   650.10750    0.748675   0.750898
   650.12533    0.704965   0.750008
   650.14317    0.732985   0.749252
   650.16083    0.743072   0.748555
   650.17867    0.754279   0.747903
   650.19650    0.769223   0.747175
   650.21433    0.777442   0.746397
   650.23200    0.772212   0.745805
   650.24983    0.766608   0.745213
   650.26767    0.767729   0.744660
   650.28550    0.739336   0.743982
   650.30333    0.785661   0.743465
   650.32100    0.766234   0.742936
   650.33883    0.782299   0.742475
   650.35667    0.730369   0.741950
   650.37450    0.724018   0.741515
   650.39217    0.720283   0.740974
   650.41000    0.723271   0.740593
   650.42783    0.709448   0.740200
   650.44567    0.753906   0.739837
   650.46350    0.728875   0.739526
   650.48117    0.727381   0.739222
   650.49900    0.749049   0.738896
   650.51683    0.777815   0.738588
   650.53467    0.796121   0.738354
   650.55233    0.744566   0.738114
   650.57017    0.720283   0.737897
   650.58800    0.736720   0.737729
   650.60583    0.715426   0.737556
   650.62367    0.721030   0.737381
   650.64133    0.713931   0.737268
   650.65917    0.717667   0.737210
   650.67700    0.738215   0.737111
   650.69483    0.739336   0.737074
   650.71267    0.765487   0.737049
   650.73033    0.721030   0.737018
   650.74817    0.736720   0.737042
   650.76600    0.769596   0.737051
   650.78383    0.728502   0.737106
   650.80150    0.720656   0.737180
   650.81933    0.780804   0.737264
   650.83717    0.742324   0.737462
   650.85500    0.729622   0.737621
   650.87283    0.721777   0.737804
   650.89050    0.730743   0.738005
   650.90833    0.712437   0.738206
   650.92617    0.696746   0.738369
   650.94400    0.705712   0.738703
   650.96167    0.719909   0.739022
   650.97950    0.724018   0.739281
   650.99733    0.738962   0.739663
   651.01517    0.736347   0.739932
   651.03300    0.681803   0.740378
   651.05067    0.701977   0.740806
   651.06850    0.751291   0.741152
   651.08633    0.797242   0.741627
   651.10417    0.746434   0.742122
   651.12183    0.794253   0.742639
   651.13967    0.778563   0.743086
   651.15750    0.733358   0.743634
   651.17533    0.765113   0.744187
   651.19317    0.729249   0.744789
   651.21083    0.705712   0.745288
   651.22867    0.752785   0.745997
   651.24650    0.761751   0.746555
   651.26433    0.772585   0.747246
   651.28200    0.742324   0.747948
   651.29983    0.735600   0.748594
   651.31767    0.753906   0.749424
   651.33550    0.735973   0.750119
   651.35333    0.742698   0.750774
   651.37100    0.750170   0.751665
   651.38883    0.768476   0.752419
   651.40667    0.734479   0.753354
   651.42450    0.780431   0.754110
   651.44217    0.745687   0.754943
   651.46000    0.741577   0.755915
   651.47783    0.771838   0.756769
   651.49567    0.744192   0.757732
   651.51350    0.762872   0.758627
   651.53117    0.732237   0.759628
   651.54900    0.760257   0.760559
   651.56683    0.765487   0.761590
   651.58467    0.745687   0.762562
   651.60233    0.724018   0.763626
   651.60000    0.740830   0.763498
   651.63800    0.767355   0.765760
   651.65583    0.748675   0.766924
   651.67367    0.716547   0.768015
   651.69133    0.715799   0.769188
   651.70917    0.786408   0.770323
   651.72700    0.753158   0.771468
   651.74483    0.737094   0.772626
   651.76250    0.772959   0.773893
   651.78033    0.735226   0.775082
   651.79817    0.755400   0.776361
   651.81600    0.763993   0.777613
   651.83383    0.782672   0.778895
   651.85150    0.790518   0.780200
   651.86933    0.782672   0.781381
   651.88717    0.788650   0.782837
   651.90500    0.793880   0.784163
   651.92267    0.760630   0.785478
   651.94050    0.839458   0.786819
   651.95833    0.812186   0.788302
   651.97617    0.811065   0.789588
   651.99400    0.802846   0.791124
   652.01167    0.789770   0.792503
   652.02950    0.787155   0.793898
   652.04733    0.828250   0.795432
   652.06517    0.810691   0.796888
   652.08283    0.801352   0.798378
   652.10067    0.792759   0.799894
   652.11850    0.798363   0.801379
   652.13633    0.803593   0.802919
   652.15417    0.845435   0.804508
   652.17183    0.799484   0.806072
   652.18967    0.781178   0.807562
   652.20750    0.802099   0.809188
   652.22533    0.795748   0.810813
   652.24300    0.803967   0.812409
   652.26083    0.828624   0.814034
   652.27867    0.809571   0.815687
   652.29650    0.811065   0.817339
   652.31433    0.819284   0.818960
   652.33200    0.823393   0.820591
   652.34983    0.835722   0.822297
   652.36767    0.813307   0.823985
   652.38550    0.823393   0.825668
   652.40317    0.806208   0.827359
   652.42100    0.834228   0.829077
   652.43883    0.833854   0.830787
   652.45667    0.862247   0.832516
   652.47450    0.862620   0.834257
   652.49217    0.823767   0.836001
   652.51000    0.807703   0.837734
   652.52783    0.811439   0.839539
   652.54567    0.830118   0.841288
   652.56333    0.804340   0.843047
   652.58117    0.854028   0.844834
   652.59900    0.827129   0.846628
   652.61683    0.806582   0.848443
   652.63467    0.827503   0.850241
   652.65233    0.862620   0.852065
   652.67017    0.864862   0.853855
   652.68800    0.882047   0.855687
   652.70583    0.878311   0.857459
   652.72350    0.870092   0.859295
   652.74133    0.877191   0.861188
   652.75917    0.865236   0.863001
   652.77700    0.933229   0.864854
   652.79483    0.917538   0.866633
   652.81250    0.911187   0.868480
   652.83033    0.902595   0.870384
   652.84817    0.830492   0.872223
   652.86600    0.880926   0.874072
   652.88367    0.868224   0.875959
   652.90150    0.844688   0.877752
   652.91933    0.886157   0.879652
   652.93717    0.799857   0.881474
   652.95500    0.896244   0.883417
   652.97267    0.923516   0.885153
   652.99050    0.882421   0.887121
   653.00833    0.919033   0.888932
   653.02617    0.919406   0.890848
   653.04383    0.913429   0.892628
   653.06167    0.918285   0.894473
   653.07950    0.864862   0.896331
   653.09733    0.907451   0.898173
   653.11517    0.889893   0.900081
   653.13283    0.889145   0.901888
   653.15067    0.914923   0.903787
   653.16850    0.905210   0.905591
   653.18633    0.907451   0.907419
   653.20400    0.941448   0.909188
   653.22183    0.938459   0.911023
   653.23967    0.962743   0.912867
   653.25750    0.936218   0.914695
   653.27533    0.929867   0.916504
   653.29300    0.930988   0.918332
   653.31083    0.889519   0.920142
   653.32867    0.839458   0.921955
   653.34650    0.925384   0.923763
   653.36417    0.905957   0.925498
   653.38200    0.932482   0.927232
   653.39983    0.836096   0.929025
   653.41767    0.944437   0.930739
   653.43550    0.940701   0.932482
   653.45317    0.928372   0.934162
   653.47100    0.885036   0.935953
   653.48883    0.936591   0.937647
   653.50667    0.909693   0.939378
   653.52433    0.938086   0.941056
   653.54217    0.995992   0.942722
   653.56000    0.931735   0.944431
   653.57783    0.905583   0.946050
   653.59567    0.981049   0.947795
   653.61333    0.948546   0.949374
   653.63117    0.962743   0.950986
   653.64900    0.971335   0.952609
   653.66683    0.971709   0.954241
   653.68450    0.945184   0.955766
   653.70233    0.987773   0.957288
   653.72017    0.937339   0.958839
   653.73800    0.941075   0.960390
   653.75583    0.944063   0.961859
   653.77350    0.943690   0.963403
   653.79133    1.008694   0.964881
   653.80917    0.997860   0.966312
   653.82700    0.950414   0.967751
   653.84467    0.984785   0.969184
   653.86250    0.972830   0.970539
   653.88033    1.000475   0.972001
   653.89817    0.949293   0.973362
   653.91600    1.008321   0.974696
   653.93367    0.973577   0.976039
   653.95150    0.985158   0.977293
   653.96933    0.984411   0.978605
   653.98717    0.973203   0.979915
   654.00483    0.948920   0.981120
   654.02267    0.983664   0.982363
   654.04050    0.983664   0.983497
   654.05833    1.034099   0.984646
   654.07617    0.984037   0.985772
   654.09383    1.005706   0.986842
   654.11167    1.002717   0.987949
   654.12950    0.993004   0.988950
   654.14733    0.994498   0.989985
   654.16500    1.015045   0.990922
   654.18283    0.977313   0.991895
   654.20067    1.007200   0.992788
   654.21850    0.972830   0.993654
   654.23633    1.031857   0.994470
   654.25400    1.018408   0.995269
   654.27183    0.981049   0.996049
   654.28967    1.028868   0.996726
   654.22417    1.005706   0.993875
   654.32517    1.018034   0.998001
   654.34300    0.981796   0.998533
   654.36083    0.999355   0.999024
   654.37867    1.053525   0.999451
   654.39650    1.015793   0.999780
   654.41417    1.031857   1.000000
   654.43200    1.013177   1.000000
   654.44983    1.014298   1.000000
   654.46767    0.979181   1.000000
   654.48533    0.986653   1.000000
   654.50317    1.005706   1.000000
   654.52100    1.010189   1.000000
   654.53883    1.053152   1.000000
   654.55667    1.000849   1.000000
   654.57433    0.997487   1.000000
   654.59217    1.013925   1.000000
   654.61000    1.018781   1.000000
   654.62783    0.951535   1.000000
   654.64550    1.004958   1.000000
   654.66333    1.044185   1.000000
   654.68117    0.995992   1.000000
   654.69900    1.055020   1.000000
   654.71683    1.039329   1.000000
   654.73450    1.028868   1.000000
   654.75233    0.995619   1.000000
   654.77017    1.004211   1.000000
   654.78800    1.065107   1.000000
   654.80567    0.967599   1.000000
   654.82350    0.974324   1.000000
   654.84133    1.041197   1.000000
   654.85917    0.986279   1.000000
   654.87700    0.975445   1.000000
   654.89467    1.049416   1.000000
   654.91250    1.027374   1.000000
   654.93033    1.020276   1.000000
   654.94817    0.991883   1.000000
   654.96583    1.016166   1.000000
   654.98367    0.988147   1.000000
   655.00150    1.022517   1.000000
   655.01933    1.021770   1.000000
   655.03717    1.023264   1.000000
   655.05483    1.007574   1.000000
   655.07267    1.035593   1.000000
   655.09050    0.999355   1.000000
   655.10833    0.988147   1.000000
   655.12600    0.999355   1.000000
   655.14383    1.026253   1.000000
   655.16167    1.001223   1.000000
   655.17950    1.023264   1.000000
   655.19733    1.042691   1.000000
   655.21500    1.026627   1.000000
   655.23283    1.047548   1.000000
   655.25067    1.011683   1.000000
   655.26850    1.017661   1.000000
   655.28617    0.951161   1.000000
   655.30400    1.003838   1.000000
   655.32183    0.952282   1.000000
   655.33967    0.973950   1.000000
   655.35750    1.017661   1.000000
   655.37517    1.063986   1.000000
   655.39300    0.997860   1.000000
   655.41083    1.000475   1.000000
   655.42867    0.983290   1.000000
   655.44650    1.016540   1.000000
   655.46417    1.017287   1.000000
   655.48200    0.980302   1.000000
   655.49983    0.962369   1.000000
   655.51767    0.969467   1.000000
   655.53533    0.984785   1.000000
   655.55317    0.981049   1.000000
   655.57100    0.949293   1.000000
   655.58883    0.967973   1.000000
   655.60667    0.982543   1.000000
   655.62433    0.969467   1.000000
   655.64217    1.024385   1.000000
   655.66000    0.974698   1.000000
   655.67783    0.979181   1.000000
   655.69550    0.966479   1.000000
   655.71333    0.941448   1.000000
   655.73117    1.057261   1.000000
   655.74900    1.000102   1.000000
   655.76683    0.960501   1.000000
   655.78450    0.976566   1.000000
   655.80233    0.980675   1.000000
   655.82017    0.981796   1.000000
   655.83800    0.978807   1.000000
   655.85567    1.034099   1.000000
   655.87350    0.981049   1.000000
   655.89133    1.008694   1.000000
   655.90917    1.030736   1.000000
   655.92700    1.001970   1.000000
   655.94467    0.998981   1.000000
   655.96250    0.973203   1.000000
   655.98033    1.026627   1.000000
   655.99817    0.949667   1.000000
   656.01583    1.008694   1.000000
   656.03367    0.944437   1.000000
   656.05150    0.957139   1.000000
   656.06933    0.938833   1.000000
   656.08717    0.963490   1.000000
   656.10483    1.041944   1.000000
   656.12267    1.043812   1.000000
   656.14050    1.045306   1.000000
   656.15833    1.004958   1.000000
   656.17600    0.965358   1.000000
   656.19383    0.972083   1.000000
   656.21167    1.002717   1.000000
   656.22950    0.983290   1.000000
   656.24733    0.967599   1.000000
   656.26500    1.006453   1.000000
   656.28283    1.034472   1.000000
   656.21733    1.027374   1.000000
   656.31850    1.133100   1.000000
   656.33617    1.020649   1.000000
   656.35400    1.027000   1.000000
   656.37183    1.023264   1.000000
   656.38967    1.018408   1.000000
   656.40750    1.028868   1.000000
   656.42517    0.966479   1.000000
   656.44300    1.049042   1.000000
   656.46083    1.013551   1.000000
   656.47867    1.009442   1.000000
   656.49633    0.950041   1.000000
   656.51417    0.984037   1.000000
   656.53200    0.991509   1.000000
   656.54983    1.004585   1.000000
   656.56767    1.013177   1.000000
   656.58533    1.040076   1.000000
   656.60317    1.122266   1.000000
   656.62100    1.028868   1.000000
   656.63883    0.940701   1.000000
   656.65650    0.941448   1.000000
   656.67433    0.987400   1.000000
   656.69217    0.948173   1.000000
   656.71000    0.922021   1.000000
   656.72783    1.027748   1.000000
   656.74550    0.992256   1.000000
   656.76333    0.935097   1.000000
   656.78117    1.000475   1.000000
   656.79900    1.007947   1.000000
   656.81667    0.965731   1.000000
   656.83450    0.984411   1.000000
   656.85233    0.993751   1.000000
   656.87017    0.935844   1.000000
   656.88800    0.966105   1.000000
   656.90567    0.952656   1.000000
   656.92350    0.934723   1.000000
   656.94133    1.003464   1.000000
   656.95917    0.964611   1.000000
   656.97683    1.020649   1.000000
   656.99467    0.967226   1.000000
   657.01250    1.016913   1.000000
