   658.01400    0.894931   1.000000
   658.02480    0.976549   1.000000
   658.03560    0.929296   1.000000
   658.04640    0.946479   1.000000
   658.05660    1.013778   1.000000
   658.06740    1.023085   1.000000
   658.07820    0.805438   1.000000
   658.08900    0.942183   1.000000
   658.09980    0.990868   1.000000
   658.11000    0.932876   1.000000
   658.12080    0.970105   1.000000
   658.13160    0.987288   1.000000
   658.14240    0.958650   1.000000
   658.15260    0.817609   1.000000
   658.16340    1.030245   1.000000
   658.17420    0.941467   1.000000
   658.18500    0.942899   1.000000
   658.19580    1.041700   1.000000
   658.20600    0.866293   1.000000
   658.21680    0.877032   1.000000
   658.22760    0.945047   1.000000
   658.23840    0.977981   1.000000
   658.24860    1.045279   1.000000
   658.25940    1.085372   1.000000
   658.27020    1.001607   1.000000
   658.28100    0.965810   1.000000
   658.29180    0.937172   1.000000
   658.30200    0.877748   1.000000
   658.31280    0.975117   1.000000
   658.32360    1.082509   1.000000
   658.33440    0.995163   1.000000
   658.34460    0.909250   1.000000
   658.35540    1.001607   1.000000
   658.36620    0.990868   1.000000
   658.37700    0.985856   1.000000
   658.38780    0.979413   1.000000
   658.39800    1.055303   1.000000
   658.40880    0.918557   1.000000
   658.41960    1.000891   1.000000
   658.43040    0.974401   1.000000
   658.44060    0.998743   1.000000
   658.45140    0.957218   1.000000
   658.46220    0.949343   0.999999
   658.47300    1.015210   0.999998
   658.48380    1.015926   0.999997
   658.49400    0.991584   0.999995
   658.50480    1.089668   0.999992
   658.51560    1.056735   0.999989
   658.52640    1.043848   0.999984
   658.53660    1.120454   0.999978
   658.54740    0.892067   0.999971
   658.55820    1.026665   0.999962
   658.56900    1.018074   0.999951
   658.57980    0.963662   0.999939
   658.59000    0.970821   0.999925
   658.60080    0.995163   0.999908
   658.61160    1.069622   0.999888
   658.62240    1.022369   0.999866
   658.63260    0.855554   0.999842
   658.64340    0.989436   0.999813
   658.65420    0.905670   0.999782
   658.66500    1.010914   0.999746
   658.67580    1.064610   0.999708
   658.68600    1.114726   0.999667
   658.69680    0.966526   0.999620
   658.70760    1.123317   0.999569
   658.71840    0.940752   0.999513
   658.72860    1.038120   0.999456
   658.73940    1.109715   0.999390
   658.75020    0.988720   0.999320
   658.76100    0.930728   0.999243
   658.77180    0.976549   0.999161
   658.78200    1.032392   0.999079
   658.79280    1.136204   0.998985
   658.80360    0.975833   0.998886
   658.81440    0.932160   0.998779
   658.82460    1.021653   0.998673
   658.83540    1.032392   0.998553
   658.84620    1.134773   0.998426
   658.85700    0.982276   0.998292
   658.86780    0.991584   0.998150
   658.87800    1.041700   0.998010
   658.88880    1.028813   0.997852
   658.89960    1.037404   0.997687
   658.91040    0.972969   0.997514
   658.92060    0.930728   0.997342
   658.93140    1.087520   0.997151
   658.94220    1.041700   0.996952
   658.95300    1.151955   0.996743
   658.96380    1.083941   0.996525
   658.97400    1.071054   0.996310
   658.98480    0.937172   0.996074
   658.99560    1.017358   0.995827
   659.00640    1.009482   0.995570
   659.01660    0.871305   0.995318
   659.02740    1.033824   0.995041
   659.03820    1.098259   0.994753
   659.04900    0.996595   0.994455
   659.05980    0.997311   0.994145
   659.07000    1.033108   0.993843
   659.08080    0.974401   0.993511
   659.09160    0.996595   0.993168
   659.10240    0.958650   0.992814
   659.11260    0.969389   0.992468
   659.12340    1.071769   0.992090
   659.13420    0.958650   0.991700
   659.14500    1.048859   0.991298
   659.15580    1.032392   0.990884
   659.16600    0.958650   0.990480
   659.17680    1.003039   0.990041
   659.18760    0.969389   0.989589
   659.19840    0.915693   0.989124
   659.20860    0.995879   0.988673
   659.21940    0.922853   0.988182
   659.23020    0.935740   0.987678
   659.24100    1.030961   0.987160
   659.25180    1.016642   0.986629
   659.26200    0.962230   0.986115
   659.27280    0.930728   0.985556
   659.28360    1.058882   0.984984
   659.29440    0.878464   0.984398
   659.30460    1.020937   0.983832
   659.31540    1.082509   0.983218
   659.32620    1.020937   0.982590
   659.33700    1.132625   0.981948
   659.34780    1.051007   0.981291
   659.35800    0.989436   0.980657
   659.36880    0.901375   0.979972
   659.37960    0.991584   0.979272
   659.39040    0.907818   0.978557
   659.40060    0.887772   0.977868
   659.41140    0.964378   0.977125
   659.42220    0.869873   0.976366
   659.43300    0.990868   0.975592
   659.44380    0.979413   0.974804
   659.45400    1.048859   0.974045
   659.46480    0.968673   0.973227
   659.47560    0.957218   0.972394
   659.48640    0.997311   0.971546
   659.49660    1.001607   0.970731
   659.50740    0.911398   0.969853
   659.51820    0.990152   0.968960
   659.52900    0.962946   0.968052
   659.53980    0.973685   0.967129
   659.55000    0.880612   0.966243
   659.56080    1.056019   0.965290
   659.57160    0.950775   0.964321
   659.58240    0.879180   0.963338
   659.59260    0.986572   0.962395
   659.60340    0.988004   0.961382
   659.61420    0.884192   0.960354
   659.62500    0.909250   0.959311
   659.63580    0.967241   0.958253
   659.64600    1.097543   0.957240
   659.65680    0.928580   0.956153
   659.66760    0.919273   0.955050
   659.67840    0.896363   0.953933
   659.68860    0.955786   0.952865
   659.69940    0.814745   0.951719
   659.71020    0.874169   0.950559
   659.72100    0.881328   0.949384
   659.73180    0.960082   0.948195
   659.74200    0.882760   0.947058
   659.75280    1.015210   0.945841
   659.76360    0.856270   0.944610
   659.77440    0.973685   0.943365
   659.78460    0.994447   0.942175
   659.79540    0.990152   0.940903
   659.80620    0.957218   0.939617
   659.81700    0.930012   0.938317
   659.82780    0.962946   0.937004
   659.83800    0.857702   0.935751
   659.84880    0.972253   0.934412
   659.85960    0.913546   0.933060
   659.87040    0.897079   0.931695
   659.88060    0.939320   0.930394
   659.89140    0.979413   0.929004
   659.90220    0.871305   0.927602
   659.91300    1.005187   0.926188
   659.92380    0.925001   0.924762
   659.93400    0.960082   0.923403
   659.94480    0.960798   0.921954
   659.95560    1.040984   0.920493
   659.96640    0.951491   0.919021
   659.97660    0.960082   0.917621
   659.98740    0.874169   0.916127
   659.99820    0.979413   0.914623
   660.00900    0.923569   0.913108
   660.01980    0.865577   0.911583
   660.03000    0.909966   0.910134
   660.04080    0.986572   0.908590
   660.05160    0.950059   0.907037
   660.06240    0.932876   0.905474
   660.07260    0.854122   0.903990
   660.08340    0.839803   0.902410
   660.09420    0.874885   0.900822
   660.10500    0.899227   0.899226
   660.11580    0.880612   0.897622
   660.12600    0.830496   0.896099
   660.13680    0.910682   0.894480
   660.14760    0.897079   0.892853
   660.15840    0.799710   0.891220
   660.16860    0.954354   0.889671
   660.17940    0.873453   0.888024
   660.19020    0.830496   0.886370
   660.20100    0.836224   0.884711
   660.21180    0.889919   0.883045
   660.22200    0.947911   0.881466
   660.23280    0.917125   0.879789
   660.24360    0.810450   0.878107
   660.25440    0.902091   0.876419
   660.26460    0.944331   0.874821
   660.27540    0.864861   0.873123
   660.28620    0.939320   0.871421
   660.29700    0.928580   0.869714
   660.30780    0.866293   0.868003
   660.31800    0.907818   0.866383
   660.32880    0.826200   0.864665
   660.33960    0.759617   0.862942
   660.35040    0.818325   0.861215
   660.36060    0.888488   0.859582
   660.37140    0.806870   0.857849
   660.38220    0.847679   0.856114
   660.39300    0.846247   0.854375
   660.40380    0.884192   0.852634
   660.41400    0.824053   0.850987
   660.42480    0.845531   0.849241
   660.43560    0.792551   0.847494
   660.44640    0.739571   0.845744
   660.45660    0.832644   0.844089
   660.46740    0.744583   0.842336
   660.47820    0.869157   0.840582
   660.48900    0.830496   0.838826
   660.49980    0.734559   0.837069
   660.51000    0.834792   0.835409
   660.52080    0.858418   0.833651
   660.53160    0.799710   0.831892
   660.54240    0.821189   0.830134
   660.55260    0.809734   0.828472
   660.56340    0.893499   0.826713
   660.57420    0.811166   0.824954
   660.58500    0.834792   0.823196
   660.59580    0.719525   0.821438
   660.60600    0.887772   0.819778
   660.61680    0.781096   0.818022
   660.62760    0.818325   0.816266
   660.63840    0.814745   0.814512
   660.64860    0.891351   0.812857
   660.65940    0.856270   0.811106
   660.67020    0.758186   0.809357
   660.68100    0.743151   0.807610
   660.69180    0.823337   0.805864
   660.70200    0.789687   0.804218
   660.71280    0.814745   0.802478
   660.72360    0.776800   0.800740
   660.73440    0.783244   0.799005
   660.74460    0.811166   0.797369
   660.75540    0.792551   0.795640
   660.76620    0.894931   0.793914
   660.77700    0.816893   0.792192
   660.78780    0.758902   0.790473
   660.79800    0.887772   0.788854
   660.80880    0.789687   0.787143
   660.81960    0.850542   0.785436
   660.83040    0.813313   0.783734
   660.84060    0.776084   0.782130
   660.85140    0.833360   0.780436
   660.86220    0.816893   0.778748
   660.87300    0.745299   0.777064
   660.88380    0.694467   0.775386
   660.89400    0.736707   0.773805
   660.90480    0.720956   0.772138
   660.91560    0.695898   0.770475
   660.92640    0.727400   0.768819
   660.93660    0.692319   0.767260
   660.94740    0.765345   0.765616
   660.95820    0.766777   0.763977
   660.96900    0.782528   0.762346
   660.97980    0.671556   0.760721
   660.99000    0.732412   0.759192
   661.00080    0.778232   0.757581
   661.01160    0.761765   0.755976
   661.02240    0.775368   0.754379
   661.03260    0.768925   0.752878
   661.04340    0.822621   0.751295
   661.05420    0.828348   0.749721
   661.06500    0.770357   0.748154
   661.07580    0.761049   0.746595
   661.08600    0.757470   0.745131
   661.09680    0.821189   0.743589
   661.10760    0.693751   0.742055
   661.11840    0.726684   0.740530
   661.12860    0.808302   0.739098
   661.13940    0.752458   0.737590
   661.15020    0.753174   0.736092
   661.16100    0.712365   0.734603
   661.17180    0.726684   0.733123
   661.18200    0.743151   0.731735
   661.19280    0.765345   0.730274
   661.20360    0.849827   0.728824
   661.21440    0.697330   0.727383
   661.22460    0.768925   0.726032
   661.23540    0.828348   0.724612
   661.24620    0.711649   0.723202
   661.25700    0.707354   0.721803
   661.26780    0.741719   0.720414
   661.27800    0.743151   0.719113
   661.28880    0.742435   0.717747
   661.29960    0.694467   0.716391
   661.31040    0.712365   0.715047
   661.32060    0.672988   0.713788
   661.33140    0.715945   0.712467
   661.34220    0.691603   0.711158
   661.35300    0.645066   0.709860
   661.36380    0.827632   0.708575
   661.37400    0.702342   0.707372
   661.38480    0.722388   0.706110
   661.39560    0.680864   0.704862
   661.40640    0.681580   0.703625
   661.41660    0.737423   0.702470
   661.42740    0.666545   0.701258
   661.43820    0.694467   0.700060
   661.44900    0.645782   0.698875
   661.45980    0.708785   0.697704
   661.47000    0.685875   0.696610
   661.48080    0.671556   0.695464
   661.49160    0.655805   0.694333
   661.50240    0.707354   0.693215
   661.51260    0.755322   0.692172
   661.52340    0.670840   0.691081
   661.53420    0.704490   0.690005
   661.54500    0.661533   0.688943
   661.55580    0.677284   0.687895
   661.56600    0.665829   0.686919
   661.57680    0.796847   0.685900
   661.58760    0.720956   0.684895
   661.59840    0.713797   0.683906
   661.60860    0.628600   0.682985
   661.61940    0.670840   0.682025
   661.63020    0.614997   0.681079
   661.64100    0.690171   0.680150
   661.65180    0.641487   0.679235
   661.66200    0.672272   0.678386
   661.67280    0.703058   0.677502
   661.68360    0.659385   0.676633
   661.69440    0.698046   0.675780
   661.70460    0.710933   0.674990
   661.71540    0.635759   0.674168
   661.72620    0.690887   0.673363
   661.73700    0.605689   0.672573
   661.74780    0.683011   0.671800
   661.75800    0.698046   0.671085
   661.76880    0.665113   0.670344
   661.77960    0.576336   0.669619
   661.79040    0.665829   0.668911
   661.80060    0.611417   0.668258
   661.81140    0.627884   0.667583
   661.82220    0.636475   0.666924
   661.83300    0.690887   0.666282
   661.84380    0.618576   0.665658
   661.85400    0.700194   0.665083
   661.86480    0.695898   0.664492
   661.87560    0.678000   0.663918
   661.88640    0.678716   0.663361
   661.89660    0.583495   0.662851
   661.90740    0.650078   0.662328
   661.91820    0.603542   0.661822
   661.92900    0.640771   0.661334
   661.93980    0.631463   0.660864
   661.95000    0.624304   0.660435
   661.96080    0.631463   0.659999
   661.97160    0.628600   0.659581
   661.98240    0.693035   0.659180
   661.99260    0.683011   0.658818
   662.00340    0.655090   0.658452
   662.01420    0.665829   0.658104
   662.02500    0.665829   0.657774
   662.03580    0.589939   0.657462
   662.04600    0.609269   0.657184
   662.05680    0.718809   0.656907
   662.06760    0.659385   0.656648
   662.07840    0.607121   0.656408
   662.08860    0.689455   0.656197
   662.09940    0.685159   0.655992
   662.11020    0.584211   0.655805
   662.12100    0.661533   0.655636
   662.13180    0.670124   0.655485
   662.14200    0.748162   0.655360
   662.15280    0.730264   0.655245
   662.16360    0.669408   0.655148
   662.17440    0.714513   0.655069
   662.18460    0.633611   0.655012
   662.19540    0.641487   0.654969
   662.20620    0.670124   0.654945
   662.21700    0.582063   0.654939
   662.22780    0.690171   0.654951
   662.23800    0.708785   0.654979
   662.24880    0.671556   0.655027
   662.25960    0.601394   0.655093
   662.27040    0.690171   0.655178
   662.28060    0.630031   0.655274
   662.29140    0.648646   0.655395
   662.30220    0.588507   0.655533
   662.31300    0.683727   0.655690
   662.32380    0.629316   0.655865
   662.33400    0.599962   0.656047
   662.34480    0.633611   0.656257
   662.35560    0.712365   0.656485
   662.36640    0.703058   0.656732
   662.37660    0.655090   0.656982
   662.38740    0.723104   0.657264
   662.39820    0.663681   0.657564
   662.40900    0.657237   0.657882
   662.41980    0.738855   0.658218
   662.43000    0.659385   0.658552
   662.44080    0.702342   0.658923
   662.45160    0.695898   0.659312
   662.46240    0.611417   0.659718
   662.47260    0.713081   0.660119
   662.48340    0.600678   0.660560
   662.49420    0.568460   0.661019
   662.50500    0.645066   0.661496
   662.51580    0.686591   0.661990
   662.52600    0.699478   0.662473
   662.53680    0.665829   0.663001
   662.54760    0.617860   0.663547
   662.55840    0.690171   0.664109
   662.56860    0.715945   0.664657
   662.57940    0.695182   0.665254
   662.59020    0.741719   0.665867
   662.60100    0.651510   0.666498
   662.61180    0.765345   0.667146
   662.62200    0.635043   0.667773
   662.63280    0.591370   0.668454
   662.64360    0.648646   0.669151
   662.65440    0.614997   0.669866
   662.66460    0.583495   0.670555
   662.67540    0.686591   0.671302
   662.68620    0.571324   0.672065
   662.69700    0.711649   0.672844
   662.70780    0.661533   0.673640
   662.71800    0.633611   0.674406
   662.72880    0.713081   0.675233
   662.73960    0.703058   0.676076
   662.75040    0.688023   0.676935
   662.76060    0.686591   0.677761
   662.77140    0.698046   0.678651
   662.78220    0.631463   0.679557
   662.79300    0.728116   0.680478
   662.80380    0.753890   0.681414
   662.81400    0.632895   0.682313
   662.82480    0.614997   0.683279
   662.83560    0.643634   0.684260
   662.84640    0.734559   0.685257
   662.85660    0.710217   0.686212
   662.86740    0.680864   0.687237
   662.87820    0.650078   0.688277
   662.88900    0.699478   0.689332
   662.89980    0.742435   0.690401
   662.91000    0.658669   0.691424
   662.92080    0.632895   0.692522
   662.93160    0.594234   0.693633
   662.94240    0.671556   0.694758
   662.95260    0.693035   0.695834
   662.96340    0.751742   0.696986
   662.97420    0.684443   0.698152
   662.98500    0.645066   0.699332
   662.99580    0.713797   0.700524
   663.00600    0.721672   0.701663
   663.01680    0.739571   0.702882
   663.02760    0.779664   0.704114
   663.03840    0.783244   0.705359
   663.04860    0.700910   0.706546
   663.05940    0.683011   0.707815
   663.07020    0.708069   0.709097
   663.08100    0.743151   0.710392
   663.09180    0.783960   0.711698
   663.10200    0.794699   0.712944
   663.11280    0.712365   0.714274
   663.12360    0.676568   0.715616
   663.13440    0.662965   0.716970
   663.14460    0.733128   0.718259
   663.15540    0.681580   0.719635
   663.16620    0.741003   0.721022
   663.17700    0.725968   0.722421
   663.18780    0.752458   0.723831
   663.19800    0.726684   0.725172
   663.20880    0.737423   0.726603
   663.21960    0.711649   0.728044
   663.23040    0.796847   0.729496
   663.24060    0.698046   0.730877
   663.25140    0.748878   0.732349
   663.26220    0.720241   0.733830
   663.27300    0.756754   0.735322
   663.28380    0.758186   0.736823
   663.29400    0.695182   0.738250
   663.30480    0.787539   0.739770
   663.31560    0.721672   0.741299
   663.32640    0.736707   0.742837
   663.33660    0.763197   0.744298
   663.34740    0.712365   0.745854
   663.35820    0.791119   0.747418
   663.36900    0.708785   0.748991
   663.37980    0.710933   0.750572
   663.39000    0.828348   0.752073
   663.40080    0.716661   0.753670
   663.41160    0.774652   0.755274
   663.42240    0.790403   0.756887
   663.43260    0.763913   0.758417
   663.44340    0.786823   0.760044
   663.45420    0.785392   0.761678
   663.46500    0.746015   0.763320
   663.47580    0.704490   0.764968
   663.48600    0.792551   0.766531
   663.49680    0.712365   0.768193
   663.50760    0.821905   0.769861
   663.51840    0.725968   0.771535
   663.52860    0.806870   0.773121
   663.53940    0.741719   0.774807
   663.55020    0.783244   0.776499
   663.56100    0.766777   0.778197
   663.57180    0.786107   0.779899
   663.58200    0.891351   0.781513
   663.59280    0.806870   0.783226
   663.60360    0.907818   0.784944
   663.61440    0.817609   0.786666
   663.62460    0.848395   0.788298
   663.63540    0.849111   0.790029
   663.64620    0.826916   0.791765
   663.65700    0.794699   0.793505
   663.66780    0.819041   0.795249
   663.67800    0.796847   0.796900
   663.68880    0.811881   0.798651
   663.69960    0.831928   0.800406
   663.71040    0.760333   0.802164
   663.72060    0.945047   0.803827
   663.73140    0.753890   0.805591
   663.74220    0.907102   0.807358
   663.75300    0.826916   0.809127
   663.76380    0.894931   0.810899
   663.77400    0.801142   0.812574
   663.78480    0.786107   0.814350
   663.79560    0.785392   0.816127
   663.80640    0.884908   0.817907
   663.81660    0.869873   0.819589
   663.82740    0.781812   0.821371
   663.83820    0.867009   0.823154
   663.84900    0.819757   0.824939
   663.85980    0.847679   0.826724
   663.87000    0.798994   0.828411
   663.88080    0.837655   0.830197
   663.89160    0.777516   0.831984
   663.90240    0.801142   0.833770
   663.91260    0.814745   0.835458
   663.92340    0.854122   0.837244
   663.93420    0.894215   0.839030
   663.94500    0.778232   0.840815
   663.95580    0.766061   0.842599
   663.96600    0.811166   0.844284
   663.97680    0.841235   0.846066
   663.98760    0.830496   0.847847
   663.99840    0.943615   0.849626
   664.00860    0.819041   0.851304
   664.01940    0.776084   0.853080
   664.03020    0.876317   0.854853
   664.04100    0.801142   0.856624
   664.05180    0.869873   0.858393
   664.06200    0.811166   0.860061
   664.07280    0.776800   0.861823
   664.08360    0.821189   0.863583
   664.09440    0.844099   0.865340
   664.10460    0.807586   0.866995
   664.11540    0.834792   0.868744
   664.12620    0.810450   0.870490
   664.13700    0.928580   0.872231
   664.14780    0.891351   0.873968
   664.15800    0.905670   0.875604
   664.16880    0.955070   0.877331
   664.17960    0.903522   0.879054
   664.19040    0.899227   0.880771
   664.20060    0.846963   0.882388
   664.21140    0.833360   0.884095
   664.22220    0.909250   0.885795
   664.23300    0.923569   0.887489
   664.24380    0.859850   0.889177
   664.25400    0.950775   0.890765
   664.26480    0.984424   0.892440
   664.27560    0.908534   0.894107
   664.28640    0.936456   0.895767
   664.29660    0.860566   0.897328
   664.30740    0.855554   0.898972
   664.31820    0.910682   0.900608
   664.32900    0.877032   0.902236
   664.33980    0.972969   0.903854
   664.35000    0.768209   0.905374
   664.36080    0.925717   0.906973
   664.37160    0.916409   0.908563
   664.38240    0.937888   0.910143
   664.39260    0.904954   0.911626
   664.40340    0.954354   0.913186
   664.41420    0.877748   0.914735
   664.42500    0.824768   0.916272
   664.43580    0.858418   0.917799
   664.44600    0.829064   0.919230
   664.45680    0.873453   0.920734
   664.46760    0.933592   0.922226
   664.47840    0.907102   0.923706
   664.48860    0.877032   0.925093
   664.49940    0.889919   0.926549
   664.51020    0.805438   0.927992
   664.52100    0.808302   0.929422
   664.53180    0.922853   0.930840
   664.54200    0.895647   0.932166
   664.55280    1.043132   0.933558
   664.56360    0.888488   0.934936
   664.57440    0.935024   0.936300
   664.58460    0.965810   0.937576
   664.59540    0.872021   0.938914
   664.60620    0.957934   0.940237
   664.61700    0.932160   0.941546
   664.62780    0.921421   0.942841
   664.63800    0.954354   0.944050
   664.64880    0.937888   0.945317
   664.65960    0.889919   0.946568
   664.67040    1.063894   0.947805
   664.68060    0.974401   0.948960
   664.69140    0.917841   0.950168
   664.70220    0.985856   0.951360
   664.71300    0.922137   0.952538
   664.72380    0.881328   0.953700
   664.73400    0.895647   0.954784
   664.74480    0.917125   0.955916
   664.75560    0.910682   0.957033
   664.76640    0.946479   0.958134
   664.77660    0.857702   0.959160
   664.78740    0.919989   0.960231
   664.79820    0.912830   0.961286
   664.80900    0.985856   0.962326
   664.81980    0.904238   0.963349
   664.83000    0.938604   0.964302
   664.84080    0.945047   0.965295
   664.85160    0.982992   0.966272
   664.86240    0.974401   0.967233
   664.87260    0.914978   0.968127
   664.88340    0.942183   0.969057
   664.89420    1.065326   0.969972
   664.90500    1.144796   0.970871
   664.91580    0.900659   0.971754
   664.92600    0.904238   0.972573
   664.93680    0.948627   0.973425
   664.94760    0.930012   0.974261
   664.95840    1.086088   0.975082
   664.96860    0.927149   0.975843
   664.97940    0.993731   0.976633
   664.99020    1.000175   0.977407
   665.00100    1.006618   0.978166
   665.01180    0.957218   0.978909
   665.02200    1.035256   0.979597
   665.03280    0.995163   0.980310
   665.04360    0.967957   0.981008
   665.05440    0.974401   0.981690
   665.06460    0.952207   0.982321
   665.07540    0.902091   0.982974
   665.08620    0.894215   0.983612
   665.09700    1.020221   0.984234
   665.10780    0.879180   0.984842
   665.11800    0.970821   0.985403
   665.12880    0.946479   0.985982
   665.13960    0.998743   0.986547
   665.15040    1.008050   0.987097
   665.16060    1.056735   0.987604
   665.17140    0.988004   0.988126
   665.18220    1.216390   0.988634
   665.19300    0.955070   0.989129
   665.20380    0.906386   0.989609
   665.21400    0.986572   0.990050
   665.22480    1.023801   0.990504
   665.23560    0.973685   0.990944
   665.24640    1.028813   0.991371
   665.25660    1.011630   0.991763
   665.26740    0.963662   0.992164
   665.27820    0.932876   0.992553
   665.28900    0.949343   0.992929
   665.29980    0.998743   0.993293
   665.31000    1.018074   0.993625
   665.32080    0.983708   0.993965
   665.33160    0.960082   0.994293
   665.34240    0.963662   0.994609
   665.35260    0.952207   0.994897
   665.36340    0.965810   0.995190
   665.37420    0.914978   0.995473
   665.38500    1.135489   0.995744
   665.39580    0.920705   0.996004
   665.40600    1.028813   0.996240
   665.41680    1.010914   0.996480
   665.42760    0.978697   0.996709
   665.43840    0.980844   0.996928
   665.44860    1.063178   0.997126
   665.45940    1.064610   0.997326
   665.47020    0.997311   0.997517
   665.48100    0.967957   0.997698
   665.49180    0.897079   0.997870
   665.50200    0.945047   0.998025
   665.51280    1.039552   0.998180
   665.52360    1.031677   0.998327
   665.53440    0.964378   0.998466
   665.54460    0.935024   0.998589
   665.55540    1.016642   0.998713
   665.56620    1.028813   0.998829
   665.57700    0.960798   0.998938
   665.58780    0.972253   0.999039
   665.59800    1.071769   0.999129
   665.60880    0.951491   0.999218
   665.61960    0.957218   0.999300
   665.63040    1.051723   0.999376
   665.64060    0.975833   0.999443
   665.65140    0.877748   0.999508
   665.66220    1.069622   0.999568
   665.67300    0.969389   0.999623
   665.68380    1.073201   0.999672
   665.69400    0.977981   0.999715
   665.70480    0.932876   0.999756
   665.71560    1.021653   0.999792
   665.72640    1.010198   0.999825
   665.73660    1.068190   0.999853
   665.74740    0.975117   0.999878
   665.75820    0.994447   0.999901
   665.76900    1.058166   0.999920
   665.77980    0.972969   0.999937
   665.79000    0.972253   0.999950
   665.80080    1.004471   0.999962
   665.81160    0.909250   0.999972
   665.82240    1.064610   0.999980
   665.83260    1.054587   0.999986
   665.84340    0.955070   0.999990
   665.85420    1.080361   0.999994
   665.86500    0.993731   0.999997
   665.87580    1.032392   0.999998
   665.88600    1.037404   0.999999
   665.89680    1.067474   1.000000
   665.90760    0.997311   1.000000
   665.91840    1.030961   1.000000
   665.92860    1.030961   1.000000
   665.93940    1.173434   1.000000
   665.95020    1.011630   1.000000
   665.96100    1.025949   1.000000
   665.97180    0.977265   1.000000
   665.98200    1.018790   1.000000
   665.99280    1.098259   1.000000
   666.00360    0.992300   1.000000
   666.01440    0.988004   1.000000
   666.02460    0.972253   1.000000
   666.03540    0.955786   1.000000
   666.04620    1.090384   1.000000
   666.05700    0.962946   1.000000
   666.06780    1.010914   1.000000
   666.07800    0.983708   1.000000
   666.08880    1.022369   1.000000
   666.09960    0.960082   1.000000
   666.11040    1.070338   1.000000
   666.12060    1.020221   1.000000
   666.13140    1.034540   1.000000
   666.14220    1.058882   1.000000
   666.15300    1.058882   1.000000
   666.16380    1.094680   1.000000
   666.17400    0.938604   1.000000
   666.18480    0.931444   1.000000
   666.19560    0.977981   1.000000
   666.20640    0.970821   1.000000
   666.21660    1.034540   1.000000
   666.22740    0.937172   1.000000
   666.23820    0.963662   1.000000
   666.24900    1.125465   1.000000
   666.25980    0.879180   1.000000
   666.27000    1.137636   1.000000
   666.28080    0.944331   1.000000
   666.29160    1.048143   1.000000
   666.30240    1.095396   1.000000
   666.31260    0.814745   1.000000
   666.32340    0.903522   1.000000
   666.33420    1.081793   1.000000
   666.34500    0.996595   1.000000
   666.35580    1.085372   1.000000
   666.36600    1.005187   1.000000
   666.37680    0.930012   1.000000
   666.38760    1.027381   1.000000
   666.39840    0.896363   1.000000
   666.40860    1.068190   1.000000
   666.41940    0.961514   1.000000
   666.43020    1.061746   1.000000
   666.44100    1.143364   1.000000
   666.45180    1.017358   1.000000
   666.46200    0.927865   1.000000
   666.47280    0.894215   1.000000
   666.48360    1.000175   1.000000
   666.49440    1.002323   1.000000
   666.50460    0.979413   1.000000
   666.51540    1.112578   1.000000
   666.52620    1.040984   1.000000
   666.53700    1.121170   1.000000
   666.54780    1.053871   1.000000
   666.55800    1.100407   1.000000
   666.56880    1.076065   1.000000
   666.57960    1.106135   1.000000
   666.59040    1.019505   1.000000
   666.60060    1.061030   1.000000
   666.61140    0.990868   1.000000
   666.62220    1.000891   1.000000
   666.63300    0.964378   1.000000
   666.64380    0.984424   1.000000
   666.65400    0.935740   1.000000
   666.66480    1.030245   1.000000
   666.67560    1.061746   1.000000
   666.68640    1.060314   1.000000
   666.69660    0.941467   1.000000
   666.70740    1.100407   1.000000
   666.71820    1.118306   1.000000
   666.72900    1.015926   1.000000
   666.73980    1.117590   1.000000
   666.75000    1.018074   1.000000
   666.76080    1.045279   1.000000
   666.77160    1.078213   1.000000
   666.78240    1.018790   1.000000
   666.79260    0.964378   1.000000
   666.80340    1.017358   1.000000
   666.81420    1.056019   1.000000
   666.82500    1.063178   1.000000
   666.83580    1.063894   1.000000
   666.84600    0.923569   1.000000
   666.85680    0.978697   1.000000
   666.86760    0.978697   1.000000
   666.87840    0.927149   1.000000
   666.88860    0.978697   1.000000
   666.89940    0.989436   1.000000
   666.91020    0.954354   1.000000
   666.92100    1.123317   1.000000
   666.93180    1.000891   1.000000
   666.94200    0.990868   1.000000
   666.95280    0.988004   1.000000
   666.96360    1.078213   1.000000
   666.97440    0.838371   1.000000
   666.98460    0.932160   1.000000
   666.99540    0.975833   1.000000
   667.00620    1.010914   1.000000
