   554.01600    0.842796   1.000000
   554.02680    0.870253   1.000000
   554.03760    0.998678   1.000000
   554.04840    0.868840   1.000000
   554.05860    0.938858   1.000000
   554.06940    0.923757   1.000000
   554.08020    0.967485   1.000000
   554.09100    0.928185   1.000000
   554.10120    0.985269   1.000000
   554.11200    0.947221   1.000000
   554.12280    0.982187   1.000000
   554.13360    0.932874   1.000000
   554.14440    0.940303   1.000000
   554.15460    0.945234   1.000000
   554.16540    1.006068   1.000000
   554.17620    0.939649   1.000000
   554.18700    0.948330   1.000000
   554.19720    1.002911   1.000000
   554.20800    1.044553   1.000000
   554.21880    1.001080   1.000000
   554.22960    1.025616   1.000000
   554.24040    0.924150   1.000000
   554.25060    0.859821   1.000000
   554.26140    0.894787   1.000000
   554.27220    0.943939   1.000000
   554.28300    0.907560   1.000000
   554.29320    0.892881   1.000000
   554.30400    0.911575   1.000000
   554.31480    0.942369   1.000000
   554.32560    0.898897   1.000000
   554.33640    0.946381   1.000000
   554.34660    0.994703   1.000000
   554.35740    0.940800   1.000000
   554.36820    0.954488   1.000000
   554.37900    0.997381   1.000000
   554.38920    0.947238   1.000000
   554.40000    0.913362   1.000000
   554.41080    0.985044   1.000000
   554.42160    0.935314   1.000000
   554.43240    0.961936   1.000000
   554.44260    1.006920   1.000000
   554.45340    1.036463   1.000000
   554.46420    0.921228   1.000000
   554.47500    0.954108   1.000000
   554.48520    0.934005   1.000000
   554.49600    0.928918   1.000000
   554.50680    0.934261   1.000000
   554.51760    0.955459   1.000000
   554.52840    0.999604   1.000000
   554.53860    1.000780   1.000000
   554.54940    0.998613   1.000000
   554.56020    0.959730   1.000000
   554.57100    1.067711   1.000000
   554.58120    1.056370   1.000000
   554.59200    0.960327   1.000000
   554.60280    1.074984   1.000000
   554.61360    0.928040   1.000000
   554.62440    1.022670   1.000000
   554.63460    0.948327   1.000000
   554.64540    0.960763   1.000000
   554.65620    0.875986   1.000000
   554.66700    0.959768   1.000000
   554.67720    1.086945   1.000000
   554.68800    1.000499   1.000000
   554.69880    1.043393   1.000000
   554.70960    1.007848   1.000000
   554.72040    0.920567   1.000000
   554.73060    0.939683   1.000000
   554.74140    0.925417   1.000000
   554.75220    0.905310   1.000000
   554.76300    0.999105   1.000000
   554.77320    1.034910   1.000000
   554.78400    0.953470   1.000000
   554.79480    0.939204   1.000000
   554.80560    0.959985   1.000000
   554.81640    0.943215   1.000000
   554.82660    1.015319   1.000000
   554.83740    0.930125   1.000000
   554.84820    0.956329   1.000000
   554.85900    0.999223   1.000000
   554.86920    0.949914   1.000000
   554.88000    0.892256   1.000000
   554.89080    0.928474   1.000000
   554.90160    0.918380   1.000000
   554.91240    0.926644   1.000000
   554.92260    0.875666   1.000000
   554.93340    1.031628   1.000000
   554.94420    0.919314   1.000000
   554.95500    0.877511   1.000000
   554.96520    0.914985   1.000000
   554.97600    0.969144   1.000000
   554.98680    1.060018   1.000000
   554.99760    0.953128   1.000000
   555.00840    0.983922   1.000000
   555.01860    1.003873   1.000000
   555.02940    1.016309   1.000000
   555.04020    1.039176   1.000000
   555.05100    0.939378   1.000000
   555.06120    0.993959   1.000000
   555.07200    0.925036   1.000000
   555.08280    0.917862   1.000000
   555.09360    0.972021   1.000000
   555.10440    0.979033   1.000000
   555.11460    0.948082   1.000000
   555.12540    1.076925   1.000000
   555.13620    1.057652   1.000000
   555.14700    0.984974   1.000000
   555.15720    1.020362   1.000000
   555.16800    0.870497   1.000000
   555.17880    0.990160   1.000000
   555.18960    0.924158   1.000000
   555.20040    0.904885   1.000000
   555.21060    0.861000   1.000000
   555.22140    0.885953   1.000000
   555.23220    0.902144   0.999962
   555.24300    0.839480   0.999935
   555.25320    0.875285   0.999914
   555.26400    0.976173   0.999897
   555.27480    0.960238   0.999886
   555.28560    0.933038   0.999821
   555.29640    0.989700   0.999775
   555.30660    1.066393   0.999742
   555.31740    1.021670   0.999710
   555.32820    0.964012   0.999685
   555.33900    1.002733   0.999607
   555.34920    0.895013   0.999552
   555.36000    0.970033   0.999508
   555.37080    0.980383   0.999452
   555.38160    1.011177   0.999412
   555.39240    1.035713   0.999323
   555.40260    1.005179   0.999249
   555.41340    0.979648   0.999182
   555.42420    0.944520   0.999132
   555.43500    0.927333   0.999076
   555.44520    1.063690   0.998992
   555.45600    1.059437   0.998901
   555.46680    1.010124   0.998825
   555.47760    1.011295   0.998759
   555.48840    1.037917   0.998706
   555.49860    1.021152   0.998601
   555.50940    0.994786   0.998491
   555.52020    0.960493   0.998421
   555.53100    0.986280   0.998339
   555.54120    1.003310   0.998269
   555.55200    1.115463   0.998185
   555.56280    1.024427   0.998059
   555.57360    0.975114   0.997974
   555.58440    0.909112   0.997881
   555.59460    1.061323   0.997818
   555.60540    1.038295   0.997703
   555.61620    0.976048   0.997574
   555.62700    0.968457   0.997472
   555.63720    0.982567   0.997386
   555.64800    0.977897   0.997321
   555.65880    1.066268   0.997207
   555.66960    0.971060   0.997051
   555.68040    1.090723   0.996926
   555.69060    1.014712   0.996830
   555.70140    1.049678   0.996750
   555.71220    1.042088   0.996648
   555.72300    1.016139   0.996487
   555.73320    1.084488   0.996358
   555.74400    1.171608   0.996261
   555.75480    1.033425   0.996152
   555.76560    1.090087   0.996032
   555.77640    0.898083   0.995883
   555.78660    0.945570   0.995765
   555.79740    1.126983   0.995636
   555.80820    0.990052   0.995538
   555.81900    1.018760   0.995403
   555.82920    1.039545   0.995264
   555.84000    1.085360   0.995101
   555.85080    1.038967   0.994990
   555.86160    1.028456   0.994882
   555.87240    0.949937   0.994754
   555.88260    0.951112   0.994567
   555.89340    1.104988   0.994437
   555.90420    1.038986   0.994289
   555.91500    1.074787   0.994166
   555.92520    1.017968   0.994072
   555.93600    0.952383   0.993875
   555.94680    1.064953   0.993700
   555.95760    1.033580   0.993582
   555.96840    1.098170   0.993441
   555.97860    1.031338   0.993327
   555.98940    1.005389   0.993146
   556.00020    1.084998   0.992975
   556.01100    1.046116   0.992835
   556.02120    0.993886   0.992705
   556.03200    0.933308   0.992565
   556.04280    0.906525   0.992384
   556.05360    0.911868   0.992222
   556.06440    0.892178   0.992023
   556.07460    1.043138   0.991923
   556.08540    1.100217   0.991762
   556.09620    0.987486   0.991581
   556.10700    0.999505   0.991406
   556.11720    0.983574   0.991259
   556.12800    0.965552   0.991097
   556.13880    0.886199   0.990956
   556.14960    0.968312   0.990759
   556.16040    1.045835   0.990576
   556.17060    0.927267   0.990388
   556.18140    0.988519   0.990242
   556.19220    0.993027   0.990076
   556.20300    1.025073   0.989976
   556.21320    0.973678   0.989733
   556.22400    0.989870   0.989517
   556.23480    1.012736   0.989384
   556.24560    0.967178   0.989210
   556.25640    0.972521   0.989073
   556.26660    0.947412   0.988833
   556.27740    1.093360   0.988659
   556.28820    1.129161   0.988487
   556.29900    1.024357   0.988312
   556.30920    1.017188   0.988158
   556.32000    0.948265   0.987904
   556.33080    1.116326   0.987704
   556.34160    1.049072   0.987579
   556.35240    0.953864   0.987362
   556.36260    1.037233   0.987213
   556.37340    1.029643   0.986980
   556.38420    1.022469   0.986789
   556.39500    1.007786   0.986608
   556.40520    1.092406   0.986415
   556.41600    1.095664   0.986256
   556.42680    1.088490   0.986002
   556.43760    1.030832   0.985803
   556.44840    1.080402   0.985623
   556.45860    1.055709   0.985411
   556.46940    0.995548   0.985238
   556.48020    0.997136   0.985030
   556.49100    0.947823   0.984842
   556.50120    1.023265   0.984614
   556.51200    1.046966   0.984393
   556.52280    1.006415   0.984252
   556.53360    0.944585   0.984028
   556.54440    0.909040   0.983776
   556.55460    0.971547   0.983596
   556.56540    0.902625   0.983375
   556.57620    1.094051   0.983203
   556.58700    0.957537   0.983030
   556.59720    0.988336   0.982719
   556.60800    0.910651   0.982532
   556.61880    1.008619   0.982329
   556.62960    0.980584   0.982164
   556.64040    1.006789   0.981908
   556.65060    0.996699   0.981690
   556.66140    0.945717   0.981437
   556.67220    1.014061   0.981250
   556.68300    1.038180   0.981029
   556.69320    1.036852   0.980850
   556.70400    1.030513   0.980580
   556.71480    0.947822   0.980385
   556.72560    1.089181   0.980164
   556.73640    0.937647   0.979898
   556.74660    0.982631   0.979717
   556.75740    1.030532   0.979508
   556.76820    1.090532   0.979221
   556.77900    1.115485   0.979011
   556.78920    1.035718   0.978794
   556.80000    0.965961   0.978564
   556.81080    0.992583   0.978362
   556.82160    1.094723   0.978096
   556.83240    1.018290   0.977820
   556.84260    0.987756   0.977633
   556.85340    1.019802   0.977458
   556.86420    0.980502   0.977229
   556.87500    0.893638   0.976907
   556.88520    1.012054   0.976665
   556.89600    0.930197   0.976472
   556.90680    0.968084   0.976235
   556.91760    0.964249   0.976019
   556.92840    1.000467   0.975749
   556.93860    1.005815   0.975466
   556.94940    0.970687   0.975315
   556.96020    0.957255   0.975056
   556.97100    1.042706   0.974813
   556.98120    1.073504   0.974544
   556.99200    1.004582   0.974338
   557.00280    0.952348   0.974029
   557.01360    0.943923   0.973813
   557.02440    0.968876   0.973614
   557.03460    1.043066   0.973328
   557.04540    0.967467   0.973050
   557.05620    1.046242   0.972803
   557.06700    1.047831   0.972554
   557.07720    1.052344   0.972361
   557.08800    1.092317   0.972139
   557.09880    1.072210   0.971789
   557.10960    0.993690   0.971545
   557.12040    1.039087   0.971309
   557.13060    1.041097   0.971107
   557.14140    1.061044   0.970851
   557.15220    1.111865   0.970516
   557.16300    0.992457   0.970261
   557.17320    0.951076   0.970042
   557.18400    0.896756   0.969820
   557.19480    0.964266   0.969525
   557.20560    0.917873   0.969268
   557.21640    0.924886   0.968979
   557.22660    0.926478   0.968740
   557.23740    0.929736   0.968482
   557.24820    1.040220   0.968239
   557.25900    1.096465   0.967956
   557.26920    0.998758   0.967674
   557.28000    0.980736   0.967395
   557.29080    0.915986   0.967157
   557.30160    0.984747   0.966913
   557.31240    0.896215   0.966667
   557.32260    1.007121   0.966303
   557.33340    0.956139   0.966053
   557.34420    1.015721   0.965806
   557.35500    0.901321   0.965553
   557.36520    0.938378   0.965316
   557.37600    0.972927   0.965005
   557.38680    0.959078   0.964712
   557.39760    0.862201   0.964464
   557.40840    0.915942   0.964200
   557.41860    0.795288   0.963950
   557.42940    0.917872   0.963605
   557.44020    0.810564   0.963416
   557.45100    0.986136   0.963046
   557.46120    0.942251   0.962790
   557.47200    0.963032   0.962582
   557.48280    0.961699   0.962244
   557.49360    0.907796   0.961940
   557.50440    0.980313   0.961699
   557.51460    0.931839   0.961435
   557.52540    0.947196   0.961165
   557.53620    0.855325   0.960905
   557.54700    0.867344   0.960560
   557.55720    0.896474   0.960241
   557.56800    0.895976   0.960062
   557.57880    0.967658   0.959712
   557.58960    0.896232   0.959452
   557.60040    0.923688   0.959149
   557.61060    0.950732   0.958858
   557.62140    0.824649   0.958545
   557.63220    0.891742   0.958321
   557.64300    0.900006   0.958014
   557.65320    0.873644   0.957747
   557.66400    0.985798   0.957396
   557.67480    0.920630   0.957129
   557.68560    0.872568   0.956826
   557.69640    0.946754   0.956561
   557.70660    0.977135   0.956262
   557.71740    0.981227   0.955954
   557.72820    0.932331   0.955639
   557.73900    0.991496   0.955389
   557.74920    1.005606   0.955114
   557.76000    1.015956   0.954821
   557.77080    1.008782   0.954465
   557.78160    1.043332   0.954250
   557.79240    1.038244   0.953851
   557.80260    1.099918   0.953591
   557.81340    0.970914   0.953377
   557.82420    0.859851   0.953015
   557.83500    1.029999   0.952672
   557.84520    0.941471   0.952407
   557.85600    1.058631   0.952091
   557.86680    0.975105   0.951828
   557.87760    1.028012   0.951531
   557.88840    0.971606   0.951122
   557.89860    0.990305   0.950900
   557.90940    0.931396   0.950605
   557.92020    0.968448   0.950304
   557.93100    0.909956   0.950017
   557.94120    0.970795   0.949686
   557.95200    0.926905   0.949360
   557.96280    1.108318   0.949057
   557.97360    0.943433   0.948758
   557.98440    0.990082   0.948458
   557.99460    0.959548   0.948222
   558.00540    0.954878   0.947804
   558.01620    0.929347   0.947497
   558.02700    0.971823   0.947222
   558.03720    0.990522   0.946936
   558.04800    0.947050   0.946648
   558.05880    0.992864   0.946255
   558.06960    0.976095   0.945969
   558.08040    0.922609   0.945660
   558.09060    1.025588   0.945322
   558.10140    0.982533   0.945092
   558.11220    0.971605   0.944730
   558.12300    1.080003   0.944368
   558.13320    0.940156   0.944108
   558.14400    0.948003   0.943766
   558.15480    1.123991   0.943515
   558.16560    1.060075   0.943175
   558.17640    0.994073   0.942816
   558.18660    1.053243   0.942492
   558.19740    1.011440   0.942234
   558.20820    0.985491   0.941862
   558.21900    0.831871   0.941602
   558.22920    0.988672   0.941239
   558.24000    0.997353   0.940919
   558.25080    1.008955   0.940579
   558.26160    1.013464   0.940259
   558.27240    1.006290   0.939998
   558.28260    0.955313   0.939670
   558.29340    1.009471   0.939264
   558.30420    0.960575   0.938973
   558.31500    1.051450   0.938693
   558.32520    1.041361   0.938352
   558.33600    0.959921   0.938065
   558.34680    0.979867   0.937710
   558.35760    0.956422   0.937347
   558.36840    0.922963   0.937026
   558.37860    0.952093   0.936705
   558.38940    0.948674   0.936419
   558.40020    1.001582   0.936060
   558.41100    0.974381   0.935668
   558.42120    0.921735   0.935415
   558.43200    0.948356   0.935084
   558.44280    0.980819   0.934777
   558.45360    1.033309   0.934482
   558.46440    1.000268   0.934064
   558.47460    1.011457   0.933787
   558.48540    1.023476   0.933410
   558.49620    0.962480   0.933116
   558.50700    1.063368   0.932814
   558.51720    1.010722   0.932431
   558.52800    0.894235   0.932097
   558.53880    1.058959   0.931748
   558.54960    0.942055   0.931454
   558.56040    0.982445   0.931124
   558.57060    1.049960   0.930794
   558.58140    1.047376   0.930446
   558.59220    0.975115   0.930053
   558.60300    1.033446   0.929748
   558.61320    1.051311   0.929449
   558.62400    0.995739   0.929123
   558.63480    0.925564   0.928784
   558.64560    0.904622   0.928388
   558.65640    1.024286   0.928072
   558.66660    0.944519   0.927788
   558.67740    0.882689   0.927378
   558.68820    0.865085   0.927095
   558.69900    0.991841   0.926716
   558.70920    0.979248   0.926363
   558.72000    1.012963   0.926063
   558.73080    0.935278   0.925677
   558.74160    0.969828   0.925431
   558.75240    0.905911   0.925013
   558.76260    0.929200   0.924663
   558.77340    0.912430   0.924385
   558.78420    0.867707   0.923972
   558.79500    0.908931   0.923666
   558.80520    0.912610   0.923400
   558.81600    0.913781   0.922970
   558.82680    0.982960   0.922651
   558.83760    0.946998   0.922265
   558.84840    0.926056   0.921967
   558.85860    0.877165   0.921661
   558.86940    0.922562   0.921250
   558.88020    0.976720   0.920900
   558.89100    1.026290   0.920527
   558.90120    0.987412   0.920224
   558.91200    0.968139   0.919903
   558.92280    0.940104   0.919566
   558.93360    0.964640   0.919159
   558.94440    0.904061   0.918811
   558.95460    0.884793   0.918512
   558.96540    0.746193   0.918152
   558.97620    0.862519   0.917835
   558.98700    0.888306   0.917434
   558.99720    0.909926   0.917059
   559.00800    0.957826   0.916743
   559.01880    0.853022   0.916395
   559.02960    0.827907   0.916062
   559.04040    0.978863   0.915714
   559.05060    0.983793   0.915335
   559.06140    0.972448   0.915017
   559.07220    0.982380   0.914624
   559.08300    0.948087   0.914295
   559.09320    0.962197   0.913989
   559.10400    0.982143   0.913585
   559.11480    1.034216   0.913230
   559.12560    1.061672   0.912868
   559.13640    1.098724   0.912548
   559.14660    1.064853   0.912167
   559.15740    0.991758   0.911888
   559.16820    0.986671   0.911491
   559.17900    0.906483   0.911103
   559.18920    0.968156   0.910757
   559.20000    0.875451   0.910452
   559.21080    0.941292   0.910035
   559.22160    0.847336   0.909714
   559.23240    0.895236   0.909300
   559.24260    0.965254   0.908994
   559.25340    0.905927   0.908646
   559.26420    0.912522   0.908274
   559.27500    0.923707   0.907931
   559.28520    0.915703   0.907576
   559.29600    0.869728   0.907226
   559.30680    0.949755   0.906872
   559.31760    0.877494   0.906456
   559.32840    0.914546   0.906103
   559.33860    0.951603   0.905806
   559.34940    1.038723   0.905427
   559.36020    0.961456   0.905016
   559.37100    0.998925   0.904656
   559.38120    0.925417   0.904349
   559.39200    0.891124   0.904055
   559.40280    0.894799   0.903624
   559.41360    0.977746   0.903267
   559.42440    0.993937   0.902907
   559.43460    0.959649   0.902542
   559.44540    0.934952   0.902201
   559.45620    1.018316   0.901820
   559.46700    0.958155   0.901400
   559.47720    0.995629   0.901089
   559.48800    0.975522   0.900766
   559.49880    0.873638   0.900347
   559.50960    0.905267   0.900015
   559.52040    0.878484   0.899735
   559.53060    0.913037   0.899345
   559.54140    0.895433   0.898901
   559.55220    0.939161   0.898503
   559.56300    0.941584   0.898148
   559.57320    0.847632   0.897881
   559.58400    0.751590   0.897543
   559.59480    0.887942   0.897078
   559.60560    0.940014   0.896749
   559.61640    0.975398   0.896432
   559.62660    0.987004   0.896149
   559.63740    0.967314   0.895683
   559.64820    0.970988   0.895232
   559.65900    0.981339   0.894894
   559.66920    0.970832   0.894583
   559.68000    0.976175   0.894169
   559.69080    1.004466   0.893811
   559.70160    0.960159   0.893502
   559.71240    0.952569   0.893170
   559.72260    0.898670   0.892809
   559.73340    0.967015   0.892346
   559.74420    0.916033   0.892001
   559.75500    0.894673   0.891681
   559.76520    0.943413   0.891280
   559.77600    0.886172   0.890862
   559.78680    0.818084   0.890556
   559.79760    0.847209   0.890224
   559.80840    0.823346   0.889799
   559.81860    0.926742   0.889442
   559.82940    0.807335   0.889085
   559.84020    0.934508   0.888715
   559.85100    0.812598   0.888271
   559.86120    0.820032   0.887984
   559.87200    0.854581   0.887631
   559.88280    0.944621   0.887281
   559.89360    0.975415   0.886890
   559.90440    0.800934   0.886474
   559.91460    0.823806   0.886144
   559.92540    0.917601   0.885729
   559.93620    0.896659   0.885373
   559.94700    0.809795   0.885027
   559.95720    0.792196   0.884718
   559.96800    0.797122   0.884279
   559.97880    0.899262   0.883965
   559.98960    0.835763   0.883555
   560.00040    0.908279   0.883169
   560.01060    0.949091   0.882821
   560.02140    0.898526   0.882466
   560.03220    0.931824   0.882118
   560.04300    0.878756   0.881687
   560.05320    0.918733   0.881382
   560.06400    0.955368   0.880968
   560.07480    0.919824   0.880596
   560.08560    0.854656   0.880167
   560.09640    0.897967   0.879840
   560.10660    0.963812   0.879507
   560.11740    0.866935   0.879129
   560.12820    0.954889   0.878758
   560.13900    0.838403   0.878427
   560.14920    0.817882   0.877964
   560.16000    0.840332   0.877618
   560.17080    0.896994   0.877292
   560.18160    0.904006   0.876916
   560.19240    0.917694   0.876547
   560.20260    0.864213   0.876175
   560.21340    0.907941   0.875756
   560.22420    0.942073   0.875368
   560.23500    0.956595   0.875030
   560.24520    0.784205   0.874707
   560.25600    0.784124   0.874329
   560.26680    0.799481   0.873931
   560.27760    0.823600   0.873540
   560.28840    0.754677   0.873124
   560.29860    0.763362   0.872843
   560.30940    0.789150   0.872489
   560.32020    0.791573   0.872062
   560.33100    0.871182   0.871667
   560.34120    0.866934   0.871319
   560.35200    0.882290   0.870950
   560.36280    0.869693   0.870624
   560.37360    0.884633   0.870223
   560.38440    0.856598   0.869795
   560.39460    0.828568   0.869487
   560.40540    0.800950   0.869090
   560.41620    0.808380   0.868726
   560.42700    0.871717   0.868342
   560.43720    0.900012   0.867979
   560.44800    0.826500   0.867614
   560.45880    0.840605   0.867282
   560.46960    0.865558   0.866877
   560.48040    0.863391   0.866446
   560.49060    0.897528   0.866125
   560.50140    0.861149   0.865724
   560.51220    0.919480   0.865412
   560.52300    0.878094   0.864973
   560.53320    0.905972   0.864614
   560.54400    0.838300   0.864242
   560.55480    0.881194   0.863900
   560.56560    0.921584   0.863537
   560.57640    0.855582   0.863131
   560.58660    0.921845   0.862779
   560.59740    0.853339   0.862391
   560.60820    0.854093   0.862003
   560.61900    0.805197   0.861679
   560.62920    0.777167   0.861284
   560.64000    0.709078   0.860982
   560.65080    0.754058   0.860534
   560.66160    0.819899   0.860174
   560.67240    0.845687   0.859802
   560.68260    0.871061   0.859422
   560.69340    0.912703   0.859064
   560.70420    0.805396   0.858702
   560.71500    0.739810   0.858287
   560.72520    0.853220   0.857912
   560.73600    0.803907   0.857579
   560.74680    0.827608   0.857179
   560.75760    0.913893   0.856806
   560.76840    0.933839   0.856467
   560.77860    0.871596   0.856063
   560.78940    0.971650   0.855719
   560.80020    0.892297   0.855309
   560.81100    0.992767   0.854972
   560.82120    0.954724   0.854618
   560.83200    0.954643   0.854235
   560.84280    0.949556   0.853871
   560.85360    0.856851   0.853472
   560.86440    0.868453   0.853100
   560.87460    0.881311   0.852767
   560.88540    0.791526   0.852381
   560.89620    0.844851   0.851981
   560.90700    0.760908   0.851640
   560.91720    0.791706   0.851286
   560.92800    0.799136   0.850900
   560.93880    0.751909   0.850521
   560.94960    0.884089   0.850155
   560.96040    0.855637   0.849779
   560.97060    0.826772   0.849425
   560.98140    0.749922   0.849051
   560.99220    0.791147   0.848675
   561.00300    0.893286   0.848293
   561.01320    0.771380   0.847944
   561.02400    0.776306   0.847571
   561.03480    0.840478   0.847183
   561.04560    0.855001   0.846801
   561.05640    0.782323   0.846420
   561.06660    0.820214   0.846094
   561.07740    0.863942   0.845708
   561.08820    0.895154   0.845362
   561.09900    0.862529   0.844911
   561.10920    0.846182   0.844567
   561.12000    0.784351   0.844280
   561.13080    0.773840   0.843911
   561.14160    0.766667   0.843482
   561.15240    0.803302   0.843104
   561.16260    0.771934   0.842788
   561.17340    0.768933   0.842391
   561.18420    0.743819   0.842025
   561.19500    0.860144   0.841670
   561.20520    0.832531   0.841320
   561.21600    0.954280   0.840922
   561.22680    0.851145   0.840561
   561.23760    0.915734   0.840176
   561.24840    0.832626   0.839807
   561.25860    0.831298   0.839472
   561.26940    0.797422   0.839114
   561.28020    0.863680   0.838727
   561.29100    0.896561   0.838374
   561.30120    0.787171   0.837990
   561.31200    0.805866   0.837622
   561.32280    0.751963   0.837262
   561.33360    0.751883   0.836919
   561.34440    0.800200   0.836529
   561.35460    0.834337   0.836197
   561.36540    0.807971   0.835787
   561.37620    0.809559   0.835418
   561.38700    0.755656   0.835054
   561.39720    0.742646   0.834712
   561.40800    0.734221   0.834342
   561.41880    0.656536   0.834011
   561.42960    0.747828   0.833615
   561.44040    0.788636   0.833235
   561.45060    0.829865   0.832911
   561.46140    0.708372   0.832536
   561.47220    0.768372   0.832181
   561.48300    0.736999   0.831803
   561.49320    0.756533   0.831448
   561.50400    0.756869   0.831089
   561.51480    0.716735   0.830682
   561.52560    0.837233   0.830336
   561.53640    0.826721   0.829969
   561.54660    0.816215   0.829647
   561.55740    0.802365   0.829299
   561.56820    0.884896   0.828834
   561.57900    0.873550   0.828545
   561.58920    0.821738   0.828166
   561.60000    0.910109   0.827823
   561.61080    0.839934   0.827436
   561.62160    0.907027   0.827111
   561.63240    0.886503   0.826753
   561.64260    0.891433   0.826424
   561.65340    0.835444   0.825985
   561.66420    0.821178   0.825630
   561.67500    0.763937   0.825285
   561.68520    0.768868   0.824978
   561.69600    0.825113   0.824590
   561.70680    0.839635   0.824262
   561.71760    0.876688   0.823866
   561.72840    0.824454   0.823470
   561.73860    0.775145   0.823163
   561.74940    0.766303   0.822800
   561.76020    0.824217   0.822454
   561.77100    0.801188   0.822069
   561.78120    0.797775   0.821740
   561.79200    0.758475   0.821379
   561.80280    0.782176   0.821005
   561.81360    0.735366   0.820661
   561.82440    0.775756   0.820296
   561.83460    0.695156   0.819988
   561.84540    0.775182   0.819507
   561.85620    0.773850   0.819253
   561.86700    0.790459   0.818820
   561.87720    0.887179   0.818539
   561.88800    0.873747   0.818140
   561.89880    0.854891   0.817872
   561.90960    0.773869   0.817489
   561.92040    0.728728   0.817163
   561.93060    0.870508   0.816751
   561.94140    0.753187   0.816355
   561.95220    0.785650   0.816043
   561.96300    0.739675   0.815716
   561.97320    0.758374   0.815331
   561.98400    0.674848   0.815020
   561.99480    0.758213   0.814655
   562.00560    0.738105   0.814306
   562.01640    0.830649   0.813927
   562.02660    0.795526   0.813613
   562.03740    0.903507   0.813238
   562.04820    0.895499   0.812947
   562.05900    0.903763   0.812547
   562.06920    0.917455   0.812198
   562.08000    0.905692   0.811822
   562.09080    0.816325   0.811494
   562.10160    0.782449   0.811170
   562.11240    0.864979   0.810809
   562.12260    0.826518   0.810454
   562.13340    0.808497   0.810159
   562.14420    0.801741   0.809771
   562.15500    0.772872   0.809405
   562.16520    0.769041   0.809063
   562.17600    0.768543   0.808713
   562.18680    0.807681   0.808392
   562.19760    0.826793   0.808070
   562.20840    0.797089   0.807711
   562.21860    0.819544   0.807377
   562.22940    0.783164   0.806956
   562.24020    0.784335   0.806659
   562.25100    0.875627   0.806301
   562.26120    0.909346   0.806005
   562.27200    0.829158   0.805669
   562.28280    0.810303   0.805309
   562.29360    0.786857   0.804963
   562.30440    0.818903   0.804562
   562.31460    0.704507   0.804298
   562.32540    0.702758   0.803950
   562.33620    0.805732   0.803622
   562.34700    0.744319   0.803259
   562.35720    0.750918   0.802875
   562.36800    0.803826   0.802610
   562.37880    0.760771   0.802222
   562.38960    0.777379   0.801893
   562.40040    0.801080   0.801582
   562.41060    0.744262   0.801223
   562.42140    0.704962   0.800892
   562.43220    0.821704   0.800567
   562.44300    0.858757   0.800201
   562.45320    0.740189   0.799863
   562.46400    0.753876   0.799543
   562.47480    0.805532   0.799210
   562.48560    0.797524   0.798849
   562.49640    0.761979   0.798511
   562.50660    0.844514   0.798177
   562.51740    0.774756   0.797887
   562.52820    0.765080   0.797487
   562.53900    0.760409   0.797198
   562.54920    0.723617   0.796894
   562.56000    0.784452   0.796518
   562.57080    0.810239   0.796230
   562.58160    0.773443   0.795903
   562.59240    0.799230   0.795544
   562.60260    0.741160   0.795208
   562.61340    0.808252   0.794877
   562.62420    0.800662   0.794533
   562.63500    0.796409   0.794230
   562.64520    0.789657   0.793872
   562.65600    0.841313   0.793592
   562.66680    0.781569   0.793276
   562.67760    0.792753   0.792878
   562.68840    0.811030   0.792559
   562.69860    0.809703   0.792292
   562.70940    0.842583   0.791925
   562.72020    0.900079   0.791612
   562.73100    0.813633   0.791272
   562.74120    0.861121   0.790940
   562.75200    0.829331   0.790680
   562.76280    0.805468   0.790301
   562.77360    0.836263   0.789963
   562.78440    0.853288   0.789643
   562.79460    0.810238   0.789372
   562.80540    0.749242   0.789062
   562.81620    0.766268   0.788706
   562.82700    0.722379   0.788335
   562.83720    0.769449   0.788057
   562.84800    0.710957   0.787741
   562.85880    0.792235   0.787383
   562.86960    0.740419   0.787099
   562.88040    0.683178   0.786832
   562.89060    0.795336   0.786501
   562.90140    0.736009   0.786186
   562.91220    0.680437   0.785843
   562.92300    0.713735   0.785436
   562.93320    0.694883   0.785139
   562.94400    0.796189   0.784886
   562.95480    0.737279   0.784519
   562.96560    0.821061   0.784257
   562.97640    0.803874   0.783988
   562.98660    0.731201   0.783611
   562.99740    0.757823   0.783325
   563.00820    0.788617   0.783028
   563.01900    0.909114   0.782632
   563.02920    0.934906   0.782376
   563.04000    0.729968   0.782045
   563.05080    0.717370   0.781730
   563.06160    0.752754   0.781446
   563.07240    0.795230   0.781154
   563.08260    0.777214   0.780795
   563.09340    0.795074   0.780493
   563.10420    0.835464   0.780210
   563.11500    0.737335   0.779912
   563.12520    0.773975   0.779630
   563.13600    0.733424   0.779356
   563.14680    0.709561   0.779022
   563.15760    0.753706   0.778679
   563.16840    0.710234   0.778335
   563.17860    0.718920   0.778038
   563.18940    0.755972   0.777729
   563.20020    0.779674   0.777454
   563.21100    0.836753   0.777174
   563.22120    0.819571   0.776820
   563.23200    0.842020   0.776621
   563.24280    0.831926   0.776265
   563.25360    0.786368   0.775887
   563.26440    0.785453   0.775637
   563.27460    0.732806   0.775396
   563.28540    0.716037   0.775049
   563.29620    0.650452   0.774816
   563.30700    0.700438   0.774493
   563.31720    0.764615   0.774162
   563.32800    0.749514   0.773871
   563.33880    0.844561   0.773522
   563.34960    0.823619   0.773214
   563.36040    0.762206   0.772916
   563.37060    0.804687   0.772688
   563.38140    0.736599   0.772417
   563.39220    0.742359   0.772102
   563.40300    0.772319   0.771799
   563.41320    0.828151   0.771530
   563.42400    0.800116   0.771137
   563.43480    0.776671   0.770923
   563.44560    0.793280   0.770621
   563.45640    0.895836   0.770332
   563.46660    0.846528   0.770096
   563.47740    0.973284   0.769832
   563.48820    0.817578   0.769534
   563.49900    0.774523   0.769220
   563.50920    0.742320   0.768944
   563.52000    0.874501   0.768599
   563.53080    0.730060   0.768320
   563.54160    0.770033   0.768064
   563.55240    0.798741   0.767761
   563.56260    0.827870   0.767472
   563.57340    0.834048   0.767169
   563.58420    0.827709   0.766897
   563.59500    0.764210   0.766547
   563.60520    0.811698   0.766293
   563.61600    0.792425   0.766041
   563.62680    0.774404   0.765770
   563.63760    0.814377   0.765460
   563.64840    0.827647   0.765225
   563.65860    0.788769   0.764983
   563.66940    0.804126   0.764660
   563.68020    0.711004   0.764418
   563.69100    0.750560   0.764124
   563.70120    0.681224   0.763793
   563.71200    0.807146   0.763553
   563.72280    0.776608   0.763309
   563.73360    0.701426   0.763013
   563.74440    0.751413   0.762751
   563.75460    0.805993   0.762557
   563.76540    0.703692   0.762214
   563.77620    0.833786   0.761917
   563.78700    0.739413   0.761617
   563.79720    0.680090   0.761403
   563.80800    0.695864   0.761096
   563.81880    0.688274   0.760866
   563.82960    0.674007   0.760611
   563.84040    0.703550   0.760335
   563.85060    0.729759   0.760043
   563.86140    0.726758   0.759816
   563.87220    0.697889   0.759573
   563.88300    0.819638   0.759179
   563.89320    0.813303   0.758960
   563.90400    0.692227   0.758728
   563.91480    0.755148   0.758484
   563.92560    0.752981   0.758203
   563.93640    0.712847   0.757957
   563.94660    0.739056   0.757763
   563.95740    0.693915   0.757427
   563.96820    0.666297   0.757161
   563.97900    0.719622   0.756870
   563.98920    0.742493   0.756625
   564.00000    0.661471   0.756350
   564.01080    0.697271   0.756143
   564.02160    0.713463   0.755949
   564.03240    0.787231   0.755586
   564.04260    0.730412   0.755372
   564.05340    0.756617   0.755159
   564.06420    0.789914   0.754858
   564.07500    0.728919   0.754532
   564.08520    0.815626   0.754316
   564.09600    0.780915   0.754098
   564.10680    0.788345   0.753845
   564.11760    0.855855   0.753592
   564.12840    0.779839   0.753385
   564.13860    0.820651   0.753143
   564.14940    0.734205   0.752837
   564.16020    0.719104   0.752600
   564.17100    0.770759   0.752352
   564.18120    0.726874   0.752060
   564.19200    0.735973   0.751831
   564.20280    0.718786   0.751647
   564.21360    0.744573   0.751374
   564.22440    0.742824   0.751095
   564.23460    0.852061   0.750916
   564.24540    0.782303   0.750675
   564.25620    0.801832   0.750406
   564.26700    0.809262   0.750136
   564.27720    0.846736   0.749919
   564.28800    0.820370   0.749669
   564.29880    0.865767   0.749376
   564.30960    0.766387   0.749194
   564.32040    0.794260   0.748966
   564.33060    0.814211   0.748750
   564.34140    0.843754   0.748497
   564.35220    0.788599   0.748282
   564.36300    0.900335   0.748032
   564.37320    0.881067   0.747776
   564.38400    0.861794   0.747480
   564.39480    0.771592   0.747293
   564.40560    0.693073   0.747063
   564.41640    0.739305   0.746778
   564.42660    0.736308   0.746615
   564.43740    0.791718   0.746416
   564.44820    0.723213   0.746143
   564.45900    0.767358   0.745889
   564.46920    0.731400   0.745686
   564.48000    0.727148   0.745525
   564.49080    0.776717   0.745180
   564.50160    0.697363   0.744951
   564.51240    0.741926   0.744775
   564.52260    0.694703   0.744614
   564.53340    0.682940   0.744349
   564.54420    0.621945   0.744151
   564.55500    0.704475   0.743955
   564.56520    0.713160   0.743791
   564.57600    0.699311   0.743484
   564.58680    0.728019   0.743291
   564.59760    0.742959   0.743112
   564.60840    0.683215   0.742815
   564.61860    0.683556   0.742550
   564.62940    0.656356   0.742355
   564.64020    0.741389   0.742131
   564.65100    0.741726   0.741917
   564.66120    0.645688   0.741707
   564.67200    0.753251   0.741528
   564.68280    0.678905   0.741357
   564.69360    0.804826   0.741075
   564.70440    0.764275   0.740880
   564.71460    0.752099   0.740690
   564.72540    0.679004   0.740477
   564.73620    0.774885   0.740236
   564.74700    0.683432   0.740046
   564.75720    0.695038   0.739882
   564.76800    0.716236   0.739691
   564.77880    0.701970   0.739434
   564.78960    0.758632   0.739282
   564.80040    0.711405   0.739109
   564.81060    0.758475   0.738880
   564.82140    0.699983   0.738664
   564.83220    0.671114   0.738435
   564.84300    0.717763   0.738207
   564.85320    0.731455   0.737968
   564.86400    0.715520   0.737752
   564.87480    0.817660   0.737608
   564.88560    0.905614   0.737412
   564.89640    0.869652   0.737165
   564.90660    0.810329   0.737040
   564.91740    0.760599   0.736890
   564.92820    0.781797   0.736694
   564.93900    0.790478   0.736487
   564.94920    0.770792   0.736304
   564.96000    0.792825   0.736083
   564.97080    0.788572   0.735935
   564.98160    0.737590   0.735603
   564.99240    0.722489   0.735470
   565.00260    0.726168   0.735294
   565.01340    0.704391   0.735114
   565.02420    0.705145   0.734922
   565.03500    0.726343   0.734770
   565.04520    0.751718   0.734577
   565.05600    0.649000   0.734395
   565.06680    0.650588   0.734217
   565.07760    0.719350   0.734039
   565.08840    0.648341   0.733877
   565.09860    0.654940   0.733700
   565.10940    0.636084   0.733489
   565.12020    0.602208   0.733266
   565.13100    0.635923   0.733075
   565.14120    0.622913   0.732912
   565.15200    0.632429   0.732739
   565.16280    0.576440   0.732577
   565.17360    0.650208   0.732434
   565.18440    0.695605   0.732238
   565.19460    0.800253   0.732065
   565.20540    0.823954   0.731926
   565.21620    0.800091   0.731753
   565.22700    0.776229   0.731497
   565.23720    0.848333   0.731359
   565.24800    0.771065   0.731216
   565.25880    0.791429   0.730946
   565.26960    0.830568   0.730789
   565.28040    0.775413   0.730666
   565.29060    0.652673   0.730500
   565.30140    0.697652   0.730350
   565.31220    0.706751   0.730180
   565.32300    0.673709   0.730025
   565.33320    0.675719   0.729901
   565.34400    0.729878   0.729712
   565.35480    0.665127   0.729533
   565.36560    0.608721   0.729399
   565.37640    0.745491   0.729245
   565.38660    0.679493   0.729050
   565.39740    0.736572   0.728901
   565.40820    0.668901   0.728699
   565.41900    0.707623   0.728520
   565.42920    0.685016   0.728388
   565.44000    0.714141   0.728222
   565.45080    0.647722   0.728080
   565.46160    0.658072   0.727947
   565.47240    0.695542   0.727814
   565.48260    0.618696   0.727645
   565.49340    0.611523   0.727516
   565.50420    0.707821   0.727393
   565.51500    0.656422   0.727203
   565.52520    0.689724   0.727066
   565.53600    0.702160   0.726934
   565.54680    0.677880   0.726753
   565.55760    0.760827   0.726580
   565.56840    0.695660   0.726399
   565.57860    0.729796   0.726268
   565.58940    0.683821   0.726138
   565.60020    0.723794   0.725997
   565.61100    0.767522   0.725852
   565.62120    0.660219   0.725725
   565.63200    0.695602   0.725604
   565.64280    0.636693   0.725467
   565.65360    0.718806   0.725298
   565.66440    0.722897   0.725160
   565.67460    0.777478   0.725057
   565.68540    0.718151   0.724899
   565.69620    0.781072   0.724763
   565.70700    0.785163   0.724668
   565.71720    0.746702   0.724516
   565.72800    0.714078   0.724392
   565.73880    0.623459   0.724230
   565.74960    0.656757   0.724076
   565.76040    0.682544   0.723906
   565.77060    0.768417   0.723825
   565.78140    0.696573   0.723675
   565.79220    0.739050   0.723561
   565.80300    0.673465   0.723442
   565.81320    0.710104   0.723339
   565.82400    0.651195   0.723199
   565.83480    0.735811   0.723065
   565.84560    0.759930   0.722979
   565.85640    0.806161   0.722840
   565.86660    0.778965   0.722726
   565.87740    0.901966   0.722615
   565.88820    0.948198   0.722475
   565.89900    0.804591   0.722343
   565.90920    0.758621   0.722238
   565.92000    0.781070   0.722124
   565.93080    0.803520   0.722012
   565.94160    0.750034   0.721829
   565.95240    0.722834   0.721724
   565.96260    0.775745   0.721598
   565.97340    0.691802   0.721522
   565.98420    0.685463   0.721432
   565.99500    0.699151   0.721268
   566.00520    0.754983   0.721186
   566.01600    0.739048   0.721082
   566.02680    0.708093   0.720962
   566.03760    0.710098   0.720854
   566.04840    0.771767   0.720741
   566.05860    0.683656   0.720675
   566.06940    0.820426   0.720612
   566.08020    0.726470   0.720452
   566.09100    0.757264   0.720345
   566.10120    0.707955   0.720264
   566.11200    0.769206   0.720168
   566.12280    0.751602   0.720012
   566.13360    0.786569   0.719947
   566.14440    0.752693   0.719830
   566.15460    0.761796   0.719699
   566.16540    0.883962   0.719574
   566.17620    0.757045   0.719455
   566.18700    0.757382   0.719365
   566.19720    0.781505   0.719260
   566.20800    0.836081   0.719183
   566.21880    0.743376   0.719140
   566.22960    0.856363   0.719022
   566.24040    0.772838   0.718953
   566.25060    0.764000   0.718847
   566.26140    0.676302   0.718782
   566.27220    0.794296   0.718665
   566.28300    0.754996   0.718582
   566.29320    0.687329   0.718540
   566.30400    0.668474   0.718486
   566.31480    0.745163   0.718331
   566.32560    0.788474   0.718273
   566.33640    0.752512   0.718179
   566.34660    0.733243   0.718120
   566.35740    0.788653   0.718008
   566.36820    0.768129   0.717912
   566.37900    0.772220   0.717830
   566.38920    0.675765   0.717792
   566.40000    0.830058   0.717677
   566.41080    0.756546   0.717628
   566.42160    0.708484   0.717546
   566.43240    0.806034   0.717439
   566.44260    0.712082   0.717367
   566.45340    0.681962   0.717265
   566.46420    0.757399   0.717144
   566.47500    0.691397   0.717050
   566.48520    0.628319   0.716989
   566.49600    0.694578   0.716961
   566.50680    0.807148   0.716838
   566.51760    0.729463   0.716823
   566.52840    0.732303   0.716745
   566.53860    0.784380   0.716701
   566.54940    0.761352   0.716617
   566.56020    0.780881   0.716550
   566.57100    0.731568   0.716505
   566.58120    0.696445   0.716441
   566.59200    0.655476   0.716410
   566.60280    0.638289   0.716306
   566.61360    0.682018   0.716241
   566.62440    0.661493   0.716205
   566.63460    0.704391   0.716153
   566.64540    0.673853   0.716040
   566.65620    0.626626   0.716048
   566.66700    0.712911   0.715978
   566.67720    0.696980   0.715937
   566.68800    0.775338   0.715872
   566.69880    0.704746   0.715804
   566.70960    0.768919   0.715755
   566.72040    0.612795   0.715709
   566.73060    0.736635   0.715648
   566.74140    0.714025   0.715584
   566.75220    0.645519   0.715561
   566.76300    0.639180   0.715509
   566.77320    0.612819   0.715482
   566.78400    0.601890   0.715363
   566.79480    0.694851   0.715325
   566.80560    0.618835   0.715299
   566.81640    0.620423   0.715285
   566.82660    0.532730   0.715192
   566.83740    0.722487   0.715168
   566.84820    0.721989   0.715123
   566.85900    0.625529   0.715052
   566.86920    0.672183   0.715011
   566.88000    0.820634   0.714957
   566.89080    0.747539   0.714929
   566.90160    0.694471   0.714898
   566.91240    0.738199   0.714830
   566.92260    0.769415   0.714768
   566.93340    0.703830   0.714708
   566.94420    0.766333   0.714684
   566.95500    0.720358   0.714662
   566.96520    0.690658   0.714649
   566.97600    0.708936   0.714591
   566.98680    0.623741   0.714544
   566.99760    0.625747   0.714521
   567.00840    0.715370   0.714468
   567.01860    0.704028   0.714463
   567.02940    0.701027   0.714482
   567.04020    0.698026   0.714466
   567.05100    0.717138   0.714421
   567.06120    0.758367   0.714369
   567.07200    0.693616   0.714331
   567.08280    0.694787   0.714311
   567.09360    0.706389   0.714339
   567.10440    0.682109   0.714314
   567.11460    0.720001   0.714259
   567.12540    0.676946   0.714232
   567.13620    0.628884   0.714234
   567.14700    0.668440   0.714215
   567.15720    0.729696   0.714185
   567.16800    0.715847   0.714176
   567.17880    0.689481   0.714170
   567.18960    0.658943   0.714164
   567.20040    0.736467   0.714122
   567.21060    0.688827   0.714095
   567.22140    0.700846   0.714100
   567.23220    0.762932   0.714115
   567.24300    0.679406   0.714102
   567.25320    0.669734   0.714060
   567.26400    0.758940   0.714049
   567.27480    0.637029   0.714038
   567.28560    0.751685   0.714032
   567.29640    0.749936   0.714065
   567.30660    0.729833   0.714021
   567.31740    0.743521   0.714010
   567.32820    0.723831   0.714007
   567.33900    0.684531   0.714010
   567.34920    0.706150   0.714036
   567.36000    0.688129   0.713999
   567.37080    0.832826   0.713997
   567.38160    0.809381   0.713994
   567.39240    0.721683   0.714005
   567.40260    0.725779   0.714023
   567.41340    0.720691   0.714025
   567.42420    0.717273   0.714007
   567.43500    0.710100   0.714003
   567.44520    0.708772   0.714033
   567.45600    0.655286   0.714024
   567.46680    0.657709   0.714044
   567.47760    0.659714   0.714053
   567.48840    0.604977   0.714043
   567.49860    0.689598   0.714073
   567.50940    0.617755   0.714042
   567.52020    0.670244   0.714075
   567.53100    0.709800   0.714072
   567.54120    0.705969   0.714131
   567.55200    0.635377   0.714137
   567.56280    0.766723   0.714101
   567.57360    0.802524   0.714087
   567.58440    0.741528   0.714139
   567.59460    0.642987   0.714177
   567.60540    0.707576   0.714204
   567.61620    0.678290   0.714206
   567.62700    0.643162   0.714188
   567.63720    0.703584   0.714256
   567.64800    0.673880   0.714237
   567.65880    0.662117   0.714210
   567.66960    0.634500   0.714287
   567.68040    0.611889   0.714333
   567.69060    0.665218   0.714394
   567.70140    0.636766   0.714403
   567.71220    0.617910   0.714414
   567.72300    0.628677   0.714453
   567.73320    0.642369   0.714503
   567.74400    0.689435   0.714597
   567.75480    0.617592   0.714560
   567.76560    0.684267   0.714618
   567.77640    0.638709   0.714655
   567.78660    0.629871   0.714687
   567.79740    0.678189   0.714691
   567.80820    0.659750   0.714730
   567.81900    0.668014   0.714818
   567.82920    0.663766   0.714843
   567.84000    0.659096   0.714884
   567.85080    0.702824   0.714893
   567.86160    0.676041   0.714930
   567.87240    0.759405   0.714981
   567.88260    0.748899   0.715029
   567.89340    0.800971   0.715054
   567.90420    0.788791   0.715093
   567.91500    0.711524   0.715156
   567.92520    0.735647   0.715167
   567.93600    0.707195   0.715197
   567.94680    0.803911   0.715234
   567.95760    0.755849   0.715312
   567.96840    0.700695   0.715352
   567.97860    0.776554   0.715419
   567.98940    0.723902   0.715450
   568.00020    0.775975   0.715500
   568.01100    0.779232   0.715511
   568.02120    0.718241   0.715556
   568.03200    0.769062   0.715628
   568.04280    0.716828   0.715676
   568.05360    0.803948   0.715711
   568.06440    0.722091   0.715776
   568.07460    0.823818   0.715806
   568.08540    0.812472   0.715849
   568.09620    0.725191   0.715929
   568.10700    0.634573   0.716006
   568.11720    0.657444   0.716015
   568.12800    0.705345   0.716089
   568.13880    0.667714   0.716180
   568.14960    0.622573   0.716209
   568.16040    0.662963   0.716318
   568.17060    0.627423   0.716380
   568.18140    0.687005   0.716459
   568.19220    0.673991   0.716509
   568.20300    0.636777   0.716563
   568.21320    0.761451   0.716690
   568.22400    0.653309   0.716729
   568.23480    0.624857   0.716825
   568.24560    0.616015   0.716868
   568.25640    0.726082   0.716976
   568.26660    0.751457   0.717014
   568.27740    0.719667   0.717092
   568.28820    0.718335   0.717102
   568.29900    0.804620   0.717224
   568.30920    0.753642   0.717289
   568.32000    0.760654   0.717370
   568.33080    0.731785   0.717424
   568.34160    0.719605   0.717501
   568.35240    0.704087   0.717582
   568.36260    0.672302   0.717651
   568.37340    0.696837   0.717729
   568.38420    0.655451   0.717800
   568.39500    0.629086   0.717871
   568.40520    0.626506   0.717943
   568.41600    0.620167   0.717992
   568.42680    0.616331   0.718118
   568.43760    0.689265   0.718166
   568.44840    0.658310   0.718307
   568.45860    0.651975   0.718392
   568.46940    0.661074   0.718517
   568.48020    0.625112   0.718596
   568.49100    0.715986   0.718693
   568.50120    0.718831   0.718805
   568.51200    0.711240   0.718862
   568.52280    0.754968   0.718929
   568.53360    0.752802   0.719062
   568.54440    0.745628   0.719141
   568.55460    0.768082   0.719221
   568.56540    0.681636   0.719314
   568.57620    0.739550   0.719410
   568.58700    0.781609   0.719487
   568.59720    0.737724   0.719596
   568.60800    0.771856   0.719688
   568.61880    0.729636   0.719779
   568.62960    0.770860   0.719874
   568.64040    0.820012   0.719950
   568.65060    0.822857   0.720046
   568.66140    0.798994   0.720119
   568.67220    0.720058   0.720212
   568.68300    0.828456   0.720379
   568.69320    0.788744   0.720507
   568.70400    0.789080   0.720602
   568.71480    0.794006   0.720740
   568.72560    0.688368   0.720823
   568.73640    0.650319   0.720947
   568.74660    0.694469   0.721061
   568.75740    0.688965   0.721200
   568.76820    0.678453   0.721278
   568.77900    0.653756   0.721341
   568.78920    0.699575   0.721496
   568.80000    0.720773   0.721615
   568.81080    0.706507   0.721684
   568.82160    0.726870   0.721817
   568.83240    0.706346   0.721899
   568.84260    0.691667   0.722016
   568.85340    0.799647   0.722102
   568.86420    0.811249   0.722207
   568.87500    0.771115   0.722320
   568.88520    0.678415   0.722466
   568.89600    0.826866   0.722649
   568.90680    0.743341   0.722742
   568.91760    0.739088   0.722859
   568.92840    0.785319   0.723053
   568.93860    0.795674   0.723142
   568.94940    0.714651   0.723266
   568.96020    0.830977   0.723416
   568.97100    0.721166   0.723543
   568.98120    0.743620   0.723616
   568.99200    0.673862   0.723756
   569.00280    0.662517   0.723848
   569.01360    0.733365   0.723973
   569.02440    0.762907   0.724090
   569.03460    0.790368   0.724204
   569.04540    0.818659   0.724342
   569.05620    0.716358   0.724466
   569.06700    0.769265   0.724691
   569.07720    0.717453   0.724801
   569.08800    0.770360   0.724912
   569.09880    0.711867   0.725102
   569.10960    0.806080   0.725210
   569.12040    0.794734   0.725329
   569.13060    0.705372   0.725467
   569.14140    0.686516   0.725608
   569.15220    0.678925   0.725738
   569.16300    0.763541   0.725879
   569.17320    0.699630   0.726000
   569.18400    0.710814   0.726127
   569.19480    0.744946   0.726283
   569.20560    0.644731   0.726412
   569.21640    0.767315   0.726543
   569.22660    0.748464   0.726723
   569.23740    0.750469   0.726896
   569.24820    0.705746   0.727031
   569.25900    0.667697   0.727195
   569.26920    0.685979   0.727346
   569.28000    0.619142   0.727471
   569.29080    0.694997   0.727614
   569.30160    0.715360   0.727793
   569.31240    0.646855   0.727936
   569.32260    0.761516   0.728085
   569.33340    0.703024   0.728231
   569.34420    0.710870   0.728378
   569.35500    0.734154   0.728475
   569.36520    0.754522   0.728632
   569.37600    0.706878   0.728812
   569.38680    0.718062   0.729000
   569.39760    0.687524   0.729199
   569.40840    0.636959   0.729304
   569.41860    0.631459   0.729469
   569.42940    0.674353   0.729647
   569.44020    0.624205   0.729814
   569.45100    0.672523   0.729970
   569.46120    0.678705   0.730108
   569.47200    0.637736   0.730295
   569.48280    0.663107   0.730447
   569.49360    0.680549   0.730570
   569.50440    0.764331   0.730696
   569.51460    0.643260   0.730864
   569.52540    0.686153   0.731105
   569.53620    0.673973   0.731278
   569.54700    0.660958   0.731460
   569.55720    0.723466   0.731629
   569.56800    0.602807   0.731784
   569.57880    0.657383   0.731958
   569.58960    0.637693   0.732096
   569.60040    0.670991   0.732285
   569.61060    0.663822   0.732443
   569.62140    0.777644   0.732613
   569.63220    0.717065   0.732756
   569.64300    0.752449   0.732944
   569.65320    0.740273   0.733105
   569.66400    0.693046   0.733342
   569.67480    0.773073   0.733523
   569.68560    0.688295   0.733717
   569.69640    0.726600   0.733904
   569.70660    0.696483   0.734045
   569.71740    0.765245   0.734254
   569.72820    0.726779   0.734431
   569.73900    0.699579   0.734606
   569.74920    0.737053   0.734760
   569.76000    0.700257   0.734934
   569.77080    0.708104   0.735154
   569.78160    0.662128   0.735320
   569.79240    0.672895   0.735552
   569.80260    0.747920   0.735727
   569.81340    0.663977   0.735921
   569.82420    0.618001   0.736061
   569.83500    0.695108   0.736223
   569.84520    0.700038   0.736441
   569.85600    0.653645   0.736608
   569.86680    0.669419   0.736783
   569.87760    0.629702   0.736938
   569.88840    0.691788   0.737171
   569.89860    0.801443   0.737322
   569.90940    0.742116   0.737586
   569.92020    0.756221   0.737816
   569.93100    0.750717   0.738058
   569.94120    0.668447   0.738264
   569.95200    0.727195   0.738409
   569.96280    0.686644   0.738609
   569.97360    0.752902   0.738801
   569.98440    0.713602   0.739020
   569.99460    0.725626   0.739134
   570.00540    0.720955   0.739386
   570.01620    0.754253   0.739539
   570.02700    0.845545   0.739774
   570.03720    0.786223   0.739898
   570.04800    0.749009   0.740182
   570.05880    0.692186   0.740369
   570.06960    0.738417   0.740585
   570.08040    0.722065   0.740758
   570.09060    0.767466   0.741004
   570.10140    0.769472   0.741183
   570.11220    0.729755   0.741391
   570.12300    0.709230   0.741553
   570.13320    0.651577   0.741786
   570.14400    0.664013   0.742071
   570.15480    0.661012   0.742237
   570.16560    0.716839   0.742518
   570.17640    0.690056   0.742728
   570.18660    0.746306   0.742907
   570.19740    0.717436   0.743107
   570.20820    0.735714   0.743346
   570.21900    0.727706   0.743549
   570.22920    0.740564   0.743744
   570.24000    0.720039   0.743865
   570.25080    0.862232   0.744230
   570.26160    0.761183   0.744457
   570.27240    0.762354   0.744664
   570.28260    0.712211   0.744850
   570.29340    0.627434   0.745109
   570.30420    0.667407   0.745301
   570.31500    0.700287   0.745490
   570.32520    0.738596   0.745704
   570.33600    0.637129   0.745948
   570.34680    0.729255   0.746115
   570.35760    0.793428   0.746352
   570.36840    0.719498   0.746626
   570.37860    0.754886   0.746816
   570.38940    0.744792   0.747010
   570.40020    0.723016   0.747246
   570.41100    0.705829   0.747496
   570.42120    0.721607   0.747698
   570.43200    0.672294   0.747890
   570.44280    0.653438   0.748166
   570.45360    0.622900   0.748376
   570.46440    0.636171   0.748644
   570.47460    0.658625   0.748828
   570.48540    0.664803   0.749105
   570.49620    0.665974   0.749334
   570.50700    0.658383   0.749566
   570.51720    0.718387   0.749798
   570.52800    0.700366   0.750044
   570.53880    0.686934   0.750238
   570.54960    0.674337   0.750468
   570.56040    0.675091   0.750724
   570.57060    0.701300   0.750982
   570.58140    0.616105   0.751205
   570.59220    0.693628   0.751426
   570.60300    0.704396   0.751733
   570.61320    0.670524   0.751932
   570.62400    0.663351   0.752163
   570.63480    0.755477   0.752440
   570.64560    0.726191   0.752639
   570.65640    0.741130   0.752840
   570.66660    0.745226   0.753077
   570.67740    0.727205   0.753419
   570.68820    0.775105   0.753647
   570.69900    0.742898   0.753915
   570.70920    0.794558   0.754123
   570.72000    0.726887   0.754362
   570.73080    0.723052   0.754582
   570.74160    0.687924   0.754812
   570.75240    0.815514   0.755113
   570.76260    0.885950   0.755293
   570.77340    0.855829   0.755572
   570.78420    0.838642   0.755876
   570.79500    0.849826   0.756141
   570.80520    0.790504   0.756359
   570.81600    0.764138   0.756596
   570.82680    0.786588   0.756862
   570.83760    0.818216   0.757069
   570.84840    0.775161   0.757278
   570.85860    0.790106   0.757587
   570.86940    0.735786   0.757910
   570.88020    0.791613   0.758192
   570.89100    0.765665   0.758382
   570.90120    0.774350   0.758705
   570.91200    0.741726   0.758922
   570.92280    0.744566   0.759159
   570.93360    0.704849   0.759471
   570.94440    0.764849   0.759705
   570.95460    0.692175   0.759945
   570.96540    0.698353   0.760252
   570.97620    0.705365   0.760540
   570.98700    0.755352   0.760786
   570.99720    0.769879   0.761017
   571.00800    0.811521   0.761323
   571.01880    0.759287   0.761544
   571.02960    0.809691   0.761775
   571.04040    0.838399   0.762031
   571.05060    0.813289   0.762358
   571.06140    0.776075   0.762621
   571.07220    0.775995   0.762844
   571.08300    0.780503   0.763168
   571.09320    0.812136   0.763402
   571.10400    0.830831   0.763639
   571.11480    0.822823   0.763926
   571.12560    0.792702   0.764202
   571.13640    0.801383   0.764428
   571.14660    0.811321   0.764711
   571.15740    0.840863   0.765002
   571.16820    0.822842   0.765279
   571.17900    0.794807   0.765522
   571.18920    0.791393   0.765811
   571.20000    0.906884   0.766077
   571.21080    0.862578   0.766329
   571.22160    0.779052   0.766636
   571.23240    0.818190   0.766973
   571.24260    0.850241   0.767208
   571.25340    0.809272   0.767517
   571.26420    0.778734   0.767806
   571.27500    0.790335   0.768079
   571.28520    0.819882   0.768276
   571.29600    0.745953   0.768609
   571.30680    0.828066   0.768855
   571.31760    0.721175   0.769102
   571.32840    0.675200   0.769446
   571.33860    0.742714   0.769722
   571.34940    0.691315   0.769948
   571.36020    0.715851   0.770275
   571.37100    0.765003   0.770557
   571.38120    0.931400   0.770751
   571.39200    0.832854   0.771075
   571.40280    0.813164   0.771369
   571.41360    0.858978   0.771695
   571.42440    0.894779   0.771990
   571.43460    0.864245   0.772295
   571.44540    0.888781   0.772557
   571.45620    0.771460   0.772811
   571.46700    0.775551   0.773128
   571.47720    0.777561   0.773385
   571.48800    0.852999   0.773628
   571.49880    0.822460   0.773989
   571.50960    0.765220   0.774283
   571.52040    0.780577   0.774544
   571.53060    0.842250   0.774864
   571.54140    0.864700   0.775094
   571.55220    0.778253   0.775424
   571.56300    0.864121   0.775674
   571.57320    0.797706   0.775985
   571.58400    0.894839   0.776315
   571.59480    0.737882   0.776624
   571.60560    0.736966   0.776920
   571.61640    0.728124   0.777208
   571.62660    0.761009   0.777470
   571.63740    0.779286   0.777786
   571.64820    0.678237   0.778006
   571.65900    0.794980   0.778325
   571.66920    0.752764   0.778654
   571.68000    0.784809   0.778957
   571.69080    0.759278   0.779267
   571.70160    0.821364   0.779605
   571.71240    0.773720   0.779898
   571.72260    0.732338   0.780138
   571.73340    0.797762   0.780436
   571.74420    0.772648   0.780743
   571.75500    0.718745   0.781035
   571.76520    0.826313   0.781360
   571.77600    0.745708   0.781628
   571.78680    0.777754   0.781896
   571.79760    0.733447   0.782280
   571.80840    0.662021   0.782566
   571.81860    0.696575   0.782804
   571.82940    0.794959   0.783220
   571.84020    0.855377   0.783515
   571.85100    0.765175   0.783787
   571.86120    0.700012   0.784102
   571.87200    0.833444   0.784382
   571.88280    0.699016   0.784649
   571.89360    0.854144   0.785008
   571.90440    0.704696   0.785325
   571.91460    0.762614   0.785599
   571.92540    0.712049   0.785950
   571.93620    0.695697   0.786252
   571.94700    0.779062   0.786554
   571.95720    0.724329   0.786844
   571.96800    0.711731   0.787109
   571.97880    0.784665   0.787427
   571.98960    0.801691   0.787807
   572.00040    0.823306   0.788127
   572.01060    0.802369   0.788419
   572.02140    0.834832   0.788737
   572.03220    0.798453   0.789019
   572.04300    0.913109   0.789342
   572.05320    0.863383   0.789630
   572.06400    0.767758   0.789927
   572.07480    0.912872   0.790334
   572.08560    0.841028   0.790647
   572.09640    0.754582   0.790925
   572.10660    0.870077   0.791220
   572.11740    0.879176   0.791550
   572.12820    0.865327   0.791835
   572.13900    0.795987   0.792150
   572.14920    0.898131   0.792517
   572.16000    0.853824   0.792826
   572.17080    0.879612   0.793150
   572.18160    0.778145   0.793461
   572.19240    0.837311   0.793813
   572.20260    0.805525   0.794090
   572.21340    0.944381   0.794344
   572.22420    0.876710   0.794721
   572.23500    0.901245   0.795069
   572.24520    0.870295   0.795376
   572.25600    0.914857   0.795734
   572.26680    0.861372   0.796018
   572.27760    0.853781   0.796331
   572.28840    0.820739   0.796633
   572.29860    0.864472   0.796967
   572.30940    0.848537   0.797337
   572.32020    0.772521   0.797663
   572.33100    0.719453   0.797963
   572.34120    0.756927   0.798285
   572.35200    0.861153   0.798580
   572.36280    0.820601   0.798909
   572.37360    0.786726   0.799233
   572.38440    0.724061   0.799593
   572.39460    0.736919   0.799919
   572.40540    0.750190   0.800226
   572.41620    0.785573   0.800541
   572.42700    0.788413   0.800916
   572.43720    0.802940   0.801179
   572.44800    0.760302   0.801527
   572.45880    0.740612   0.801852
   572.46960    0.741783   0.802193
   572.48040    0.689132   0.802582
   572.49060    0.706162   0.802880
   572.50140    0.714843   0.803206
   572.51220    0.768585   0.803506
   572.52300    0.808975   0.803824
   572.53320    0.734216   0.804176
   572.54400    0.828011   0.804521
   572.55480    0.777029   0.804846
   572.56560    0.875413   0.805212
   572.57640    0.824014   0.805466
   572.58660    0.757182   0.805812
   572.59740    0.779214   0.806144
   572.60820    0.843803   0.806532
   572.61900    0.877935   0.806887
   572.62920    0.732665   0.807181
   572.64000    0.856917   0.807549
   572.65080    0.767550   0.807867
   572.66160    0.773728   0.808203
   572.67240    0.831225   0.808511
   572.68260    0.856182   0.808802
   572.69340    0.877380   0.809180
   572.70420    0.851431   0.809503
   572.71500    0.837582   0.809836
   572.72520    0.831248   0.810155
   572.73600    0.794451   0.810469
   572.74680    0.876982   0.810859
   572.75760    0.797628   0.811187
   572.76840    0.835515   0.811590
   572.77860    0.804981   0.811882
   572.78940    0.827431   0.812250
   572.80020    0.799813   0.812521
   572.81100    0.789719   0.812878
   572.82120    0.738742   0.813169
   572.83200    0.805417   0.813571
   572.84280    0.829118   0.813909
   572.85360    0.757275   0.814278
   572.86440    0.847315   0.814590
   572.87460    0.796755   0.814952
   572.88540    0.837980   0.815241
   572.89620    0.751950   0.815559
   572.90700    0.751035   0.815986
   572.91720    0.756383   0.816332
   572.92800    0.768819   0.816682
   572.93880    0.739116   0.816996
   572.94960    0.773665   0.817348
   572.96040    0.824903   0.817634
   572.97060    0.760991   0.817992
   572.98140    0.765083   0.818358
   572.99220    0.816321   0.818739
   573.00300    0.872983   0.819059
   573.01320    0.792382   0.819356
   573.02400    0.839448   0.819711
   573.03480    0.809745   0.820062
   573.04560    0.806326   0.820448
   573.05640    0.900122   0.820789
   573.06660    0.810759   0.821136
   573.07740    0.885362   0.821452
   573.08820    0.831876   0.821832
   573.09900    0.825537   0.822160
   573.10920    0.858839   0.822446
   573.12000    0.877951   0.822857
   573.13080    0.785246   0.823225
   573.14160    0.733430   0.823573
   573.15240    0.747535   0.823905
   573.16260    0.805453   0.824196
   573.17340    0.822896   0.824576
   573.18420    0.838253   0.824954
   573.19500    0.784767   0.825252
   573.20520    0.773009   0.825642
   573.21600    0.858042   0.826013
   573.22680    0.909280   0.826303
   573.23760    0.811152   0.826635
   573.24840    0.843615   0.827029
   573.25860    0.766352   0.827376
   573.26940    0.786715   0.827707
   573.28020    0.826688   0.828114
   573.29100    0.801574   0.828405
   573.30120    0.854486   0.828748
   573.31200    0.743423   0.829148
   573.32280    0.793827   0.829437
   573.33360    0.796667   0.829834
   573.34440    0.736923   0.830196
   573.35460    0.738516   0.830531
   573.36540    0.792257   0.830886
   573.37620    0.833899   0.831237
   573.38700    0.878045   0.831585
   573.39720    0.838749   0.831956
   573.40800    0.831158   0.832278
   573.41880    0.782680   0.832666
   573.42960    0.867713   0.832987
   573.44040    0.955250   0.833344
   573.45060    0.877570   0.833683
   573.46140    0.778607   0.834054
   573.47220    0.856130   0.834429
   573.48300    0.823923   0.834784
   573.49320    0.868073   0.835125
   573.50400    0.787050   0.835476
   573.51480    0.869581   0.835817
   573.52560    0.857818   0.836184
   573.53640    0.899460   0.836553
   573.54660    0.867257   0.836887
   573.55740    0.883031   0.837239
   573.56820    0.911739   0.837609
   573.57900    0.897056   0.837896
   573.58920    0.884880   0.838316
   573.60000    0.818878   0.838692
   573.61080    0.861354   0.839033
   573.62160    0.853763   0.839389
   573.63240    0.945472   0.839753
   573.64260    0.835666   0.840098
   573.65340    0.908600   0.840446
   573.66420    0.861790   0.840802
   573.67500    0.800377   0.841158
   573.68520    0.932144   0.841505
   573.69600    0.850288   0.841871
   573.70680    0.858551   0.842230
   573.71760    0.821338   0.842564
   573.72840    0.817919   0.842938
   573.73860    0.891275   0.843295
   573.74940    0.816511   0.843641
   573.76020    0.887359   0.844021
   573.77100    0.866834   0.844369
   573.78120    0.835883   0.844733
   573.79200    0.885035   0.845070
   573.80280    0.841980   0.845448
   573.81360    0.813946   0.845824
   573.82440    0.880204   0.846158
   573.83460    0.875956   0.846527
   573.84540    0.879213   0.846850
   573.85620    0.800276   0.847249
   573.86700    0.826064   0.847580
   573.87720    0.921950   0.847945
   573.88800    0.970684   0.848279
   573.89880    0.968935   0.848684
   573.90960    0.902515   0.849000
   573.92040    0.922462   0.849389
   573.93060    0.873987   0.849735
   573.94140    0.887675   0.850111
   573.95220    0.830017   0.850448
   573.96300    0.825765   0.850846
   573.97320    0.857398   0.851168
   573.98400    0.874423   0.851528
   573.99480    1.044154   0.851889
   574.00560    0.900964   0.852281
   574.01640    0.912566   0.852631
   574.02660    0.926259   0.853009
   574.03740    0.882786   0.853332
   574.04820    0.941952   0.853697
   574.05900    0.802518   0.854066
   574.06920    0.878377   0.854442
   574.08000    0.882886   0.854746
   574.09080    0.871123   0.855140
   574.10160    0.956156   0.855525
   574.11240    1.032845   0.855840
   574.12260    0.923039   0.856204
   574.13340    0.862878   0.856551
   574.14420    0.912864   0.856981
   574.15500    0.992474   0.857315
   574.16520    0.954430   0.857605
   574.17600    0.949760   0.858023
   574.18680    1.073595   0.858384
   574.19760    0.855306   0.858757
   574.20840    0.957863   0.859115
   574.21860    0.961959   0.859444
   574.22940    0.853817   0.859870
   574.24020    0.882107   0.860197
   574.25100    0.882027   0.860510
   574.26120    0.917832   0.860882
   574.27200    0.871022   0.861238
   574.28280    0.932691   0.861652
   574.29360    0.875450   0.862002
   574.30440    0.899986   0.862332
   574.31460    0.984190   0.862700
   574.32540    1.097594   0.863065
   574.33620    0.925617   0.863443
   574.34700    0.939305   0.863857
   574.35720    0.952162   0.864128
   574.36800    0.851530   0.864472
   574.37880    0.887331   0.864876
   574.38960    0.900185   0.865262
   574.40040    0.811235   0.865583
   574.41060    0.897525   0.866000
   574.42140    0.894941   0.866302
   574.43220    0.866906   0.866625
   574.44300    0.858898   0.867071
   574.45320    0.843384   0.867408
   574.46400    0.967637   0.867728
   574.47480    0.913734   0.868132
   574.48560    0.908647   0.868469
   574.49640    0.882281   0.868809
   574.50660    0.994022   0.869168
   574.51740    0.912999   0.869596
   574.52820    0.928773   0.869910
   574.53900    0.930362   0.870279
   574.54920    0.850595   0.870639
   574.56000    0.906840   0.870971
   574.57080    0.874633   0.871308
   574.58160    0.953825   0.871789
   574.59240    0.807716   0.872124
   574.60260    0.845607   0.872445
   574.61340    0.893508   0.872773
   574.62420    0.962269   0.873163
   574.63500    0.935069   0.873484
   574.64520    0.882005   0.873877
   574.65600    0.879004   0.874313
   574.66680    0.904374   0.874643
   574.67760    0.927658   0.874968
   574.68840    0.955949   0.875305
   574.69860    0.849897   0.875673
   574.70940    0.932845   0.876001
   574.72020    0.916075   0.876377
   574.73100    0.907650   0.876866
   574.74120    0.926349   0.877156
   574.75200    0.838234   0.877447
   574.76280    0.906995   0.877794
   574.77360    0.888557   0.878203
   574.78440    1.004882   0.878536
   574.79460    0.942640   0.878940
   574.80540    1.034349   0.879355
   574.81620    0.950406   0.879710
   574.82700    0.938225   0.879989
   574.83720    0.907275   0.880306
   574.84800    0.818742   0.880680
   574.85880    0.954260   0.881093
   574.86960    1.016346   0.881409
   574.88040    0.891098   0.881782
   574.89060    0.967791   0.882178
   574.90140    0.893861   0.882549
   574.91220    0.954279   0.882853
   574.92300    0.906217   0.883238
   574.93320    1.022964   0.883574
   574.94400    1.047083   0.883947
   574.95480    0.941027   0.884261
   574.96560    0.915912   0.884596
   574.97640    0.799426   0.885103
   574.98660    0.906994   0.885448
   574.99740    0.859350   0.885723
   575.00820    0.857183   0.886079
   575.01900    0.943051   0.886446
   575.02920    0.877470   0.886761
   575.04000    0.952908   0.887091
   575.05080    0.931548   0.887495
   575.06160    0.966932   0.887865
   575.07240    1.138748   0.888345
   575.08260    1.000988   0.888574
   575.09340    1.030530   0.888914
   575.10420    0.913626   0.889285
   575.11500    0.990315   0.889698
   575.12520    0.908463   0.889954
   575.13600    0.857063   0.890294
   575.14680    0.788141   0.890628
   575.15760    0.841882   0.891096
   575.16840    0.936512   0.891447
   575.17860    0.929343   0.891873
   575.18940    0.844148   0.892143
   575.20020    0.979249   0.892544
   575.21100    0.900730   0.892849
   575.22120    0.904409   0.893164
   575.23200    1.044099   0.893490
   575.24280    0.959321   0.893879
   575.25360    0.928366   0.894294
   575.26440    0.941219   0.894619
   575.27460    0.913606   0.894927
   575.28540    0.929380   0.895342
   575.29620    0.874226   0.895804
   575.30700    0.879152   0.896090
   575.31720    0.942077   0.896406
   575.32800    0.893181   0.896707
   575.33880    0.856802   0.897028
   575.34960    0.880086   0.897443
   575.36040    0.865819   0.897808
   575.37060    0.907049   0.898134
   575.38140    0.955366   0.898468
   575.39220    0.961544   0.898872
   575.40300    0.837964   0.899249
   575.41320    0.823703   0.899570
   575.42400    0.829046   0.899916
   575.43480    0.909073   0.900289
   575.44560    0.954053   0.900620
   575.45640    0.988602   0.900988
   575.46660    0.900908   0.901274
   575.47740    0.830316   0.901620
   575.48820    0.929536   0.902009
   575.49900    0.921945   0.902386
   575.50920    0.872219   0.902721
   575.52000    0.918450   0.903075
   575.53080    0.923794   0.903407
   575.54160    0.888249   0.903752
   575.55240    0.939070   0.904134
   575.56260    0.856383   0.904506
   575.57340    0.909707   0.904771
   575.58420    0.880421   0.905149
   575.59500    0.847379   0.905503
   575.60520    0.950358   0.905833
   575.61600    0.855984   0.906241
   575.62680    0.829201   0.906561
   575.63760    0.819942   0.906907
   575.64840    0.777304   0.907223
   575.65860    0.917416   0.907586
   575.66940    0.961561   0.907894
   575.68020    0.878453   0.908282
   575.69100    0.878372   0.908641
   575.70120    0.953397   0.908956
   575.71200    0.864447   0.909312
   575.72280    0.866452   0.909625
   575.73360    0.915187   0.910001
   575.74440    0.909265   0.910425
   575.75460    0.927547   0.910694
   575.76540    0.894506   0.911048
   575.77620    0.894842   0.911391
   575.78700    0.823833   0.911679
   575.79720    0.846705   0.912053
   575.80800    0.862479   0.912412
   575.81880    0.872411   0.912781
   575.82960    0.947849   0.913052
   575.84040    0.897284   0.913449
   575.85060    0.975646   0.913783
   575.86140    1.033560   0.914127
   575.87220    1.088136   0.914486
   575.88300    0.943695   0.914802
   575.89320    0.966149   0.915108
   575.90400    0.931856   0.915470
   575.91480    0.937199   0.915788
   575.92560    1.026405   0.916205
   575.93640    0.884468   0.916506
   575.94660    0.849345   0.916824
   575.95740    0.925199   0.917193
   575.96820    1.006895   0.917510
   575.97900    0.918362   0.917844
   575.98920    0.963764   0.918220
   576.00000    1.027102   0.918542
   576.01080    0.952338   0.918898
   576.02160    0.960184   0.919180
   576.03240    0.861221   0.919552
   576.04260    0.919139   0.919875
   576.05340    0.943258   0.920245
   576.06420    0.976973   0.920562
   576.07500    0.924739   0.920887
   576.08520    1.002267   0.921191
   576.09600    0.986749   0.921525
   576.10680    0.891540   0.921945
   576.11760    0.930679   0.922275
   576.12840    0.898472   0.922586
   576.13860    0.817037   0.922862
   576.14940    0.927521   0.923238
   576.16020    0.970415   0.923535
   576.17100    0.934036   0.923941
   576.18120    1.104605   0.924191
   576.19200    0.998549   0.924544
   576.20280    0.865790   0.924879
   576.21360    0.932049   0.925195
   576.22440    0.950743   0.925556
   576.23460    0.906441   0.925897
   576.24540    0.973534   0.926212
   576.25620    0.961354   0.926567
   576.26700    0.913292   0.926853
   576.27720    0.968707   0.927180
   576.28800    0.927738   0.927530
   576.29880    1.025289   0.927883
   576.30960    0.954280   0.928206
   576.32040    0.918735   0.928505
   576.33060    0.944527   0.928800
   576.34140    0.846398   0.929163
   576.35220    0.871768   0.929544
   576.36300    0.840396   0.929835
   576.37320    0.968825   0.930139
   576.38400    0.907830   0.930461
   576.39480    0.947803   0.930766
   576.40560    0.924357   0.931137
   576.41640    0.968503   0.931462
   576.42660    0.927956   0.931808
   576.43740    0.957915   0.932074
   576.44820    0.939477   0.932398
   576.45900    0.906853   0.932747
   576.46920    1.010248   0.933067
   576.48000    0.796965   0.933382
   576.49080    0.865310   0.933735
   576.50160    0.913627   0.933992
   576.51240    0.916885   0.934328
   576.52260    0.980644   0.934668
   576.53340    0.950523   0.934992
   576.54420    1.016782   0.935314
   576.55500    0.933256   0.935619
   576.56520    1.020797   0.935937
   576.57600    0.917244   0.936240
   576.58680    0.882951   0.936602
   576.59760    0.942951   0.936952
   576.60840    0.929519   0.937254
   576.61860    0.784666   0.937498
   576.62940    0.793764   0.937817
   576.64020    0.788677   0.938122
   576.65100    0.893320   0.938492
   576.66120    0.816057   0.938796
   576.67200    0.935720   0.939111
   576.68280    0.998224   0.939421
   576.69360    0.918036   0.939727
   576.70440    0.897094   0.940031
   576.71460    0.890759   0.940362
   576.72540    0.944083   0.940718
   576.73620    0.986143   0.940972
   576.74700    0.930571   0.941280
   576.75720    0.943846   0.941596
   576.76800    0.948355   0.941895
   576.77880    0.921572   0.942266
   576.78960    0.858490   0.942557
   576.80040    0.840886   0.942830
   576.81060    0.844565   0.943123
   576.82140    0.867432   0.943432
   576.83220    0.900729   0.943731
   576.84300    0.897311   0.944076
   576.85320    0.870115   0.944412
   576.86400    0.872121   0.944660
   576.87480    0.863695   0.944920
   576.88560    0.956656   0.945275
   576.89640    1.000384   0.945641
   576.90660    0.901008   0.945895
   576.91740    0.935975   0.946230
   576.92820    0.874145   0.946458
   576.93900    1.015921   0.946784
   576.94920    0.800974   0.947120
   576.96000    0.897272   0.947398
   576.97080    0.911377   0.947715
   576.98160    0.909628   0.948022
   576.99240    0.972548   0.948306
   577.00260    1.022956   0.948572
   577.01340    0.948192   0.948918
   577.02420    1.017789   0.949228
   577.03500    0.982661   0.949509
   577.04520    0.893298   0.949765
   577.05600    0.899893   0.950056
   577.06680    1.024981   0.950388
   577.07760    0.889719   0.950729
   577.08840    0.979342   0.950981
   577.09860    0.879131   0.951261
   577.10940    0.878634   0.951554
   577.12020    0.880639   0.951872
   577.13100    0.904340   0.952177
   577.14120    0.865462   0.952461
   577.15200    0.930469   0.952716
   577.16280    0.960429   0.953045
   577.17360    0.948666   0.953311
   577.18440    0.898935   0.953571
   577.19460    0.933906   0.953941
   577.20540    0.980972   0.954240
   577.21620    0.906625   0.954477
   577.22700    0.982897   0.954767
   577.23720    1.003265   0.955034
   577.24800    0.933090   0.955327
   577.25880    0.978904   0.955681
   577.26960    0.897465   0.955948
   577.28040    0.957047   0.956188
   577.29060    0.968236   0.956482
   577.30140    0.971911   0.956778
   577.31220    0.959731   0.957084
   577.32300    0.990525   0.957337
   577.33320    0.973342   0.957622
   577.34400    1.024581   0.957932
   577.35480    0.944810   0.958147
   577.36560    1.089924   0.958471
   577.37640    0.945066   0.958786
   577.38660    0.993388   0.959052
   577.39740    0.976618   0.959297
   577.40820    0.966524   0.959564
   577.41900    0.899270   0.959840
   577.42920    0.909625   0.960163
   577.44000    0.924147   0.960463
   577.45080    0.957027   0.960686
   577.46160    0.889356   0.960967
   577.47240    0.886355   0.961192
   577.48260    0.875014   0.961523
   577.49340    0.930424   0.961837
   577.50420    1.013789   0.962068
   577.51500    0.858083   0.962300
   577.52520    0.984426   0.962609
   577.53600    0.982259   0.962887
   577.54680    0.955894   0.963139
   577.55760    0.951224   0.963442
   577.56840    1.043767   0.963728
   577.57860    0.890986   0.963936
   577.58940    0.991874   0.964186
   577.60020    1.033099   0.964498
   577.61100    0.862790   0.964776
   577.62120    0.883575   0.965047
   577.63200    0.897263   0.965274
   577.64280    0.922216   0.965531
   577.65360    0.927977   0.965766
   577.66440    0.987142   0.966152
   577.67460    0.924065   0.966356
   577.68540    0.922733   0.966591
   577.69620    0.954779   0.966864
   577.70700    0.964711   0.967108
   577.71720    0.915403   0.967342
   577.72800    0.914488   0.967675
   577.73880    0.836803   0.967896
   577.74960    0.895134   0.968151
   577.76040    0.943869   0.968424
   577.77060    1.044761   0.968669
   577.78140    1.082648   0.968918
   577.79220    1.029580   0.969189
   577.80300    0.928113   0.969481
   577.81320    0.956826   0.969661
   577.82400    1.013488   0.969915
   577.83480    1.032183   0.970188
   577.84560    1.015413   0.970481
   577.85640    0.957338   0.970724
   577.86660    1.142093   0.970937
   577.87740    1.018513   0.971187
   577.88820    0.942915   0.971409
   577.89900    0.955351   0.971708
   577.90920    1.010349   0.971965
   577.92000    0.974804   0.972179
   577.93080    0.880848   0.972386
   577.94160    0.912059   0.972673
   577.95240    0.866083   0.972930
   577.96260    0.922750   0.973167
   577.97340    0.867596   0.973428
   577.98420    0.893800   0.973618
   577.99500    0.975079   0.973871
   578.00520    0.904074   0.974123
   578.01600    0.843496   0.974354
   578.02680    0.912675   0.974604
   578.03760    0.851679   0.974831
   578.04840    0.809876   0.975087
   578.05860    0.991710   0.975268
   578.06940    0.916946   0.975528
   578.08020    0.984456   0.975848
   578.09100    0.929719   0.976051
   578.10120    1.003492   0.976244
   578.11200    0.901191   0.976472
   578.12280    0.999993   0.976698
   578.13360    1.019939   0.976959
   578.14440    0.953520   0.977223
   578.15460    0.970967   0.977425
   578.16540    0.955866   0.977610
   578.17620    0.960792   0.977803
   578.18700    0.904803   0.978120
   578.19720    0.941026   0.978373
   578.20800    0.919667   0.978540
   578.21880    0.869519   0.978763
   578.22960    0.870690   0.978966
   578.24040    0.952803   0.979196
   578.25060    0.921018   0.979450
   578.26140    0.958487   0.979671
   578.27220    0.939632   0.979866
   578.28300    0.893239   0.980063
   578.29320    0.804294   0.980312
   578.30400    0.821319   0.980541
   578.31480    0.815398   0.980778
   578.32560    0.925047   0.980993
   578.33640    0.949166   0.981209
   578.34660    0.913208   0.981387
   578.35740    1.001580   0.981618
   578.36820    0.942253   0.981874
   578.37900    0.946345   0.982026
   578.38920    1.070185   0.982269
   578.40000    0.983738   0.982466
   578.41080    1.092971   0.982645
   578.42160    1.031975   0.982858
   578.43240    1.129526   0.983108
   578.44260    1.058521   0.983361
   578.45340    1.056354   0.983459
   578.46420    1.027068   0.983675
   578.47500    0.970662   0.983907
   578.48520    0.938459   0.984168
   578.49600    1.026831   0.984340
   578.50680    0.946225   0.984501
   578.51760    1.018325   0.984681
   578.52840    1.004476   0.984889
   578.53860    1.021506   0.985114
   578.54940    1.013498   0.985339
   578.56020    0.944575   0.985520
   578.57100    0.998317   0.985655
   578.58120    0.989061   0.985918
   578.59200    0.898443   0.986107
   578.60280    0.852050   0.986306
   578.61360    0.937918   0.986479
