    64.90685    1.015835   1.000000
    65.20910    0.989973   1.000000
    65.51194    1.003745   1.000000
    65.81592    0.987241   1.000000
    66.11947    1.015835   1.000000
    66.42173    1.052018   1.000000
    66.72485    1.000975   1.000000
    67.34016    1.016771   1.000000
    67.64256    0.987241   1.000000
    67.96080    1.033769   1.000000
    68.26464    1.005595   1.000000
    68.56805    0.966548   1.000000
    68.88139    0.960336   1.000000
    69.18365    1.013032   1.000000
    69.48648    0.996376   1.000000
    69.78802    0.984517   0.999768
    70.09459    0.953286   0.989409
    70.39843    0.955044   0.971918
    70.70141    0.987241   0.949666
    71.04254    0.911220   0.920957
    71.34595    0.872616   0.893626
    71.65440    0.863025   0.865233
    71.96789    0.806164   0.837484
    72.27029    0.827987   0.812913
    72.57298    0.800983   0.791836
    72.88862    0.809885   0.775136
    73.19765    0.761418   0.765227
    73.49990    0.765638   0.762434
    73.80158    0.766343   0.766957
    74.10427    0.782750   0.778346
    74.40797    0.800983   0.795573
    74.71123    0.806907   0.817391
    75.02458    0.816626   0.843240
    75.33374    0.849617   0.870606
    75.63658    0.906198   0.897718
    75.95035    0.965658   0.924954
    76.25189    0.946288   0.949143
    76.55429    0.952409   0.970306
    76.87642    0.980897   0.987966
    77.18314    0.982705   0.998424
    77.48712    1.017708   1.000000
    77.78981    0.980897   1.000000
    78.09437    0.982705   1.000000
    78.39691    1.018646   1.000000
    78.70090    0.970115   1.000000
    79.01510    1.026179   1.000000
    79.31693    1.001898   1.000000
    79.62077    1.056874   1.000000
    79.93397    0.961221   1.000000
    80.23723    1.029967   1.000000
    80.54410    0.973696   1.000000
    80.85312    1.052018   1.000000
    81.16776    0.963881   1.000000
