   310.01760    0.964393   0.999819
   310.02600    0.976235   0.999803
   310.03500    0.936167   0.999785
   310.04400    1.002648   0.999765
   310.05300    0.971061   0.999745
   310.06200    0.948378   0.999723
   310.07100    0.975669   0.999700
   310.07940    1.000837   0.999678
   310.08840    0.991601   0.999652
   310.09740    1.009200   0.999626
   310.10640    1.026556   0.999597
   310.11540    1.019986   0.999568
   310.12440    1.044065   0.999537
   310.13280    1.034161   0.999507
   310.14180    1.053153   0.999473
   310.15080    1.085289   0.999437
   310.15980    1.065211   0.999400
   310.16880    1.025325   0.999362
   310.17780    0.998826   0.999322
   310.18620    1.053857   0.999282
   310.19520    1.065640   0.999239
   310.20420    1.046471   0.999194
   310.21320    1.009250   0.999146
   310.22220    0.974210   0.999097
   310.23120    1.032817   0.999047
   310.23960    0.997351   0.998997
   310.24860    0.962856   0.998943
   310.25760    0.984453   0.998886
   310.26660    1.008230   0.998828
   310.27560    0.997540   0.998767
   310.28400    0.976672   0.998709
   310.29300    1.017349   0.998644
   310.30200    1.018230   0.998578
   310.31100    0.995607   0.998509
   310.32000    0.978013   0.998438
   310.32900    0.992037   0.998364
   310.33740    0.988130   0.998294
   310.34640    1.049220   0.998216
   310.35540    1.020601   0.998136
   310.36440    1.020755   0.998054
   310.37340    0.957366   0.997969
   310.38240    0.996589   0.997882
   310.39080    1.002495   0.997799
   310.39980    0.980297   0.997707
   310.40880    0.974150   0.997612
   310.41780    1.019916   0.997515
   310.42680    0.988995   0.997416
   310.43580    0.982303   0.997314
   310.44420    1.027037   0.997216
   310.45320    0.986787   0.997109
   310.46220    0.988940   0.996999
   310.47120    0.987639   0.996886
   310.48020    1.001724   0.996771
   310.48920    0.966139   0.996653
   310.49760    0.993549   0.996540
   310.50660    0.970321   0.996417
   310.51560    1.005546   0.996291
   310.52460    0.977775   0.996161
   310.53360    1.016090   0.996029
   310.54260    1.031205   0.995894
   310.55100    1.033779   0.995766
   310.56000    1.003888   0.995625
   310.56900    1.005252   0.995481
   310.57800    1.069371   0.995334
   310.58700    1.021974   0.995185
   310.59600    0.988267   0.995032
   310.60440    0.985995   0.994886
   310.61340    1.007713   0.994728
   310.62240    0.997023   0.994566
   310.63140    1.002083   0.994401
   310.64040    0.967407   0.994232
   310.64940    1.007539   0.994061
   310.65780    0.980129   0.993898
   310.66680    0.969742   0.993720
   310.67580    0.977286   0.993539
   310.68480    0.974895   0.993355
   310.69380    0.958814   0.993168
   310.70220    1.013361   0.992990
   310.71120    0.956333   0.992796
   310.72020    0.980291   0.992599
   310.72920    0.988138   0.992398
   310.73820    0.963759   0.992194
   310.74720    1.038902   0.991987
   310.75560    0.984476   0.991791
   310.76460    0.998683   0.991577
   310.77360    0.976484   0.991360
   310.78260    0.972700   0.991139
   310.79160    1.002414   0.990915
   310.80060    0.968040   0.990687
   310.80900    0.938934   0.990472
   310.81800    1.024739   0.990238
   310.82700    0.994969   0.990000
   310.83600    0.985248   0.989759
   310.84500    0.959113   0.989514
   310.85400    1.014206   0.989266
   310.86240    1.023383   0.989031
   310.87140    0.960600   0.988776
   310.88040    0.973777   0.988517
   310.88940    1.025902   0.988255
   310.89840    1.027934   0.987989
   310.90740    1.027178   0.987720
   310.91580    1.020727   0.987465
   310.92480    1.012703   0.987189
   310.93380    1.002438   0.986909
   310.94280    0.995261   0.986626
   310.95180    0.979847   0.986339
   310.96080    1.012650   0.986048
   310.96920    1.004866   0.985774
   310.97820    1.010531   0.985477
   310.98720    0.967496   0.985176
   310.99620    0.949538   0.984871
   311.00520    0.908561   0.984563
   311.01420    0.983039   0.984251
   311.02260    0.968652   0.983957
   311.03160    0.975408   0.983638
   311.04060    0.942064   0.983316
   311.04960    0.961419   0.982990
   311.05860    0.957090   0.982661
   311.06700    0.991586   0.982351
   311.07600    0.998827   0.982014
   311.08500    0.973842   0.981675
   311.09400    0.931655   0.981331
   311.10300    0.961913   0.980985
   311.11200    1.000349   0.980634
   311.12040    0.977603   0.980304
   311.12940    0.985692   0.979947
   311.13840    1.033213   0.979587
   311.14740    0.994297   0.979223
   311.15640    0.949807   0.978856
   311.16540    0.958199   0.978485
   311.17380    0.973675   0.978136
   311.18280    0.970194   0.977758
   311.19180    0.989125   0.977378
   311.20080    0.998001   0.976993
   311.20980    0.983132   0.976606
   311.21880    1.023506   0.976215
   311.22720    0.987556   0.975847
   311.23620    0.979471   0.975450
   311.24520    0.958969   0.975050
   311.25420    0.996193   0.974646
   311.26320    1.005008   0.974239
   311.27220    1.024424   0.973829
   311.28060    1.003314   0.973444
   311.28960    0.995411   0.973028
   311.29860    1.004711   0.972608
   311.30760    0.967248   0.972186
   311.31660    1.010227   0.971761
   311.32560    0.977246   0.971332
   311.33400    0.976307   0.970930
   311.34300    0.919400   0.970495
   311.35200    0.969587   0.970058
   311.36100    0.946783   0.969619
   311.37000    0.980131   0.969176
   311.37900    0.969805   0.968730
   311.38740    0.978739   0.968312
   311.39640    0.930192   0.967861
   311.40540    0.953666   0.967408
   311.41440    0.959876   0.966952
   311.42340    0.957183   0.966493
   311.43240    0.920689   0.966032
   311.44080    0.945433   0.965599
   311.44980    0.955884   0.965133
   311.45880    0.963912   0.964664
   311.46780    0.967881   0.964193
   311.47680    0.995414   0.963719
   311.48520    0.989084   0.963275
   311.49420    0.973609   0.962797
   311.50320    0.952077   0.962316
   311.51220    0.973007   0.961833
   311.52120    0.944691   0.961348
   311.53020    0.877183   0.960861
   311.53860    0.959291   0.960404
   311.54760    0.928249   0.959912
   311.55660    0.953661   0.959418
   311.56560    0.949090   0.958921
   311.57460    0.953544   0.958423
   311.58360    0.945701   0.957922
   311.59200    1.011575   0.957453
   311.60100    0.961210   0.956949
   311.61000    0.986441   0.956442
   311.61900    0.922144   0.955933
   311.62800    0.931868   0.955422
   311.63700    0.917362   0.954909
   311.64540    0.918543   0.954429
   311.65440    0.917182   0.953912
   311.66340    0.963008   0.953393
   311.67240    0.930997   0.952873
   311.68140    0.944415   0.952350
   311.69040    0.952383   0.951826
   311.69880    0.995602   0.951335
   311.70780    0.958502   0.950807
   311.71680    0.982946   0.950277
   311.72580    0.966805   0.949746
   311.73480    0.956539   0.949212
   311.74380    1.008544   0.948677
   311.75220    0.941519   0.948176
   311.76120    0.910537   0.947638
   311.77020    0.958847   0.947098
   311.77920    0.952458   0.946556
   311.78820    0.975326   0.946012
   311.79720    0.976146   0.945467
   311.80560    0.968665   0.944957
   311.81460    0.939501   0.944409
   311.82360    0.973272   0.943859
   311.83260    0.945319   0.943308
   311.84160    0.956134   0.942755
   311.85060    0.983909   0.942200
   311.85900    0.940568   0.941682
   311.86800    0.976520   0.941124
   311.87700    0.921067   0.940566
   311.88600    0.966045   0.940005
   311.89500    0.903020   0.939444
   311.90340    0.919889   0.938918
   311.91240    0.923617   0.938354
   311.92140    0.952663   0.937789
   311.93040    0.876009   0.937221
   311.93940    0.943218   0.936653
   311.94840    0.933437   0.936084
   311.95680    0.936072   0.935551
   311.96580    0.920839   0.934979
   311.97480    0.939286   0.934405
   311.98380    0.939258   0.933831
   311.99280    0.986961   0.933255
   312.00180    0.979603   0.932678
   312.01020    0.923542   0.932139
   312.01920    0.933993   0.931559
   312.02820    0.968794   0.930979
   312.03720    0.976277   0.930398
   312.04620    0.965527   0.929815
   312.05520    0.991727   0.929232
   312.06360    1.000480   0.928686
   312.07260    0.964350   0.928100
   312.08160    0.894722   0.927514
   312.09060    0.962718   0.926926
   312.09960    0.952574   0.926337
   312.10860    0.901906   0.925748
   312.11700    0.909871   0.925197
   312.12600    0.923169   0.924605
   312.13500    0.914175   0.924013
   312.14400    0.894158   0.923420
   312.15300    0.909576   0.922826
   312.16200    0.911062   0.922231
   312.17040    0.899037   0.921675
   312.17940    0.897374   0.921078
   312.18840    0.894195   0.920481
   312.19740    0.888836   0.919883
   312.20640    0.902922   0.919284
   312.21540    0.868366   0.918684
   312.22380    0.918975   0.918124
   312.23280    0.851953   0.917523
   312.24180    0.901655   0.916922
   312.25080    0.896296   0.916319
   312.25980    0.881609   0.915716
   312.26820    0.881033   0.915153
   312.27720    0.907657   0.914549
   312.28620    0.902420   0.913944
   312.29520    0.873013   0.913339
   312.30420    0.883524   0.912733
   312.31320    0.880346   0.912127
   312.32160    0.859054   0.911561
   312.33060    0.857269   0.910953
   312.33960    0.842643   0.910345
   312.34860    0.877323   0.909737
   312.35760    0.842889   0.909128
   312.36660    0.833774   0.908519
   312.37500    0.838832   0.907950
   312.38400    0.851100   0.907341
   312.39300    0.841622   0.906730
   312.40200    0.847166   0.906120
   312.41100    0.879484   0.905509
   312.42000    0.899324   0.904897
   312.42840    0.891904   0.904327
   312.43740    0.851775   0.903715
   312.44640    0.915834   0.903103
   312.45540    0.876796   0.902491
   312.46440    0.879796   0.901878
   312.47340    0.858204   0.901265
   312.48180    0.893790   0.900693
   312.49080    0.877831   0.900080
   312.49980    0.834553   0.899467
   312.50880    0.915996   0.898854
   312.51780    0.885742   0.898240
   312.52680    0.894073   0.897627
   312.53520    0.890710   0.897054
   312.54420    0.861243   0.896441
   312.55320    0.902768   0.895827
   312.56220    0.894805   0.895213
   312.57120    0.839594   0.894600
   312.58020    0.906620   0.893986
   312.58860    0.905924   0.893414
   312.59760    0.901594   0.892800
   312.60660    0.884848   0.892187
   312.61560    0.842054   0.891573
   312.62460    0.835666   0.890960
   312.63360    0.840786   0.890347
   312.64200    0.865227   0.889775
   312.65100    0.840424   0.889162
   312.66000    0.823072   0.888550
   312.66900    0.823589   0.887938
   312.67800    0.929443   0.887325
   312.68640    0.848849   0.886754
   312.69540    0.907820   0.886143
   312.70440    0.891194   0.885532
   312.71340    0.866694   0.884921
   312.72240    0.905069   0.884310
   312.73140    0.862761   0.883700
   312.73980    0.840560   0.883130
   312.74880    0.850163   0.882521
   312.75780    0.826390   0.881912
   312.76680    0.863856   0.881303
   312.77580    0.869158   0.880695
   312.78480    0.870220   0.880087
   312.79320    0.848020   0.879520
   312.80220    0.866042   0.878913
   312.81120    0.875887   0.878307
   312.82020    0.807956   0.877701
   312.82920    0.866987   0.877096
   312.83820    0.835824   0.876491
   312.84660    0.873470   0.875928
   312.85560    0.876955   0.875324
   312.86460    0.877714   0.874721
   312.87360    0.890285   0.874119
   312.88260    0.828411   0.873518
   312.89160    0.862425   0.872917
   312.90000    0.867240   0.872357
   312.90900    0.835895   0.871757
   312.91800    0.808185   0.871159
   312.92700    0.838019   0.870561
   312.93600    0.852710   0.869964
   312.94500    0.837780   0.869367
   312.95340    0.869127   0.868812
   312.96240    0.909986   0.868217
   312.97140    0.860408   0.867623
   312.98040    0.895331   0.867030
   312.98940    0.901663   0.866438
   312.99840    0.888914   0.865847
   313.00680    0.899241   0.865297
   313.01580    0.915144   0.864707
   313.02480    0.856904   0.864119
   313.03380    0.907273   0.863532
   313.04280    0.875807   0.862946
   313.05180    0.869297   0.862361
   313.06020    0.907912   0.861816
   313.06920    0.907097   0.861233
   313.07820    0.867514   0.860651
   313.08720    0.878267   0.860070
   313.09620    0.879208   0.859490
   313.10460    0.898803   0.858950
   313.11360    0.908830   0.858373
   313.12260    0.884270   0.857797
   313.13160    0.895387   0.857222
   313.14060    0.882093   0.856648
   313.14960    0.884184   0.856076
   313.15800    0.889787   0.855543
   313.16700    0.863470   0.854973
   313.17600    0.902693   0.854404
   313.18500    0.891035   0.853837
   313.19400    0.900395   0.853271
   313.20300    0.903456   0.852706
   313.21140    0.867626   0.852181
   313.22040    0.870203   0.851619
   313.22940    0.909668   0.851059
   313.23840    0.860515   0.850500
   313.24740    0.846494   0.849942
   313.25640    0.892441   0.849387
   313.26480    0.899558   0.848869
   313.27380    0.860399   0.848316
   313.28280    0.881147   0.847765
   313.29180    0.859676   0.847215
   313.30080    0.882484   0.846667
   313.30980    0.845384   0.846120
   313.31820    0.871946   0.845612
   313.32720    0.867011   0.845068
   313.33620    0.893514   0.844527
   313.34520    0.864046   0.843987
   313.35420    0.873104   0.843448
   313.36320    0.855085   0.842912
   313.37160    0.874862   0.842413
   313.38060    0.867262   0.841880
   313.38960    0.880439   0.841348
   313.39860    0.890102   0.840819
   313.40760    0.863906   0.840291
   313.41660    0.865816   0.839765
   313.42500    0.872570   0.839276
   313.43400    0.906523   0.838754
   313.44300    0.830838   0.838234
   313.45200    0.854555   0.837716
   313.46100    0.904075   0.837200
   313.46940    0.830024   0.836720
   313.47840    0.845624   0.836207
   313.48740    0.871157   0.835697
   313.49640    0.854774   0.835188
   313.50540    0.837422   0.834682
   313.51440    0.828913   0.834178
   313.52280    0.833425   0.833709
   313.53180    0.826128   0.833209
   313.54080    0.861838   0.832711
   313.54980    0.828131   0.832215
   313.55880    0.840702   0.831721
   313.56780    0.850183   0.831230
   313.57620    0.813990   0.830773
   313.58520    0.788279   0.830286
   313.59420    0.825867   0.829801
   313.60320    0.839043   0.829318
   313.61220    0.803095   0.828838
   313.62120    0.796585   0.828360
   313.62960    0.776020   0.827916
   313.63860    0.801008   0.827442
   313.64760    0.841201   0.826971
   313.65660    0.788292   0.826502
   313.66560    0.829211   0.826036
   313.67460    0.841297   0.825572
   313.68300    0.791899   0.825141
   313.69200    0.839906   0.824682
   313.70100    0.859564   0.824226
   313.71000    0.837366   0.823771
   313.71900    0.835338   0.823320
   313.72800    0.808233   0.822871
   313.73640    0.812140   0.822454
   313.74540    0.827558   0.822010
   313.75440    0.803603   0.821568
   313.76340    0.782919   0.821129
   313.77240    0.788827   0.820693
   313.78140    0.779591   0.820259
   313.78980    0.835712   0.819857
   313.79880    0.800915   0.819429
   313.80780    0.866488   0.819003
   313.81680    0.816789   0.818580
   313.82580    0.819547   0.818160
   313.83480    0.789716   0.817742
   313.84320    0.802346   0.817355
   313.85220    0.824972   0.816943
   313.86120    0.833302   0.816534
   313.87020    0.814799   0.816128
   313.87920    0.836274   0.815724
   313.88760    0.841271   0.815350
   313.89660    0.863171   0.814952
   313.90560    0.863687   0.814557
   313.91460    0.840217   0.814165
   313.92360    0.844489   0.813776
   313.93260    0.830166   0.813390
   313.94100    0.806451   0.813032
   313.95000    0.789341   0.812651
   313.95900    0.814632   0.812274
   313.96800    0.808546   0.811900
   313.97700    0.789679   0.811528
   313.98600    0.819211   0.811160
   313.99440    0.813184   0.810819
   314.00340    0.815639   0.810457
   314.01240    0.795742   0.810098
   314.02140    0.795593   0.809742
   314.03040    0.789749   0.809389
   314.03940    0.827640   0.809039
   314.04780    0.847962   0.808716
   314.05680    0.828368   0.808372
   314.06580    0.830218   0.808032
   314.07480    0.861082   0.807695
   314.08380    0.882800   0.807361
   314.09280    0.826862   0.807030
   314.10120    0.872019   0.806725
   314.11020    0.879744   0.806401
   314.11920    0.871599   0.806080
   314.12820    0.841586   0.805762
   314.13720    0.830352   0.805448
   314.14620    0.842257   0.805137
   314.15460    0.822721   0.804850
   314.16360    0.836322   0.804546
   314.17260    0.808309   0.804245
   314.18160    0.812641   0.803947
   314.19060    0.785355   0.803653
   314.19960    0.860801   0.803363
   314.20800    0.801893   0.803094
   314.21700    0.788054   0.802810
   314.22600    0.790025   0.802530
   314.23500    0.833851   0.802253
   314.24400    0.811592   0.801980
   314.25300    0.826465   0.801710
   314.26140    0.800570   0.801461
   314.27040    0.817017   0.801198
   314.27940    0.790882   0.800938
   314.28840    0.830166   0.800682
   314.29740    0.835225   0.800430
   314.30580    0.767655   0.800198
   314.31480    0.789979   0.799952
   314.32380    0.768628   0.799711
   314.33280    0.773325   0.799472
   314.34180    0.786380   0.799238
   314.35080    0.780658   0.799007
   314.35920    0.784564   0.798795
   314.36820    0.786535   0.798571
   314.37720    0.745680   0.798351
   314.38620    0.757585   0.798135
   314.39520    0.746471   0.797923
   314.40420    0.782181   0.797714
   314.41260    0.789601   0.797522
   314.42160    0.812227   0.797321
   314.43060    0.796329   0.797123
   314.43960    0.777220   0.796929
   314.44860    0.795727   0.796739
   314.45760    0.839796   0.796552
   314.46600    0.786461   0.796382
   314.47500    0.809632   0.796202
   314.48400    0.801244   0.796027
   314.49300    0.809333   0.795856
   314.50200    0.809547   0.795688
   314.51100    0.779050   0.795524
   314.51940    0.781927   0.795375
   314.52840    0.825814   0.795218
   314.53740    0.812399   0.795066
   314.54640    0.780691   0.794917
   314.55540    0.813736   0.794773
   314.56440    0.796686   0.794632
   314.57280    0.789447   0.794504
   314.58180    0.822916   0.794371
   314.59080    0.768190   0.794241
   314.59980    0.767798   0.794116
   314.60880    0.795997   0.793994
   314.61780    0.767378   0.793877
   314.62620    0.786004   0.793771
   314.63520    0.795122   0.793661
   314.64420    0.768744   0.793555
   314.65320    0.758721   0.793453
   314.66220    0.765537   0.793354
   314.67120    0.771203   0.793260
   314.67960    0.788617   0.793176
   314.68860    0.760362   0.793090
   314.69760    0.769177   0.793007
   314.70660    0.779022   0.792929
   314.71560    0.762942   0.792854
   314.72400    0.797983   0.792788
   314.73300    0.761793   0.792721
   314.74200    0.772365   0.792659
   314.75100    0.778818   0.792600
   314.76000    0.805320   0.792545
   314.76900    0.805050   0.792494
   314.77740    0.804353   0.792450
   314.78640    0.795420   0.792407
   314.79540    0.807809   0.792368
   314.80440    0.798150   0.792333
   314.81340    0.794669   0.792302
   314.82240    0.790703   0.792275
   314.83080    0.770562   0.792254
   314.83980    0.768171   0.792234
   314.84880    0.797703   0.792219
   314.85780    0.757090   0.792208
   314.86680    0.766511   0.792201
   314.87580    0.775205   0.792198
   314.88420    0.776992   0.792198
   314.89320    0.768665   0.792203
   314.90220    0.745558   0.792211
   314.91120    0.809798   0.792224
   314.92020    0.772517   0.792241
   314.92920    0.768794   0.792261
   314.93760    0.796748   0.792284
   314.94660    0.759406   0.792313
   314.95560    0.769494   0.792345
   314.96460    0.744751   0.792382
   314.97360    0.784399   0.792422
   314.98260    0.754810   0.792467
   314.99100    0.720495   0.792512
   315.00000    0.770682   0.792564
   315.00900    0.772411   0.792620
   315.01800    0.756512   0.792680
   315.02700    0.760602   0.792744
   315.03600    0.751003   0.792813
   315.04440    0.774354   0.792880
   315.05340    0.809337   0.792956
   315.06240    0.769028   0.793035
   315.07140    0.765062   0.793119
   315.08040    0.832028   0.793207
   315.08880    0.816733   0.793292
   315.09780    0.809860   0.793388
   315.10680    0.837029   0.793487
   315.11580    0.785452   0.793590
   315.12480    0.804141   0.793697
   315.13380    0.805990   0.793808
   315.14220    0.771494   0.793916
   315.15120    0.798966   0.794034
   315.16020    0.821652   0.794157
   315.16920    0.831073   0.794283
   315.17820    0.822201   0.794414
   315.18720    0.779953   0.794548
   315.19560    0.788706   0.794677
   315.20460    0.811756   0.794819
   315.21360    0.833352   0.794964
   315.22260    0.799342   0.795114
   315.23160    0.819121   0.795267
   315.24060    0.833388   0.795424
   315.24900    0.807735   0.795575
   315.25800    0.861011   0.795739
   315.26700    0.832150   0.795908
   315.27600    0.827518   0.796080
   315.28500    0.856020   0.796256
   315.29400    0.837213   0.796435
   315.30240    0.811500   0.796607
   315.31140    0.841334   0.796794
   315.32040    0.807263   0.796984
   315.32940    0.834190   0.797179
   315.33840    0.832708   0.797377
   315.34740    0.833164   0.797579
   315.35580    0.839494   0.797771
   315.36480    0.818386   0.797980
   315.37380    0.785769   0.798193
   315.38280    0.810636   0.798410
   315.39180    0.773840   0.798630
   315.40080    0.823360   0.798854
   315.40920    0.798858   0.799066
   315.41820    0.756973   0.799297
   315.42720    0.783779   0.799532
   315.43620    0.779268   0.799770
   315.44520    0.779361   0.800012
   315.45420    0.797565   0.800257
   315.46260    0.767793   0.800489
   315.47160    0.773761   0.800741
   315.48060    0.804444   0.800997
   315.48960    0.811079   0.801257
   315.49860    0.849938   0.801519
   315.50700    0.810535   0.801768
   315.51600    0.815474   0.802038
   315.52500    0.791822   0.802311
   315.53400    0.818143   0.802587
   315.54300    0.796005   0.802867
   315.55200    0.793432   0.803151
   315.56040    0.788738   0.803418
   315.56940    0.767690   0.803708
   315.57840    0.760393   0.804002
   315.58740    0.794952   0.804299
   315.59640    0.757671   0.804599
   315.60540    0.769212   0.804902
   315.61380    0.782811   0.805189
   315.62280    0.803135   0.805499
   315.63180    0.801956   0.805812
   315.64080    0.797142   0.806129
   315.64980    0.770885   0.806449
   315.65880    0.804475   0.806772
   315.66720    0.794329   0.807076
   315.67620    0.797572   0.807406
   315.68520    0.787851   0.807738
   315.69420    0.798968   0.808074
   315.70320    0.803847   0.808413
   315.71220    0.795217   0.808755
   315.72060    0.833287   0.809077
   315.72960    0.792977   0.809426
   315.73860    0.761693   0.809777
   315.74760    0.801522   0.810132
   315.75660    0.805370   0.810489
   315.76560    0.799527   0.810850
   315.77400    0.812641   0.811189
   315.78300    0.796439   0.811556
   315.79200    0.793261   0.811925
   315.80100    0.843811   0.812298
   315.81000    0.813254   0.812673
   315.81900    0.817890   0.813052
   315.82740    0.815194   0.813408
   315.83640    0.778882   0.813792
   315.84540    0.783518   0.814179
   315.85440    0.780339   0.814569
   315.86340    0.806055   0.814962
   315.87240    0.802331   0.815357
   315.88080    0.777466   0.815729
   315.88980    0.816568   0.816131
   315.89880    0.791401   0.816535
   315.90780    0.787436   0.816941
   315.91680    0.797402   0.817351
   315.92520    0.777019   0.817736
   315.93420    0.798676   0.818151
   315.94320    0.812276   0.818568
   315.95220    0.827634   0.818989
   315.96120    0.819791   0.819412
   315.97020    0.784872   0.819837
   315.97860    0.809798   0.820237
   315.98760    0.801047   0.820668
   315.99660    0.823370   0.821101
   316.00560    0.809713   0.821537
   316.01460    0.821799   0.821976
   316.02360    0.855086   0.822417
   316.03200    0.873955   0.822831
   316.04100    0.835704   0.823277
   316.05000    0.815808   0.823726
   316.05900    0.820323   0.824177
   316.06800    0.810542   0.824630
   316.07700    0.782468   0.825086
   316.08540    0.826717   0.825514
   316.09440    0.808637   0.825974
   316.10340    0.848345   0.826437
   316.11240    0.815365   0.826902
   316.12140    0.805463   0.827370
   316.13040    0.884544   0.827840
   316.13880    0.866462   0.828281
   316.14780    0.840872   0.828755
   316.15680    0.873977   0.829232
   316.16580    0.901146   0.829711
   316.17480    0.866106   0.830192
   316.18380    0.817619   0.830676
   316.19220    0.831944   0.831129
   316.20120    0.833673   0.831617
   316.21020    0.861750   0.832107
   316.21920    0.869233   0.832599
   316.22820    0.887498   0.833093
   316.23720    0.835921   0.833589
   316.24560    0.843826   0.834054
   316.25460    0.835620   0.834554
   316.26360    0.826203   0.835056
   316.27260    0.814908   0.835561
   316.28160    0.806520   0.836067
   316.29000    0.879723   0.836541
   316.29900    0.841897   0.837051
   316.30800    0.855679   0.837563
   316.31700    0.851108   0.838077
   316.32600    0.850231   0.838593
   316.33500    0.866013   0.839111
   316.34340    0.825155   0.839596
   316.35240    0.813618   0.840117
   316.36140    0.826795   0.840641
   316.37040    0.806292   0.841166
   316.37940    0.849029   0.841693
   316.38840    0.834948   0.842221
   316.39680    0.802086   0.842716
   316.40580    0.835010   0.843248
   316.41480    0.824684   0.843782
   316.42380    0.850036   0.844317
   316.43280    0.833895   0.844854
   316.44180    0.828839   0.845393
   316.45020    0.850251   0.845897
   316.45920    0.848224   0.846439
   316.46820    0.867095   0.846983
   316.47720    0.884935   0.847528
   316.48620    0.828271   0.848074
   316.49520    0.842477   0.848622
   316.50360    0.862496   0.849135
   316.51260    0.862771   0.849686
   316.52160    0.828397   0.850239
   316.53060    0.846177   0.850793
   316.53960    0.865290   0.851348
   316.54860    0.868533   0.851905
   316.55700    0.875468   0.852426
   316.56600    0.880104   0.852986
   316.57500    0.849183   0.853547
   316.58400    0.855273   0.854109
   316.59300    0.871417   0.854673
   316.60200    0.874963   0.855238
   316.61040    0.899404   0.855766
   316.61940    0.867999   0.856334
   316.62840    0.847254   0.856902
   316.63740    0.867942   0.857472
   316.64640    0.860705   0.858043
   316.65540    0.861706   0.858616
   316.66380    0.889479   0.859151
   316.67280    0.845111   0.859726
   316.68180    0.871311   0.860301
   316.69080    0.867951   0.860878
   316.69980    0.865378   0.861456
   316.70820    0.871708   0.861996
   316.71720    0.850600   0.862576
   316.72620    0.850693   0.863157
   316.73520    0.851997   0.863739
   316.74420    0.860328   0.864323
   316.75320    0.886164   0.864907
   316.76160    0.848518   0.865453
   316.77060    0.894343   0.866038
   316.77960    0.889954   0.866625
   316.78860    0.902706   0.867213
   316.79760    0.866031   0.867802
   316.80660    0.868789   0.868391
   316.81500    0.873059   0.868942
   316.82400    0.852678   0.869533
   316.83300    0.859979   0.870125
   316.84200    0.884362   0.870718
   316.85100    0.874702   0.871311
   316.86000    0.845235   0.871906
   316.86840    0.880882   0.872461
   316.87740    0.890727   0.873057
   316.88640    0.928134   0.873653
   316.89540    0.887824   0.874250
   316.90440    0.913781   0.874848
   316.91340    0.898973   0.875446
   316.92180    0.920688   0.876005
   316.93080    0.904063   0.876605
   316.93980    0.876897   0.877205
   316.94880    0.897282   0.877805
   316.95780    0.864544   0.878407
   316.96680    0.890381   0.879008
   316.97520    0.892349   0.879571
   316.98420    0.908676   0.880173
   316.99320    0.884478   0.880776
   317.00220    0.908861   0.881380
   317.01120    0.878182   0.881984
   317.02020    0.850048   0.882589
   317.02860    0.897447   0.883153
   317.03760    0.896873   0.883759
   317.04660    0.881762   0.884364
   317.05560    0.869255   0.884970
   317.06460    0.884188   0.885577
   317.07360    0.881434   0.886183
   317.08200    0.888370   0.886750
   317.09100    0.893793   0.887357
   317.10000    0.869172   0.887965
   317.10900    0.867629   0.888572
   317.11800    0.891709   0.889180
   317.12640    0.911244   0.889748
   317.13540    0.890257   0.890356
   317.14440    0.872177   0.890964
   317.15340    0.896924   0.891573
   317.16240    0.928515   0.892182
   317.17140    0.902379   0.892790
   317.17980    0.936088   0.893359
   317.18880    0.891174   0.893968
   317.19780    0.856316   0.894577
   317.20680    0.888028   0.895186
   317.21580    0.878429   0.895795
   317.22480    0.948545   0.896404
   317.23320    0.890606   0.896972
   317.24220    0.919532   0.897581
   317.25120    0.882372   0.898190
   317.26020    0.910026   0.898799
   317.26920    0.926958   0.899408
   317.27820    0.906516   0.900017
   317.28660    0.907516   0.900584
   317.29560    0.949949   0.901193
   317.30460    0.900250   0.901801
   317.31360    0.869208   0.902409
   317.32260    0.901526   0.903017
   317.33160    0.912159   0.903625
   317.34000    0.906556   0.904192
   317.34900    0.910949   0.904799
   317.35800    0.868095   0.905406
   317.36700    0.901564   0.906012
   317.37600    0.934912   0.906618
   317.38500    0.891634   0.907224
   317.39340    0.900992   0.907789
   317.40240    0.907203   0.908395
   317.41140    0.888881   0.909000
   317.42040    0.972989   0.909604
   317.42940    0.887189   0.910208
   317.43840    0.911329   0.910812
   317.44680    0.911117   0.911375
   317.45580    0.928473   0.911977
   317.46480    0.919904   0.912580
   317.47380    0.906610   0.913181
   317.48280    0.881867   0.913782
   317.49120    0.903704   0.914343
   317.50020    0.877387   0.914943
   317.50920    0.902799   0.915543
   317.51820    0.883629   0.916142
   317.52720    0.910799   0.916740
   317.53620    0.950567   0.917338
   317.54460    0.930002   0.917895
   317.55360    0.890783   0.918491
   317.56260    0.938971   0.919087
   317.57160    0.933430   0.919682
   317.58060    0.925770   0.920276
   317.58960    0.918896   0.920870
   317.59800    0.959874   0.921423
   317.60700    0.941734   0.922015
   317.61600    0.906937   0.922606
   317.62500    0.925323   0.923197
   317.63400    0.938620   0.923786
   317.64300    0.950646   0.924375
   317.65140    0.960671   0.924924
   317.66040    0.880806   0.925511
   317.66940    0.922271   0.926097
   317.67840    0.922424   0.926682
   317.68740    0.931361   0.927266
   317.69640    0.909829   0.927850
   317.70480    0.909132   0.928393
   317.71380    0.919885   0.928975
   317.72280    0.896536   0.929555
   317.73180    0.891723   0.930134
   317.74080    0.896237   0.930713
   317.74980    0.913654   0.931290
   317.75820    0.945849   0.931828
   317.76720    0.955149   0.932403
   317.77620    0.924106   0.932977
   317.78520    0.903422   0.933549
   317.79420    0.924595   0.934121
   317.80320    0.900034   0.934692
   317.81160    0.934409   0.935223
   317.82060    0.920146   0.935791
   317.82960    0.925993   0.936358
   317.83860    0.929660   0.936924
   317.84760    0.897770   0.937488
   317.85660    0.931481   0.938051
   317.86500    0.900316   0.938575
   317.87400    0.919247   0.939136
   317.88300    0.939632   0.939695
   317.89200    0.914405   0.940253
   317.90100    0.952356   0.940809
   317.90940    0.902473   0.941327
   317.91840    0.929400   0.941881
   317.92740    0.937973   0.942433
   317.93640    0.927466   0.942984
   317.94540    0.917624   0.943533
   317.95440    0.980350   0.944081
   317.96280    0.960512   0.944591
   317.97180    0.899789   0.945135
   317.98080    0.940708   0.945679
   317.98980    0.966181   0.946220
   317.99880    0.944589   0.946760
   318.00780    0.917484   0.947299
   318.01620    0.927933   0.947800
   318.02520    0.904704   0.948335
   318.03420    0.919456   0.948868
   318.04320    0.910160   0.949400
   318.05220    0.912554   0.949930
   318.06120    0.914283   0.950459
   318.06960    0.932242   0.950950
   318.07860    0.895204   0.951475
   318.08760    0.938122   0.951998
   318.09660    0.937912   0.952520
   318.10560    0.914381   0.953039
   318.11460    0.917442   0.953557
   318.12300    0.943761   0.954038
   318.13200    0.952334   0.954552
   318.14100    0.928500   0.955064
   318.15000    0.927623   0.955574
   318.15900    0.969149   0.956082
   318.16800    0.958277   0.956588
   318.17640    0.954794   0.957058
   318.18540    0.918906   0.957561
   318.19440    0.956797   0.958061
   318.20340    0.963129   0.958559
   318.21240    0.970914   0.959054
   318.22140    0.966888   0.959548
   318.22980    0.970553   0.960007
   318.23880    0.996934   0.960497
   318.24780    0.959471   0.960984
   318.25680    0.951871   0.961469
   318.26580    0.957900   0.961952
   318.27480    0.944788   0.962432
   318.28320    0.920589   0.962879
   318.29220    0.959267   0.963355
   318.30120    0.948941   0.963828
   318.31020    0.965873   0.964300
   318.31920    0.950822   0.964769
   318.32760    0.920626   0.965204
   318.33660    0.956033   0.965668
   318.34560    0.973692   0.966130
   318.35460    0.957249   0.966589
   318.36360    0.971273   0.967046
   318.37260    0.963855   0.967500
   318.38100    0.978544   0.967921
   318.39000    0.957254   0.968370
   318.39900    0.987694   0.968816
   318.40800    0.954290   0.969259
   318.41700    0.964619   0.969700
   318.42600    0.955808   0.970137
   318.43440    0.935364   0.970543
   318.44340    1.011355   0.970975
   318.45240    0.984311   0.971404
   318.46140    0.943820   0.971830
   318.47040    0.975653   0.972254
   318.47940    0.977381   0.972674
   318.48780    0.971233   0.973063
   318.49680    0.955879   0.973477
   318.50580    1.002311   0.973888
   318.51480    0.983565   0.974296
   318.52380    1.012430   0.974700
   318.53280    0.938563   0.975102
   318.54120    0.982085   0.975473
   318.55020    0.962975   0.975869
   318.55920    0.969792   0.976261
   318.56820    0.948078   0.976649
   318.57720    0.941992   0.977034
   318.58620    0.981821   0.977416
   318.59460    0.973311   0.977770
   318.60360    0.996118   0.978145
   318.61260    0.997604   0.978517
   318.62160    0.999514   0.978886
   318.63060    0.965565   0.979252
   318.63960    0.954754   0.979613
   318.64800    0.984465   0.979948
   318.65700    0.992493   0.980303
   318.66600    0.982591   0.980655
   318.67500    0.978323   0.981003
   318.68400    1.013730   0.981348
   318.69300    1.014489   0.981690
   318.70140    1.010642   0.982005
   318.71040    1.017216   0.982340
   318.71940    0.998471   0.982671
   318.72840    0.977060   0.982998
   318.73740    0.967037   0.983323
   318.74580    0.995718   0.983622
   318.75480    0.978729   0.983939
   318.76380    0.987302   0.984253
   318.77280    0.977400   0.984563
   318.78180    0.955626   0.984870
   318.79080    0.984915   0.985173
   318.79920    0.953750   0.985452
   318.80820    0.990490   0.985749
   318.81720    1.011965   0.986041
   318.82620    1.003880   0.986331
   318.83520    0.978047   0.986616
   318.84420    1.003702   0.986898
   318.85260    0.971871   0.987158
   318.86160    1.022482   0.987434
   318.87060    1.005674   0.987705
   318.87960    0.973057   0.987973
   318.88860    1.023850   0.988238
   318.89760    1.000501   0.988499
   318.90600    0.964793   0.988740
   318.91500    0.995051   0.988994
   318.92400    1.002716   0.989245
   318.93300    0.950594   0.989493
   318.94200    0.952504   0.989736
   318.95100    0.981187   0.989977
   318.95940    0.931486   0.990198
   318.96840    0.980704   0.990432
   318.97740    0.992427   0.990662
   318.98640    0.963142   0.990889
   318.99540    0.993703   0.991113
   319.00440    0.992524   0.991333
   319.01280    0.997642   0.991535
   319.02180    1.019481   0.991749
   319.03080    1.030174   0.991959
   319.03980    1.051407   0.992165
   319.04880    1.041565   0.992369
   319.05780    1.012764   0.992569
   319.06620    1.009342   0.992753
   319.07520    1.001015   0.992947
   319.08420    1.015948   0.993137
   319.09320    1.049356   0.993324
   319.10220    1.059383   0.993508
   319.11060    0.999324   0.993677
   319.11960    1.016196   0.993855
   319.12860    0.986365   0.994029
   319.13760    0.975494   0.994201
   319.14660    0.995637   0.994369
   319.15560    0.984705   0.994534
   319.16400    1.020958   0.994685
   319.17300    1.006210   0.994844
   319.18200    0.999519   0.995000
   319.19100    0.987497   0.995153
   319.20000    1.040955   0.995303
   319.20900    0.989802   0.995450
   319.21740    1.026116   0.995584
   319.22640    1.006946   0.995725
   319.23540    1.011946   0.995863
   319.24440    1.012099   0.995998
   319.25340    0.986266   0.996131
   319.26240    1.029669   0.996260
   319.27080    1.070405   0.996378
   319.27980    1.004896   0.996502
   319.28880    1.004989   0.996624
   319.29780    1.056509   0.996742
   319.30680    1.023831   0.996858
   319.31580    1.000966   0.996971
   319.32420    1.012990   0.997074
   319.33320    1.042582   0.997181
   319.34220    1.016568   0.997286
   319.35120    1.002244   0.997389
   319.36020    1.012755   0.997489
   319.36920    1.043438   0.997586
   319.37760    0.992162   0.997675
   319.38660    0.973416   0.997767
   319.39560    1.007370   0.997857
   319.40460    0.999224   0.997945
   319.41360    1.044202   0.998030
   319.42260    0.987113   0.998113
   319.43100    1.003983   0.998188
   319.44000    1.008740   0.998267
   319.44900    0.977213   0.998343
   319.45800    0.986453   0.998417
   319.46700    1.001386   0.998488
   319.47600    0.963075   0.998558
   319.48440    0.989212   0.998621
   319.49340    1.056844   0.998686
   319.50240    1.015808   0.998749
   319.51140    0.984826   0.998810
   319.52040    1.036285   0.998869
   319.52880    0.972955   0.998923
   319.53780    0.974260   0.998978
   319.54680    1.025537   0.999031
   319.55580    1.056644   0.999082
   319.56480    0.974417   0.999132
   319.57380    0.968634   0.999180
   319.58220    0.995559   0.999223
   319.59120    0.983052   0.999267
   319.60020    0.985386   0.999309
   319.60920    0.951376   0.999350
   319.61820    1.021007   0.999389
   319.62720    1.015830   0.999427
   319.63560    0.985876   0.999460
   319.64460    0.989482   0.999495
   319.65360    1.005687   0.999528
   319.66260    0.992696   0.999559
   319.67160    0.980371   0.999589
   319.68060    1.001604   0.999618
   319.68900    1.012962   0.999643
   319.69800    0.994034   0.999669
   319.70700    1.035196   0.999694
   319.71600    0.977804   0.999717
   319.72500    0.954092   0.999739
   319.73400    1.008640   0.999760
   319.74240    1.012062   0.999779
   319.75140    0.991984   0.999797
   319.76040    1.008916   0.999815
   319.76940    0.961519   0.999831
   319.77840    1.003347   0.999847
   319.78740    1.033606   0.999861
   319.79580    1.009043   0.999874
   319.80480    0.984421   0.999886
   319.81380    0.989360   0.999898
   319.82280    0.971160   0.999909
   319.83180    0.947871   0.999919
   319.84080    0.988185   0.999928
   319.84920    0.954414   0.999936
   319.85820    0.953235   0.999944
   319.86720    0.976709   0.999951
   319.87620    0.993157   0.999958
   319.88520    0.969263   0.999964
   319.89420    0.925863   0.999969
   319.90260    0.986407   0.999973
   319.91160    0.978746   0.999978
   319.92060    1.018575   0.999981
   319.92960    0.961365   0.999985
   319.93860    1.025302   0.999987
   319.94700    1.029451   0.999990
   319.95600    1.052138   0.999992
   319.96500    1.025397   0.999994
   319.97400    1.002350   0.999995
   319.98300    1.014982   0.999997
   319.99200    1.004898   0.999997
