  1425.29184    0.927562   1.000000
  1425.35851    0.872053   1.000000
  1425.42518    1.018926   1.000000
  1425.49186    0.912311   1.000000
  1425.54182    1.022687   1.000000
  1425.60850    0.993900   1.000000
  1425.65846    0.944806   1.000000
  1425.72514    1.102917   1.000000
  1425.77525    1.062045   1.000000
  1425.84192    1.010515   1.000000
  1425.89189    1.102917   1.000000
  1425.95856    0.989334   1.000000
  1426.02523    1.066947   1.000000
  1426.07520    1.018926   1.000000
  1426.14187    0.859296   1.000000
  1426.19184    1.022687   1.000000
  1426.25851    0.893188   1.000000
  1426.30848    0.933561   1.000000
  1426.37515    0.994816   1.000000
  1426.42526    0.993900   1.000000
  1426.49194    1.109029   1.000000
  1426.54190    0.943067   1.000000
  1426.60858    0.954427   1.000000
  1426.65854    1.096839   1.000000
  1426.72522    0.975759   1.000000
  1426.77518    1.115174   1.000000
  1426.84186    0.959716   1.000000
  1426.89182    1.022687   1.000000
  1426.94194    0.929272   1.000000
  1427.00846    0.984788   1.000000
  1427.05858    1.025517   1.000000
  1427.12525    0.945677   1.000000
  1427.17522    0.997569   1.000000
  1427.24189    0.940465   1.000000
  1427.29186    1.006799   1.000000
  1427.35853    1.006799   1.000000
  1427.40850    0.904780   1.000000
  1427.47517    1.247794   1.000000
  1427.54184    0.986604   1.000000
  1427.59181    1.051339   1.000000
  1431.07517    0.954427   0.952147
  1431.14184    0.950042   0.949528
  1431.20851    0.876885   0.946891
  1431.27518    0.864854   0.944244
  1431.34186    1.039783   0.941595
  1431.40853    0.754645   0.938951
  1431.47520    0.986604   0.936319
  1431.52517    0.896484   0.934358
  1431.62525    0.932702   0.930471
  1431.67522    0.877693   0.928556
  1431.74189    0.985695   0.926031
  1431.80856    0.983881   0.923547
  1431.85853    0.845167   0.921715
  1431.92520    0.767967   0.919315
  1431.97517    0.818357   0.917552
  1432.04184    1.018926   0.915251
  1432.09181    0.827452   0.913568
  1432.15848    0.857715   0.911381
  1432.20859    0.878502   0.909784
  1432.27526    0.908956   0.907726
  1432.32523    0.991158   0.906235
  1432.39190    0.901452   0.904318
  1432.44187    0.876885   0.902938
  1432.50854    0.993900   0.901175
  1432.57522    0.982071   0.899505
  1432.62518    0.926708   0.898318
  1432.69186    0.898965   0.896820
  1432.74182    0.959716   0.895765
  1432.80850    1.017051   0.894450
  1432.87517    1.013311   0.893243
  1432.92514    0.893188   0.892411
  1432.99181    0.867247   0.891400
  1433.04192    0.973964   0.890716
  1433.09189    0.894011   0.890099
  1433.15856    0.884184   0.889379
  1433.20853    0.998488   0.888918
  1433.27520    0.919058   0.888408
  1433.32517    1.074837   0.888106
  1433.39184    0.940465   0.887810
  1433.44181    0.802681   0.887669
  1433.50848    0.906448   0.887589
  1433.55859    0.826690   0.887610
  1433.62526    0.887448   0.887745
  1433.67523    0.860880   0.887928
  1433.74190    0.816851   0.888278
  1433.79187    0.814597   0.888621
  1433.85854    0.981167   0.889183
  1433.90851    0.908956   0.889683
  1433.97518    0.908119   0.890454
  1434.02515    0.903947   0.891108
  1434.09182    0.880122   0.892080
  1434.15850    0.801942   0.893165
  1434.20846    0.867247   0.894051
  1434.27514    0.800466   0.895326
  1434.34181    0.892365   0.896707
  1434.39192    0.885814   0.897811
  1434.45859    0.894835   0.899368
  1434.50856    0.818357   0.900597
  1434.57523    0.855348   0.902319
  1434.64190    0.849069   0.904130
  1434.69187    0.771512   0.905543
  1434.75854    0.894011   0.907501
  1434.82522    0.810854   0.909536
  1434.87518    0.879312   0.911110
  1434.94186    0.865651   0.913272
  1434.99182    0.833571   0.914935
  1435.05850    0.832804   0.917208
  1435.10846    0.919905   0.918950
  1435.17514    0.904780   0.921321
  1435.22525    0.898137   0.923135
  1435.29192    0.969489   0.925588
  1435.35859    1.033101   0.928081
  1435.40856    1.092805   0.929973
  1435.47523    1.125493   0.932523
  1435.52520    1.000329   0.934451
  1435.59187    1.003097   0.937041
  1437.42514    0.933561   0.993292
  1437.49181    0.975759   0.994234
  1437.55848    1.160226   0.995090
  1437.60859    1.038826   0.995678
  1437.72523    0.997569   0.996870
  1437.79190    0.898137   0.997445
  1437.84187    0.824409   0.997828
  1437.90854    0.903947   0.998279
  1437.97522    0.901452   0.998663
  1438.02518    0.939599   0.998911
  1438.09186    1.032150   0.999191
  1438.15853    1.058139   0.999419
  1438.20850    0.935282   0.999558
  1438.27517    1.063023   0.999706
  1438.32514    1.027408   0.999792
  1438.40851    1.002173   0.999895
  1438.45848    0.986604   0.999936
  1438.52515    1.048438   0.999971
  1438.59182    1.132773   0.999990
  1438.65850    0.975759   0.999998
  1438.70846    0.985695   1.000000
  1438.77514    1.035006   1.000000
  1438.84181    1.086783   1.000000
  1438.90848    0.977559   1.000000
  1438.95859    1.102917   1.000000
  1439.02526    1.055219   1.000000
  1439.09194    0.960600   1.000000
  1439.15846    0.995733   1.000000
  1439.20858    0.905613   1.000000
  1439.27525    0.999408   1.000000
  1439.32522    1.077811   1.000000
  1439.39189    0.996650   1.000000
  1439.45856    0.946548   1.000000
  1439.50853    1.038826   1.000000
  1439.57520    0.991158   1.000000
  1439.64187    1.042660   1.000000
  1439.69184    1.093812   1.000000
  1439.75851    0.968596   1.000000
  1439.80848    1.016115   1.000000
  1439.87515    1.185067   1.000000
  1439.94182    0.963258   1.000000
  1440.00850    1.077811   1.000000
  1440.07517    1.038826   1.000000
  1440.12514    0.967704   1.000000
  1440.19181    0.931843   1.000000
  1440.25848    0.940465   1.000000
  1440.30859    1.087784   1.000000
  1440.37526    1.001251   1.000000
  1440.45850    0.947420   1.000000
  1440.50846    1.074837   1.000000
  1440.57514    0.973067   1.000000
  1440.62525    1.005872   1.000000
  1440.69192    0.947420   1.000000
  1440.74189    1.052308   1.000000
  1440.79186    1.026462   1.000000
  1440.85853    1.116202   1.000000
  1440.92520    1.073848   1.000000
  1440.97517    0.990245   1.000000
  1441.02514    0.960600   1.000000
  1441.09181    0.877693   1.000000
  1441.15848    0.975759   1.000000
  1441.20859    1.023629   1.000000
  1441.27526    0.961486   1.000000
  1441.32523    0.804161   1.000000
  1441.39190    1.035959   1.000000
  1441.44187    1.021746   1.000000
  1441.50854    0.935282   1.000000
  1441.55851    1.051339   1.000000
  1441.62518    0.919058   1.000000
  1441.67515    0.959716   1.000000
  1441.74182    0.963258   1.000000
  1441.80850    0.993900   1.000000
  1441.85846    0.925855   1.000000
  1441.92514    1.094820   1.000000
  1441.97525    0.929272   1.000000
  1442.04192    1.023629   1.000000
  1442.09189    0.941332   1.000000
  1442.15856    1.008655   1.000000
  1442.22523    0.993900   1.000000
  1442.27520    0.978459   1.000000
  1442.34187    1.027408   1.000000
  1442.39184    0.966814   1.000000
  1442.45851    0.992071   1.000000
  1442.50848    0.921601   1.000000
  1442.57515    1.032150   1.000000
  1442.62526    0.953548   1.000000
  1442.69194    1.023629   1.000000
  1442.74190    0.979361   1.000000
  1442.80858    0.980263   1.000000
  1442.85854    1.015179   1.000000
  1442.92522    1.104950   1.000000
  1442.99189    1.061067   1.000000
  1443.04186    0.905613   1.000000
  1443.10853    1.032150   1.000000
  1443.15850    1.226148   1.000000
  1443.22517    0.965034   1.000000
  1443.27514    0.889903   1.000000
  1443.34181    1.066947   1.000000
