  1258.65417    1.113391   0.981845
  1258.88750    1.056447   0.971921
  1259.02083    0.926078   0.965426
  1259.15417    1.016360   0.958653
  1259.28750    1.035256   0.951353
  1259.50417    0.975995   0.938753
  1259.63750    0.968830   0.930600
  1259.77083    1.031449   0.922011
  1259.90417    0.917588   0.913205
  1260.03750    0.878714   0.904036
  1260.17083    0.895876   0.894729
  1260.30417    0.841488   0.885208
  1260.45417    0.877097   0.874172
  1260.58750    0.817048   0.864189
  1260.72083    0.898354   0.854090
  1260.85417    0.890118   0.843858
  1260.98750    0.772410   0.833504
  1261.12083    0.869056   0.823120
  1261.25417    0.890938   0.812652
  1261.38750    0.797715   0.802199
  1261.52083    0.883584   0.791758
  1261.65417    0.692864   0.781478
  1261.78750    0.748596   0.771066
  1261.92083    0.806580   0.760992
  1262.05417    0.771699   0.750918
  1262.18750    0.683987   0.741007
  1262.37083    0.776690   0.727903
  1262.50417    0.779557   0.718814
  1262.63750    0.712931   0.709944
  1262.82083    0.706395   0.698559
  1263.00417    0.736966   0.688162
  1263.13750    0.614112   0.681312
  1263.27083    0.703150   0.675105
  1263.40417    0.728195   0.669761
  1263.53750    0.648407   0.665174
  1263.67083    0.565259   0.661585
  1263.80417    0.630155   0.658912
  1263.93750    0.567346   0.657254
  1264.15417    0.602903   0.656816
  1264.28750    0.617515   0.657830
  1264.43750    0.680844   0.660383
  1264.60417    0.632481   0.664534
  1264.73750    0.631899   0.668966
  1264.87083    0.649603   0.674169
  1265.00417    0.675846   0.680191
  1265.13750    0.655613   0.686766
  1265.28750    0.707698   0.694916
  1265.42083    0.789674   0.702820
  1265.55417    0.655613   0.711240
  1265.68750    0.659246   0.719928
  1265.82083    0.738325   0.728980
  1266.17083    0.774547   0.754089
  1266.30417    0.716222   0.763942
  1266.53750    0.762514   0.781597
  1266.72083    0.835310   0.795618
  1267.02083    0.850056   0.818634
  1267.15417    0.884398   0.828716
  1267.28750    0.940693   0.838964
  1267.43750    0.868256   0.850222
  1267.60417    0.849274   0.862629
  1267.73750    0.911691   0.872406
  1267.92083    0.905832   0.885597
  1268.05417    0.876290   0.894850
  1268.18750    0.954658   0.903961
  1268.37083    0.936370   0.916073
  1268.50417    0.983213   0.924662
  1268.63750    0.969723   0.932899
  1268.77083    1.019173   0.940748
  1268.90417    0.985026   0.948333
  1269.03750    0.988662   0.955595
  1269.17083    0.983213   0.962406
  1269.30417    0.973302   0.968789
  1269.43750    1.034303   0.974778
  1269.57083    1.060346   0.980322
  1269.70417    0.952901   0.985241
  1269.85417    0.988662   0.990214
  1270.02083    1.014490   0.994748
  1270.15417    0.967938   0.997664
  1270.42083    1.009829   1.000000
  1270.57083    1.094077   1.000000
  1270.70417    1.022934   1.000000
  1270.83750    0.998729   1.000000
  1270.97083    0.959948   1.000000
  1271.15417    0.950271   1.000000
  1271.37083    0.959064   1.000000
  1271.55417    0.967938   1.000000
  1271.68750    0.989573   1.000000
  1271.85417    0.931210   1.000000
  1272.00417    0.986842   1.000000
  1272.17083    0.920127   1.000000
  1272.35417    0.915899   1.000000
  1272.48750    0.920975   1.000000
  1272.67083    0.996891   1.000000
  1272.80417    0.943295   1.000000
  1272.93750    0.812546   1.000000
  1273.07083    0.802875   1.000000
  1281.22083    1.038120   1.000000
  1281.40417    1.077079   1.000000
  1281.62083    0.999649   1.000000
  1281.85417    1.039077   1.000000
  1282.03750    1.037165   1.000000
  1282.17083    1.054503   1.000000
  1282.30417    1.033351   1.000000
  1282.52083    0.972406   1.000000
  1282.65417    1.031449   1.000000
  1282.78750    1.030499   1.000000
  1282.92083    0.986842   1.000000
  1283.10417    0.964379   1.000000
  1283.32083    1.057420   1.000000
  1283.47083    0.997810   1.000000
  1283.60417    0.979598   1.000000
  1283.73750    1.091058   1.000000
  1283.87083    0.904998   1.000000
  1284.03750    0.959064   1.000000
  1284.22083    1.011691   1.000000
  1284.35417    1.083048   1.000000
  1284.48750    1.072131   1.000000
  1284.62083    0.990485   1.000000
  1284.75417    1.041952   1.000000
  1285.12083    0.965268   1.000000
  1285.30417    1.051593   1.000000
  1285.43750    1.002415   1.000000
  1285.57083    0.988662   1.000000
  1285.83750    1.042912   1.000000
  1285.97083    1.011691   1.000000
  1286.10417    1.029551   1.000000
  1286.23750    0.997810   1.000000
  1286.37083    1.090053   1.000000
  1286.50417    0.953779   1.000000
  1286.68750    1.053532   1.000000
  1286.87083    0.967047   1.000000
  1287.00417    1.026710   1.000000
  1287.13750    1.079065   1.000000
  1287.32083    0.959064   1.000000
  1287.50417    0.916743   1.000000
  1287.63750    1.097104   1.000000
  1287.77083    0.883584   1.000000
  1287.90417    1.089050   1.000000
  1288.03750    1.007042   1.000000
  1288.25417    1.034303   1.000000
  1288.38750    0.992311   1.000000
  1288.52083    0.895876   1.000000
  1288.80417    1.031449   1.000000
  1288.93750    1.006115   1.000000
  1289.07083    0.960833   1.000000
  1289.20417    0.985026   1.000000
  1289.37083    0.909175   1.000000
  1289.55417    1.007970   1.000000
  1289.87083    0.967047   1.000000
  1290.05417    1.034303   1.000000
  1290.18750    0.979598   1.000000
  1290.45417    1.007042   1.000000
  1290.58750    0.934647   1.000000
  1290.72083    0.978696   1.000000
  1290.90417    0.946777   1.000000
  1291.08750    0.952901   1.000000
  1291.22083    1.012623   1.000000
  1291.48750    0.924374   1.000000
  1291.62083    0.959064   1.000000
  1291.75417    0.928641   1.000000
  1291.88750    0.943295   1.000000
  1292.02083    0.904165   1.000000
  1292.15417    1.053532   1.000000
  1292.28750    0.952901   1.000000
  1292.42083    0.904165   1.000000
