  1093.94483    1.001452   1.000000
  1093.96263    1.034881   1.000000
  1093.98043    1.027790   1.000000
  1093.99823    1.021307   1.000000
  1094.01602    1.026777   1.000000
  1094.03382    1.004288   1.000000
  1094.05162    0.972480   1.000000
  1094.06942    1.011582   1.000000
  1094.08720    0.988485   1.000000
  1094.10500    1.017255   1.000000
  1094.12280    1.009758   1.000000
  1094.14060    1.011784   1.000000
  1094.15838    0.996387   1.000000
  1094.17618    1.002667   1.000000
  1094.19398    1.003883   1.000000
  1094.21177    1.003275   1.000000
  1094.22957    1.023940   1.000000
  1094.24737    0.986662   1.000000
  1094.26517    1.011582   1.000000
  1094.28295    1.018673   1.000000
  1094.30075    0.988688   1.000000
  1094.31855    1.003478   1.000000
  1094.33635    1.005504   1.000000
  1094.35413    1.029005   1.000000
  1094.37193    1.005706   1.000000
  1094.38973    1.028803   1.000000
  1094.40752    1.008745   1.000000
  1094.42532    1.004086   1.000000
  1094.44312    0.983015   1.000000
  1094.46092    1.009961   1.000000
  1094.47870    0.979368   1.000000
  1094.49650    1.021914   1.000000
  1094.51430    1.048455   1.000000
  1094.53210    1.012595   1.000000
  1094.54988    1.025359   1.000000
  1094.56768    1.051494   1.000000
  1094.58548    0.995374   1.000000
  1094.60327    1.011987   1.000000
  1094.62107    1.019281   1.000000
  1094.63887    0.994766   1.000000
  1094.65667    1.002465   1.000000
  1094.67445    1.023738   1.000000
  1094.69225    1.036704   1.000000
  1094.71005    1.022320   1.000000
  1094.72785    1.017660   1.000000
  1094.74563    1.019078   1.000000
  1094.76343    1.037717   1.000000
  1094.78123    0.998615   1.000000
  1094.79902    1.055951   1.000000
  1094.81682    1.022725   1.000000
  1094.83462    1.019078   1.000000
  1094.85242    1.001654   1.000000
  1094.87020    0.973088   1.000000
  1094.88800    0.972277   1.000000
  1094.90580    0.981597   1.000000
  1094.92360    1.007732   1.000000
  1094.94138    0.988891   1.000000
  1094.95918    1.002667   1.000000
  1094.97698    0.997602   1.000000
  1094.99477    1.002667   1.000000
  1095.01257    1.001857   1.000000
  1095.03037    0.973290   1.000000
  1095.04817    0.996792   1.000000
  1095.06595    0.974709   1.000000
  1095.08375    1.021104   1.000000
  1095.10155    0.985244   0.999939
  1095.11935    0.991930   0.999682
  1095.13713    0.998210   0.999328
  1095.15493    0.984231   0.998865
  1095.17273    0.975114   0.998319
  1095.19053    0.973290   0.997714
  1095.20832    0.979571   0.997063
  1095.22612    1.002870   0.996343
  1095.24392    0.953638   0.995554
  1095.26170    0.972075   0.994769
  1095.27950    0.980989   0.993916
  1095.29730    0.992740   0.993019
  1095.31510    0.957285   0.992102
  1095.33288    0.976532   0.991133
  1095.35068    0.979774   0.990131
  1095.36848    0.979368   0.989109
  1095.38628    0.976937   0.988013
  1095.40407    0.977748   0.986912
  1095.42187    0.964579   0.985779
  1095.43967    0.991322   0.984620
  1095.45745    0.996995   0.983465
  1095.47525    0.967010   0.982239
  1095.49305    0.911903   0.981039
  1095.51085    0.983623   0.979770
  1095.52863    0.967010   0.978484
  1095.54643    0.981597   0.977163
  1095.56423    0.969644   0.975786
  1095.58203    0.951612   0.974429
  1095.59982    0.944521   0.973034
  1095.61762    0.966605   0.971640
  1095.63542    0.979571   0.970189
  1095.65320    0.979571   0.968738
  1095.67100    0.997197   0.967296
  1095.68880    0.958095   0.965772
  1095.70660    0.962755   0.964308
  1095.72438    0.960729   0.962740
  1095.74218    0.945129   0.961202
  1095.75998    0.952423   0.959661
  1095.77778    0.926287   0.958073
  1095.79557    0.953638   0.956501
  1095.81337    0.923856   0.954885
  1095.83117    0.930339   0.953237
  1095.84895    0.961134   0.951572
  1095.86675    0.940469   0.949935
  1095.88455    0.942900   0.948237
  1095.90235    0.906432   0.946564
  1095.92013    0.952423   0.944892
  1095.93793    0.943103   0.943167
  1095.95573    0.910282   0.941484
  1095.97353    0.958906   0.939717
  1095.99132    0.943508   0.937973
  1096.00912    0.950599   0.936245
  1096.02692    0.922640   0.934440
  1096.04470    0.940874   0.932698
  1096.06250    0.914131   0.930944
  1096.08030    0.941077   0.929114
  1096.09810    0.906838   0.927327
  1096.11588    0.904406   0.925526
  1096.13368    0.926692   0.923733
  1096.15148    0.914334   0.921927
  1096.16928    0.908256   0.920076
  1096.18707    0.907648   0.918234
  1096.20487    0.909877   0.916355
  1096.22267    0.912713   0.914513
  1096.24047    0.914739   0.912702
  1096.25825    0.917981   0.910860
  1096.27605    0.890427   0.908956
  1096.29385    0.917373   0.907069
  1096.31163    0.936215   0.905181
  1096.32943    0.919601   0.903375
  1096.34723    0.894479   0.901458
  1096.36503    0.895289   0.899672
  1096.38282    0.898126   0.897767
  1096.40062    0.871585   0.895889
  1096.41842    0.898531   0.893960
  1096.43622    0.848894   0.892054
  1096.45400    0.881310   0.890220
  1096.47180    0.863076   0.888355
  1096.48960    0.884349   0.886400
  1096.50738    0.879689   0.884596
  1096.52518    0.874624   0.882668
  1096.54298    0.908661   0.880771
  1096.56078    0.864494   0.878983
  1096.57857    0.870977   0.876982
  1096.59637    0.867938   0.875111
  1096.61417    0.850515   0.873283
  1096.63197    0.852338   0.871380
  1096.64975    0.879081   0.869576
  1096.66755    0.881918   0.867734
  1096.68535    0.871383   0.865743
  1096.70313    0.835725   0.863966
  1096.72093    0.851325   0.862101
  1096.73873    0.856390   0.860229
  1096.75653    0.838359   0.858418
  1096.77432    0.857808   0.856570
  1096.79212    0.849907   0.854720
  1096.80992    0.853351   0.852901
  1096.82772    0.865507   0.851057
  1096.84550    0.859834   0.849240
  1096.86330    0.836738   0.847407
  1096.88110    0.807361   0.845729
  1096.89888    0.859834   0.843824
  1096.91668    0.850110   0.842059
  1096.93448    0.816275   0.840314
  1096.95228    0.815465   0.838551
  1096.97007    0.818909   0.836745
  1096.98787    0.827013   0.834968
  1097.00567    0.821340   0.833297
  1097.02347    0.820733   0.831558
  1097.04125    0.806348   0.829785
  1097.05905    0.817491   0.828066
  1097.07685    0.813439   0.826422
  1097.09463    0.828026   0.824679
  1097.11243    0.804727   0.823036
  1097.13023    0.801891   0.821343
  1097.14803    0.794192   0.819704
  1097.16582    0.819922   0.818053
  1097.18362    0.811413   0.816401
  1097.20142    0.816883   0.814797
  1097.21922    0.826405   0.813177
  1097.23700    0.833091   0.811611
  1097.25480    0.817694   0.810013
  1097.27260    0.800270   0.808418
  1097.29040    0.795813   0.806871
  1097.30818    0.802701   0.805328
  1097.32598    0.800067   0.803791
  1097.34378    0.818707   0.802326
  1097.36157    0.815060   0.800784
  1097.37937    0.795813   0.799261
  1097.39717    0.764815   0.797811
  1097.41497    0.784265   0.796324
  1097.43275    0.777174   0.794955
  1097.45055    0.789937   0.793479
  1097.46835    0.805335   0.792100
  1097.48615    0.789735   0.790683
  1097.50393    0.802296   0.789316
  1097.52173    0.806551   0.787982
  1097.53953    0.805538   0.786631
  1097.55732    0.771096   0.785293
  1097.57512    0.804727   0.783968
  1097.59292    0.804930   0.782681
  1097.61072    0.799257   0.781418
  1097.62850    0.797231   0.780148
  1097.64630    0.772109   0.778893
  1097.66410    0.771298   0.777700
  1097.68190    0.770083   0.776540
  1097.69968    0.782036   0.775261
  1097.71748    0.788722   0.774152
  1097.73528    0.773932   0.773024
  1097.75307    0.792571   0.771899
  1097.77087    0.785278   0.770757
  1097.78867    0.773729   0.769677
  1097.80647    0.791963   0.768629
  1097.82425    0.774135   0.767585
  1097.84205    0.792774   0.766584
  1097.85985    0.774540   0.765493
  1097.87765    0.757116   0.764538
  1097.89543    0.760358   0.763539
  1097.91323    0.771501   0.762599
  1097.93103    0.763802   0.761675
  1097.94882    0.787709   0.760761
  1097.96662    0.768259   0.759896
  1097.98442    0.762586   0.759010
  1098.00222    0.783252   0.758238
  1098.02000    0.760155   0.757412
  1098.03780    0.762384   0.756567
  1098.05560    0.758332   0.755794
  1098.07340    0.768259   0.755021
  1098.09118    0.745163   0.754281
  1098.10898    0.735033   0.753631
  1098.12678    0.737464   0.752914
  1098.14457    0.764410   0.752258
  1098.16237    0.755901   0.751607
  1098.18017    0.777984   0.750984
  1098.19797    0.766436   0.750367
  1098.21575    0.754888   0.749746
  1098.23355    0.758332   0.749281
  1098.25135    0.753672   0.748709
  1098.26915    0.751443   0.748129
  1098.28693    0.781833   0.747737
  1098.30473    0.758737   0.747254
  1098.32253    0.764815   0.746820
  1098.34033    0.752659   0.746357
  1098.35812    0.771703   0.746016
  1098.37592    0.748810   0.745611
  1098.39372    0.759547   0.745270
  1098.41150    0.746378   0.744905
  1098.42930    0.769677   0.744604
  1098.44710    0.751443   0.744327
  1098.46490    0.750228   0.744128
  1098.48268    0.759750   0.743831
  1098.50048    0.733209   0.743652
  1098.51828    0.754482   0.743499
  1098.53608    0.760966   0.743234
  1098.55387    0.786493   0.743163
  1098.57167    0.742529   0.743035
  1098.58947    0.749215   0.742942
  1098.60725    0.745973   0.742899
  1098.62505    0.748202   0.742914
  1098.64285    0.756914   0.742846
  1098.66065    0.747999   0.742837
  1098.67843    0.757724   0.742895
  1098.69623    0.774135   0.742974
  1098.71403    0.747189   0.743053
  1098.73183    0.735438   0.743120
  1098.74962    0.717812   0.743278
  1098.76742    0.735843   0.743421
  1098.78522    0.733412   0.743590
  1098.80300    0.738477   0.743806
  1098.82080    0.736451   0.744023
  1098.83860    0.745365   0.744240
  1098.85640    0.764410   0.744496
  1098.87418    0.747999   0.744784
  1098.89198    0.736654   0.745109
  1098.90978    0.745365   0.745489
  1098.92758    0.750836   0.745820
  1098.94537    0.741516   0.746175
  1098.96317    0.756711   0.746645
  1098.98097    0.727537   0.747049
  1098.99875    0.754888   0.747449
  1099.01655    0.748607   0.748050
  1099.03435    0.753875   0.748515
  1099.05215    0.739895   0.749049
  1099.06993    0.765828   0.749589
  1099.08773    0.758332   0.750139
  1099.10553    0.750025   0.750725
  1099.12333    0.744352   0.751343
  1099.14112    0.761776   0.752029
  1099.15892    0.734425   0.752635
  1099.17672    0.757521   0.753362
  1099.19450    0.761979   0.754018
  1099.21230    0.755698   0.754837
  1099.23010    0.786493   0.755586
  1099.24790    0.766031   0.756377
  1099.26568    0.753267   0.757153
  1099.28348    0.742934   0.757932
  1099.30128    0.747594   0.758908
  1099.31908    0.760358   0.759697
  1099.33687    0.753469   0.760548
  1099.35467    0.769880   0.761508
  1099.37247    0.774135   0.762433
  1099.39027    0.780618   0.763381
  1099.40805    0.740098   0.764350
  1099.42585    0.770488   0.765323
  1099.44365    0.791153   0.766354
  1099.46143    0.768462   0.767432
  1099.47923    0.762789   0.768449
  1099.49703    0.782441   0.769499
  1099.51483    0.763599   0.770670
  1099.53262    0.771096   0.771712
  1099.55042    0.790545   0.772891
  1099.56822    0.753672   0.774050
  1099.58602    0.766233   0.775175
  1099.60380    0.776566   0.776409
  1099.62160    0.781428   0.777579
  1099.63940    0.772311   0.778801
  1099.65718    0.783657   0.780122
  1099.67498    0.785480   0.781337
  1099.69278    0.758737   0.782652
  1099.71058    0.782441   0.783990
  1099.72837    0.788317   0.785238
  1099.74617    0.805132   0.786599
  1099.76397    0.784872   0.787942
  1099.78177    0.798041   0.789359
  1099.79955    0.800878   0.790730
  1099.81735    0.804322   0.792117
  1099.83515    0.787911   0.793516
  1099.85293    0.808982   0.795020
  1099.87073    0.798447   0.796391
  1099.88853    0.817491   0.797871
  1099.90633    0.769070   0.799363
  1099.92412    0.794192   0.800891
  1099.94192    0.809792   0.802368
  1099.95972    0.807766   0.803897
  1099.97752    0.788317   0.805419
  1099.99530    0.792166   0.806936
  1100.01310    0.818707   0.808578
  1100.03090    0.820733   0.810097
  1100.04868    0.807969   0.811688
  1100.06648    0.821948   0.813273
  1100.08428    0.825798   0.814935
  1100.10208    0.825190   0.816568
  1100.11987    0.831065   0.818159
  1100.13767    0.836333   0.819855
  1100.15547    0.829039   0.821516
  1100.17327    0.829444   0.823172
  1100.19105    0.819314   0.824853
  1100.20885    0.805943   0.826527
  1100.22665    0.783859   0.828225
  1100.24443    0.823569   0.829944
  1100.26223    0.797231   0.831643
  1100.28003    0.826000   0.833384
  1100.29783    0.825190   0.835117
  1100.31562    0.850920   0.836788
  1100.33342    0.864292   0.838576
  1100.35122    0.855175   0.840342
  1100.36902    0.843221   0.842094
  1100.38680    0.822961   0.843862
  1100.40460    0.846058   0.845669
  1100.42240    0.846868   0.847396
  1100.44020    0.870370   0.849202
  1100.45798    0.891845   0.851025
  1100.47578    0.874219   0.852802
  1100.49358    0.842006   0.854591
  1100.51137    0.862873   0.856365
  1100.52917    0.873814   0.858185
  1100.54697    0.876042   0.859985
  1100.56477    0.826405   0.861814
  1100.58255    0.845450   0.863681
  1100.60035    0.850717   0.865487
  1100.61815    0.843221   0.867283
  1100.63595    0.841803   0.869122
  1100.65373    0.843424   0.870956
  1100.67153    0.886780   0.872746
  1100.68933    0.879689   0.874574
  1100.70712    0.872801   0.876482
  1100.72492    0.863481   0.878228
  1100.74272    0.881715   0.880135
  1100.76052    0.863481   0.881880
  1100.77830    0.851123   0.883872
  1100.79610    0.894479   0.885584
  1100.81390    0.890224   0.887355
  1100.83170    0.886172   0.889222
  1100.84948    0.854162   0.891030
  1100.86728    0.910890   0.892897
  1100.88508    0.897721   0.894598
  1100.90287    0.881310   0.896475
  1100.92067    0.890022   0.898331
  1100.93847    0.881513   0.900093
  1100.95627    0.895695   0.901911
  1100.97405    0.921020   0.903651
  1100.99185    0.896505   0.905417
  1101.00965    0.912510   0.907224
  1101.02745    0.900354   0.909070
  1101.04523    0.889819   0.910840
  1101.06303    0.890630   0.912594
  1101.08083    0.931960   0.914349
  1101.09862    0.897315   0.916079
  1101.11642    0.923046   0.917820
  1101.13422    0.922438   0.919630
  1101.15202    0.912510   0.921342
  1101.16980    0.924059   0.923007
  1101.18760    0.910687   0.924744
  1101.20540    0.930137   0.926456
  1101.22320    0.942495   0.928169
  1101.24098    0.927098   0.929861
  1101.25878    0.920817   0.931530
  1101.27658    0.941077   0.933203
  1101.29437    0.938443   0.934846
  1101.31217    0.915955   0.936452
  1101.32997    0.940267   0.938080
  1101.34777    0.930947   0.939708
  1101.36555    0.962147   0.941324
  1101.38335    0.932973   0.942968
  1101.40115    0.929731   0.944506
  1101.41895    0.956677   0.946069
  1101.43673    0.940267   0.947579
  1101.45453    0.941482   0.949162
  1101.47233    0.937835   0.950653
  1101.49013    0.928313   0.952227
  1101.50792    0.943508   0.953751
  1101.52572    0.938241   0.955218
  1101.54352    0.960527   0.956638
  1101.56130    0.961134   0.958109
  1101.57910    0.958095   0.959527
  1101.59690    0.913118   0.960926
  1101.61470    0.947965   0.962342
  1101.63248    0.957488   0.963741
  1101.65028    0.932163   0.965112
  1101.66808    0.962553   0.966453
  1101.68588    0.982205   0.967833
  1101.70367    0.947560   0.969131
  1101.72147    0.966402   0.970373
  1101.73927    0.978963   0.971640
  1101.75705    0.967820   0.972832
  1101.77485    0.953841   0.974090
  1101.79265    0.984433   0.975317
  1101.81045    0.967618   0.976472
  1101.82823    0.978963   0.977646
  1101.84603    0.941077   0.978817
  1101.86383    0.985244   0.979926
  1101.88163    0.955867   0.981065
  1101.89942    0.983826   0.982122
  1101.91722    0.948776   0.983183
  1101.93502    0.980989   0.984174
  1101.95280    0.969441   0.985155
  1101.97060    0.984433   0.986116
  1101.98840    0.972885   0.987026
  1102.00620    0.951612   0.987971
  1102.02398    0.959311   0.988847
  1102.04178    0.997805   0.989708
  1102.05958    1.020901   0.990536
  1102.07738    0.996589   0.991389
  1102.09517    0.983218   0.992163
  1102.11297    0.996995   0.992917
  1102.13077    0.980179   0.993630
  1102.14855    0.986662   0.994314
  1102.16635    1.008745   0.994964
  1102.18415    0.974101   0.995586
  1102.20195    0.997197   0.996175
  1102.21973    0.970657   0.996719
  1102.23753    0.959311   0.997218
  1102.25533    0.999426   0.997674
  1102.27313    0.994563   0.998121
  1102.29092    0.998413   0.998507
  1102.30872    1.003073   0.998859
  1102.32652    0.978558   0.999168
  1102.34430    1.009961   0.999440
  1102.36210    1.002060   0.999650
  1102.37990    0.973290   0.999816
  1102.39770    0.996387   0.999930
  1102.41548    1.005301   0.999989
  1102.43328    0.976329   1.000000
  1102.45108    0.995982   1.000000
  1102.46888    1.018875   1.000000
  1102.48667    0.994969   1.000000
  1102.50447    0.990917   1.000000
  1102.52227    0.985446   1.000000
  1102.54007    1.026777   1.000000
  1102.55785    0.997805   1.000000
  1102.57565    1.013405   1.000000
  1102.59345    1.042782   1.000000
  1102.61123    1.015229   1.000000
  1102.62903    1.000844   1.000000
  1102.64683    1.014013   1.000000
  1102.66463    1.024346   1.000000
  1102.68242    1.017862   1.000000
  1102.70022    1.042580   1.000000
  1102.71802    1.028398   1.000000
  1102.73582    0.990917   1.000000
  1102.75360    1.028195   1.000000
  1102.77140    1.058585   1.000000
  1102.78920    1.007125   1.000000
  1102.80698    0.988080   1.000000
  1102.82478    1.015634   1.000000
  1102.84258    0.968833   1.000000
  1102.86038    0.963363   1.000000
  1102.87817    1.031234   1.000000
  1102.89597    1.012190   1.000000
  1102.91377    1.007125   1.000000
  1102.93157    0.986865   1.000000
  1102.94935    1.036299   1.000000
  1102.96715    1.037312   1.000000
  1102.98495    0.996387   1.000000
  1103.00273    1.003883   1.000000
  1103.02053    1.034273   1.000000
  1103.03833    1.007125   1.000000
  1103.05613    1.010569   1.000000
  1103.07392    1.007327   1.000000
  1103.09172    1.010164   1.000000
  1103.10952    1.001452   1.000000
  1103.12732    1.022725   1.000000
  1103.14510    1.020496   1.000000
  1103.16290    1.033260   1.000000
  1103.18070    1.031234   1.000000
  1103.19848    1.018875   1.000000
  1103.21628    1.010366   1.000000
  1103.23408    0.969238   1.000000
  1103.25188    1.000439   1.000000
