   122.02327    0.882186   1.000000
   122.02438    0.843685   1.000000
   122.02493    0.989606   1.000000
   122.02605    1.351395   1.000000
   122.02717    1.207238   1.000000
   122.02772    1.027176   1.000000
   122.18678    0.641385   1.000000
   122.35360    1.058770   1.000000
   122.52045    1.238244   1.000000
   122.57605    0.900750   1.000000
   122.57717    1.059358   1.000000
   122.57772    1.047700   1.000000
   122.68668    0.927936   1.000000
   122.85355    1.107851   1.000000
   123.02037    0.925928   1.000000
   123.18667    0.543223   1.000000
   123.35348    0.900113   1.000000
   123.52030    1.396018   1.000000
   123.68715    0.879883   0.998372
   123.85342    0.797200   0.985377
   124.02027    1.173243   0.962988
   124.18708    1.082576   0.933534
   124.35337    0.941259   0.898230
   124.52020    0.257357   0.857961
   124.68702    1.056174   0.813745
   124.85385    1.153454   0.766565
   125.02012    0.383097   0.718009
   125.18697    0.550913   0.669258
   125.35380    0.592989   0.624163
   125.52007    0.514861   0.593286
   125.68688    0.242564   0.595915
   125.85372    0.669158   0.628545
   126.02055    0.774766   0.671716
   126.18683    0.648585   0.718287
   126.35367    0.435656   0.766118
   126.52050    0.832762   0.813474
   126.68678    1.173243   0.858729
   126.84527    0.894431   0.898933
   127.35355    0.892864   0.993602
   127.52038    1.165112   1.000000
   127.68720    1.035258   1.000000
   127.85350    1.086739   1.000000
   128.02030    1.073759   1.000000
   128.18715    0.673959   1.000000
   128.35342    0.984658   1.000000
   128.52027    0.939202   1.000000
   128.68708    1.067146   1.000000
   128.85393    1.042850   1.000000
   128.95347    1.451124   1.000000
