   139.15915    1.016765   1.000000
   139.23821    1.026173   1.000000
   139.31755    0.995453   1.000000
   139.39675    1.004664   1.000000
   139.47581    1.001891   1.000000
   139.55515    0.975485   1.000000
   139.63464    1.015829   1.000000
   139.71442    1.030910   1.000000
   139.79347    0.986326   1.000000
   139.87253    0.975485   1.000000
   139.95187    1.026173   1.000000
   140.03107    0.989055   1.000000
   140.11027    1.017702   1.000000
   140.19106    0.987235   1.000000
   140.27126    1.017702   1.000000
   140.35090    0.976384   1.000000
   140.43139    1.010231   1.000000
   140.51074    1.052012   1.000000
   140.59253    0.997288   1.000000
   140.67274    0.999127   1.000000
   140.75237    0.992706   1.000000
   140.83229    1.018640   1.000000
   140.91250    1.030910   1.000000
   140.99947    1.002815   1.000000
   141.07882    1.017702   1.000000
   141.15830    1.014894   1.000000
   141.23794    0.998207   1.000000
   141.31757    1.001891   1.000000
   141.39821    1.009301   1.000000
   141.47827    1.010231   1.000000
   141.55733    1.026173   1.000000
   141.63581    0.971898   1.000000
   141.71630    1.014894   1.000000
   141.79622    0.975485   1.000000
   141.87600    1.027119   1.000000
   141.95563    1.006516   1.000000
   142.03555    1.025228   1.000000
   142.11389    0.974587   1.000000
   142.43530    1.016765   1.000000
   142.52026    1.002815   1.000000
   142.59989    1.029961   1.000000
   142.67966    1.059792   1.000000
   142.75930    1.019578   1.000000
   142.83850    1.001891   1.000000
   142.91798    0.964763   1.000000
   142.99891    1.019578   1.000000
   143.07826    0.995453   1.000000
   143.15731    0.990879   1.000000
   143.23738    0.993621   1.000000
   143.31816    1.005589   1.000000
   143.39765    1.001891   1.000000
   143.47699    0.979988   1.000000
   143.55605    1.017702   1.000000
   143.63525    0.986326   1.000000
   143.71675    0.996370   1.000000
   143.79682    0.979988   1.000000
   143.87630    0.981795   1.000000
   143.95536    1.000969   1.000000
   144.03427    1.005589   1.000000
   144.11419    1.004664   1.000000
   144.19541    0.988145   1.000000
   144.27576    0.979086   1.000000
   144.35539    1.004664   1.000000
   144.43430    1.011162   1.000000
   144.51379    1.033762   1.000000
   144.59314    1.003739   1.000000
   144.67176    1.028065   1.000000
   144.75125    1.013026   1.000000
   144.83088    1.009301   1.000000
   144.91066    1.024285   1.000000
   144.98942    1.015829   1.000000
   145.06949    1.018640   1.000000
   145.14941    1.024285   1.000000
   145.22875    1.014894   1.000000
   145.30882    1.033762   1.000000
   145.38758    1.005589   1.000000
   145.46664    1.037578   1.000000
   145.54656    0.986326   1.000000
   145.62648    1.027119   1.000000
   145.70510    0.985418   1.000000
   145.78517    1.005589   1.000000
   145.86480    0.988145   1.000000
   145.94400    0.992706   1.000000
   146.02363    0.977284   1.000000
   146.10326    0.982699   1.000000
   146.18246    0.993621   1.000000
   146.26138    1.014894   1.000000
   146.34058    0.998207   1.000000
   146.41992    0.988145   1.000000
   146.49912    0.988145   1.000000
   146.57832    0.993621   1.000000
   146.65781    1.017702   1.000000
   146.73744    1.053951   1.000000
   146.81736    1.009301   1.000000
   146.89757    1.021458   1.000000
   146.97691    1.000969   1.000000
   147.05698    0.988145   1.000000
   147.13661    1.035668   1.000000
   147.21581    0.979086   1.000000
   147.29486    0.989967   1.000000
   147.37493    1.029012   1.000000
   147.45427    1.006516   0.999994
   147.53419    0.989055   0.999960
   147.61339    1.001891   0.999864
   147.69346    1.002815   0.999661
   147.77323    0.979988   0.999309
   147.85229    1.017702   0.998764
   147.93149    0.995453   0.997974
   148.01112    0.969216   0.996884
   148.09075    0.987235   0.995449
   148.17024    0.999127   0.993624
   148.25016    1.013026   0.991350
   148.32994    1.008372   0.988595
   148.41014    0.998207   0.985297
   148.48978    0.981795   0.981461
   148.56970    1.021458   0.977013
   148.64904    0.967432   0.971975
   148.72882    0.955038   0.966258
   148.80845    0.942802   0.959879
   148.88765    0.967432   0.952852
   148.96656    0.948027   0.945163
   149.04576    0.917108   0.936749
   149.12582    0.936743   0.927535
   149.20546    0.885565   0.917667
   149.28610    0.909538   0.906971
   149.36558    0.901199   0.895753
   149.44493    0.874220   0.883911
   149.52398    0.831803   0.871501
   149.60333    0.849612   0.858468
   149.68296    0.871005   0.844851
   149.76259    0.836413   0.830745
   149.84208    0.796564   0.816235
   149.92099    0.799504   0.801470
   150.00005    0.784189   0.786389
   150.47496    0.696339   0.693215
   150.55488    0.670534   0.677659
   150.63509    0.671152   0.662237
   150.71530    0.653462   0.647065
   150.95275    0.605927   0.604149
   151.03282    0.593227   0.590533
   151.11259    0.588330   0.577481
   151.19237    0.564444   0.564996
   151.27229    0.543526   0.553103
   151.35221    0.548051   0.541875
   151.43198    0.540531   0.531374
   151.51205    0.511471   0.521588
   151.59211    0.531644   0.512596
   151.67232    0.509121   0.504422
   151.75123    0.499828   0.497227
   151.83043    0.497532   0.490879
   151.90963    0.496159   0.485432
   151.98941    0.463042   0.480877
   152.06947    0.486206   0.477266
   152.15530    0.475577   0.474478
   152.22816    0.458375   0.473000
   152.30722    0.483972   0.472325
   152.38656    0.468188   0.472624
   152.46677    0.461765   0.473916
   152.54654    0.487103   0.476183
   152.62632    0.469052   0.479421
   152.70509    0.497074   0.483558
   152.78515    0.492063   0.488703
   152.86450    0.487103   0.494717
   152.94398    0.496616   0.501632
   153.02362    0.515728   0.509427
   153.10354    0.505849   0.518093
   153.18331    0.528227   0.527553
   153.26294    0.519064   0.537768
   153.34243    0.546538   0.548696
   153.42221    0.561850   0.560358
   153.50270    0.562886   0.572789
   153.58248    0.593227   0.585722
   153.66154    0.602588   0.599095
   153.74131    0.621185   0.613104
   153.82123    0.624052   0.627609
   153.90173    0.634484   0.642641
   153.98194    0.647471   0.657988
   154.06214    0.668684   0.673648
   154.14264    0.699553   0.689622
   154.22213    0.715848   0.705591
   154.30176    0.737939   0.721724
   154.38110    0.747516   0.737872
   154.46030    0.725138   0.753999
   154.53979    0.764928   0.770122
   154.61856    0.776999   0.785961
   154.69862    0.803194   0.801826
   154.77811    0.803934   0.817261
   154.85731    0.833337   0.832250
   154.93666    0.862225   0.846809
   155.01629    0.883122   0.860898
   155.09549    0.890473   0.874338
   155.17512    0.892937   0.887227
   155.25490    0.897885   0.899472
   155.33510    0.907864   0.911074
   155.41474    0.920493   0.921864
   155.49538    0.949775   0.932029
   155.57486    0.959446   0.941288
   155.65406    0.942802   0.949755
   155.73326    0.939335   0.957465
   155.81333    0.989055   0.964496
   155.89253    0.973690   0.970710
   155.97173    0.962101   0.976207
   156.05093    0.966542   0.981010
   156.13013    0.955918   0.985151
   156.21005    0.937607   0.988694
   156.28997    0.979988   0.991641
   156.36888    0.981795   0.994008
   156.44808    0.962987   0.995890
   156.52699    1.019578   0.997327
   156.60648    1.023342   0.998389
   156.68611    0.980891   0.999123
   156.76560    1.010231   0.999588
   156.84494    1.010231   0.999848
   156.92400    1.002815   0.999964
   157.00320    0.987235   0.999998
   157.08240    0.989055   1.000000
   157.16160    1.008372   1.000000
   157.24080    1.025228   1.000000
   157.32043    0.998207   1.000000
   157.39992    1.013960   1.000000
   157.47926    1.038534   1.000000
   157.55904    1.025228   1.000000
   157.63896    1.007443   1.000000
   157.71888    0.963875   1.000000
   157.79779    1.007443   1.000000
   157.87699    1.008372   1.000000
   157.95648    1.013960   1.000000
   158.03582    1.007443   1.000000
   158.11531    0.959446   1.000000
   158.19480    1.033762   1.000000
   158.27414    1.013960   1.000000
   158.35320    1.014894   1.000000
   158.43226    1.004664   1.000000
   158.51189    1.010231   1.000000
   158.59080    0.995453   1.000000
   158.67000    0.977284   1.000000
   158.74906    1.022399   1.000000
   158.82912    0.977284   1.000000
   158.90832    0.966542   1.000000
   158.98766    0.955038   1.000000
   159.06658    0.981795   1.000000
   159.14592    0.955038   1.000000
   159.22498    0.995453   1.000000
   159.30432    1.033762   1.000000
   159.38510    0.942802   1.000000
   159.46474    0.984511   1.000000
   159.54394    1.032810   1.000000
   159.62314    0.967432   1.000000
   159.70190    0.976384   1.000000
   159.78139    0.976384   1.000000
   159.86102    1.002815   1.000000
   159.94123    1.007443   1.000000
   160.02086    0.996370   1.000000
   160.10050    0.990879   1.000000
   160.17926    0.984511   1.000000
   160.25846    0.989055   1.000000
   160.33824    0.996370   1.000000
   160.41787    0.984511   1.000000
   160.49678    1.028065   1.000000
   160.57627    1.012093   1.000000
   160.65562    1.029961   1.000000
   160.73611    0.970109   1.000000
   160.81560    0.980891   1.000000
   160.89538    0.996370   1.000000
   160.97515    0.966542   1.000000
   161.05594    1.016765   1.000000
   161.13614    0.978184   1.000000
   161.21621    1.016765   1.000000
   161.29598    0.967432   1.000000
   161.37504    1.007443   1.000000
   161.45424    1.000969   1.000000
   161.53416    0.985418   1.000000
   161.61379    1.002815   1.000000
   161.69314    0.952403   1.000000
   161.77306    1.013026   1.000000
   161.85240    0.986326   1.000000
   161.93246    0.979086   1.000000
   162.01166    0.978184   1.000000
   162.09130    0.980891   1.000000
   162.17093    1.010231   1.000000
   162.25013    1.047178   1.000000
   162.33005    1.024285   1.000000
   162.40954    0.992706   1.000000
   162.48888    0.986326   1.000000
   162.56894    0.987235   1.000000
   162.64771    1.019578   1.000000
   162.72691    0.952403   1.000000
   162.80698    0.966542   1.000000
   162.88661    0.982699   1.000000
   162.96566    0.991792   1.000000
   163.04486    0.971003   1.000000
   163.12464    0.950650   1.000000
   163.20499    1.020518   1.000000
   163.28477    1.010231   1.000000
   163.36483    1.023342   1.000000
   163.44403    0.935019   1.000000
   163.52395    1.010231   1.000000
   163.60315    0.975485   1.000000
   163.68293    0.993621   1.000000
   163.76256    0.969216   1.000000
