   642.55020    1.009320   1.000000
   642.56640    0.982906   1.000000
   642.58320    1.007194   1.000000
   642.60000    1.023073   1.000000
   642.61680    1.038466   1.000000
   642.63360    1.008351   1.000000
   642.64980    1.046815   1.000000
   642.66660    1.077911   1.000000
   642.68340    1.037768   1.000000
   642.70020    1.041877   1.000000
   642.71640    1.077706   1.000000
   642.73320    1.035740   1.000000
   642.75000    1.087918   1.000000
   642.76680    0.993017   1.000000
   642.78360    1.070813   1.000000
   642.79980    1.004611   1.000000
   642.81660    1.062903   1.000000
   642.83340    1.040727   1.000000
   642.85020    1.066383   1.000000
   642.86640    1.038750   1.000000
   642.88320    1.022668   1.000000
   642.90000    1.067716   1.000000
   642.91680    1.100340   1.000000
   642.93360    1.040692   1.000000
   642.94980    1.136083   1.000000
   642.96660    1.043198   1.000000
   642.98340    1.078881   1.000000
   643.00020    1.038486   1.000000
   643.01640    1.052782   1.000000
   643.03320    1.017478   1.000000
   643.05000    0.987669   1.000000
   643.06680    0.959887   1.000000
   643.08360    1.097507   1.000000
   643.09980    1.101171   1.000000
   643.11660    1.110680   1.000000
   643.13340    1.071842   1.000000
   643.15020    1.045022   1.000000
   643.16640    1.051264   1.000000
   643.18320    1.005134   1.000000
   643.20000    1.022947   1.000000
   643.21680    1.012777   1.000000
   643.23360    1.074304   1.000000
   643.24980    1.063961   1.000000
   643.26660    1.035149   1.000000
   643.28340    1.077863   1.000000
   643.30020    0.985322   1.000000
   643.31640    1.014959   1.000000
   643.33320    1.019651   1.000000
   643.35000    1.045766   1.000000
   643.36680    1.069820   1.000000
   643.38360    1.018636   1.000000
   643.39980    1.028426   1.000000
   643.41660    1.005767   1.000000
   643.43340    1.001411   1.000000
   643.45020    0.983436   1.000000
   643.46640    0.987479   1.000000
   643.48320    1.005419   1.000000
   643.50000    0.984005   1.000000
   643.51680    0.989845   1.000000
   643.53360    0.987247   1.000000
   643.54980    0.972692   1.000000
   643.56660    1.004283   1.000000
   643.58340    0.988858   1.000000
   643.60020    0.942558   1.000000
   643.61640    0.961035   1.000000
   643.63320    1.037356   1.000000
   643.65000    0.988117   1.000000
   643.66680    0.992652   1.000000
   643.68360    1.007631   1.000000
   643.69980    0.986621   1.000000
   643.71660    0.995282   1.000000
   643.73340    0.990000   1.000000
   643.75020    0.963247   1.000000
   643.76640    0.994142   1.000000
   643.78320    0.990979   1.000000
   643.80000    1.014727   1.000000
   643.81680    1.002320   1.000000
   643.83360    1.040893   1.000000
   643.84980    0.978294   1.000000
   643.86660    0.967550   1.000000
   643.88340    0.938181   1.000000
   643.90020    0.965404   1.000000
   643.91640    0.952221   1.000000
   643.93320    0.981893   1.000000
   643.95000    1.009206   1.000000
   643.96680    0.935863   1.000000
   643.98360    0.954418   0.999999
   643.99980    0.992869   0.999931
   644.01660    1.005344   0.999705
   644.03340    0.991241   0.999346
   644.05020    0.942652   0.998854
   644.06640    0.928877   0.998259
   644.08320    0.907385   0.997548
   644.10000    0.863412   0.996638
   644.11680    0.901328   0.995778
   644.13360    0.953819   0.994654
   644.14980    0.945303   0.993594
   644.16660    0.946706   0.992322
   644.18340    0.964302   0.990987
   644.20020    0.917855   0.989665
   644.21640    0.975793   0.988160
   644.23320    0.906939   0.986633
   644.25000    0.922712   0.984974
   644.26680    0.896668   0.983319
   644.28360    0.921933   0.981560
   644.29980    0.894563   0.979722
   644.31660    0.911251   0.977914
   644.33340    0.915107   0.975896
   644.35020    0.940114   0.973867
   644.36640    0.927677   0.971896
   644.38320    0.892015   0.969747
   644.40000    0.899857   0.967587
   644.41680    0.918203   0.965429
   644.43360    0.931245   0.963071
   644.44980    0.924651   0.960855
   644.46660    0.925971   0.958572
   644.48340    0.910128   0.956023
   644.50020    0.913729   0.953618
   644.51640    0.940643   0.951270
   644.53320    0.920707   0.948703
   644.55000    0.890613   0.946164
   644.56680    0.854730   0.943576
   644.58360    0.859720   0.940893
   644.59980    0.937862   0.938346
   644.61660    0.882436   0.935651
   644.63340    0.904314   0.932975
   644.65020    0.899305   0.930222
   644.66640    0.957247   0.927567
   644.68320    0.954113   0.924790
   644.70000    0.933734   0.922011
   644.71680    0.911988   0.919182
   644.73360    0.894180   0.916427
   644.74980    0.899298   0.913656
   644.76660    0.898248   0.910811
   644.78340    0.839313   0.907916
   644.80020    0.836217   0.904950
   644.81640    0.872861   0.902152
   644.83320    0.835883   0.899279
   644.85000    0.861575   0.896386
   644.86680    0.887251   0.893496
   644.88360    0.859932   0.890558
   644.89980    0.842951   0.887799
   644.91660    0.817768   0.884966
   644.93340    0.862046   0.881952
   644.95020    0.776751   0.879141
   644.96640    0.829529   0.876360
   644.98320    0.819256   0.873475
   645.00000    0.864949   0.870550
   645.01680    0.881491   0.867778
   645.03360    0.827393   0.864949
   645.04980    0.866160   0.862254
   645.06660    0.837274   0.859505
   645.08340    0.838549   0.856788
   645.10020    0.828199   0.854044
   645.11640    0.873379   0.851405
   645.13320    0.818450   0.848755
   645.15000    0.809154   0.846120
   645.16680    0.856659   0.843548
   645.18360    0.846357   0.840919
   645.19980    0.823067   0.838547
   645.21660    0.889898   0.836118
   645.23340    0.865446   0.833598
   645.25020    0.845507   0.831283
   645.26640    0.885433   0.829016
   645.28320    0.894052   0.826777
   645.30000    0.870071   0.824513
   645.31680    0.884649   0.822361
   645.33360    0.909607   0.820231
   645.34980    0.901409   0.818242
   645.36660    0.874828   0.816252
   645.38340    0.973832   0.814389
   645.40020    0.927919   0.812535
   645.41640    0.907026   0.810845
   645.43320    0.862881   0.809089
   645.45000    0.879885   0.807477
   645.46680    0.815137   0.805941
   645.48360    0.837408   0.804484
   645.49980    0.829714   0.803176
   645.51660    0.826147   0.801835
   645.53340    0.858615   0.800631
   645.55020    0.840984   0.799517
   645.56640    0.823636   0.798492
   645.58320    0.788932   0.797540
   645.60000    0.782650   0.796697
   645.61680    0.845712   0.795906
   645.63360    0.820806   0.795221
   645.64980    0.902406   0.794639
   645.66660    0.848398   0.794158
   645.68340    0.788297   0.793803
   645.70020    0.765977   0.793484
   645.71640    0.808475   0.793331
   645.73320    0.839220   0.793237
   645.75000    0.767665   0.793249
   645.76680    0.754475   0.793342
   645.78360    0.799935   0.793540
   645.79980    0.799684   0.793817
   645.81660    0.771533   0.794200
   645.83340    0.766036   0.794679
   645.85020    0.792549   0.795255
   645.86640    0.790980   0.795944
   645.88320    0.809377   0.796699
   645.90000    0.832692   0.797582
   645.91680    0.855395   0.798519
   645.93360    0.809153   0.799548
   645.94980    0.867060   0.800676
   645.96660    0.832438   0.801867
   645.98340    0.823373   0.803195
   646.00020    0.894601   0.804572
   646.01640    0.794167   0.805987
   646.03320    0.752790   0.807518
   646.05000    0.811415   0.809200
   646.06680    0.794376   0.810972
   646.08360    0.804638   0.812682
   646.09980    0.809935   0.814501
   646.11660    0.818773   0.816424
   646.13340    0.832516   0.818430
   646.15020    0.792894   0.820525
   646.16640    0.837427   0.822519
   646.18320    0.803447   0.824753
   646.20000    0.832066   0.826971
   646.21680    0.830433   0.829363
   646.23360    0.816109   0.831669
   646.24980    0.846767   0.834028
   646.26660    0.824348   0.836507
   646.28340    0.776848   0.839017
   646.30020    0.818357   0.841581
   646.31640    0.819154   0.844080
   646.33320    0.795546   0.846754
   646.35000    0.835778   0.849426
   646.36680    0.804805   0.852202
   646.38360    0.809772   0.854921
   646.39980    0.849054   0.857669
   646.41660    0.918981   0.860531
   646.43340    0.811799   0.863373
   646.45020    0.837560   0.866198
   646.46640    0.780483   0.869063
   646.48320    0.889753   0.872012
   646.50000    0.855948   0.874945
   646.51680    0.875892   0.878011
   646.53360    0.806697   0.880940
   646.54980    0.886937   0.883832
   646.56660    0.900213   0.886807
   646.58340    0.858477   0.889779
   646.60020    0.847819   0.892817
   646.61640    0.909028   0.895786
   646.63320    0.899289   0.898803
   646.65000    0.918355   0.901865
   646.66680    0.939582   0.904833
   646.68360    0.894079   0.908036
   646.69980    0.894577   0.910924
   646.71660    0.947235   0.913926
   646.73340    0.901444   0.917034
   646.75020    0.879995   0.920004
   646.76640    0.879186   0.922811
   646.78320    0.877690   0.925839
   646.80000    0.903377   0.928847
   646.81680    0.941293   0.931811
   646.83360    0.925089   0.934760
   646.84980    0.925930   0.937557
   646.86660    0.899208   0.940402
   646.88340    0.919653   0.943262
   646.90020    0.919303   0.946122
   646.91640    0.878510   0.948813
   646.93320    0.832586   0.951617
   646.95000    0.943059   0.954380
   646.96680    0.897936   0.956998
   646.98360    0.895194   0.959755
   646.99980    0.911236   0.962275
   647.01660    0.996172   0.964743
   647.03340    0.931638   0.967367
   647.05020    0.968135   0.969784
   647.06640    0.992814   0.972159
   647.08320    1.056454   0.974556
   647.10000    1.004249   0.976787
   647.11680    0.961102   0.979104
   647.13360    1.024355   0.981219
   647.14980    0.960884   0.983289
   647.16660    0.922725   0.985281
   647.18340    0.922128   0.987212
   647.20020    0.982754   0.989137
   647.21640    0.912556   0.990769
   647.23320    0.918014   0.992513
   647.25000    0.925309   0.994003
   647.26680    0.957701   0.995448
   647.28360    0.950170   0.996715
   647.29980    0.942466   0.997886
   647.31660    0.949400   0.998817
   647.33340    1.014968   0.999557
   647.35020    0.925697   1.000000
   647.36640    0.973442   1.000000
   647.38320    1.002318   1.000000
   647.40000    0.971190   1.000000
   647.41680    0.991481   1.000000
   647.43360    0.996405   1.000000
   647.44980    0.961934   1.000000
   647.46660    0.963749   1.000000
   647.48340    0.940638   1.000000
   647.50020    0.923570   1.000000
   647.51640    0.940991   1.000000
   647.53320    0.943753   1.000000
   647.55000    0.984620   1.000000
   647.56680    0.964927   1.000000
   647.58360    1.002401   1.000000
   647.59980    0.906087   1.000000
   647.61660    0.964582   1.000000
   647.63340    1.008422   1.000000
   647.65020    0.998578   1.000000
   647.66640    0.964134   1.000000
   647.68320    0.988568   1.000000
   647.70000    0.955956   1.000000
   647.71680    0.898336   1.000000
   647.73360    0.883444   1.000000
   647.74980    0.936001   1.000000
   647.76660    0.895823   1.000000
   647.78340    0.922505   1.000000
   647.80020    0.895509   1.000000
   647.81640    0.949279   1.000000
   647.83320    0.939453   1.000000
   647.85000    0.970177   1.000000
   647.86680    0.947718   1.000000
   647.88360    0.995638   1.000000
   647.89980    1.000216   1.000000
   647.91660    0.999779   1.000000
   647.93340    0.974488   1.000000
   647.95020    1.016648   1.000000
   647.96640    1.023452   1.000000
   647.98320    1.021614   1.000000
   648.00000    0.981509   1.000000
   648.01680    1.007492   1.000000
   648.03360    0.964474   1.000000
   648.04980    1.016179   1.000000
   648.06660    1.013650   1.000000
   648.08340    1.030954   1.000000
   648.10020    0.912277   1.000000
   648.11640    1.051930   1.000000
   648.13320    1.075942   1.000000
   648.15000    0.978987   1.000000
   648.16680    1.063126   1.000000
   648.18360    1.050546   1.000000
   648.19980    1.108721   1.000000
   648.21660    1.088463   1.000000
   648.23340    1.071055   1.000000
   648.25020    1.107119   1.000000
   648.26640    1.161145   1.000000
   648.28320    1.124721   1.000000
   648.30000    1.127000   1.000000
   648.31680    1.206443   1.000000
   648.33360    1.091440   1.000000
   648.34980    1.163027   1.000000
   648.36660    1.188205   1.000000
   648.38340    1.086872   1.000000
   648.40020    1.034433   1.000000
   648.41640    1.009624   1.000000
   648.43320    1.140686   1.000000
   648.45000    1.120270   1.000000
   648.46680    1.067761   1.000000
   648.48360    1.110086   1.000000
   648.49980    1.146947   1.000000
   648.51660    1.155036   1.000000
