    40.00900    1.126179   1.000000
    40.02200    1.095392   1.000000
    40.03500    1.063480   1.000000
    40.04800    0.996971   1.000000
    40.06000    1.106267   1.000000
    40.07300    1.115383   1.000000
    40.08600    1.115287   1.000000
    40.09900    1.091802   1.000000
    40.11200    1.039659   1.000000
    40.12400    1.034790   1.000000
    40.13700    1.047169   1.000000
    40.15000    0.982537   1.000000
    40.16300    1.069417   1.000000
    40.17600    1.036316   1.000000
    40.18900    1.083119   1.000000
    40.20100    1.025674   1.000000
    40.21400    1.041786   1.000000
    40.22700    1.079847   1.000000
    40.24000    1.123441   1.000000
    40.25300    1.015874   1.000000
    40.26600    1.080556   1.000000
    40.27800    0.972576   1.000000
    40.29100    1.094420   1.000000
    40.30400    1.060520   1.000000
    40.31700    1.067297   1.000000
    40.33000    1.101225   1.000000
    40.34300    1.074024   1.000000
    40.35500    1.069977   1.000000
    40.36800    0.975511   1.000000
    40.38100    1.038636   1.000000
    40.39400    0.990755   1.000000
    40.40700    1.034615   1.000000
    40.42000    0.989649   1.000000
    40.43200    1.046929   1.000000
    40.44500    1.003274   1.000000
    40.45800    0.964988   1.000000
    40.47100    1.036057   1.000000
    40.48400    1.017929   1.000000
    40.49700    1.074874   1.000000
    40.50900    1.019628   1.000000
    40.52200    0.994399   1.000000
    40.53500    1.005396   1.000000
    40.54800    1.038366   1.000000
    40.56100    1.035394   1.000000
    40.57400    1.045883   1.000000
    40.58600    1.026629   1.000000
    40.59900    0.993831   1.000000
    40.61200    0.977324   1.000000
    40.62500    1.105168   1.000000
    40.63800    0.906554   1.000000
    40.65000    1.050170   1.000000
    40.66300    0.975141   1.000000
    40.67600    1.031679   1.000000
    40.68900    0.996853   1.000000
    40.70200    0.956082   1.000000
    40.71500    1.056514   1.000000
    40.72700    0.959446   1.000000
    40.74000    0.994633   1.000000
    40.75300    1.097094   1.000000
    40.76600    0.987101   1.000000
    40.77900    1.058980   1.000000
    40.79200    1.012842   1.000000
    40.80400    1.021232   1.000000
    40.81700    1.009847   1.000000
    40.83000    0.989376   1.000000
    40.84300    1.029494   1.000000
    40.85600    0.944383   1.000000
    40.86900    1.069159   1.000000
    40.88100    0.976247   1.000000
    40.89400    0.987988   1.000000
    40.90700    0.992483   1.000000
    40.92000    1.052075   1.000000
    40.93300    1.068687   1.000000
    40.94600    0.983948   1.000000
    40.95800    1.053747   1.000000
    40.97100    1.008713   1.000000
    40.98400    1.086291   1.000000
    40.99700    0.996432   1.000000
    41.01000    1.032087   1.000000
    41.02300    1.026263   1.000000
    41.03500    1.101127   1.000000
    41.04800    1.009082   1.000000
    41.06100    1.003383   1.000000
    41.07400    1.041233   1.000000
    41.08700    0.955019   1.000000
    41.10000    1.127518   1.000000
    41.11200    0.998362   1.000000
    41.12500    1.051540   1.000000
    41.13800    1.099347   1.000000
    41.15100    1.047452   1.000000
    41.16400    1.064018   1.000000
    41.17600    1.069873   1.000000
    41.18900    1.001509   1.000000
    41.20200    1.072666   1.000000
    41.21500    1.031535   1.000000
    41.22800    0.996581   1.000000
    41.24100    1.052640   1.000000
    41.25300    1.061389   1.000000
    41.26600    1.026379   1.000000
    41.27900    0.992507   1.000000
    41.29200    0.987808   1.000000
    41.30500    1.020384   1.000000
    41.31800    1.083831   1.000000
    41.33000    1.029730   1.000000
    41.34300    1.051889   1.000000
    41.35600    0.980016   1.000000
    41.36900    0.922395   1.000000
    41.38200    1.020766   1.000000
    41.39500    1.037903   1.000000
    41.40700    1.033961   1.000000
    41.42000    0.966862   1.000000
    41.43300    0.999712   1.000000
    41.61300    1.032443   1.000000
    41.66400    1.000806   1.000000
    41.71500    1.064911   1.000000
    41.77900    0.975079   1.000000
    41.83100    0.994922   1.000000
    41.88200    1.000134   1.000000
    41.94600    1.058259   1.000000
    41.99800    1.097102   1.000000
    42.04900    1.054541   1.000000
    42.11300    1.059006   1.000000
    42.16400    1.001799   1.000000
    42.21600    1.041555   1.000000
    42.28000    1.033318   1.000000
    42.33100    0.943199   1.000000
    42.34400    1.020349   1.000000
    42.35700    1.031784   1.000000
    42.37000    0.918463   1.000000
    42.38200    0.965192   1.000000
    42.39500    0.964192   1.000000
    42.40800    0.988816   1.000000
    42.42100    0.989648   1.000000
    42.43400    0.940673   1.000000
    42.44700    0.925686   1.000000
    42.45900    1.000564   1.000000
    42.47200    0.975450   1.000000
    42.48500    0.973526   1.000000
    42.49800    1.062125   1.000000
    42.51100    1.042309   1.000000
    42.52400    1.021894   1.000000
    42.53600    0.912083   1.000000
    42.54900    0.983153   1.000000
    42.56200    0.951276   1.000000
    42.57500    0.962866   1.000000
    42.58800    0.960061   1.000000
    42.60100    0.980927   1.000000
    42.61300    0.900439   1.000000
    42.62600    0.984434   1.000000
    42.63900    0.960588   1.000000
    42.65200    0.913804   1.000000
    42.66500    0.965827   1.000000
    42.67800    0.912753   1.000000
    42.69000    0.931751   1.000000
    42.70300    0.953818   1.000000
    42.71600    0.968177   1.000000
    42.72900    0.891154   1.000000
    42.74200    0.894421   1.000000
    42.75400    0.974289   1.000000
    42.76700    1.014370   1.000000
    42.78000    0.903454   1.000000
    42.79300    0.952259   1.000000
    42.80600    0.888910   1.000000
    42.81900    0.940490   1.000000
    42.83100    0.903929   1.000000
    42.84400    0.937654   1.000000
    42.85700    0.966229   1.000000
    42.87000    0.996599   1.000000
    42.88300    0.965129   1.000000
    42.89600    0.993600   1.000000
    42.90800    1.003846   1.000000
    42.92100    1.061999   1.000000
    42.93400    0.936991   1.000000
    42.94700    0.951125   1.000000
    42.96000    1.029277   1.000000
    42.97300    0.916612   1.000000
    42.98500    0.925207   1.000000
    42.99800    0.938287   1.000000
    43.01100    0.898355   1.000000
    43.02400    0.911064   1.000000
    43.03700    0.922210   1.000000
    43.05000    0.872983   1.000000
    43.06200    0.936931   1.000000
    43.07500    0.932427   1.000000
    43.08800    0.885995   1.000000
    43.10100    0.904499   1.000000
    43.11400    0.822035   1.000000
    43.12700    0.862574   1.000000
    43.13900    0.835184   1.000000
    43.15200    0.870583   1.000000
    43.16500    0.909167   1.000000
    43.17800    0.880325   1.000000
    43.19100    0.928938   1.000000
    43.20300    0.914054   1.000000
    43.21600    0.932269   1.000000
    43.22900    0.956242   1.000000
    43.24200    0.921571   1.000000
    43.25500    0.940826   1.000000
    43.26800    0.930127   1.000000
    43.28000    0.927406   1.000000
    43.29300    0.949473   1.000000
    43.30600    0.978501   1.000000
    43.31900    0.991419   1.000000
    43.33200    0.982011   1.000000
    43.34500    0.990293   1.000000
    43.35700    0.906894   1.000000
    43.37000    1.002333   1.000000
    43.38300    0.880481   1.000000
    43.39600    0.957724   1.000000
    43.40900    0.963984   1.000000
    43.42200    0.985063   1.000000
    43.43400    0.937732   1.000000
    43.44700    0.882515   1.000000
    43.46000    1.001670   1.000000
    43.47300    0.949942   1.000000
    43.48600    0.971649   1.000000
    43.49900    0.955156   1.000000
    43.51100    0.953263   1.000000
    43.52400    1.010702   1.000000
    43.53700    0.976800   1.000000
    43.55000    0.930690   1.000000
    43.56300    0.910539   1.000000
    43.57600    0.969151   1.000000
    43.58800    0.952696   1.000000
    43.60100    0.991215   1.000000
    43.61400    0.957930   1.000000
    43.62700    0.893818   1.000000
    43.64000    1.006036   1.000000
    43.65200    1.039783   1.000000
    43.66500    1.007756   1.000000
    43.67800    0.948433   1.000000
    43.69100    0.945645   1.000000
    43.70400    1.004614   1.000000
    43.71700    0.967196   1.000000
    43.72900    1.013977   1.000000
    43.74200    0.995816   1.000000
    43.75500    1.069917   1.000000
    43.76800    1.060762   1.000000
    43.78100    1.007855   1.000000
    43.79400    0.995433   1.000000
    43.80600    0.986897   1.000000
    43.81900    1.011398   1.000000
    43.83200    0.959958   1.000000
    43.84500    0.995058   1.000000
    43.85800    1.030436   1.000000
    43.87100    1.005286   1.000000
    43.88300    1.004246   1.000000
    43.89600    1.044885   1.000000
    43.90900    1.099531   1.000000
    43.92200    0.968438   1.000000
    43.93500    1.032798   1.000000
    43.94800    1.069507   1.000000
    43.96000    0.981100   1.000000
    43.97300    0.964395   1.000000
    43.98600    1.031445   1.000000
    43.99900    1.014870   1.000000
    44.01200    1.002345   1.000000
    44.02500    1.099717   1.000000
    44.03700    1.056777   1.000000
    44.05000    1.023187   1.000000
    44.06300    0.998175   1.000000
    44.07600    1.000924   1.000000
    44.08900    0.996092   1.000000
    44.10200    1.035487   1.000000
    44.11400    0.999695   1.000000
    44.12700    1.037267   1.000000
    44.14000    0.996662   1.000000
    44.15300    0.971340   1.000000
    44.16600    1.049840   1.000000
    44.17800    0.985093   1.000000
    44.19100    1.001027   1.000000
    44.20400    1.028863   1.000000
    44.21700    1.070565   1.000000
    44.23000    1.049368   1.000000
    44.24300    1.088788   1.000000
    44.25500    0.998657   1.000000
    44.26800    1.084486   1.000000
    44.28100    1.002267   1.000000
    44.29400    0.948398   1.000000
    44.30700    0.990713   1.000000
    44.32000    1.130252   1.000000
    44.33200    1.053604   1.000000
    44.34500    1.078792   1.000000
    44.35800    1.007428   1.000000
    44.37100    1.085785   1.000000
    44.38400    1.011073   1.000000
    44.39700    1.080457   1.000000
    44.40900    1.010889   1.000000
    44.42200    0.979560   1.000000
    44.43500    0.985073   1.000000
    44.44800    1.020255   1.000000
    44.46100    1.022101   1.000000
    44.47400    1.061593   1.000000
    44.48600    1.007443   1.000000
    44.49900    1.015042   1.000000
    44.51200    1.001518   1.000000
    44.52500    0.936818   1.000000
    44.53800    0.974984   1.000000
    44.55100    0.996477   1.000000
    44.56300    1.051903   1.000000
    44.57600    0.975633   1.000000
    44.58900    0.990521   1.000000
    44.60200    0.992314   1.000000
    44.61500    0.902791   1.000000
    44.62800    1.012163   1.000000
    44.64000    0.988260   1.000000
    44.65300    1.023605   1.000000
    44.66600    1.017680   1.000000
    44.67900    0.964701   1.000000
    44.69200    1.001145   1.000000
    44.70400    1.017400   1.000000
    44.71700    1.031939   1.000000
    44.73000    1.021092   1.000000
    44.74300    1.110138   1.000000
    44.75600    1.027729   1.000000
    44.76900    1.092158   1.000000
    44.78100    1.064384   1.000000
    44.79400    1.052203   1.000000
    44.80700    1.094997   1.000000
    44.82000    0.931078   1.000000
    44.83300    1.060967   1.000000
    44.84600    1.014418   1.000000
    44.85800    1.033852   1.000000
    44.87100    1.009410   1.000000
    44.88400    1.025808   1.000000
    44.89700    1.072682   1.000000
    44.91000    1.000494   1.000000
    44.92300    0.963825   1.000000
    44.93500    0.978582   1.000000
    44.94800    1.082565   1.000000
    44.96100    1.010674   1.000000
    44.97400    1.000023   1.000000
    44.98700    0.923637   1.000000
    45.00000    0.959580   1.000000
    45.01200    1.027803   1.000000
    45.02500    0.991090   1.000000
    45.03800    1.008180   1.000000
    45.05100    0.932051   0.999999
    45.06400    0.895180   0.999998
    45.07700    0.931860   0.999996
    45.08900    0.877135   0.999994
    45.10200    0.901796   0.999991
    45.11500    0.994222   0.999986
    45.12800    1.095761   0.999979
    45.14100    0.994981   0.999971
    45.15400    0.984474   0.999961
    45.16600    1.110191   0.999950
    45.17900    1.066528   0.999936
    45.19200    1.009938   0.999918
    45.20500    1.011774   0.999898
    45.21800    1.035148   0.999875
    45.23000    1.064119   0.999850
    45.24300    1.080392   0.999820
    45.25600    1.062913   0.999786
    45.26900    1.087438   0.999747
    45.28200    0.933032   0.999705
    45.29500    1.076922   0.999657
    45.30700    0.977713   0.999608
    45.32000    0.995567   0.999551
    45.33300    1.007934   0.999487
    45.34600    0.997283   0.999418
    45.35900    0.993375   0.999343
    45.37200    0.916389   0.999261
    45.38400    0.927815   0.999180
    45.39700    0.907442   0.999085
    45.41000    0.878992   0.998983
    45.42300    0.912499   0.998873
    45.43600    0.775122   0.998756
    45.44900    0.808737   0.998631
    45.46100    0.757853   0.998507
    45.47400    0.762180   0.998366
    45.48700    0.814735   0.998215
    45.50000    0.680677   0.998056
    45.51300    0.818490   0.997887
    45.52600    0.806608   0.997708
    45.53800    0.934733   0.997534
    45.55100    0.896760   0.997336
    45.56400    0.810239   0.997128
    45.57700    0.870177   0.996908
    45.59000    0.958912   0.996678
    45.60300    1.031324   0.996437
    45.61500    0.963344   0.996203
    45.62800    0.910989   0.995939
    45.64100    0.972448   0.995664
    45.65400    0.978910   0.995375
    45.66700    0.997787   0.995075
    45.68000    1.043676   0.994761
    45.69200    1.042588   0.994460
    45.70500    1.039500   0.994122
    45.71800    1.017712   0.993769
    45.73100    0.924369   0.993403
    45.74400    0.956857   0.993024
    45.75600    1.047122   0.992660
    45.76900    1.030101   0.992253
    45.78200    0.979849   0.991831
    45.79500    0.984472   0.991394
    45.80800    1.034765   0.990942
    45.82100    1.066898   0.990475
    45.83300    0.956202   0.990030
    45.84600    1.107300   0.989532
    45.85900    0.942302   0.989019
    45.87200    0.974489   0.988489
    45.88500    1.056253   0.987943
    45.89800    1.065309   0.987381
    45.91000    0.908912   0.986847
    45.92300    0.986371   0.986252
    45.93600    1.006390   0.985639
    45.94900    1.149710   0.985010
    45.96200    0.990838   0.984362
    45.97500    1.007071   0.983698
    45.98700    1.079042   0.983068
    46.00000    1.009795   0.982368
    46.01300    1.044227   0.981650
    46.02600    1.029197   0.980914
    46.03900    0.957449   0.980159
    46.05200    1.003603   0.979385
    46.06400    1.014188   0.978654
    46.07700    0.985237   0.977844
    46.09000    0.992758   0.977015
    46.10300    1.004194   0.976166
    46.11600    1.044471   0.975297
    46.12900    1.063608   0.974409
    46.14100    1.060460   0.973572
    46.15400    0.992287   0.972646
    46.16700    0.985523   0.971699
    46.18000    1.009440   0.970733
    46.19300    0.986282   0.969747
    46.20600    1.111022   0.968740
    46.21800    1.043720   0.967792
    46.23100    0.969972   0.966746
    46.24400    1.079220   0.965679
    46.25700    1.079124   0.964591
    46.27000    1.068713   0.963482
    46.28200    1.060441   0.962441
    46.29500    1.046167   0.961292
    46.30800    1.039051   0.960122
    46.32100    0.853853   0.958931
    46.33400    1.013175   0.957719
    46.34700    1.012103   0.956486
    46.35900    1.027733   0.955328
    46.37200    1.041583   0.954054
    46.38500    1.020637   0.952759
    46.39800    1.052475   0.951442
    46.41100    0.983726   0.950103
    46.42400    0.914824   0.948744
    46.43600    1.021245   0.947470
    46.44900    0.928922   0.946069
    46.46200    1.034921   0.944647
    46.47500    0.970048   0.943203
    46.48800    0.996538   0.941739
    46.50100    0.924949   0.940253
    46.51300    1.064872   0.938862
    46.52600    0.930155   0.937335
    46.53900    0.950082   0.935787
    46.55200    0.939924   0.934218
    46.56500    1.015385   0.932627
    46.57800    0.992035   0.931016
    46.59000    0.971077   0.929511
    46.60300    0.934103   0.927859
    46.61600    0.955046   0.926187
    46.62900    0.923111   0.924495
    46.64200    0.910564   0.922782
    46.65500    1.003031   0.921049
    46.66700    0.981841   0.919431
    46.68000    0.978901   0.917659
    46.69300    0.977858   0.915868
    46.70600    0.960875   0.914057
    46.71900    0.955212   0.912226
    46.73200    0.890656   0.910376
    46.74400    0.943071   0.908652
    46.75700    0.888741   0.906765
    46.77000    0.876623   0.904860
    46.78300    0.913954   0.902937
    46.79600    0.874726   0.900996
    46.80800    0.883194   0.899188
    46.82100    0.911014   0.897213
    46.83400    0.892506   0.895221
    46.84700    0.896762   0.893212
    46.86000    0.929499   0.891187
    46.87300    0.967116   0.889146
    46.88500    0.955842   0.887248
    46.89800    0.802769   0.885178
    46.91100    0.851998   0.883093
    46.92400    0.856070   0.880993
    46.93700    0.868592   0.878880
    46.95000    0.884731   0.876753
    46.96200    0.894172   0.874777
    46.97500    0.833417   0.872625
    46.98800    0.887905   0.870460
    47.00100    0.815479   0.868282
    47.01400    0.916701   0.866092
    47.03600    0.800967   0.862359
    47.05200    0.887433   0.859624
    47.06500    0.818208   0.857389
    47.07800    0.905587   0.855144
    47.09100    0.877678   0.852888
    47.10400    0.844775   0.850621
    47.11600    0.805103   0.848520
    47.12900    0.824979   0.846235
    47.14200    0.803333   0.843941
    47.15500    0.811953   0.841637
    47.16800    0.869435   0.839324
    47.18100    0.879588   0.837002
    47.19300    0.830183   0.834852
    47.20600    0.873411   0.832514
    47.21900    0.787145   0.830169
    47.23200    0.802670   0.827816
    47.24500    0.772377   0.825455
    47.25700    0.784546   0.823270
    47.27000    0.807133   0.820896
    47.28300    0.809419   0.818516
    47.29600    0.788127   0.816129
    47.30900    0.839143   0.813735
    47.32200    0.781755   0.811337
    47.33400    0.874177   0.809117
    47.34700    0.802612   0.806708
    47.36000    0.790762   0.804293
    47.37300    0.774482   0.801874
    47.38600    0.794471   0.799450
    47.39900    0.747263   0.797021
    47.41100    0.739824   0.794776
    47.42400    0.759730   0.792341
    47.43700    0.770963   0.789901
    47.45000    0.748365   0.787459
    47.46300    0.773056   0.785014
    47.47600    0.807997   0.782566
    47.48800    0.740722   0.780304
    47.50100    0.724663   0.777852
    47.51400    0.740530   0.775399
    47.52700    0.731687   0.772943
    47.54000    0.733043   0.770487
    47.55300    0.743916   0.768030
    47.56500    0.676848   0.765761
    47.57800    0.762355   0.763303
    47.59100    0.704846   0.760846
    47.60400    0.704751   0.758388
    47.61700    0.679169   0.755932
    47.63000    0.814848   0.753476
    47.64200    0.632445   0.751211
    47.65500    0.733650   0.748759
    47.66800    0.726312   0.746309
    47.68100    0.740768   0.743861
    47.69400    0.693651   0.741416
    47.70600    0.715292   0.739163
    47.71900    0.745645   0.736724
    47.73200    0.720094   0.734291
    47.74500    0.693966   0.731861
    47.75800    0.691799   0.729437
    47.77100    0.652748   0.727017
    47.78300    0.663863   0.724790
    47.79600    0.689452   0.722382
    47.80900    0.656402   0.719982
    47.82200    0.630486   0.717589
    47.83500    0.676886   0.715204
    47.84800    0.727875   0.712827
    47.86000    0.663295   0.710642
    47.87300    0.735690   0.708283
    47.88600    0.686729   0.705935
    47.89900    0.689382   0.703597
    47.91200    0.705290   0.701270
    47.92500    0.669489   0.698954
    47.93700    0.669401   0.696828
    47.95000    0.567849   0.694536
    47.96300    0.713399   0.692256
    47.97600    0.679238   0.689990
    47.98900    0.668348   0.687738
    48.00200    0.654980   0.685500
    48.01400    0.682364   0.683446
    48.02700    0.663395   0.681236
    48.04000    0.630148   0.679041
    48.05300    0.611885   0.676862
    48.06600    0.714064   0.674699
    48.07900    0.638164   0.672552
    48.09100    0.616569   0.670585
    48.10400    0.655545   0.668470
    48.11700    0.641104   0.666373
    48.13000    0.646842   0.664294
    48.14300    0.650008   0.662233
    48.15600    0.652532   0.660190
    48.16800    0.607955   0.658321
    48.18100    0.612799   0.656315
    48.19400    0.608995   0.654328
    48.20700    0.668754   0.652361
    48.22000    0.637768   0.650413
    48.23200    0.588081   0.648634
    48.24500    0.587985   0.646726
    48.25800    0.669050   0.644839
    48.27100    0.639970   0.642973
    48.28400    0.579388   0.641128
    48.29700    0.631437   0.639306
    48.30900    0.669347   0.637642
    48.32200    0.661888   0.635862
    48.33500    0.679318   0.634105
    48.34800    0.632338   0.632370
    48.36100    0.604077   0.630657
    48.37400    0.643744   0.628969
    48.38600    0.631420   0.627431
    48.39900    0.663322   0.625788
    48.41200    0.633787   0.624169
    48.42500    0.655160   0.622574
    48.43800    0.630399   0.621003
    48.45100    0.689458   0.619457
    48.46300    0.592382   0.618052
    48.47600    0.618733   0.616555
    48.48900    0.621781   0.615082
    48.50200    0.652614   0.613636
    48.51500    0.674589   0.612215
    48.52800    0.671106   0.610820
    48.54000    0.608298   0.609555
    48.55300    0.679077   0.608211
    48.56600    0.658096   0.606893
    48.57900    0.629998   0.605602
    48.59200    0.623548   0.604337
    48.60500    0.601667   0.603100
    48.61700    0.631636   0.601983
    48.63000    0.605168   0.600799
    48.64300    0.633368   0.599642
    48.65600    0.632631   0.598514
    48.66900    0.642222   0.597413
    48.68200    0.612216   0.596341
    48.69400    0.665839   0.595376
    48.70700    0.612655   0.594359
    48.72000    0.625775   0.593370
    48.73300    0.588587   0.592410
    48.74600    0.604929   0.591479
    48.75800    0.586601   0.590646
    48.77100    0.591320   0.589771
    48.78400    0.632329   0.588926
    48.79700    0.588717   0.588111
    48.81000    0.620679   0.587325
    48.82300    0.571303   0.586570
    48.83500    0.647531   0.585899
    48.84800    0.604178   0.585202
    48.86100    0.577502   0.584534
    48.87400    0.602140   0.583898
    48.88700    0.686940   0.583292
    48.90000    0.603795   0.582716
    48.91200    0.593916   0.582212
    48.92500    0.641638   0.581697
    48.93800    0.592511   0.581212
    48.95100    0.599731   0.580758
    48.96400    0.500554   0.580335
    48.97700    0.641906   0.579944
    48.98900    0.613075   0.579611
    49.00200    0.610482   0.579280
    49.01500    0.614136   0.578981
    49.02800    0.579238   0.578714
    49.04100    0.612692   0.578478
    49.05400    0.532631   0.578275
    49.06600    0.545372   0.578115
    49.07900    0.600630   0.577972
    49.09200    0.525764   0.577862
    49.10500    0.566303   0.577783
    49.11800    0.635671   0.577736
    49.13100    0.628491   0.577722
    49.14300    0.605095   0.577737
    49.15600    0.648456   0.577784
    49.16900    0.581180   0.577863
    49.18200    0.617939   0.577975
    49.19500    0.621642   0.578118
    49.20800    0.571404   0.578294
    49.22000    0.629118   0.578485
    49.23300    0.578919   0.578722
    49.24600    0.571713   0.578991
    49.25900    0.491123   0.579292
    49.27200    0.478298   0.579626
    49.28400    0.550569   0.579962
    49.29700    0.421830   0.580357
    49.31000    0.511201   0.580783
    49.32300    0.464008   0.581242
    49.33600    0.503583   0.581732
    49.34900    0.551231   0.582254
    49.36100    0.583360   0.582763
    49.37400    0.540853   0.583346
    49.38700    0.667488   0.583960
    49.40000    0.640750   0.584605
    49.41300    0.643274   0.585282
    49.42600    0.619306   0.585990
    49.43800    0.643747   0.586671
    49.45100    0.576718   0.587438
    49.46400    0.613341   0.588237
    49.47700    0.631733   0.589066
    49.49000    0.598833   0.589926
    49.50300    0.624471   0.590817
    49.51500    0.620556   0.591666
    49.52800    0.591204   0.592615
    49.54100    0.617191   0.593594
    49.55400    0.605793   0.594603
    49.56700    0.619537   0.595642
    49.58000    0.651957   0.596711
    49.59200    0.699271   0.597724
    49.60500    0.587598   0.598849
    49.61800    0.618526   0.600004
    49.63100    0.667729   0.601189
    49.64400    0.604508   0.602402
    49.65700    0.622697   0.603644
    49.66900    0.672911   0.604816
    49.68200    0.698608   0.606113
    49.69500    0.660486   0.607438
    49.70800    0.655017   0.608792
    49.72100    0.621587   0.610173
    49.73400    0.704633   0.611582
    49.74600    0.607500   0.612908
    49.75900    0.685383   0.614369
    49.77200    0.686684   0.615859
    49.78500    0.720877   0.617375
    49.79800    0.751295   0.618917
    49.81000    0.685008   0.620365
    49.82300    0.675211   0.621959
    49.83600    0.696057   0.623578
    49.84900    0.721868   0.625224
    49.86200    0.666708   0.626894
    49.87500    0.761414   0.628591
    49.88700    0.654368   0.630179
    49.90000    0.692055   0.631923
    49.91300    0.737656   0.633691
    49.92600    0.687648   0.635484
    49.93900    0.588786   0.637301
    49.95200    0.659267   0.639142
    49.96400    0.639216   0.640862
    49.97700    0.666542   0.642747
    49.99000    0.572748   0.644655
    50.00300    0.466409   0.646586
    50.01600    0.491243   0.648539
    50.02900    0.612332   0.650513
    50.04100    0.534818   0.652355
    50.05400    0.539789   0.654371
    50.06700    0.613317   0.656408
    50.08000    0.648940   0.658465
    50.09300    0.642214   0.660542
    50.10600    0.617476   0.662639
    50.11800    0.727975   0.664592
    50.13100    0.679165   0.666726
    50.14400    0.686744   0.668879
    50.15700    0.585962   0.671050
    50.17000    0.579809   0.673239
    50.18300    0.521562   0.675445
    50.19500    0.485261   0.677497
    50.20800    0.528007   0.679735
    50.22100    0.676422   0.681990
    50.23400    0.666013   0.684260
    50.24700    0.643063   0.686545
    50.26000    0.785111   0.688845
    50.27200    0.720217   0.690981
    50.28500    0.630319   0.693307
    50.29800    0.769123   0.695647
    50.31100    0.773710   0.697999
    50.32400    0.696721   0.700364
    50.33600    0.681831   0.702556
    50.34900    0.778138   0.704942
    50.36200    0.735096   0.707337
    50.37500    0.770894   0.709742
    50.38800    0.696962   0.712155
    50.40100    0.677870   0.714577
    50.41300    0.641840   0.716820
    50.42600    0.685368   0.719257
    50.43900    0.578431   0.721701
    50.45200    0.571730   0.724151
    50.46500    0.600330   0.726607
    50.47800    0.534409   0.729070
    50.49000    0.647921   0.731347
    50.50300    0.632626   0.733819
    50.51600    0.648398   0.736295
    50.52900    0.610548   0.738776
    50.54200    0.635616   0.741260
    50.55500    0.669132   0.743748
    50.56700    0.742603   0.746047
    50.58000    0.774864   0.748541
    50.59300    0.796240   0.751036
    50.60600    0.801798   0.753534
    50.61900    0.686760   0.756033
    50.63200    0.635610   0.758534
    50.64400    0.666415   0.760843
    50.65700    0.545033   0.763346
    50.67000    0.591993   0.765848
    50.68300    0.615141   0.768351
    50.69600    0.655138   0.770853
    50.70900    0.703193   0.773355
    50.72100    0.797716   0.775664
    50.73400    0.805731   0.778164
    50.74700    0.890992   0.780662
    50.76000    0.751829   0.783159
    50.77300    0.614478   0.785654
    50.78600    0.747057   0.788146
    50.79800    0.873788   0.790445
    50.81100    0.870187   0.792931
    50.82400    0.815725   0.795415
    50.83700    0.768272   0.797896
    50.85000    0.824651   0.800372
    50.86200    0.831252   0.802655
    50.87500    0.908995   0.805123
    50.88800    0.826039   0.807587
    50.90100    0.973697   0.810046
    50.91400    0.858124   0.812500
    50.92700    0.897741   0.814948
    50.93900    0.828171   0.817203
    50.95200    0.822235   0.819640
    50.96500    0.886710   0.822071
    50.97800    0.966357   0.824496
    50.99100    0.881187   0.826913
    51.00400    0.950848   0.829324
    51.01600    0.874820   0.831543
    51.02900    0.866833   0.833939
    51.04200    0.856317   0.836327
    51.05500    0.986241   0.838707
    51.06800    0.831415   0.841079
    51.08100    0.904749   0.843441
    51.09300    0.863746   0.845614
    51.10600    0.887455   0.847959
    51.11900    0.793977   0.850295
    51.13200    0.814282   0.852620
    51.14500    0.906096   0.854936
    51.15800    1.009344   0.857240
    51.17000    0.941107   0.859358
    51.18300    0.900370   0.861641
    51.19600    0.856047   0.863913
    51.20900    0.867255   0.866173
    51.22200    0.938841   0.868421
    51.23500    0.875852   0.870656
    51.24700    0.917247   0.872708
    51.26000    0.827482   0.874918
    51.27300    0.854616   0.877114
    51.28600    0.783919   0.879296
    51.29900    0.864845   0.881462
    51.31100    0.869132   0.883449
    51.32400    0.895718   0.885585
    51.33700    0.853282   0.887706
    51.35000    0.869722   0.889809
    51.36300    0.789764   0.891895
    51.37600    0.893533   0.893964
    51.38800    0.933862   0.895858
    51.40100    0.917034   0.897892
    51.41400    1.052599   0.899908
    51.42700    0.926104   0.901904
    51.44000    0.819473   0.903882
    51.45300    0.827739   0.905841
    51.46500    0.862749   0.907631
    51.47800    0.949259   0.909552
    51.49100    0.873966   0.911452
    51.50400    0.885416   0.913333
    51.51700    0.943275   0.915193
    51.53000    0.841564   0.917032
    51.54200    0.931791   0.918712
    51.55500    0.928890   0.920511
    51.56800    0.868995   0.922289
    51.58100    0.919403   0.924046
    51.59400    0.966654   0.925782
    51.60700    0.925709   0.927496
    51.61900    0.988003   0.929060
    51.63200    1.001839   0.930732
    51.64500    0.876370   0.932383
    51.65800    0.895967   0.934012
    51.67100    0.939304   0.935619
    51.68400    0.974747   0.937204
    51.69600    0.909345   0.938648
    51.70900    0.961938   0.940191
    51.72200    1.001176   0.941711
    51.73500    0.919194   0.943209
    51.74800    0.868548   0.944685
    51.76100    0.994896   0.946139
    51.77300    0.916139   0.947461
    51.78600    1.010767   0.948872
    51.79900    1.034169   0.950261
    51.81200    0.952527   0.951627
    51.82500    0.947656   0.952972
    51.83700    0.975576   0.954193
    51.85000    0.937042   0.955494
    51.86300    0.990168   0.956774
    51.87600    0.977248   0.958031
    51.88900    1.006980   0.959266
    51.90200    1.031347   0.960479
    51.91400    1.055215   0.961580
    51.92700    0.950723   0.962751
    51.94000    0.992582   0.963900
    51.95300    1.060203   0.965027
    51.96600    1.028816   0.966133
    51.97900    0.983376   0.967217
    51.99100    0.985263   0.968199
    52.00400    1.033692   0.969242
    52.01700    0.999004   0.970264
    52.03000    0.998908   0.971265
    52.04300    1.032372   0.972244
    52.05600    1.006759   0.973203
    52.06800    1.035289   0.974069
    52.08100    0.910183   0.974988
    52.09400    1.011535   0.975886
    52.10700    0.991352   0.976764
    52.12000    1.014389   0.977621
    52.13300    0.992156   0.978458
    52.14500    0.983141   0.979213
    52.15800    1.058693   0.980012
    52.17100    0.920624   0.980791
    52.18400    0.957475   0.981551
    52.19700    0.929780   0.982292
    52.21000    1.019842   0.983013
    52.22200    0.999499   0.983662
    52.23500    0.983466   0.984346
    52.24800    1.005344   0.985013
    52.26100    1.065361   0.985660
    52.27400    0.901427   0.986290
    52.28600    0.965440   0.986855
    52.29900    0.957593   0.987450
    52.31200    1.036602   0.988028
    52.32500    1.074508   0.988588
    52.33800    0.972865   0.989130
    52.35100    0.976696   0.989656
    52.36300    1.083928   0.990126
    52.37600    1.159771   0.990620
    52.38900    0.968578   0.991098
    52.40200    0.885977   0.991559
    52.41500    0.935714   0.992004
    52.42800    0.973183   0.992434
    52.44000    1.016105   0.992817
    52.45300    0.891922   0.993218
    52.46600    0.945797   0.993603
    52.47900    0.899004   0.993974
    52.49200    0.917330   0.994331
    52.50500    0.922827   0.994673
    52.51700    0.928363   0.994977
    52.53000    0.952999   0.995293
    52.54300    0.918815   0.995595
    52.55600    1.018316   0.995884
    52.56900    1.048287   0.996161
    52.58200    0.993841   0.996425
    52.59400    1.037644   0.996657
    52.60700    0.914625   0.996898
    52.62000    1.096187   0.997126
    52.63300    0.936002   0.997343
    52.64600    1.070000   0.997549
    52.65900    1.001309   0.997744
    52.67100    0.940472   0.997915
    52.68400    0.895671   0.998089
    52.69700    0.882904   0.998254
    52.71000    0.915724   0.998409
    52.72300    0.840489   0.998554
    52.73600    1.061862   0.998691
    52.74800    0.987627   0.998808
    52.76100    0.967792   0.998928
    52.77400    0.992427   0.999039
    52.78700    1.007445   0.999142
    52.80000    0.922525   0.999237
    52.81200    0.924312   0.999319
    52.82500    1.009196   0.999400
    52.83800    1.066445   0.999474
    52.85100    0.961278   0.999542
    52.86400    1.030462   0.999604
    52.87700    1.026229   0.999660
    52.88900    1.035471   0.999707
    52.90200    0.984502   0.999752
    52.91500    0.884902   0.999792
    52.92800    1.047746   0.999828
    52.94100    1.013436   0.999859
    52.95400    0.996116   0.999886
    52.96600    0.889050   0.999908
    52.97900    0.919336   0.999928
    52.99200    0.933358   0.999945
    53.00500    0.952393   0.999959
    53.01800    1.060850   0.999970
    53.03100    1.011752   0.999979
    53.04300    1.052175   0.999986
    53.05600    0.935734   0.999991
    53.06900    0.935638   0.999995
    53.08200    0.906498   0.999997
    53.09500    0.964355   0.999999
    53.10800    0.963283   1.000000
    53.12000    0.924862   1.000000
    53.13300    0.988783   1.000000
    53.14600    0.992693   1.000000
    53.15900    0.998635   1.000000
    53.17200    0.949234   1.000000
    53.18500    1.023960   1.000000
    53.19700    1.091937   1.000000
    53.21000    1.121782   1.000000
    53.22300    0.951753   1.000000
    53.23600    0.989024   1.000000
    53.24900    1.003028   1.000000
    53.26200    1.066535   1.000000
    53.27400    0.992754   1.000000
    53.28700    1.003763   1.000000
    53.30000    0.950220   1.000000
    53.31300    1.067232   1.000000
    53.32600    0.990365   1.000000
    53.33800    1.016656   1.000000
    53.35100    0.922220   1.000000
    53.36400    0.999145   1.000000
    53.37700    0.889656   1.000000
    53.39000    0.940905   1.000000
    53.40300    1.024422   1.000000
    53.41500    0.926459   1.000000
    53.42800    0.967780   1.000000
    53.44100    0.968667   1.000000
    53.45400    0.992433   1.000000
    53.46700    0.952859   1.000000
    53.48000    0.937374   1.000000
    53.49200    0.993159   1.000000
    53.50500    1.044550   1.000000
    53.51800    1.059300   1.000000
    53.53100    1.060272   1.000000
    53.54400    0.970863   1.000000
    53.55700    1.057946   1.000000
    53.56900    0.968708   1.000000
    53.58200    0.952012   1.000000
    53.59500    0.902720   1.000000
    53.60800    1.024982   1.000000
    53.62100    0.980201   1.000000
    53.63400    0.990103   1.000000
    53.64600    0.963232   1.000000
    53.65900    0.970016   1.000000
    53.67200    1.006012   1.000000
    53.68500    0.982719   1.000000
    53.69800    0.918725   1.000000
    53.71100    0.961774   1.000000
    53.72300    0.972506   1.000000
    53.73600    0.879758   1.000000
    53.74900    1.030179   1.000000
    53.76200    0.983151   1.000000
    53.77500    1.055275   1.000000
    53.78800    0.984959   1.000000
    53.80000    1.007109   1.000000
    53.81300    0.975806   1.000000
    53.82600    0.986682   1.000000
    53.83900    1.035786   1.000000
    53.85200    0.956827   1.000000
    53.86400    1.032462   1.000000
    53.87700    1.012686   1.000000
    53.89000    1.146318   1.000000
    53.90300    0.990132   1.000000
    53.91600    1.009322   1.000000
    53.92900    1.087642   1.000000
    53.94100    0.998946   1.000000
    53.95400    0.885407   1.000000
    53.96700    0.974672   1.000000
    53.98000    0.989565   1.000000
    53.99300    0.989469   1.000000
    54.00600    1.000498   1.000000
    54.01800    1.004483   1.000000
    54.03100    1.019796   1.000000
    54.04400    1.016602   1.000000
    54.05700    1.035228   1.000000
    54.07000    0.900146   1.000000
    54.08300    0.995873   1.000000
    54.09500    0.948233   1.000000
    54.10800    0.890664   1.000000
    54.12100    1.027439   1.000000
    54.13400    0.979412   1.000000
    54.14700    1.024126   1.000000
    54.16000    0.890281   1.000000
    54.17200    0.963283   1.000000
    54.18500    0.912325   1.000000
    54.19800    0.931131   1.000000
    54.21100    0.872653   1.000000
    54.22400    0.814074   1.000000
    54.23700    0.994738   1.000000
    54.24900    0.870574   1.000000
    54.26200    0.935440   1.000000
    54.27500    0.945939   1.000000
    54.28800    0.880220   1.000000
    54.30100    0.901221   1.000000
    54.31400    0.886402   1.000000
    54.32600    0.866420   1.000000
    54.33900    0.884393   1.000000
    54.35200    0.895299   1.000000
    54.36500    0.921352   1.000000
    54.37800    0.843040   1.000000
    54.39000    0.916449   1.000000
    54.40300    0.923914   1.000000
    54.41600    0.883826   1.000000
    54.42900    0.958445   1.000000
    54.44200    0.994242   1.000000
    54.45500    0.956294   1.000000
    54.46700    1.021769   1.000000
    54.48000    0.889757   1.000000
    54.49300    0.996911   1.000000
    54.50600    0.974679   1.000000
    54.51900    0.974583   1.000000
    54.53200    1.040151   1.000000
    54.54400    1.009829   1.000000
    54.55700    1.046324   1.000000
    54.57000    0.998379   1.000000
    54.58300    1.013664   1.000000
    54.59600    0.971032   1.000000
    54.60900    1.018647   1.000000
    54.62100    1.040552   1.000000
    54.63400    1.060726   1.000000
    54.64700    1.018367   1.000000
    54.66000    0.973544   1.000000
    54.67300    1.021291   1.000000
    54.68600    0.943880   1.000000
    54.69800    0.981262   1.000000
    54.71100    0.961282   1.000000
    54.72400    1.021956   1.000000
    54.73700    0.990043   1.000000
    54.75000    1.032224   1.000000
    54.76300    1.019589   1.000000
    54.77500    1.046845   1.000000
    54.78800    1.070403   1.000000
    54.80100    0.970516   1.000000
    54.81400    0.985437   1.000000
    54.82700    1.002613   1.000000
    54.84000    1.002517   1.000000
    54.85200    1.100739   1.000000
    54.86500    0.930999   1.000000
    54.87800    1.042897   1.000000
    54.89100    0.975835   1.000000
    54.90400    1.066295   1.000000
    54.91600    1.146836   1.000000
    54.92900    1.053185   1.000000
    54.94200    1.054161   1.000000
    54.95500    0.968388   1.000000
    54.96800    0.923554   1.000000
    54.98100    0.988246   1.000000
    54.99300    1.079805   1.000000
    55.00600    1.041955   1.000000
    55.01900    1.022911   1.000000
    55.03200    0.963855   1.000000
    55.04500    1.040606   1.000000
    55.05800    0.936307   1.000000
    55.07000    1.024625   1.000000
    55.08300    1.076952   1.000000
    55.09600    1.025480   1.000000
    55.10900    0.949521   1.000000
    55.12200    0.991262   1.000000
    55.13500    1.045258   1.000000
    55.14700    1.023013   1.000000
    55.16000    0.967871   1.000000
    55.17300    1.071920   1.000000
    55.18600    0.923854   1.000000
    55.19900    0.960647   1.000000
    55.21200    1.041499   1.000000
    55.22400    0.928355   1.000000
    55.23700    1.034958   1.000000
    55.25000    0.989305   1.000000
    55.26300    1.053943   1.000000
    55.27600    0.999306   1.000000
    55.28900    0.981938   1.000000
    55.30100    1.044035   1.000000
    55.31400    0.956841   1.000000
    55.32700    1.075155   1.000000
    55.34000    0.969533   1.000000
    55.35300    1.041524   1.000000
    55.36500    1.042499   1.000000
    55.37800    0.960317   1.000000
    55.39100    1.036998   1.000000
    55.40400    0.999387   1.000000
    55.41700    1.069034   1.000000
    55.43000    0.980900   1.000000
    55.44200    1.000133   1.000000
    55.45500    1.005178   1.000000
    55.46800    0.867002   1.000000
    55.48100    0.975495   1.000000
    55.49400    1.044747   1.000000
    55.50700    0.994537   1.000000
    55.51900    0.994448   1.000000
    55.53200    0.979141   1.000000
    55.54500    1.012790   1.000000
    55.55800    1.007516   1.000000
    55.57100    1.028280   1.000000
    55.58400    1.096463   1.000000
    55.59600    1.075364   1.000000
    55.60900    0.993785   1.000000
    55.62200    1.038480   1.000000
    55.63500    1.132316   1.000000
    55.64800    1.048961   1.000000
    55.66100    1.067236   1.000000
    55.67300    1.140104   1.000000
    55.68600    0.992198   1.000000
    55.69900    1.139913   1.000000
    55.71200    0.950958   1.000000
    55.72500    1.000102   1.000000
    55.73800    1.078711   1.000000
    55.75000    1.064405   1.000000
    55.76300    1.087361   1.000000
    55.77600    1.046947   1.000000
    55.78900    1.009956   1.000000
    55.80200    1.018188   1.000000
    55.81500    1.030701   1.000000
    55.82700    1.086890   1.000000
    55.84000    1.015821   1.000000
    55.85300    1.054981   1.000000
    55.86600    1.004214   1.000000
    55.87900    1.059114   1.000000
    55.89100    1.043959   1.000000
    55.90400    1.050297   1.000000
    55.91700    1.129090   1.000000
    55.93000    0.928920   1.000000
    55.94300    1.009859   1.000000
    55.95600    1.018100   1.000000
    55.96800    1.075917   1.000000
    55.98100    1.001304   1.000000
    55.99400    1.120514   1.000000
    56.00700    1.094463   1.000000
    56.02000    1.018675   1.000000
    56.03300    1.068861   1.000000
    56.04500    1.015354   1.000000
    56.05800    1.076354   1.000000
    56.07100    1.083985   1.000000
    56.08400    1.029777   1.000000
    56.09700    1.033919   1.000000
    56.11000    0.968858   1.000000
    56.12200    1.037989   1.000000
    56.13500    0.998111   1.000000
    56.14800    1.058216   1.000000
    56.16100    0.939821   1.000000
    56.17400    1.028057   1.000000
    56.18700    1.035381   1.000000
    56.19900    1.068732   1.000000
    56.21200    1.016214   1.000000
    56.22500    1.104075   1.000000
    56.23800    0.996324   1.000000
    56.25100    0.995201   1.000000
    56.26400    1.058447   1.000000
    56.27600    1.059444   1.000000
    56.28900    1.073553   1.000000
    56.30200    1.005140   1.000000
    56.31500    1.001940   1.000000
    56.32800    0.992582   1.000000
    56.34000    1.014226   1.000000
    56.35300    0.958091   1.000000
    56.36600    1.053363   1.000000
    56.37900    0.990158   1.000000
    56.39200    1.004478   1.000000
    56.40500    0.974727   1.000000
    56.41700    1.103788   1.000000
    56.43000    1.101439   1.000000
    56.44300    1.112654   1.000000
    56.45600    1.097874   1.000000
    56.46900    1.041842   1.000000
    56.48200    1.031084   1.000000
    56.49400    1.077552   1.000000
    56.50700    1.018233   1.000000
    56.52000    0.994247   1.000000
