  1163.62800    0.932266   1.000000
  1163.63820    1.039735   1.000000
  1163.64900    1.006533   1.000000
  1163.65980    1.109633   1.000000
  1163.67060    1.053715   1.000000
  1163.68140    0.948867   1.000000
  1163.69160    0.942751   1.000000
  1163.70240    0.913918   1.000000
  1163.71320    0.904307   1.000000
  1163.72400    0.924403   1.000000
  1163.73420    0.919161   1.000000
  1163.74500    0.897317   1.000000
  1163.75580    0.892949   1.000000
  1163.76660    0.953236   1.000000
  1163.77740    0.926150   1.000000
  1163.78760    0.957605   1.000000
  1163.79840    0.906055   1.000000
  1163.80920    0.929645   1.000000
  1163.82000    0.942751   1.000000
  1163.83020    0.959352   1.000000
  1163.84100    1.019639   1.000000
  1163.85180    0.916539   1.000000
  1163.86260    0.897317   1.000000
  1163.87340    0.915666   1.000000
  1163.88360    0.919161   1.000000
  1163.89440    0.920034   1.000000
  1163.90520    0.915666   1.000000
  1163.91600    0.961973   1.000000
  1163.92620    0.906055   1.000000
  1163.93700    0.921782   1.000000
  1163.94780    0.951488   1.000000
  1163.95860    0.935761   1.000000
  1163.96940    0.946246   1.000000
  1163.97960    0.905181   1.000000
  1163.99040    0.947120   1.000000
  1164.00120    0.908676   1.000000
  1164.01200    0.915666   1.000000
  1164.02220    0.913918   1.000000
  1164.03300    0.882464   1.000000
  1164.04380    0.925277   1.000000
  1164.05460    0.929645   1.000000
  1164.06540    0.904307   1.000000
  1164.07560    0.894696   1.000000
  1164.08640    0.938383   1.000000
  1164.09720    0.902560   1.000000
  1164.10800    0.918287   1.000000
  1164.11820    0.954983   1.000000
  1164.12900    0.958478   1.000000
  1164.13980    0.967216   1.000000
  1164.15060    1.031871   1.000000
  1164.16140    1.035366   1.000000
  1164.17160    0.952362   1.000000
  1164.18240    1.013523   1.000000
  1164.19320    0.972458   1.000000
  1164.20400    0.965468   1.000000
  1164.21420    1.031871   1.000000
  1164.22500    1.018765   1.000000
  1164.23580    0.972458   1.000000
  1164.24660    1.031871   1.000000
  1164.25740    0.988185   1.000000
  1164.26760    1.015271   1.000000
  1164.27840    0.934888   1.000000
  1164.28920    0.924403   1.000000
  1164.30000    0.908676   1.000000
  1164.31020    1.022260   1.000000
  1164.32100    0.978574   1.000000
  1164.33180    0.975079   1.000000
  1164.34260    0.995175   1.000000
  1164.35340    1.009154   1.000000
  1164.36360    1.030998   1.000000
  1164.37440    1.018765   1.000000
  1164.38520    1.004786   1.000000
  1164.39600    1.084295   1.000000
  1164.40620    1.062452   1.000000
  1164.41700    1.100896   1.000000
  1164.42780    1.093906   1.000000
  1164.43860    1.115749   1.000000
  1164.44940    1.102643   1.000000
  1164.45960    1.054588   1.000000
  1164.47040    1.127981   1.000000
  1164.48120    1.108759   1.000000
  1164.49200    1.059831   1.000000
  1164.50220    1.044977   0.999999
  1164.51300    1.021387   0.999998
  1164.52380    1.069442   0.999997
  1164.53460    1.072936   0.999995
  1164.54540    1.025755   0.999992
  1164.55560    1.076431   0.999989
  1164.56640    1.070315   0.999984
  1164.57720    1.134097   0.999979
  1164.58800    1.013523   0.999972
  1164.59820    1.078179   0.999964
  1164.60900    1.113128   0.999954
  1164.61980    1.068568   0.999943
  1164.63060    1.097401   0.999929
  1164.64140    1.097401   0.999913
  1164.65160    1.065073   0.999896
  1164.66240    1.066820   0.999876
  1164.67320    1.084295   0.999854
  1164.68400    1.066820   0.999828
  1164.69420    1.118370   0.999801
  1164.70500    1.015271   0.999770
  1164.71580    0.996049   0.999735
  1164.72660    1.067694   0.999697
  1164.73740    1.079926   0.999655
  1164.74760    1.108759   0.999612
  1164.75840    1.027503   0.999563
  1164.76920    1.093032   0.999509
  1164.78000    1.091285   0.999451
  1164.79020    1.063325   0.999392
  1164.80100    1.061578   0.999326
  1164.81180    1.073810   0.999254
  1164.82260    1.102643   0.999177
  1164.83340    1.087790   0.999095
  1164.84360    1.081674   0.999013
  1164.85440    1.108759   0.998921
  1164.86520    1.094780   0.998822
  1164.87600    1.126234   0.998718
  1164.88620    1.121865   0.998615
  1164.89700    1.118370   0.998499
  1164.90780    1.139340   0.998377
  1164.91860    1.123613   0.998248
  1164.92940    1.061578   0.998112
  1164.93960    1.161183   0.997978
  1164.95040    1.104391   0.997829
  1164.96120    1.148077   0.997673
  1164.97200    1.108759   0.997510
  1164.98220    1.122739   0.997349
  1164.99300    1.055462   0.997171
  1165.00380    1.033619   0.996986
  1165.01460    1.083421   0.996793
  1165.02540    1.088664   0.996591
  1165.03560    1.085169   0.996394
  1165.04640    1.111380   0.996177
  1165.05720    1.051093   0.995951
  1165.06800    1.044977   0.995717
  1165.07820    1.060704   0.995488
  1165.08900    1.079053   0.995238
  1165.09980    1.030124   0.994978
  1165.11060    1.035366   0.994709
  1165.12140    1.036240   0.994432
  1165.13160    1.109633   0.994161
  1165.14240    1.100896   0.993866
  1165.15320    1.070315   0.993561
  1165.16400    1.080800   0.993247
  1165.17420    1.125360   0.992942
  1165.18500    1.071189   0.992609
  1165.19580    1.092158   0.992266
  1165.20660    1.134971   0.991914
  1165.21740    1.084295   0.991552
  1165.22760    1.069442   0.991201
  1165.23840    1.058083   0.990820
  1165.24920    1.070315   0.990428
  1165.26000    0.999543   0.990027
  1165.27020    1.083421   0.989638
  1165.28100    1.096527   0.989216
  1165.29180    1.060704   0.988784
  1165.30260    1.034493   0.988342
  1165.31340    1.072936   0.987890
  1165.32360    1.062452   0.987453
  1165.33440    1.093906   0.986980
  1165.34520    1.029250   0.986496
  1165.35600    0.995175   0.986003
  1165.36620    0.998670   0.985526
  1165.37700    0.988185   0.985012
  1165.38780    1.015271   0.984487
  1165.39860    0.973332   0.983951
  1165.40940    1.028376   0.983405
  1165.41960    0.981195   0.982879
  1165.43040    0.952362   0.982312
  1165.44120    0.956731   0.981735
  1165.45200    0.989059   0.981146
  1165.46220    0.968089   0.980581
  1165.47300    1.011776   0.979972
  1165.48380    1.034493   0.979353
  1165.49460    1.088664   0.978723
  1165.50540    0.947120   0.978082
  1165.51560    0.973332   0.977468
  1165.52640    1.014397   0.976807
  1165.53720    0.982943   0.976135
  1165.54800    1.046725   0.975454
  1165.55820    1.048472   0.974800
  1165.56900    1.042356   0.974099
  1165.57980    1.107886   0.973387
  1165.59060    1.141961   0.972665
  1165.60140    1.052841   0.971932
  1165.61160    1.041482   0.971232
  1165.62240    1.057209   0.970480
  1165.63320    1.072936   0.969718
  1165.64400    1.065073   0.968947
  1165.65420    1.074684   0.968209
  1165.66500    1.084295   0.967419
  1165.67580    1.093032   0.966619
  1165.68660    1.054588   0.965809
  1165.69740    1.053715   0.964990
  1165.70760    1.088664   0.964208
  1165.71840    1.075558   0.963371
  1165.72920    0.948867   0.962525
  1165.74000    0.905181   0.961670
  1165.75020    0.958478   0.960854
  1165.76100    0.903433   0.959982
  1165.77180    0.982943   0.959101
  1165.78260    1.053715   0.958211
  1165.79340    0.975079   0.957313
  1165.80360    0.964594   0.956458
  1165.81440    0.932266   0.955544
  1165.82520    0.934888   0.954621
  1165.83600    0.913918   0.953692
  1165.84620    0.939256   0.952806
  1165.85700    0.994301   0.951861
  1165.86780    0.939256   0.950909
  1165.87860    0.936635   0.949949
  1165.88940    0.910423   0.948982
  1165.89960    0.961973   0.948062
  1165.91040    0.878969   0.947082
  1165.92120    0.877222   0.946094
  1165.93200    0.899065   0.945101
  1165.94220    0.861495   0.944156
  1165.95300    0.882464   0.943150
  1165.96380    0.882464   0.942138
  1165.97460    0.882464   0.941120
  1165.98540    0.875474   0.940096
  1165.99560    0.926150   0.939124
  1166.00640    0.903433   0.938089
  1166.01720    0.872853   0.937050
  1166.02800    0.887706   0.936005
  1166.03820    0.881590   0.935014
  1166.04900    0.885959   0.933960
  1166.05980    0.962847   0.932902
  1166.07060    0.886833   0.931840
  1166.08140    0.915666   0.930773
  1166.09160    0.871979   0.929762
  1166.10240    0.931393   0.928688
  1166.11320    0.890328   0.927611
  1166.12400    0.907802   0.926530
  1166.13420    0.942751   0.925507
  1166.14500    0.919161   0.924420
  1166.15580    0.893823   0.923331
  1166.16660    0.889454   0.922239
  1166.17740    0.920034   0.921145
  1166.18760    0.975953   0.920110
  1166.19840    0.923529   0.919013
  1166.20920    0.910423   0.917913
  1166.22000    0.928772   0.916812
  1166.23020    0.864116   0.915771
  1166.24100    0.849262   0.914668
  1166.25180    0.920034   0.913564
  1166.26260    0.885959   0.912460
  1166.27340    0.892949   0.911355
  1166.28360    0.894696   0.910311
  1166.29440    0.923529   0.909206
  1166.30520    0.866737   0.908102
  1166.31600    0.863242   0.906997
  1166.32620    0.876348   0.905955
  1166.33700    0.885085   0.904852
  1166.34780    0.873727   0.903750
  1166.35860    0.829167   0.902650
  1166.36940    0.835283   0.901551
  1166.37960    0.877222   0.900515
  1166.39040    0.901686   0.899420
  1166.40120    0.881590   0.898327
  1166.41200    0.844020   0.897236
  1166.42220    0.902560   0.896208
  1166.43300    0.898191   0.895123
  1166.44380    0.912171   0.894041
  1166.45460    0.892949   0.892962
  1166.46540    0.873727   0.891886
  1166.47560    0.917413   0.890874
  1166.48640    0.865863   0.889805
  1166.49720    0.928772   0.888741
  1166.50800    0.896444   0.887681
  1166.51820    0.886833   0.886684
  1166.52900    0.924403   0.885633
  1166.53980    0.900812   0.884587
  1166.55060    0.911297   0.883546
  1166.56140    0.869358   0.882510
  1166.57160    0.853631   0.881537
  1166.58240    0.913044   0.880512
  1166.59320    0.851884   0.879493
  1166.60400    0.844894   0.878479
  1166.61420    0.809071   0.877528
  1166.62500    0.817808   0.876527
  1166.63580    0.818682   0.875532
  1166.64660    0.834409   0.874544
  1166.65740    0.809945   0.873562
  1166.66760    0.812566   0.872642
  1166.67840    0.882464   0.871675
  1166.68920    0.818682   0.870715
  1166.70000    0.860621   0.869762
  1166.71020    0.811692   0.868869
  1166.72100    0.822177   0.867932
  1166.73180    0.816061   0.867002
  1166.74260    0.809945   0.866081
  1166.75340    0.819556   0.865168
  1166.76360    0.792470   0.864313
  1166.77440    0.807324   0.863417
  1166.78520    0.837904   0.862529
  1166.79600    0.844020   0.861650
  1166.80620    0.838778   0.860828
  1166.81700    0.836157   0.859967
  1166.82780    0.853631   0.859115
  1166.83860    0.805576   0.858273
  1166.84940    0.805576   0.857441
  1166.85960    0.794218   0.856663
  1166.87040    0.808197   0.855850
  1166.88120    0.817808   0.855046
  1166.89200    0.830914   0.854253
  1166.90220    0.799460   0.853513
  1166.91300    0.809071   0.852740
  1166.92380    0.816061   0.851977
  1166.93460    0.823051   0.851225
  1166.94540    0.833535   0.850484
  1166.95560    0.831788   0.849794
  1166.96640    0.851010   0.849074
  1166.97720    0.803829   0.848366
  1166.98800    0.837030   0.847668
  1166.99820    0.809945   0.847020
  1167.00900    0.794218   0.846345
  1167.01980    0.761016   0.845682
  1167.03060    0.815187   0.845030
  1167.04140    0.797713   0.844390
  1167.05160    0.781112   0.843797
  1167.06240    0.776743   0.843180
  1167.07320    0.788975   0.842576
  1167.08400    0.834409   0.841984
  1167.09420    0.794218   0.841436
  1167.10500    0.816061   0.840868
  1167.11580    0.813440   0.840313
  1167.12660    0.780238   0.839770
  1167.13740    0.772374   0.839240
  1167.14760    0.775869   0.838751
  1167.15840    0.807324   0.838246
  1167.16920    0.841399   0.837754
  1167.18000    0.873727   0.837275
  1167.19020    0.901686   0.836834
  1167.20100    0.913918   0.836381
  1167.21180    0.832662   0.835941
  1167.22260    0.858000   0.835514
  1167.23340    0.858000   0.835101
  1167.24360    0.844020   0.834723
  1167.25440    0.875474   0.834336
  1167.26520    0.886833   0.833962
  1167.27600    0.892075   0.833603
  1167.28620    0.851884   0.833276
  1167.29700    0.818682   0.832943
  1167.30780    0.837030   0.832624
  1167.31860    0.798586   0.832319
  1167.32940    0.816061   0.832028
  1167.33960    0.802081   0.831766
  1167.35040    0.810818   0.831502
  1167.36120    0.870232   0.831252
  1167.37200    0.790723   0.831017
  1167.38220    0.819556   0.830808
  1167.39300    0.794218   0.830600
  1167.40380    0.773248   0.830407
  1167.41460    0.758395   0.830228
  1167.42540    0.830914   0.830063
  1167.43560    0.816061   0.829920
  1167.44640    0.794218   0.829784
  1167.45720    0.809071   0.829661
  1167.46800    0.808197   0.829553
  1167.47820    0.805576   0.829465
  1167.48900    0.805576   0.829385
  1167.49980    0.809071   0.829320
  1167.51060    0.751405   0.829269
  1167.52140    0.773248   0.829233
  1167.53160    0.785480   0.829213
  1167.54240    0.814313   0.829205
  1167.55320    0.798586   0.829212
  1167.56400    0.818682   0.829233
  1167.57420    0.861495   0.829267
  1167.58500    0.784607   0.829316
  1167.59580    0.771501   0.829380
  1167.60660    0.792470   0.829459
  1167.61740    0.858000   0.829553
  1167.62760    0.808197   0.829654
  1167.63840    0.826546   0.829776
  1167.64920    0.822177   0.829912
  1167.66000    0.764511   0.830062
  1167.67020    0.763637   0.830218
  1167.68100    0.831788   0.830397
  1167.69180    0.861495   0.830590
  1167.70260    0.902560   0.830797
  1167.71340    0.849262   0.831019
  1167.72360    0.863242   0.831242
  1167.73440    0.897317   0.831492
  1167.74520    0.897317   0.831756
  1167.75600    0.897317   0.832034
  1167.76620    0.799460   0.832310
  1167.77700    0.891201   0.832615
  1167.78780    0.885959   0.832935
  1167.79860    0.871106   0.833269
  1167.80940    0.927024   0.833617
  1167.81960    0.912171   0.833959
  1167.83040    0.947994   0.834334
  1167.84120    0.895570   0.834723
  1167.85200    0.908676   0.835125
  1167.86220    0.927024   0.835518
  1167.87300    0.951488   0.835948
  1167.88380    0.892949   0.836391
  1167.89460    0.913044   0.836847
  1167.90540    0.951488   0.837317
  1167.91560    0.943625   0.837773
  1167.92640    0.899939   0.838269
  1167.93720    0.913918   0.838778
  1167.94800    0.894696   0.839300
  1167.95820    0.878095   0.839806
  1167.96900    0.886833   0.840353
  1167.97980    0.882464   0.840914
  1167.99060    0.896444   0.841487
  1168.00140    0.864116   0.842074
  1168.01160    0.914792   0.842639
  1168.02240    0.890328   0.843250
  1168.03320    0.893823   0.843873
  1168.04400    0.863242   0.844509
  1168.05420    0.906928   0.845120
  1168.06500    0.906928   0.845780
  1168.07580    0.890328   0.846451
  1168.08660    0.941877   0.847134
  1168.09740    0.925277   0.847830
  1168.10760    0.888580   0.848497
  1168.11840    0.916539   0.849215
  1168.12920    0.948867   0.849945
  1168.14000    0.946246   0.850686
  1168.15020    0.932266   0.851396
  1168.16100    0.909550   0.852159
  1168.17180    0.920908   0.852933
  1168.18260    0.870232   0.853718
  1168.19340    0.861495   0.854513
  1168.20360    0.915666   0.855275
  1168.21440    0.929645   0.856091
  1168.22520    0.859747   0.856918
  1168.23600    0.878969   0.857755
  1168.24620    0.862368   0.858555
  1168.25700    0.913918   0.859412
  1168.26780    0.934014   0.860278
  1168.27860    0.883338   0.861155
  1168.28940    0.875474   0.862040
  1168.29960    0.871979   0.862886
  1168.31040    0.900812   0.863790
  1168.32120    0.884212   0.864703
  1168.33200    0.905181   0.865626
  1168.34220    0.919161   0.866505
  1168.35300    0.909550   0.867444
  1168.36380    0.913918   0.868392
  1168.37460    0.911297   0.869348
  1168.38540    0.934014   0.870313
  1168.39560    0.921782   0.871231
  1168.40640    0.934014   0.872211
  1168.41720    0.968089   0.873198
  1168.42800    0.931393   0.874194
  1168.43820    0.883338   0.875140
  1168.44900    0.898191   0.876150
  1168.45980    0.913044   0.877166
  1168.47060    0.908676   0.878189
  1168.48140    0.802955   0.879219
  1168.49160    0.900812   0.880197
  1168.50240    0.840525   0.881239
  1168.51320    0.886833   0.882288
  1168.52400    0.866737   0.883342
  1168.53420    0.895570   0.884342
  1168.54500    0.858873   0.885407
  1168.55580    0.907802   0.886477
  1168.56660    0.859747   0.887552
  1168.57740    0.875474   0.888632
  1168.58760    0.842273   0.889656
  1168.59840    0.865863   0.890744
  1168.60920    0.956731   0.891837
  1168.62000    0.924403   0.892933
  1168.63020    0.928772   0.893972
  1168.64100    0.946246   0.895076
  1168.65180    0.958478   0.896182
  1168.66260    0.948867   0.897292
  1168.67340    0.987311   0.898404
  1168.68360    0.945372   0.899457
  1168.69440    0.913918   0.900574
  1168.70520    0.887706   0.901694
  1168.71600    0.882464   0.902815
  1168.72620    0.913044   0.903875
  1168.73700    0.881590   0.904999
  1168.74780    0.915666   0.906125
  1168.75860    0.913918   0.907251
  1168.76940    0.923529   0.908378
  1168.77960    0.865863   0.909444
  1168.79040    0.861495   0.910572
  1168.80120    0.892949   0.911700
  1168.81200    0.871979   0.912828
  1168.82220    0.865863   0.913893
  1168.83300    0.909550   0.915020
  1168.84380    0.920034   0.916146
  1168.85460    0.898191   0.917271
  1168.86540    0.945372   0.918395
  1168.87560    0.908676   0.919455
  1168.88640    0.960226   0.920576
  1168.89720    0.872853   0.921695
  1168.90800    0.911297   0.922812
  1168.91820    0.904307   0.923865
  1168.92900    0.898191   0.924977
  1168.93980    0.883338   0.926086
  1168.95060    0.888580   0.927192
  1168.96140    0.859747   0.928296
  1168.97160    0.930519   0.929334
  1168.98240    0.876348   0.930430
  1168.99320    0.827419   0.931523
  1169.00400    0.842273   0.932611
  1169.01420    0.912171   0.933635
  1169.02500    0.913044   0.934715
  1169.03580    0.936635   0.935790
  1169.04660    0.939256   0.936861
  1169.05740    0.958478   0.937926
  1169.06760    0.986438   0.938927
  1169.07840    0.913918   0.939982
  1169.08920    0.929645   0.941031
  1169.10000    0.968089   0.942075
  1169.11020    0.885085   0.943055
  1169.12100    0.969837   0.944086
  1169.13180    0.954110   0.945111
  1169.14260    0.956731   0.946130
  1169.15340    0.908676   0.947142
  1169.16360    0.880717   0.948091
  1169.17440    0.983816   0.949090
  1169.18520    0.921782   0.950081
  1169.19600    0.872853   0.951064
  1169.20620    0.908676   0.951986
  1169.21700    0.858873   0.952955
  1169.22780    0.828293   0.953916
  1169.23860    0.899065   0.954869
  1169.24940    0.865863   0.955813
  1169.25960    0.883338   0.956698
  1169.27040    0.865863   0.957626
  1169.28120    0.933140   0.958545
  1169.29200    0.914792   0.959456
  1169.30220    0.891201   0.960308
  1169.31300    0.889454   0.961201
  1169.32380    0.837030   0.962086
  1169.33460    0.895570   0.962961
  1169.34540    0.896444   0.963826
  1169.35560    0.892075   0.964635
  1169.36640    0.872853   0.965482
  1169.37720    0.934014   0.966319
  1169.38800    0.921782   0.967146
  1169.39820    0.988185   0.967918
  1169.40900    0.932266   0.968726
  1169.41980    0.949741   0.969524
  1169.43060    0.874601   0.970311
  1169.44140    0.900812   0.971088
  1169.45160    0.965468   0.971813
  1169.46240    0.969837   0.972570
  1169.47320    0.982943   0.973316
  1169.48400    0.906928   0.974052
  1169.49420    0.895570   0.974737
  1169.50500    0.938383   0.975451
  1169.51580    0.917413   0.976155
  1169.52660    0.885959   0.976848
  1169.53740    0.926150   0.977530
  1169.54760    0.896444   0.978164
  1169.55840    0.898191   0.978825
  1169.56920    0.926150   0.979474
  1169.58000    0.942751   0.980113
  1169.59020    0.930519   0.980706
  1169.60100    0.871106   0.981322
  1169.61180    0.918287   0.981928
  1169.62260    0.917413   0.982522
  1169.63340    0.985564   0.983105
  1169.64360    0.954110   0.983646
  1169.65440    0.875474   0.984207
  1169.66520    0.917413   0.984757
  1169.67600    0.913918   0.985296
  1169.68620    0.947120   0.985795
  1169.69700    0.852757   0.986312
  1169.70780    0.816935   0.986818
  1169.71860    0.839651   0.987313
  1169.72940    0.954110   0.987796
  1169.73960    0.878969   0.988243
  1169.75040    0.883338   0.988705
  1169.76120    0.889454   0.989156
  1169.77200    0.913044   0.989596
  1169.78220    0.879843   0.990002
  1169.79300    0.878095   0.990421
  1169.80380    0.884212   0.990829
  1169.81460    0.883338   0.991226
  1169.82540    0.894696   0.991613
  1169.83560    0.919161   0.991968
  1169.84640    0.940130   0.992334
  1169.85720    0.917413   0.992690
  1169.86800    1.011776   0.993035
  1169.87820    1.050220   0.993352
  1169.88900    1.000417   0.993677
  1169.89980    0.987311   0.993992
  1169.91060    0.935761   0.994297
  1169.92140    0.992554   0.994593
  1169.93160    1.024882   0.994862
  1169.94240    1.064199   0.995139
  1169.95320    1.080800   0.995405
  1169.96400    1.076431   0.995663
  1169.97420    0.988185   0.995897
  1169.98500    1.050220   0.996136
  1169.99580    0.930519   0.996366
  1170.00660    0.900812   0.996587
  1170.01740    0.947120   0.996799
  1170.02760    0.919161   0.996991
  1170.03840    0.964594   0.997187
  1170.04920    0.947120   0.997374
  1170.06000    0.955857   0.997552
  1170.07020    0.993427   0.997713
  1170.08100    0.986438   0.997876
  1170.09180    0.985564   0.998032
  1170.10260    0.925277   0.998179
  1170.11340    0.898191   0.998319
  1170.12360    0.950615   0.998445
  1170.13440    0.917413   0.998571
  1170.14520    0.908676   0.998690
  1170.15600    0.955857   0.998802
  1170.16620    0.895570   0.998903
  1170.17700    1.003038   0.999002
  1170.18780    0.990806   0.999096
  1170.19860    0.906928   0.999183
  1170.20940    0.943625   0.999265
  1170.21960    0.947120   0.999337
  1170.23040    0.970710   0.999408
  1170.24120    0.935761   0.999473
  1170.25200    0.933140   0.999534
  1170.26220    0.868484   0.999586
  1170.27300    0.893823   0.999638
  1170.28380    0.880717   0.999684
  1170.29460    0.944499   0.999727
  1170.30540    0.927024   0.999765
  1170.31560    0.903433   0.999798
  1170.32640    0.904307   0.999829
  1170.33720    0.856252   0.999857
  1170.34800    0.919161   0.999882
  1170.35820    0.901686   0.999902
  1170.36900    0.947994   0.999921
  1170.37980    0.901686   0.999937
  1170.39060    0.947994   0.999951
  1170.40140    0.931393   0.999962
  1170.41160    0.902560   0.999971
  1170.42240    0.957605   0.999979
  1170.43320    0.893823   0.999985
  1170.44400    0.900812   0.999990
  1170.45420    0.885959   0.999994
  1170.46500    0.922655   0.999996
  1170.47580    0.864990   0.999998
  1170.48660    0.923529   0.999999
  1170.49740    0.913044   1.000000
  1170.50760    0.937509   1.000000
  1170.51840    0.916539   1.000000
  1170.52920    0.911297   1.000000
  1170.54000    0.912171   1.000000
  1170.55020    0.986438   1.000000
  1170.56100    0.961099   1.000000
  1170.57180    1.023134   1.000000
  1170.58260    0.985564   1.000000
  1170.59340    0.975953   1.000000
  1170.60360    0.902560   1.000000
  1170.61440    0.917413   1.000000
  1170.62520    0.928772   1.000000
  1170.63600    0.950615   1.000000
  1170.64620    0.954983   1.000000
  1170.65700    1.034493   1.000000
  1170.66780    0.974205   1.000000
  1170.67860    1.044104   1.000000
  1170.68940    0.945372   1.000000
  1170.69960    0.917413   1.000000
  1170.71040    1.009154   1.000000
  1170.72120    0.981195   1.000000
  1170.73200    1.040609   1.000000
  1170.74220    0.933140   1.000000
  1170.75300    0.990806   1.000000
  1170.76380    1.047598   1.000000
  1170.77460    0.955857   1.000000
  1170.78540    0.974205   1.000000
  1170.79560    0.922655   1.000000
  1170.80640    0.970710   1.000000
  1170.81720    0.979448   1.000000
  1170.82800    0.942751   1.000000
  1170.83820    0.903433   1.000000
  1170.84900    0.908676   1.000000
  1170.85980    0.981195   1.000000
  1170.87060    0.976827   1.000000
  1170.88140    0.983816   1.000000
  1170.89160    1.018765   1.000000
  1170.90240    1.079926   1.000000
  1170.91320    0.975079   1.000000
  1170.92400    0.978574   1.000000
  1170.93420    1.031871   1.000000
  1170.94500    0.920908   1.000000
  1170.95580    0.996922   1.000000
  1170.96660    1.004786   1.000000
  1170.97740    0.948867   1.000000
  1170.98760    0.974205   1.000000
  1170.99840    1.002165   1.000000
  1171.00920    0.990806   1.000000
  1171.02000    0.990806   1.000000
  1171.03020    0.975079   1.000000
  1171.04100    1.035366   1.000000
  1171.05180    0.987311   1.000000
  1171.06260    1.044104   1.000000
  1171.07340    1.058083   1.000000
  1171.08360    1.024882   1.000000
  1171.09440    0.993427   1.000000
  1171.10520    0.962847   1.000000
  1171.11600    0.945372   1.000000
  1171.12620    0.930519   1.000000
  1171.13700    1.000417   1.000000
  1171.14780    1.017892   1.000000
  1171.15860    0.975079   1.000000
  1171.16940    1.032745   1.000000
  1171.17960    1.015271   1.000000
  1171.19040    1.037114   1.000000
  1171.20120    1.100022   1.000000
  1171.21200    1.045851   1.000000
  1171.22220    1.024008   1.000000
  1171.23300    0.994301   1.000000
  1171.24380    0.953236   1.000000
  1171.25460    1.032745   1.000000
  1171.26540    1.020513   1.000000
  1171.27560    1.004786   1.000000
  1171.28640    0.947120   1.000000
  1171.29720    0.954983   1.000000
  1171.30800    0.989932   1.000000
  1171.31820    1.007407   1.000000
  1171.32900    1.002165   1.000000
  1171.33980    0.957605   1.000000
  1171.35060    1.002165   1.000000
  1171.36140    0.977700   1.000000
  1171.37160    0.996922   1.000000
  1171.38240    0.989059   1.000000
  1171.39320    0.954983   1.000000
  1171.40400    0.980321   1.000000
  1171.41420    0.957605   1.000000
  1171.42500    0.946246   1.000000
  1171.43580    0.982943   1.000000
  1171.44660    0.987311   1.000000
  1171.45740    0.992554   1.000000
  1171.46760    0.956731   1.000000
  1171.47840    1.057209   1.000000
  1171.48920    0.932266   1.000000
  1171.50000    1.033619   1.000000
  1171.51020    1.122739   1.000000
  1171.52100    1.069442   1.000000
  1171.53180    1.076431   1.000000
  1171.54260    1.096527   1.000000
  1171.55340    1.044977   1.000000
  1171.56360    1.031871   1.000000
  1171.57440    1.052841   1.000000
  1171.58520    0.943625   1.000000
  1171.59600    1.040609   1.000000
  1171.60620    1.061578   1.000000
  1171.61700    1.119244   1.000000
  1171.62780    1.041482   1.000000
  1171.63860    1.023134   1.000000
  1171.64940    1.043230   1.000000
  1171.65960    1.001291   1.000000
  1171.67040    0.989059   1.000000
  1171.68120    1.060704   1.000000
  1171.69200    1.099148   1.000000
  1171.70220    0.981195   1.000000
  1171.71300    1.005660   1.000000
  1171.72380    0.983816   1.000000
  1171.73460    1.007407   1.000000
  1171.74540    0.998670   1.000000
  1171.75560    0.996922   1.000000
  1171.76640    1.048472   1.000000
  1171.77720    1.006533   1.000000
  1171.78800    1.044104   1.000000
  1171.79820    1.107012   1.000000
  1171.80900    1.047598   1.000000
  1171.81980    1.066820   1.000000
  1171.83060    1.045851   1.000000
  1171.84140    1.080800   1.000000
  1171.85160    1.071189   1.000000
  1171.86240    1.023134   1.000000
  1171.87320    1.076431   1.000000
  1171.88400    1.131476   1.000000
  1171.89420    1.051093   1.000000
  1171.90500    1.081674   1.000000
  1171.91580    1.079053   1.000000
  1171.92660    1.051093   1.000000
  1171.93740    1.064199   1.000000
  1171.94760    0.947120   1.000000
  1171.95840    1.056336   1.000000
  1171.96920    1.069442   1.000000
  1171.98000    1.030998   1.000000
  1171.99020    1.093906   1.000000
  1172.00100    1.020513   1.000000
  1172.01180    1.087790   1.000000
  1172.02260    1.114875   1.000000
  1172.03340    1.087790   1.000000
  1172.04360    1.109633   1.000000
  1172.05440    1.075558   1.000000
  1172.06520    1.050220   1.000000
  1172.07600    1.037114   1.000000
  1172.08620    1.055462   1.000000
  1172.09700    1.055462   1.000000
  1172.10780    1.059831   1.000000
  1172.11860    0.989932   1.000000
  1172.12940    1.068568   1.000000
  1172.13960    1.071189   1.000000
  1172.15040    1.093906   1.000000
  1172.16120    1.044104   1.000000
  1172.17200    1.042356   1.000000
  1172.18220    1.050220   1.000000
  1172.19300    1.027503   1.000000
  1172.20380    1.061578   1.000000
  1172.21460    1.114875   1.000000
  1172.22540    1.098275   1.000000
  1172.23560    1.058957   1.000000
  1172.24640    1.069442   1.000000
  1172.25720    0.957605   1.000000
  1172.26800    0.985564   1.000000
  1172.27820    0.911297   1.000000
  1172.28900    0.959352   1.000000
  1172.29980    0.957605   1.000000
  1172.31060    0.985564   1.000000
  1172.32140    1.017018   1.000000
  1172.33160    1.006533   1.000000
  1172.34240    0.997796   1.000000
  1172.35320    0.988185   1.000000
  1172.36400    0.983816   1.000000
  1172.37420    1.041482   1.000000
  1172.38500    0.999543   1.000000
  1172.39580    0.995175   1.000000
  1172.40660    0.968963   1.000000
  1172.41740    1.011776   1.000000
  1172.42760    1.045851   1.000000
  1172.43840    0.995175   1.000000
  1172.44920    1.006533   1.000000
  1172.46000    0.909550   1.000000
  1172.47020    1.045851   1.000000
  1172.48100    1.050220   1.000000
  1172.49180    1.111380   1.000000
  1172.50260    1.004786   1.000000
  1172.51340    1.080800   1.000000
  1172.52360    1.096527   1.000000
  1172.53440    1.069442   1.000000
  1172.54520    1.044104   1.000000
  1172.55600    1.010028   1.000000
  1172.56620    0.992554   1.000000
  1172.57700    0.991680   1.000000
  1172.58780    0.944499   1.000000
  1172.59860    0.966342   1.000000
  1172.60940    0.992554   1.000000
  1172.61960    0.972458   1.000000
  1172.63040    0.968963   1.000000
  1172.64120    0.934014   1.000000
