  1060.30515    1.040348   1.000000
  1060.32032    1.054821   1.000000
  1060.33482    1.088375   1.000000
  1060.34998    1.095415   1.000000
  1060.36465    0.970015   1.000000
  1060.37982    1.002718   1.000000
  1060.39433    1.093399   1.000000
  1060.40950    0.952311   1.000000
  1060.42467    1.026074   1.000000
  1060.43933    0.978991   1.000000
  1060.45392    0.978991   1.000000
  1060.46900    0.998111   1.000000
  1060.48417    0.929777   1.000000
  1060.49883    1.033662   1.000000
  1060.51383    1.027966   1.000000
  1060.52850    1.002718   1.000000
  1060.54367    1.039390   1.000000
  1060.55833    1.010133   1.000000
  1060.57342    1.049008   1.000000
  1060.58800    0.973596   1.000000
  1060.60317    0.923801   1.000000
  1060.61783    0.929777   1.000000
  1060.63292    1.016667   1.000000
  1060.64800    0.947935   1.000000
  1060.66267    0.956706   1.000000
  1060.67733    1.038433   1.000000
  1060.69242    1.026074   1.000000
  1060.70750    1.030810   1.000000
  1060.72300    0.979893   1.000000
  1060.73867    0.977189   1.000000
  1060.75333    1.070480   1.000000
  1060.76833    1.008274   1.000000
  1060.78350    1.063601   1.000000
  1060.79858    1.004566   1.000000
  1060.81367    1.057739   1.000000
  1060.82833    0.982604   1.000000
  1060.84342    1.089378   1.000000
  1060.85850    1.015731   1.000000
  1060.87317    1.024186   1.000000
  1060.88825    1.060666   1.000000
  1060.90333    0.992610   1.000000
  1060.91800    1.033662   1.000000
  1060.93317    1.107589   1.000000
  1060.94775    1.069495   1.000000
  1060.96283    0.961122   1.000000
  1060.97750    1.074431   1.000000
  1060.99267    1.011064   1.000000
  1061.00767    1.013862   1.000000
  1061.02233    0.927211   1.000000
  1061.03750    1.019480   1.000000
  1061.05267    0.995356   1.000000
  1061.06727    0.970015   1.000000
  1061.08235    1.009203   1.000000
  1061.09702    1.071467   1.000000
  1061.11218    0.978090   1.000000
  1061.12677    0.954946   1.000000
  1061.14185    1.015731   1.000000
  1061.15702    0.980796   1.000000
  1061.17168    0.979893   1.000000
  1061.18677    1.053850   1.000000
  1061.20185    1.044188   1.000000
  1061.21652    1.000872   1.000000
  1061.23160    1.022301   1.000000
  1061.24668    0.999951   1.000000
  1061.26135    0.954946   1.000000
  1061.27602    1.013862   1.000000
  1061.29110    0.947062   1.000000
  1061.30618    0.998111   1.000000
  1061.32085    0.961122   1.000000
  1061.33593    1.039390   1.000000
  1061.35102    0.940110   1.000000
  1061.36568    0.980796   1.000000
  1061.38077    1.049008   1.000000
  1061.39585    1.017604   1.000000
  1061.41102    1.116808   1.000000
  1061.42618    1.072454   1.000000
  1061.44068    0.981700   1.000000
  1061.45635    1.046113   1.000000
  1061.47102    1.014796   1.000000
  1061.48610    1.002718   1.000000
  1061.50118    1.006419   1.000000
  1061.51627    1.018541   1.000000
  1061.53135    1.057739   1.000000
  1061.54652    0.972699   1.000000
  1061.56152    1.045150   1.000000
  1061.57668    1.008274   1.000000
  1061.59185    0.971804   1.000000
  1061.60693    1.067526   1.000000
  1061.62202    0.995356   1.000000
  1061.63668    1.035568   1.000000
  1061.65177    0.962894   1.000000
  1061.66685    1.046113   1.000000
  1061.68202    0.986231   1.000000
  1061.69702    0.934068   1.000000
  1061.71218    0.965559   1.000000
  1061.72735    1.070480   1.000000
  1061.74237    1.027019   1.000000
  1061.75753    0.933208   1.000000
  1061.77220    0.961122   1.000000
  1061.78770    0.919557   1.000000
  1061.80237    0.945320   1.000000
  1061.81745    0.976290   1.000000
  1061.83253    1.008274   1.000000
  1061.84770    1.007346   1.000000
  1061.86287    0.982604   1.000000
  1061.87787    0.918710   1.000000
  1061.89303    0.967339   1.000000
  1061.90770    1.016667   1.000000
  1061.92320    0.953188   1.000000
  1061.93787    1.022301   1.000000
  1061.95295    0.930633   1.000000
  1061.96803    1.017604   1.000000
  1061.98320    0.885480   1.000000
  1061.99820    0.950558   1.000000
  1062.01287    0.892028   1.000000
  1062.02853    0.900282   1.000000
  1062.04320    0.988960   1.000000
  1062.05870    0.977189   1.000000
  1062.07337    0.989871   1.000000
  1062.08845    0.964670   1.000000
  1062.10353    0.924653   1.000000
  1062.11862    1.040348   1.000000
  1062.13370    1.117837   1.000000
  1062.14887    0.999030   1.000000
  1062.16403    0.954946   1.000000
  1062.17853    0.960237   1.000000
  1062.19420    1.009203   1.000000
  1062.20887    0.965559   1.000000
  1062.22395    1.125068   1.000000
  1062.23903    1.014796   1.000000
  1062.25412    1.066544   1.000000
  1062.26920    0.996274   1.000000
  1062.28437    1.061643   1.000000
  1062.29937    1.018541   1.000000
  1062.31453    1.068510   1.000000
  1062.32970    0.988049   1.000000
  1062.34478    0.964670   1.000000
  1062.35987    0.993525   1.000000
  1062.37453    1.030810   1.000000
  1062.39003    0.850313   1.000000
  1062.40472    0.987140   1.000000
  1062.41980    1.009203   1.000000
  1062.43488    0.908612   1.000000
  1062.45005    0.908612   1.000000
  1062.46522    0.926358   1.000000
  1062.48022    0.954066   1.000000
  1062.49538    0.973596   1.000000
  1062.51047    0.973596   1.000000
  1062.52555    0.905271   1.000000
  1062.54072    0.897798   1.000000
  1062.55572    0.928066   1.000000
  1062.57038    0.903605   1.000000
  1062.58605    0.908612   1.000000
  1062.60063    0.934929   1.000000
  1062.61572    0.926358   1.000000
  1062.63088    0.954066   1.000000
  1062.64597    0.999951   1.000000
  1062.66105    0.933208   1.000000
  1062.67613    0.940110   1.000000
  1062.69122    1.036522   1.000000
  1062.70588    0.878979   1.000000
  1062.72155    0.905271   1.000000
  1062.73605    1.009203   1.000000
  1062.75172    0.978090   1.000000
  1062.76638    1.099458   1.000000
  1062.78147    1.002718   1.000000
  1062.79655    0.959353   1.000000
  1062.81163    0.982604   1.000000
  1062.82672    0.940110   1.000000
  1062.84188    1.053850   1.000000
  1062.85688    1.005492   1.000000
  1062.87205    1.009203   1.000000
  1062.88722    0.999030   1.000000
  1062.90188    1.070480   1.000000
  1062.91738    0.987140   1.000000
  1062.93205    1.035568   1.000000
  1062.94713    1.077404   1.000000
  1062.96222    0.976290   1.000000
  1062.97730    0.970015   1.000000
  1062.99238    1.007346   1.000000
  1063.00755    1.029861   1.000000
  1063.02272    1.039390   1.000000
  1063.03772    1.062622   1.000000
  1063.05288    1.016667   1.000000
  1063.06797    0.978991   1.000000
  1063.08307    1.108610   1.000000
  1063.09773    1.030810   1.000000
  1063.11323    0.983510   1.000000
  1063.12790    0.979893   1.000000
  1063.14307    0.935791   1.000000
  1063.15807    1.083375   1.000000
  1063.17323    0.984416   1.000000
  1063.18840    0.949683   1.000000
  1063.20348    1.033662   1.000000
  1063.21857    0.936653   1.000000
  1063.23365    1.079391   1.000000
  1063.24873    0.984416   1.000000
  1063.26390    0.989871   1.000000
  1063.27898    0.984416   1.000000
  1063.29407    1.028913   1.000000
  1063.30923    0.954946   1.000000
  1063.32432    1.018541   1.000000
  1063.33940    1.040348   1.000000
  1063.35448    1.011996   1.000000
  1063.36957    1.032711   1.000000
  1063.38473    0.925505   1.000000
  1063.39982    0.970015   1.000000
  1063.41490    0.969122   1.000000
  1063.43007    1.009203   1.000000
  1063.44515    0.881411   1.000000
  1063.46023    0.978991   1.000000
  1063.47490    0.914489   1.000000
  1063.49040    0.907776   1.000000
  1063.50507    1.030810   1.000000
  1063.52073    0.974493   1.000000
  1063.53523    0.932349   1.000000
  1063.55090    1.032711   1.000000
  1063.56557    0.976290   1.000000
  1063.58065    1.024186   1.000000
  1063.59573    1.128181   1.000000
  1063.61082    1.048042   1.000000
  1063.62590    0.992610   1.000000
  1063.64107    1.040348   1.000000
  1063.65607    1.082377   1.000000
  1063.67123    1.071467   1.000000
  1063.68640    0.980796   1.000000
  1063.70148    1.056766   1.000000
  1063.71657    1.041307   1.000000
  1063.73165    1.137571   1.000000
  1063.74675    1.071467   1.000000
  1063.76192    1.091387   1.000000
  1063.77692    1.082377   1.000000
  1063.79208    1.055793   1.000000
  1063.80725    1.196682   1.000000
  1063.82192    1.059690   1.000000
  1063.83742    1.000872   1.000000
  1063.85208    1.115780   1.000000
  1063.86758    1.044188   1.000000
  1063.88225    1.109631   1.000000
  1063.89775    1.103516   1.000000
  1063.91292    1.025129   1.000000
  1063.92808    1.124032   1.000000
  1063.94317    1.074431   1.000000
  1063.95825    1.000872   1.000000
  1063.97333    1.029861   1.000000
  1063.98842    1.056766   1.000000
  1064.00358    0.986231   1.000000
  1064.01858    0.994440   1.000000
  1064.03375    1.039390   1.000000
  1064.04892    0.975391   1.000000
  1064.06400    1.124032   1.000000
  1064.07908    0.984416   1.000000
  1064.09417    1.079391   1.000000
  1064.10925    1.049974   1.000000
  1064.12442    0.922951   1.000000
  1064.13950    1.012928   1.000000
  1064.15408    0.927211   1.000000
  1064.16975    0.996274   1.000000
  1064.18442    0.892028   1.000000
  1064.19992    0.928921   1.000000
  1064.21458    0.993525   1.000000
  1064.23008    0.958470   1.000000
  1064.24525    1.016667   1.000000
  1064.26033    0.986231   1.000000
  1064.27542    1.006419   1.000000
  1064.29058    0.975391   1.000000
  1064.30567    0.978090   1.000000
  1064.32075    1.023243   1.000000
  1064.33583    1.090382   1.000000
  1064.35092    0.930633   1.000000
  1064.36608    1.050942   1.000000
  1064.38125    1.036522   1.000000
  1064.39625    0.940976   1.000000
  1064.41142    0.992610   1.000000
  1064.42652    0.993525   1.000000
  1064.44160    1.025129   1.000000
  1064.45668    1.011996   1.000000
  1064.47177    0.970015   1.000000
  1064.48693    0.995356   1.000000
  1064.50210    0.963782   1.000000
  1064.51710    1.109631   1.000000
  1064.53227    1.038433   1.000000
  1064.54735    0.999951   1.000000
  1064.56243    1.070480   1.000000
  1064.57752    1.127142   1.000000
  1064.59260    1.076412   1.000000
  1064.60777    1.087373   1.000000
  1064.62293    1.073442   1.000000
  1064.63793    1.043227   1.000000
  1064.65310    1.036522   1.000000
  1064.66818    1.034615   1.000000
  1064.68327    1.016667   1.000000
  1064.69835    0.922101   1.000000
  1064.71343    1.027019   1.000000
  1064.72860    0.987140   1.000000
  1064.74377    0.970015   1.000000
  1064.75877    1.007346   1.000000
  1064.77393    1.018541   1.000000
  1064.78902    1.035568   1.000000
  1064.80410    1.087373   1.000000
  1064.81918    0.997192   1.000000
  1064.83427    1.003642   1.000000
  1064.84943    0.939244   1.000000
  1064.86460    0.958470   1.000000
  1064.87960    1.096424   1.000000
  1064.89477    1.141770   1.000000
  1064.90985    0.924653   1.000000
  1064.92493    0.957588   1.000000
  1064.94002    1.006419   1.000000
  1064.95510    1.057739   1.000000
  1064.97027    0.986231   1.000000
  1064.98543    0.991696   1.000000
  1065.00043    1.049974   1.000000
  1065.01560    0.989871   1.000000
  1065.03068    0.992610   1.000000
  1065.04577    1.006419   0.999990
  1065.06135    0.903605   0.999958
  1065.07593    1.056766   0.999901
  1065.09112    0.913647   0.999791
  1065.10628    0.994440   0.999638
  1065.12178    0.961122   0.999449
  1065.13645    0.993525   0.999253
  1065.15153    1.044188   0.999041
  1065.16662    1.010133   0.998797
  1065.18220    1.027019   0.998469
  1065.19678    0.955826   0.998149
  1065.21195    0.972699   0.997815
  1065.22712    0.966448   0.997441
  1065.24262    0.960237   0.997081
  1065.25728    0.979893   0.996663
  1065.27278    0.937516   0.996208
  1065.28745    0.948809   0.995745
  1065.30312    1.010133   0.995256
  1065.31812    0.910288   0.994798
  1065.33328    0.989871   0.994265
  1065.34837    0.974493   0.993717
  1065.36345    0.903605   0.993150
  1065.37853    0.990783   0.992572
  1065.39362    0.998111   0.992014
  1065.40878    0.941843   0.991416
  1065.42395    1.111677   0.990720
  1065.43895    0.994440   0.990092
  1065.45412    0.929777   0.989447
  1065.46920    0.873331   0.988803
  1065.48428    0.980796   0.988062
  1065.49937    0.987140   0.987343
  1065.51445    0.915332   0.986622
  1065.53012    0.963782   0.985877
  1065.54478    0.944449   0.985143
  1065.56028    0.972699   0.984326
  1065.57537    0.987140   0.983511
  1065.59045    0.973596   0.982689
  1065.60562    1.006419   0.981972
  1065.62062    0.925505   0.981131
  1065.63578    0.926358   0.980258
  1065.65095    0.982604   0.979380
  1065.66603    1.011996   0.978536
  1065.68112    1.000872   0.977666
  1065.69620    0.970909   0.976773
  1065.71128    0.995356   0.975885
  1065.72645    0.946191   0.974964
  1065.74145    0.911966   0.974065
  1065.75662    0.866121   0.973100
  1065.77180    0.914489   0.972138
  1065.78730    0.949683   0.971207
  1065.80197    0.899453   0.970256
  1065.81747    0.973596   0.969233
  1065.83263    0.937516   0.968221
  1065.84780    0.918710   0.967261
  1065.86280    1.023243   0.966260
  1065.87797    0.888748   0.965263
  1065.89305    0.975391   0.964215
  1065.90813    0.939244   0.963228
  1065.92322    0.880600   0.962153
  1065.93830    0.959353   0.961086
  1065.95347    0.818802   0.960041
  1065.96863    0.871723   0.959028
  1065.98413    0.808311   0.957895
  1065.99922    0.926358   0.956802
  1066.01430    0.883036   0.955770
  1066.02947    0.922101   0.954651
  1066.04447    0.881411   0.953586
  1066.05963    0.923801   0.952440
  1066.07480    0.971804   0.951390
  1066.08988    0.849530   0.950184
  1066.10497    0.878170   0.949102
  1066.12005    0.965559   0.948030
  1066.13513    0.961122   0.946865
  1066.15030    0.906940   0.945731
  1066.16538    0.903605   0.944635
  1066.18047    0.973596   0.943488
  1066.19563    0.838646   0.942290
  1066.21072    0.891207   0.941203
  1066.22580    0.901942   0.940044
  1066.24088    0.895321   0.938873
  1066.25597    0.979893   0.937742
  1066.27163    0.993525   0.936522
  1066.28672    0.883850   0.935326
  1066.30180    0.933208   0.934231
  1066.31688    0.892850   0.933004
  1066.33197    0.947935   0.931841
  1066.34713    0.922101   0.930691
  1066.36213    0.836332   0.929524
  1066.37730    0.876554   0.928344
  1066.39247    0.852665   0.927170
  1066.40755    0.891207   0.925969
  1066.42263    0.879789   0.924809
  1066.43815    0.777640   0.923599
  1066.45332    0.824098   0.922433
  1066.46848    0.769093   0.921281
  1066.48348    0.900282   0.920041
  1066.49865    0.874941   0.918870
  1066.51373    0.903605   0.917724
  1066.52882    0.910288   0.916508
  1066.54390    0.886296   0.915353
  1066.55898    0.873331   0.914164
  1066.57415    0.875747   0.912990
  1066.58932    0.879789   0.911833
  1066.60482    0.927211   0.910592
  1066.61948    0.901942   0.909507
  1066.63498    1.006419   0.908304
  1066.65015    1.012928   0.907174
  1066.66515    0.996274   0.905980
  1066.68082    0.863731   0.904765
  1066.69548    0.897798   0.903668
  1066.71098    0.925505   0.902490
  1066.72607    0.981700   0.901385
  1066.74115    0.940110   0.900240
  1066.75632    0.927211   0.899163
  1066.77148    0.995356   0.897986
  1066.78648    0.970015   0.896806
  1066.80165    0.913647   0.895639
  1066.81673    0.988049   0.894544
  1066.83182    0.892850   0.893423
  1066.84732    0.965559   0.892344
  1066.86198    0.959353   0.891287
  1066.87765    0.910288   0.890112
  1066.89273    0.875747   0.888962
  1066.90782    0.879789   0.887921
  1066.92290    0.792827   0.886834
  1066.93798    0.882224   0.885847
  1066.95315    0.919557   0.884700
  1066.96815    0.940110   0.883617
  1066.98332    0.795754   0.882564
  1066.99848    0.854238   0.881574
  1067.01398    0.861348   0.880455
  1067.02865    0.926358   0.879435
  1067.04415    0.809802   0.878390
  1067.05932    0.914489   0.877361
  1067.07448    0.840966   0.876359
  1067.08948    0.888748   0.875363
  1067.10467    0.888748   0.874361
  1067.11975    0.889567   0.873392
  1067.13483    0.762042   0.872375
  1067.14992    0.913647   0.871428
  1067.16500    0.940110   0.870442
  1067.18067    0.917865   0.869487
  1067.19575    0.880600   0.868534
  1067.21083    0.866919   0.867628
  1067.22592    0.990783   0.866688
  1067.24100    0.935791   0.865786
  1067.25617    0.917020   0.864835
  1067.27125    0.815039   0.863933
  1067.28633    0.798691   0.863080
  1067.30150    0.852665   0.862202
  1067.31700    0.858180   0.861300
  1067.33217    0.883850   0.860470
  1067.34717    0.876554   0.859638
  1067.36233    0.896146   0.858787
  1067.37750    0.880600   0.857977
  1067.39258    0.928921   0.857159
  1067.40767    0.792097   0.856370
  1067.42317    0.759239   0.855550
  1067.43833    0.956706   0.854810
  1067.45350    0.926358   0.854033
  1067.46850    0.865324   0.853271
  1067.48367    0.921252   0.852526
  1067.49917    0.867718   0.851785
  1067.51433    0.992610   0.851073
  1067.52933    0.917865   0.850369
  1067.54450    0.866121   0.849639
  1067.55967    0.885480   0.849002
  1067.57475    0.928921   0.848347
  1067.58983    0.953188   0.847671
  1067.60533    1.086372   0.847016
  1067.62050    0.856601   0.846394
  1067.63567    0.979893   0.845794
  1067.65067    0.929777   0.845200
  1067.66583    0.843293   0.844589
  1067.68092    0.773355   0.844025
  1067.69600    0.852665   0.843484
  1067.71150    0.798691   0.842905
  1067.72667    0.932349   0.842377
  1067.74183    0.923801   0.841843
  1067.75733    0.824857   0.841332
  1067.77242    0.845627   0.840836
  1067.78752    0.988960   0.840355
  1067.80268    0.943580   0.839902
  1067.81785    0.901942   0.839446
  1067.83335    0.851096   0.838973
  1067.84843    0.894496   0.838582
  1067.86352    0.844070   0.838203
  1067.87868    0.854238   0.837818
  1067.89368    0.829428   0.837451
  1067.90935    0.877362   0.837085
  1067.92443    0.797955   0.836725
  1067.93952    0.819556   0.836375
  1067.95460    0.796487   0.836091
  1067.96968    0.803857   0.835701
  1067.98485    0.759239   0.835482
  1068.00002    0.764854   0.835150
  1068.01552    0.771931   0.834901
  1068.03060    0.724400   0.834644
  1068.04568    0.870119   0.834464
  1068.06085    0.759239   0.834232
  1068.07585    0.849530   0.834058
  1068.09152    0.833256   0.833843
  1068.10618    0.762042   0.833682
  1068.12168    0.840966   0.833562
  1068.13677    0.943580   0.833397
  1068.15185    0.886296   0.833293
  1068.16702    0.860555   0.833188
  1068.18218    0.795754   0.833062
  1068.19768    0.858971   0.832983
  1068.21277    0.777640   0.832957
  1068.22785    0.892028   0.832903
  1068.24302    0.888748   0.832858
  1068.25802    0.928921   0.832831
  1068.27368    0.792827   0.832839
  1068.28835    0.812791   0.832854
  1068.30385    0.840966   0.832852
  1068.31893    0.827901   0.832935
  1068.33402    0.786283   0.832962
  1068.34918    0.855813   0.833083
  1068.36435    0.818048   0.833166
  1068.37985    0.752278   0.833277
  1068.39493    0.730430   0.833443
  1068.41002    0.878979   0.833531
  1068.42518    0.850313   0.833697
  1068.44027    0.863731   0.833899
  1068.45587    0.795754   0.834015
  1068.47095    0.850313   0.834229
  1068.48603    0.830192   0.834449
  1068.50120    0.855025   0.834686
  1068.51620    0.902773   0.834898
  1068.53187    0.836332   0.835211
  1068.54695    0.798691   0.835467
  1068.56203    0.791368   0.835727
  1068.57712    0.815039   0.836062
  1068.59220    0.847186   0.836376
  1068.60787    0.959353   0.836703
  1068.62287    0.847186   0.837071
  1068.63803    0.907776   0.837380
  1068.65312    0.876554   0.837779
  1068.66820    0.847966   0.838178
  1068.68378    0.825617   0.838588
  1068.69887    0.847186   0.838984
  1068.71403    0.813539   0.839428
  1068.72953    0.772643   0.839910
  1068.74470    0.842517   0.840356
  1068.75970    0.803117   0.840830
  1068.77487    0.843293   0.841331
  1068.79003    0.836332   0.841835
  1068.80553    0.859763   0.842361
  1068.82062    0.855025   0.842871
  1068.83570    0.855813   0.843431
  1068.85087    0.787007   0.843973
  1068.86603    0.806081   0.844596
  1068.88153    0.847966   0.845195
  1068.89662    0.843293   0.845760
  1068.91170    0.875747   0.846383
  1068.92737    0.792827   0.847000
  1068.94237    0.853451   0.847659
  1068.95753    0.815790   0.848314
  1068.97262    0.829428   0.848966
  1068.98770    0.842517   0.849630
  1069.00320    0.904438   0.850355
  1069.01837    0.895321   0.851079
  1069.03353    0.819556   0.851791
  1069.04862    0.842517   0.852528
  1069.06370    0.849530   0.853234
  1069.07920    0.849530   0.854015
  1069.09437    0.810548   0.854799
  1069.10953    0.905271   0.855549
  1069.12455    0.869318   0.856343
  1069.13972    0.905271   0.857140
  1069.15522    0.873331   0.857999
  1069.17038    0.881411   0.858822
  1069.18538    0.917865   0.859632
  1069.20105    0.843293   0.860532
  1069.21613    0.901112   0.861377
  1069.23122    0.908612   0.862233
  1069.24630    0.957588   0.863175
  1069.26138    0.869318   0.863993
  1069.27705    0.841741   0.864919
  1069.29213    0.875747   0.865894
  1069.30722    0.871723   0.866784
  1069.32272    0.846406   0.867684
  1069.33788    0.806824   0.868656
  1069.35305    0.856601   0.869656
  1069.36805    0.834024   0.870609
  1069.38322    0.862142   0.871529
  1069.39872    0.846406   0.872564
  1069.41388    0.792827   0.873551
  1069.42888    0.790640   0.874537
  1069.44405    0.917865   0.875595
  1069.45922    0.919557   0.876576
  1069.47472    0.844848   0.877581
  1069.48980    0.856601   0.878670
  1069.50488    0.822581   0.879712
  1069.52005    0.792827   0.880772
  1069.53522    0.834793   0.881834
  1069.55072    0.951434   0.882916
  1069.56580    0.827139   0.883973
  1069.58088    0.917865   0.885005
  1069.59655    0.784113   0.886150
  1069.61155    0.822581   0.887171
  1069.62672    0.836332   0.888330
  1069.64180    0.910288   0.889419
  1069.65688    0.872527   0.890632
  1069.67238    0.872527   0.891802
  1069.68755    0.779074   0.892947
  1069.70272    0.912806   0.894051
  1069.71822    0.893673   0.895215
  1069.73330    0.827901   0.896356
  1069.74838    0.847186   0.897447
  1069.76355    0.862142   0.898623
  1069.77872    1.060666   0.899767
  1069.79423    0.901942   0.900978
  1069.80932    0.929777   0.902190
  1069.82440    0.951434   0.903338
  1069.83957    0.834793   0.904541
  1069.85457    0.821824   0.905711
  1069.87023    0.901942   0.906924
  1069.88532    0.834793   0.908125
  1069.90040    0.994440   0.909284
  1069.91590    0.886296   0.910517
  1069.93107    0.914489   0.911786
  1069.94623    0.913647   0.912966
  1069.96132    0.919557   0.914156
  1069.97640    0.952311   0.915402
  1069.99190    0.922101   0.916642
  1070.00707    0.834024   0.917811
  1070.02223    0.870119   0.919102
  1070.03723    0.947935   0.920273
  1070.05240    0.966448   0.921484
  1070.06790    0.974493   0.922759
  1070.08307    0.928921   0.923998
  1070.09815    0.949683   0.925213
  1070.11373    0.929777   0.926512
  1070.12882    0.896971   0.927683
  1070.14390    0.831723   0.928923
  1070.15907    0.942711   0.930201
  1070.17407    0.887930   0.931330
  1070.18973    0.926358   0.932638
  1070.20482    0.883850   0.933858
  1070.21990    0.946191   0.935067
  1070.23540    0.930633   0.936332
  1070.25057    1.019480   0.937555
  1070.26573    0.936653   0.938819
  1070.28123    0.920404   0.940034
  1070.29632    0.940976   0.941268
  1070.31140    0.947935   0.942453
  1070.32707    0.866121   0.943690
  1070.34207    0.911966   0.944882
  1070.35723    0.878979   0.946109
  1070.37273    0.905271   0.947415
  1070.38840    0.985323   0.948572
  1070.40340    1.000872   0.949772
  1070.41857    0.981700   0.950961
  1070.43365    0.973596   0.952178
  1070.44873    0.909450   0.953308
  1070.46433    1.102500   0.954577
  1070.47942    0.949683   0.955715
  1070.49458    1.007346   0.956881
  1070.51008    0.862936   0.958004
  1070.52525    0.977189   0.959210
  1070.54025    0.968230   0.960362
  1070.55592    0.952311   0.961588
  1070.57100    0.947062   0.962646
  1070.58608    1.032711   0.963741
  1070.60158    0.933208   0.964894
  1070.61675    1.140719   0.966063
  1070.63192    0.965559   0.967132
  1070.64742    0.909450   0.968230
  1070.66208    1.020419   0.969296
  1070.67758    1.040348   0.970421
  1070.69275    0.991696   0.971452
  1070.70833    0.924653   0.972477
  1070.72342    1.033662   0.973564
  1070.73850    0.941843   0.974638
  1070.75358    0.876554   0.975635
  1070.76925    0.933208   0.976646
  1070.78425    0.911126   0.977620
  1070.79942    0.978991   0.978618
  1070.81492    0.953188   0.979675
  1070.83008    0.931491   0.980619
  1070.84508    0.927211   0.981534
  1070.86075    1.029861   0.982439
  1070.87583    0.935791   0.983358
  1070.89092    0.905271   0.984347
  1070.90642    0.954066   0.985228
  1070.92158    0.892028   0.986096
  1070.93675    0.999030   0.986903
  1070.95183    0.985323   0.987747
  1070.96692    0.956706   0.988602
  1070.98242    1.021360   0.989424
  1070.99758    0.996274   0.990183
  1071.01275    0.822581   0.990905
  1071.02825    1.135478   0.991697
  1071.04333    0.913647   0.992432
  1071.05842    0.940110   0.993172
  1071.07408    0.918710   0.993833
  1071.08908    0.977189   0.994451
  1071.10425    0.892028   0.995077
  1071.11975    1.132345   0.995697
  1071.13493    1.148097   0.996309
  1071.14993    1.006419   0.996882
  1071.16560    0.923801   0.997377
  1071.18068    0.958470   0.997842
  1071.19577    1.055793   0.998308
  1071.21127    0.975391   0.998735
  1071.22643    1.140719   0.999102
  1071.24160    1.085372   0.999469
  1071.25710    0.997192   0.999735
  1071.27218    1.043227   0.999898
  1071.28727    0.959353   1.000000
  1071.30293    0.973596   1.000000
  1071.31802    1.079391   1.000000
  1071.33310    0.931491   1.000000
  1071.34860    1.071467   1.000000
  1071.36377    0.955826   1.000000
  1071.37893    1.052879   1.000000
  1071.39443    0.951434   1.000000
  1071.40952    1.029861   1.000000
  1071.42460    1.022301   1.000000
  1071.44027    0.899453   1.000000
  1071.45527    1.041307   1.000000
  1071.47043    1.056766   1.000000
  1071.48552    1.111677   1.000000
  1071.50110    1.085372   1.000000
  1071.51610    1.098446   1.000000
  1071.53127    1.122997   1.000000
  1071.54643    0.981700   1.000000
  1071.56193    0.932349   1.000000
  1071.57702    0.913647   1.000000
  1071.59210    1.002718   1.000000
  1071.60777    0.965559   1.000000
  1071.62285    0.990783   1.000000
  1071.63793    0.999030   1.000000
  1071.65343    0.967339   1.000000
  1071.66860    0.905271   1.000000
  1071.68377    1.036522   1.000000
  1071.69927    1.032711   1.000000
  1071.71435    1.006419   1.000000
  1071.72943    0.968230   1.000000
  1071.74510    0.977189   1.000000
  1071.76010    1.083375   1.000000
  1071.77527    0.943580   1.000000
  1071.79077    0.989871   1.000000
  1071.80595    0.872527   1.000000
  1071.82095    1.012928   1.000000
  1071.83662    1.049008   1.000000
  1071.85170    1.063601   1.000000
  1071.86678    0.976290   1.000000
  1071.88228    1.050942   1.000000
  1071.89745    1.069495   1.000000
  1071.91262    0.995356   1.000000
  1071.92812    0.954946   1.000000
  1071.94320    1.049974   1.000000
  1071.95828    0.956706   1.000000
  1071.97395    1.036522   1.000000
  1071.98903    1.002718   1.000000
  1072.00412    1.101485   1.000000
  1072.01962    1.027966   1.000000
  1072.03528    1.045150   1.000000
  1072.05037    1.014796   1.000000
  1072.06545    1.032711   1.000000
  1072.08095    1.043227   1.000000
  1072.09612    1.156588   1.000000
  1072.11128    0.974493   1.000000
  1072.12678    0.915332   1.000000
  1072.14187    0.984416   1.000000
  1072.15695    0.926358   1.000000
  1072.17262    0.938380   1.000000
  1072.18762    0.936653   1.000000
  1072.20278    0.968230   1.000000
  1072.21828    1.101485   1.000000
  1072.23345    1.022301   1.000000
  1072.24853    1.121963   1.000000
  1072.26412    1.117837   1.000000
  1072.27920    0.946191   1.000000
  1072.29428    0.902773   1.000000
  1072.30987    0.927211   1.000000
  1072.32495    0.986231   1.000000
  1072.34012    1.056766   1.000000
  1072.35562    0.994440   1.000000
  1072.37078    1.060666   1.000000
  1072.38578    1.085372   1.000000
  1072.40145    1.006419   1.000000
  1072.41653    1.082377   1.000000
  1072.43162    0.917020   1.000000
  1072.44712    1.083375   1.000000
  1072.46228    1.055793   1.000000
  1072.47745    0.934068   1.000000
  1072.49297    1.071467   1.000000
  1072.50805    0.914489   1.000000
  1072.52313    0.934929   1.000000
  1072.53880    0.985323   1.000000
  1072.55430    1.099458   1.000000
  1072.56938    0.930633   1.000000
  1072.58447    0.845627   1.000000
  1072.60013    0.881411   1.000000
  1072.61513    0.998111   1.000000
  1072.63030    0.994440   1.000000
  1072.64580    1.013862   1.000000
  1072.66097    0.917020   1.000000
  1072.67605    0.945320   1.000000
  1072.69163    0.983510   1.000000
  1072.70672    1.027966   1.000000
  1072.72180    1.076412   1.000000
  1072.73738    1.048042   1.000000
  1072.75247    1.074431   1.000000
  1072.76763    0.980796   1.000000
  1072.78313    1.061643   1.000000
  1072.79830    0.952311   1.000000
  1072.81380    0.994440   1.000000
  1072.82897    1.031760   1.000000
  1072.84405    1.029861   1.000000
  1072.86005    0.979893   1.000000
  1072.87513    0.987140   1.000000
  1072.89030    0.965559   1.000000
  1072.90580    1.033662   1.000000
  1072.92097    1.069495   1.000000
  1072.93597    1.074431   1.000000
  1072.95163    1.050942   1.000000
  1072.96672    0.904438   1.000000
  1072.98230    1.034615   1.000000
  1072.99730    0.983510   1.000000
  1073.01297    1.002718   1.000000
  1073.02805    1.055793   1.000000
  1073.04313    0.944449   1.000000
  1073.05863    0.857390   1.000000
  1073.07380    0.883036   1.000000
  1073.08897    0.982604   1.000000
  1073.10447    0.959353   1.000000
  1073.11955    1.011064   1.000000
  1073.13463    1.063601   1.000000
  1073.15032    1.011064   1.000000
  1073.16582    1.137571   1.000000
  1073.18090    1.048042   1.000000
  1073.19598    0.982604   1.000000
  1073.21165    0.883850   1.000000
  1073.22673    1.026074   1.000000
  1073.24182    0.958470   1.000000
  1073.25732    0.989871   1.000000
  1073.27248    1.040348   1.000000
  1073.28765    0.944449   1.000000
  1073.30315    0.981700   1.000000
  1073.31865    0.980796   1.000000
  1073.33382    0.919557   1.000000
  1073.34898    0.970015   1.000000
  1073.36448    0.940110   1.000000
  1073.37957    0.940976   1.000000
  1073.39465    0.938380   1.000000
  1073.41032    0.933208   1.000000
  1073.42582    0.878170   1.000000
  1073.44090    0.841741   1.000000
  1073.45598    0.864527   1.000000
  1073.47165    1.027019   1.000000
  1073.48665    0.972699   1.000000
  1073.50182    1.135478   1.000000
  1073.51732    1.005492   1.000000
  1073.53248    0.971804   1.000000
  1073.54798    0.948809   1.000000
  1073.56315    0.918710   1.000000
  1073.57865    1.040348   1.000000
  1073.59382    1.068510   1.000000
  1073.60882    0.952311   1.000000
  1073.62448    1.075421   1.000000
  1073.63957    1.004566   1.000000
  1073.65515    1.014796   1.000000
  1073.67015    1.068510   1.000000
  1073.68582    1.033662   1.000000
  1073.70090    0.987140   1.000000
  1073.71598    1.059690   1.000000
  1073.73148    1.057739   1.000000
  1073.74665    1.077404   1.000000
  1073.76223    1.034615   1.000000
  1073.77732    1.011064   1.000000
  1073.79282    1.059690   1.000000
  1073.80798    1.020419   1.000000
  1073.82317    0.962894   1.000000
  1073.83867    0.928921   1.000000
  1073.85375    1.083375   1.000000
  1073.86933    1.030810   1.000000
  1073.88450    0.987140   1.000000
  1073.90000    0.923801   1.000000
  1073.91508    0.901942   1.000000
  1073.93017    0.940110   1.000000
  1073.94583    0.950558   1.000000
  1073.96133    0.934068   1.000000
  1073.97642    0.881411   1.000000
  1073.99150    0.964670   1.000000
  1074.00717    0.988960   1.000000
  1074.02267    1.004566   1.000000
  1074.03775    1.108610   1.000000
  1074.05283    0.938380   1.000000
  1074.06850    1.020419   1.000000
  1074.08358    0.940976   1.000000
  1074.09908    1.066544   1.000000
  1074.11417    1.103516   1.000000
  1074.12983    0.945320   1.000000
  1074.14492    0.989871   1.000000
  1074.16042    0.899453   1.000000
  1074.17550    0.970909   1.000000
  1074.19117    1.049008   1.000000
  1074.20625    0.835562   1.000000
  1074.22133    0.911126   1.000000
  1074.23683    1.064581   1.000000
  1074.25250    1.048042   1.000000
  1074.26758    1.027966   1.000000
  1074.28267    1.218930   1.000000
  1074.29817    1.131302   1.000000
  1074.31333    1.141770   1.000000
  1074.32892    0.997192   1.000000
  1074.34400    1.052879   1.000000
  1074.35950    1.064581   1.000000
  1074.37467    1.035568   1.000000
  1074.38983    1.001794   1.000000
  1074.40533    1.091387   1.000000
  1074.42083    0.944449   1.000000
  1074.43600    1.049974   1.000000
  1074.45117    1.057739   1.000000
  1074.46667    1.042266   1.000000
  1074.48217    0.910288   1.000000
  1074.49735    1.057739   1.000000
  1074.51252    0.906105   1.000000
  1074.52802    0.901112   1.000000
  1074.54310    0.957588   1.000000
  1074.55868    0.999030   1.000000
  1074.57385    1.101485   1.000000
  1074.58935    1.027966   1.000000
  1074.60443    0.934929   1.000000
  1074.62002    1.001794   1.000000
  1074.63518    1.138620   1.000000
  1074.65068    1.045150   1.000000
  1074.66577    0.965559   1.000000
