  1303.73333    0.981769   1.000000
  1305.56667    0.920469   1.000000
  1330.53333    1.037550   1.000000
  1331.00000    1.028038   1.000000
  1331.50000    1.037550   0.999953
  1332.00000    0.928986   0.998259
  1332.53333    0.946257   0.990054
  1333.03333    0.928986   0.972114
  1333.53333    0.928986   0.941677
  1334.03333    0.928986   0.899089
  1334.50000    0.831781   0.852794
  1335.00000    0.862997   0.804186
  1335.53333    0.731154   0.764694
  1336.00000    0.711228   0.749882
  1336.53333    0.751639   0.760678
  1337.00000    0.831781   0.791692
  1337.56667    0.928986   0.845525
  1338.03333    0.946257   0.893206
  1338.53333    0.809113   0.938028
  1339.03333    0.816599   0.970500
  1339.53333    1.009274   0.989761
  1340.00000    1.037550   0.997848
  1340.53333    0.920469   0.999973
  1341.03333    1.047150   1.000000
  1341.50000    1.047150   1.000000
  1342.00000    0.981769   1.000000
  1342.50000    1.076488   1.000000
  1343.00000    1.086448   1.000000
  1343.50000    1.076488   1.000000
  1344.00000    0.963849   1.000000
  1344.50000    1.000021   1.000000
  1345.00000    1.028038   1.000000
