   106.00440    1.014310   0.991938
   106.01340    1.029229   0.991808
   106.02240    0.992380   0.991677
   106.03080    1.164241   0.991553
   106.03980    1.200941   0.991419
   106.04880    0.936436   0.991284
   106.05780    1.064586   0.991147
   106.06680    1.080698   0.991009
   106.07520    1.072940   0.990879
   106.08420    1.042357   0.990739
   106.09320    0.861545   0.990597
   106.10220    0.949713   0.990453
   106.11120    0.935093   0.990308
   106.12020    0.990590   0.990162
   106.12860    0.975373   0.990024
   106.13760    1.074133   0.989875
   106.14660    0.990142   0.989725
   106.15560    1.189454   0.989573
   106.16460    1.209146   0.989419
   106.17360    1.061751   0.989265
   106.18200    1.221976   0.989119
   106.19100    1.072940   0.988961
   106.20000    1.245846   0.988802
   106.20900    1.124707   0.988642
   106.21800    1.097406   0.988480
   106.22700    1.060856   0.988316
   106.23540    1.080399   0.988163
   106.24440    1.240475   0.987996
   106.25340    1.062497   0.987829
   106.26240    1.044446   0.987659
   106.27140    1.181696   0.987489
   106.28040    1.149920   0.987317
   106.28880    1.315963   0.987155
   106.29780    1.327897   0.986979
   106.30680    1.316559   0.986803
   106.31580    1.440085   0.986625
   106.32480    1.546901   0.986445
   106.33380    1.248979   0.986264
   106.34220    1.232867   0.986094
   106.35120    1.296419   0.985910
   106.36020    1.255244   0.985724
   106.36920    1.137686   0.985537
   106.37820    1.190349   0.985349
   106.38720    1.213771   0.985159
   106.39560    1.144698   0.984980
   106.40460    1.106208   0.984787
   106.41360    1.146041   0.984592
   106.42260    1.133211   0.984396
   106.43160    1.126199   0.984198
   106.44000    1.070851   0.984012
   106.44900    1.020576   0.983811
   106.45800    0.964482   0.983609
   106.46700    1.018338   0.983405
   106.47600    0.916146   0.983200
   106.48500    0.889741   0.982993
   106.49340    0.907792   0.982798
   106.50240    0.866766   0.982588
   106.51140    0.818728   0.982377
   106.52040    0.873181   0.982164
   106.52940    0.895410   0.981949
   106.53840    0.722355   0.981733
   106.54680    0.916296   0.981529
   106.55580    1.010730   0.981310
   106.56480    0.921219   0.981089
   106.57380    0.967466   0.980866
   106.58280    0.944193   0.980642
   106.59180    0.935690   0.980417
   106.60020    1.010730   0.980204
   106.60920    0.871391   0.979976
   106.61820    0.945387   0.979745
   106.62720    1.022515   0.979513
   106.63620    0.872883   0.979280
   106.64520    0.920622   0.979044
   106.65360    0.985219   0.978823
   106.66260    0.816491   0.978585
   106.67160    1.024455   0.978345
   106.68060    0.953890   0.978103
   106.68960    1.119038   0.977860
   106.69860    0.978655   0.977616
   106.70700    1.155439   0.977386
   106.71600    1.332671   0.977138
   106.72500    1.007448   0.976888
   106.73400    1.067122   0.976637
   106.74300    1.089649   0.976384
   106.75200    1.157230   0.976130
   106.76040    1.146488   0.975891
   106.76940    1.129630   0.975633
   106.77840    1.075327   0.975374
   106.78740    1.019233   0.975114
   106.79640    0.949862   0.974851
   106.80540    0.949415   0.974587
   106.81380    0.980893   0.974339
   106.82280    0.925396   0.974072
   106.83180    1.063541   0.973804
   106.84080    0.948967   0.973533
   106.84980    0.971942   0.973261
   106.85820    1.048324   0.973006
   106.86720    0.904212   0.972731
   106.87620    0.954189   0.972454
   106.88520    1.041611   0.972176
   106.89420    0.916743   0.971896
   106.90320    1.017741   0.971614
   106.91160    1.009089   0.971350
   106.92060    0.797246   0.971065
   106.92960    0.888249   0.970779
   106.93860    1.028930   0.970491
   106.94760    0.990888   0.970201
   106.95660    0.960604   0.969910
   106.96500    1.100539   0.969637
   106.97400    1.017145   0.969342
   106.98300    1.158274   0.969046
   106.99200    1.037583   0.968749
   107.00100    0.942850   0.968450
   107.01000    0.905703   0.968149
   107.01840    0.976417   0.967867
   107.02740    0.876016   0.967563
   107.03640    0.958366   0.967258
   107.04540    1.070105   0.966951
   107.05440    1.048026   0.966642
   107.06340    1.146936   0.966332
   107.07180    1.098600   0.966041
   107.08080    0.935690   0.965727
   107.08980    1.140819   0.965413
   107.09880    0.984921   0.965096
   107.10780    0.923904   0.964778
   107.11680    0.819922   0.964458
   107.12520    0.876016   0.964159
   107.13420    0.833796   0.963836
   107.14320    0.929275   0.963512
   107.15220    0.894216   0.963186
   107.16120    0.888696   0.962859
   107.17020    0.902720   0.962530
   107.17860    0.909284   0.962221
   107.18760    1.019233   0.961889
   107.19660    0.900780   0.961556
   107.20560    0.901228   0.961221
   107.21460    0.892724   0.960884
   107.22360    0.883624   0.960546
   107.23200    1.024604   0.960229
   107.24100    0.894216   0.959888
   107.25000    0.853041   0.959545
   107.25900    1.000585   0.959201
   107.26800    1.088008   0.958856
   107.27640    0.978655   0.958532
   107.28540    0.874971   0.958183
   107.29440    0.872435   0.957833
   107.30340    0.917340   0.957481
   107.31240    1.030571   0.957128
   107.32140    1.022814   0.956774
   107.32980    1.020278   0.956442
   107.33880    1.031914   0.956084
   107.34780    1.027140   0.955725
   107.35680    0.870943   0.955365
   107.36580    0.981340   0.955003
   107.37480    0.912715   0.954640
   107.38320    0.959559   0.954300
   107.39220    0.958515   0.953934
   107.40120    0.784863   0.953566
   107.41020    0.761292   0.953197
   107.41920    0.795306   0.952827
   107.42820    0.945536   0.952455
   107.43660    0.957918   0.952107
   107.44560    1.044446   0.951733
   107.45460    0.996557   0.951357
   107.46360    1.137388   0.950979
   107.47260    1.062945   0.950601
   107.48160    1.004315   0.950221
   107.49000    0.974179   0.949865
   107.49900    1.051159   0.949482
   107.50800    1.016846   0.949099
   107.51700    0.927932   0.948713
   107.52600    0.976865   0.948327
   107.53500    1.078460   0.947939
   107.54340    1.030571   0.947576
   107.55240    0.995214   0.947185
   107.56140    0.925247   0.946793
   107.57040    0.866318   0.946400
   107.57940    0.961946   0.946006
   107.58840    0.899438   0.945611
   107.59680    0.982235   0.945240
   107.60580    0.977760   0.944843
   107.61480    0.891829   0.944443
   107.62380    0.957471   0.944043
   107.63280    0.967466   0.943642
   107.64180    0.978506   0.943239
   107.65020    0.876314   0.942862
   107.65920    0.927634   0.942457
   107.66820    0.926440   0.942051
   107.67720    0.884817   0.941643
   107.68620    0.873778   0.941235
   107.69460    0.839316   0.940852
   107.70360    0.876911   0.940442
   107.71260    0.832901   0.940030
   107.72160    0.988054   0.939617
   107.73060    0.909284   0.939202
   107.73960    0.900184   0.938787
   107.74800    0.889591   0.938398
   107.75700    0.920324   0.937981
   107.76600    0.924352   0.937562
   107.77500    1.034898   0.937143
   107.78400    0.829917   0.936722
   107.79300    0.894216   0.936300
   107.80140    0.892724   0.935906
   107.81040    0.866617   0.935482
   107.81940    1.006254   0.935057
   107.82840    0.812015   0.934631
   107.83740    0.883922   0.934204
   107.84640    0.998347   0.933775
   107.85480    0.970748   0.933375
   107.86380    0.835885   0.932945
   107.87280    0.927186   0.932514
   107.88180    0.985965   0.932082
   107.89080    1.002226   0.931648
   107.89980    0.900184   0.931214
   107.90820    0.925545   0.930808
   107.91720    1.071299   0.930372
   107.92620    0.944044   0.929935
   107.93520    1.188111   0.929497
   107.94420    1.293287   0.929058
   107.95320    1.112474   0.928618
   107.96160    1.060558   0.928206
   107.97060    0.929424   0.927764
   107.97960    1.013266   0.927321
   107.98860    0.902570   0.926878
   107.99760    0.836034   0.926433
   108.00660    0.744733   0.925987
   108.01500    0.789190   0.925570
   108.02400    0.909881   0.925123
   108.03300    0.877060   0.924674
   108.04200    0.912118   0.924225
   108.05100    1.064436   0.923775
   108.05940    0.937480   0.923354
   108.06840    0.967615   0.922902
   108.07740    0.871689   0.922449
   108.08640    0.882878   0.921995
   108.09540    0.937629   0.921541
   108.10440    0.896901   0.921085
   108.11280    0.885414   0.920659
   108.12180    0.853190   0.920202
   108.13080    0.782476   0.919744
   108.13980    0.867810   0.919285
   108.14880    0.941060   0.918825
   108.15780    1.082786   0.918365
   108.16620    0.915699   0.917934
   108.17520    0.941657   0.917472
   108.18420    0.957620   0.917009
   108.19320    0.873778   0.916545
   108.20220    0.860948   0.916081
   108.21120    0.760397   0.915615
   108.21960    0.871689   0.915180
   108.22860    0.871988   0.914713
   108.23760    0.739213   0.914245
   108.24660    0.892277   0.913776
   108.25560    0.838421   0.913307
   108.26460    0.849610   0.912837
   108.27300    0.866915   0.912397
   108.28200    0.827680   0.911926
   108.29100    0.915699   0.911453
   108.30000    0.887354   0.910980
   108.30900    0.725935   0.910506
   108.31800    0.785609   0.910031
   108.32640    0.896006   0.909588
   108.33540    0.839465   0.909112
   108.34440    0.845283   0.908635
   108.35340    0.981340   0.908157
   108.36240    0.844687   0.907679
   108.37140    0.970748   0.907200
   108.37980    0.944193   0.906752
   108.38880    0.907344   0.906272
   108.39780    1.010282   0.905791
   108.40680    0.875717   0.905309
   108.41580    0.853041   0.904826
   108.42480    0.807838   0.904343
   108.43320    0.755623   0.903892
   108.44220    0.848118   0.903407
   108.45120    0.952846   0.902922
   108.46020    0.764574   0.902436
   108.46920    0.772332   0.901950
   108.47760    0.839764   0.901495
   108.48660    0.769050   0.901008
   108.49560    0.780985   0.900519
   108.50460    0.833349   0.900030
   108.51360    0.811568   0.899540
   108.52260    0.830514   0.899050
   108.53100    0.763381   0.898592
   108.54000    0.847521   0.898101
   108.54900    0.776509   0.897608
   108.55800    0.829022   0.897116
   108.56700    0.987606   0.896622
   108.57600    0.709226   0.896129
   108.58440    0.989545   0.895667
   108.59340    0.871540   0.895172
   108.60240    0.781880   0.894676
   108.61140    0.906748   0.894180
   108.62040    0.861843   0.893683
   108.62940    0.899885   0.893186
   108.63780    0.862290   0.892721
   108.64680    1.014609   0.892223
   108.65580    0.973583   0.891724
   108.66480    0.939867   0.891224
   108.67380    0.854234   0.890724
   108.68280    0.889741   0.890224
   108.69120    0.830812   0.889756
   108.70020    0.834542   0.889254
   108.70920    0.952249   0.888752
   108.71820    0.791129   0.888249
   108.72720    0.815297   0.887746
   108.73620    0.852146   0.887242
   108.74460    0.785908   0.886772
   108.75360    0.815297   0.886267
   108.76260    0.873479   0.885762
   108.77160    0.820369   0.885256
   108.78060    0.952995   0.884750
   108.78960    0.881685   0.884243
   108.79800    0.875120   0.883770
   108.80700    0.728919   0.883263
   108.81600    0.742793   0.882755
   108.82500    0.760695   0.882246
   108.83400    0.774420   0.881737
   108.84300    0.800975   0.881228
   108.85140    0.684313   0.880752
   108.86040    0.763828   0.880242
   108.86940    0.745329   0.879731
   108.87840    0.743091   0.879220
   108.88740    0.867960   0.878708
   108.89580    0.789637   0.878231
   108.90480    0.904062   0.877718
   108.91380    0.876911   0.877206
   108.92280    0.831708   0.876692
   108.93180    0.771437   0.876179
   108.94080    0.828425   0.875665
   108.94920    0.815446   0.875185
   108.95820    0.812313   0.874670
   108.96720    0.690280   0.874155
   108.97620    0.785758   0.873640
   108.98520    0.754131   0.873124
   108.99420    0.752341   0.872608
   109.00260    0.742942   0.872126
   109.01160    0.633142   0.871609
   109.02060    0.760099   0.871092
   109.02960    0.806794   0.870574
   109.03860    0.798290   0.870056
   109.04760    0.796947   0.869538
   109.05600    0.815894   0.869054
   109.06500    0.828724   0.868535
   109.07400    0.844687   0.868016
   109.08300    0.787399   0.867496
   109.09200    0.751595   0.866976
   109.10100    0.764574   0.866456
   109.10940    0.710867   0.865971
   109.11840    0.768005   0.865450
   109.12740    0.859605   0.864929
   109.13640    0.733842   0.864407
   109.14540    0.758308   0.863886
   109.15440    0.705348   0.863364
   109.16280    0.759800   0.862877
   109.17180    0.840957   0.862354
   109.18080    0.715791   0.861832
   109.18980    0.813805   0.861309
   109.19880    0.833647   0.860786
   109.20780    0.915251   0.860262
   109.21620    0.863335   0.859774
   109.22520    0.928081   0.859250
   109.23420    0.842449   0.858726
   109.24320    0.832752   0.858201
   109.25220    0.862141   0.857677
   109.26060    0.726383   0.857187
   109.26960    0.873479   0.856662
   109.27860    0.881386   0.856137
   109.28760    0.845433   0.855612
   109.29660    0.869750   0.855086
   109.30560    0.708481   0.854561
   109.31400    0.756369   0.854070
   109.32300    0.778896   0.853544
   109.33200    0.652685   0.853017
   109.34100    0.776360   0.852491
   109.35000    0.753982   0.851964
   109.35900    0.750998   0.851438
   109.36740    0.766066   0.850946
   109.37640    0.768155   0.850419
   109.38540    0.742644   0.849892
   109.39440    0.762038   0.849364
   109.40340    0.841703   0.848837
   109.41240    0.781283   0.848309
   109.42080    0.668648   0.847817
   109.42980    0.845433   0.847289
   109.43880    0.790085   0.846761
   109.44780    0.830066   0.846233
   109.45680    0.755474   0.845705
   109.46580    0.825591   0.845176
   109.47420    0.840062   0.844683
   109.48320    0.807689   0.844155
   109.49220    0.850952   0.843626
   109.50120    0.824845   0.843098
   109.51020    0.809479   0.842569
   109.51920    0.737124   0.842040
   109.52760    0.773525   0.841546
   109.53660    0.867960   0.841018
   109.54560    0.809031   0.840489
   109.55460    0.787101   0.839960
   109.56360    0.806197   0.839431
   109.57260    0.791129   0.838902
   109.58100    0.724593   0.838408
   109.59000    0.817833   0.837879
   109.59900    0.728024   0.837349
   109.60800    0.780388   0.836820
   109.61700    0.787399   0.836291
   109.62600    0.771287   0.835762
   109.63440    0.705497   0.835268
   109.64340    0.744583   0.834739
   109.65240    0.677301   0.834210
   109.66140    0.773674   0.833680
   109.67040    0.846477   0.833151
   109.67880    0.816491   0.832657
   109.68780    0.740257   0.832128
   109.69680    0.806943   0.831599
   109.70580    0.824099   0.831070
   109.71480    0.771437   0.830541
   109.72380    0.832901   0.830012
   109.73220    0.784267   0.829518
   109.74120    0.843344   0.828990
   109.75020    0.829619   0.828461
   109.75920    0.906449   0.827932
   109.76820    0.854234   0.827403
   109.77720    0.805302   0.826875
   109.78560    0.760099   0.826382
   109.79460    0.704453   0.825853
   109.80360    0.830066   0.825325
   109.81260    0.679986   0.824797
   109.82160    0.727427   0.824269
   109.83060    0.714000   0.823741
   109.83900    0.669245   0.823248
   109.84800    0.697590   0.822720
   109.85700    0.732499   0.822193
   109.86600    0.823801   0.821665
   109.87500    0.789339   0.821138
   109.88400    0.725637   0.820611
   109.89240    0.740108   0.820119
   109.90140    0.729665   0.819592
   109.91040    0.771437   0.819065
   109.91940    0.805003   0.818538
   109.92840    0.860500   0.818012
   109.93740    0.805302   0.817486
   109.94580    0.858561   0.816995
   109.95480    0.864827   0.816469
   109.96380    0.810523   0.815943
   109.97280    0.722056   0.815418
   109.98180    0.765469   0.814892
   109.99080    0.678942   0.814367
   109.99920    0.961051   0.813877
   110.00820    0.788145   0.813353
   110.01720    0.816640   0.812828
   110.02620    0.624937   0.812304
   110.03520    0.784267   0.811780
   110.04420    0.864230   0.811256
   110.05260    0.833647   0.810768
   110.06160    0.815297   0.810244
   110.07060    0.826337   0.809721
   110.07960    0.723399   0.809198
   110.08860    0.752490   0.808676
   110.09700    0.695800   0.808188
   110.10600    0.837227   0.807667
   110.11500    0.799334   0.807145
   110.12400    0.865274   0.806623
   110.13300    0.792323   0.806102
   110.14200    0.842300   0.805582
   110.15040    0.874822   0.805096
   110.15940    0.868705   0.804576
   110.16840    0.711315   0.804056
   110.17740    0.815148   0.803536
   110.18640    0.715045   0.803017
   110.19540    0.750252   0.802498
   110.20380    0.833050   0.802014
   110.21280    0.829470   0.801495
   110.22180    0.766663   0.800978
   110.23080    0.766066   0.800460
   110.23980    0.817237   0.799943
   110.24880    0.864976   0.799426
   110.25720    1.081742   0.798944
   110.26620    1.075327   0.798428
   110.27520    0.933004   0.797912
   110.28420    0.961946   0.797397
   110.29320    1.028781   0.796882
   110.30220    0.992977   0.796367
   110.31060    0.918981   0.795887
   110.31960    0.837227   0.795374
   110.32860    0.775614   0.794860
   110.33760    0.818132   0.794347
   110.34660    0.785758   0.793835
   110.35560    0.758905   0.793323
   110.36400    0.778150   0.792845
   110.37300    0.884668   0.792334
   110.38200    0.819922   0.791823
   110.39100    0.786206   0.791313
   110.40000    0.699828   0.790803
   110.40900    0.773078   0.790293
   110.41740    0.696247   0.789818
   110.42640    0.655371   0.789310
   110.43540    0.671483   0.788802
   110.44440    0.723697   0.788294
   110.45340    0.880044   0.787787
   110.46180    0.845731   0.787315
   110.47080    0.912715   0.786809
   110.47980    0.813209   0.786303
   110.48880    0.830663   0.785798
   110.49780    0.752341   0.785294
   110.50680    0.790234   0.784790
   110.51520    0.633291   0.784320
   110.52420    0.621058   0.783817
   110.53320    0.556312   0.783314
   110.54220    0.663725   0.782813
   110.55120    0.678942   0.782311
   110.56020    0.687893   0.781811
   110.56860    0.700275   0.781344
   110.57760    0.692965   0.780844
   110.58660    0.741003   0.780345
   110.59560    0.834542   0.779847
   110.60460    0.595697   0.779349
   110.61360    0.744285   0.778852
   110.62200    0.719520   0.778388
   110.63100    0.704751   0.777892
   110.64000    0.625832   0.777397
   110.64900    0.739809   0.776902
   110.65800    0.615538   0.776408
   110.66700    0.708779   0.775914
   110.67540    0.535426   0.775454
   110.68440    0.690131   0.774962
   110.69340    0.715791   0.774470
   110.70240    0.737273   0.773979
   110.71140    0.699679   0.773489
   110.72040    0.762933   0.772999
   110.72880    0.797693   0.772543
   110.73780    0.936286   0.772054
   110.74680    0.716835   0.771567
   110.75580    0.889293   0.771080
   110.76480    0.926142   0.770593
   110.77380    0.762635   0.770108
   110.78220    0.768901   0.769655
   110.79120    0.993126   0.769171
   110.80020    0.682075   0.768688
   110.80920    0.881834   0.768205
   110.81820    0.728322   0.767723
   110.82720    0.783521   0.767242
   110.83560    0.721012   0.766793
   110.84460    0.741450   0.766313
   110.85360    0.946580   0.765834
   110.86260    0.869451   0.765356
   110.87160    0.745180   0.764878
   110.88000    0.834393   0.764433
   110.88900    0.729665   0.763957
   110.89800    0.779194   0.763482
   110.90700    0.687744   0.763008
   110.91600    0.664620   0.762534
   110.92500    0.759203   0.762061
   110.93340    0.679986   0.761621
   110.94240    0.705198   0.761149
   110.95140    0.704751   0.760679
   110.96040    0.745180   0.760210
   110.96940    0.572722   0.759741
   110.97840    0.696397   0.759273
   110.98680    0.821563   0.758837
   110.99580    0.824547   0.758371
   111.00480    0.837227   0.757905
   111.01380    0.814700   0.757441
   111.02280    0.856920   0.756977
   111.03180    0.933601   0.756514
   111.04020    0.800080   0.756083
   111.04920    0.998347   0.755622
   111.05820    0.797246   0.755162
   111.06720    1.163346   0.754703
   111.07620    0.797246   0.754245
   111.08520    0.797246   0.753787
   111.09360    0.873778   0.753361
   111.10260    0.797246   0.752906
   111.11160    0.953890   0.752451
   111.12060    1.054590   0.751997
   111.12960    0.785311   0.751545
   111.13860    0.797246   0.751093
   111.14700    0.887503   0.750672
   111.15600    0.847969   0.750222
   111.16500    0.843344   0.749773
   111.17400    0.875120   0.749325
   111.18300    0.813209   0.748878
   111.19200    0.778299   0.748432
   111.20040    0.799484   0.748017
   111.20940    0.722802   0.747573
   111.21840    0.802020   0.747130
   111.22740    0.548106   0.746688
   111.23640    0.522596   0.746247
   111.24540    0.549300   0.745807
   111.25380    0.632694   0.745398
   111.26280    0.473215   0.744960
   111.27180    0.603753   0.744523
   111.28080    0.550046   0.744087
   111.28980    0.491267   0.743653
   111.29820    0.527519   0.743248
   111.30720    0.608974   0.742815
   111.31620    0.517374   0.742384
   111.32520    0.516927   0.741953
   111.33420    0.540498   0.741524
   111.34320    0.499323   0.741096
   111.35160    0.598680   0.740697
   111.36060    0.648508   0.740271
   111.36960    0.610317   0.739846
   111.37860    0.665963   0.739422
   111.38760    0.640750   0.739000
   111.39660    0.697739   0.738578
   111.40500    0.780835   0.738186
   111.41400    0.670886   0.737767
   111.42300    0.723847   0.737349
   111.43200    0.772183   0.736932
   111.44100    0.767856   0.736516
   111.45000    0.747119   0.736102
   111.45840    0.857666   0.735716
   111.46740    0.792173   0.735304
   111.47640    0.924202   0.734893
   111.48540    0.858859   0.734484
   111.49440    0.784714   0.734075
   111.50340    0.834393   0.733668
   111.51180    0.784267   0.733290
   111.52080    0.741301   0.732885
   111.52980    0.816192   0.732482
   111.53880    0.809777   0.732079
   111.54780    0.874225   0.731679
   111.55680    0.868855   0.731279
   111.56520    0.691175   0.730908
   111.57420    0.636872   0.730511
   111.58320    0.773674   0.730115
   111.59220    0.681180   0.729721
   111.60120    0.700872   0.729328
   111.61020    0.758159   0.728936
   111.61860    0.769945   0.728572
   111.62760    0.766514   0.728182
   111.63660    0.737124   0.727795
   111.64560    0.759651   0.727408
   111.65460    0.735483   0.727023
   111.66360    0.624340   0.726640
   111.67200    0.648657   0.726283
   111.68100    0.623594   0.725902
   111.69000    0.658653   0.725522
   111.69900    0.618969   0.725144
   111.70800    0.647613   0.724767
   111.71640    0.633590   0.724417
   111.72540    0.624638   0.724042
   111.73440    0.665814   0.723670
   111.74340    0.624340   0.723298
   111.75240    0.670587   0.722928
   111.76140    0.602410   0.722560
   111.76980    0.640750   0.722217
   111.77880    0.747418   0.721851
   111.78780    0.638811   0.721487
   111.79680    0.609272   0.721124
   111.80580    0.692965   0.720763
   111.81480    0.722802   0.720402
   111.82320    0.760845   0.720068
   111.83220    0.670438   0.719710
   111.84120    0.727427   0.719355
   111.85020    0.737422   0.719000
   111.85920    0.726532   0.718647
   111.86820    0.836780   0.718296
   111.87660    0.789190   0.717969
   111.88560    0.755623   0.717620
   111.89460    0.788444   0.717273
   111.90360    0.765917   0.716927
   111.91260    0.745777   0.716583
   111.92160    0.721161   0.716240
   111.93000    0.689534   0.715922
   111.93900    0.720565   0.715582
   111.94800    0.770989   0.715243
   111.95700    0.731455   0.714906
   111.96600    0.751446   0.714571
   111.97500    0.739809   0.714236
   111.98340    0.739213   0.713926
   111.99240    0.636722   0.713595
   112.00140    0.637916   0.713265
   112.01040    0.587491   0.712937
   112.01940    0.600470   0.712610
   112.02840    0.717879   0.712285
   112.03680    0.644331   0.711983
   112.04580    0.655520   0.711660
   112.05480    0.638960   0.711339
   112.06380    0.742644   0.711020
   112.07280    0.696695   0.710702
   112.08120    0.796798   0.710407
   112.09020    0.750402   0.710092
   112.09920    0.893918   0.709778
   112.10820    0.750252   0.709467
   112.11720    0.708928   0.709156
   112.12620    0.694010   0.708847
   112.13460    0.733096   0.708560
   112.14360    0.706541   0.708254
   112.15260    0.658951   0.707950
   112.16160    0.715045   0.707647
   112.17060    0.612554   0.707345
   112.17960    0.611809   0.707045
   112.18800    0.617925   0.706766
   112.19700    0.578242   0.706469
   112.20600    0.706690   0.706174
   112.21500    0.719073   0.705880
   112.22400    0.631352   0.705587
   112.23300    0.622401   0.705296
   112.24140    0.764574   0.705026
   112.25040    0.610317   0.704738
   112.25940    0.736229   0.704451
   112.26840    0.672378   0.704166
   112.27740    0.844985   0.703882
   112.28640    0.754728   0.703600
   112.29480    0.747716   0.703338
   112.30380    0.747865   0.703059
   112.31280    0.664023   0.702781
   112.32180    0.737721   0.702505
   112.33080    0.627622   0.702230
   112.33980    0.644480   0.701957
   112.34820    0.581673   0.701704
   112.35720    0.655818   0.701433
   112.36620    0.714299   0.701165
   112.37520    0.732649   0.700897
   112.38420    0.780089   0.700632
   112.39320    0.581076   0.700367
   112.40160    0.784565   0.700122
   112.41060    0.649254   0.699861
   112.41960    0.664173   0.699601
   112.42860    0.801721   0.699343
   112.43760    0.742346   0.699086
   112.44660    0.820817   0.698830
   112.45500    0.805898   0.698593
   112.46400    0.948370   0.698341
   112.47300    0.866766   0.698090
   112.48200    0.900034   0.697841
   112.49100    1.027588   0.697593
   112.49940    0.988800   0.697362
   112.50840    0.832603   0.697117
   112.51740    0.908389   0.696874
   112.52640    0.820519   0.696631
   112.53540    0.800975   0.696391
   112.54440    0.759502   0.696152
   112.55280    0.684014   0.695930
   112.56180    0.648657   0.695693
   112.57080    0.724891   0.695458
   112.57980    0.813954   0.695225
   112.58880    0.670886   0.694993
   112.59780    0.669394   0.694763
   112.60620    0.667604   0.694549
   112.61520    0.522596   0.694321
   112.62420    0.582568   0.694095
   112.63320    0.516181   0.693870
   112.64220    0.566755   0.693647
   112.65120    0.567351   0.693425
   112.65960    0.521551   0.693220
   112.66860    0.494251   0.693001
   112.67760    0.540050   0.692783
   112.68660    0.606289   0.692567
   112.69560    0.605394   0.692352
   112.70460    0.628816   0.692139
   112.71300    0.614195   0.691942
   112.72200    0.570484   0.691731
   112.73100    0.570037   0.691522
   112.74000    0.586596   0.691315
   112.74900    0.546167   0.691109
   112.75800    0.613002   0.690904
   112.76640    0.570633   0.690714
   112.77540    0.682970   0.690512
   112.78440    0.717133   0.690312
   112.79340    0.764873   0.690113
   112.80240    0.723697   0.689915
   112.81140    0.789637   0.689719
   112.81980    0.684760   0.689537
   112.82880    0.618671   0.689344
   112.83780    0.648210   0.689151
   112.84680    0.702513   0.688961
   112.85580    0.613300   0.688771
   112.86480    0.650000   0.688584
   112.87320    0.547659   0.688409
   112.88220    0.685954   0.688224
   112.89120    0.723847   0.688040
   112.90020    0.654475   0.687858
   112.90920    0.748462   0.687677
   112.91760    0.632844   0.687509
   112.92660    0.701767   0.687331
   112.93560    0.587939   0.687154
   112.94460    0.676704   0.686978
   112.95360    0.663277   0.686804
   112.96260    0.605244   0.686631
   112.97100    0.685208   0.686471
   112.98000    0.807689   0.686301
   112.98900    0.718028   0.686132
   112.99800    0.769199   0.685964
   113.00700    0.657608   0.685798
   113.01600    0.719371   0.685633
   113.02440    0.735035   0.685480
   113.03340    0.707884   0.685318
   113.04240    0.847521   0.685157
   113.05140    0.780388   0.684998
   113.06040    0.750849   0.684839
   113.06940    0.715343   0.684683
   113.07780    0.960454   0.684537
   113.08680    0.837824   0.684383
   113.09580    0.759502   0.684230
   113.10480    0.877209   0.684078
   113.11380    0.918086   0.683928
   113.12280    1.121724   0.683779
   113.13120    1.025797   0.683641
   113.14020    1.075774   0.683494
   113.14920    1.036240   0.683349
   113.15820    0.988501   0.683205
   113.16720    0.915102   0.683062
   113.17620    1.121873   0.682921
   113.18460    1.060408   0.682790
   113.19360    1.067271   0.682651
   113.20260    0.797246   0.682514
   113.21160    1.378322   0.682377
   113.22060    0.797246   0.682242
   113.22960    0.797246   0.682108
   113.23800    0.797246   0.681985
   113.24700    0.797246   0.681853
   113.25600    0.797246   0.681723
   113.26500    0.797246   0.681594
   113.27400    0.797246   0.681467
   113.28240    0.797246   0.681349
   113.29140    0.797246   0.681224
   113.30040    0.797246   0.681100
   113.30940    0.797246   0.680977
   113.31840    0.797246   0.680856
   113.32740    0.797246   0.680736
   113.33580    0.797246   0.680625
   113.34480    0.797246   0.680507
   113.35380    0.797246   0.680390
   113.36280    0.797246   0.680275
   113.37180    0.797246   0.680161
   113.38080    0.797246   0.680048
   113.38920    0.797246   0.679944
   113.39820    0.797246   0.679833
   113.40720    0.797246   0.679724
   113.41620    0.797246   0.679616
   113.42520    0.797246   0.679509
   113.43420    0.797246   0.679403
   113.44260    0.797246   0.679305
   113.45160    0.797246   0.679202
   113.46060    0.797246   0.679100
   113.46960    0.797246   0.678999
   113.47860    0.797246   0.678899
   113.48760    0.797246   0.678800
   113.49600    0.797246   0.678709
   113.50500    0.797246   0.678613
   113.51400    0.797246   0.678517
   113.52300    0.797246   0.678423
   113.53200    0.797246   0.678331
   113.54100    0.797246   0.678239
   113.54940    0.797246   0.678154
   113.55840    0.797246   0.678065
   113.56740    0.797246   0.677976
   113.57640    0.797246   0.677889
   113.58540    0.797246   0.677803
   113.59440    0.797246   0.677718
   113.60280    0.797246   0.677640
   113.61180    0.797246   0.677558
   113.62080    0.797246   0.677476
   113.62980    0.797246   0.677396
   113.63880    0.797246   0.677316
   113.64780    0.797246   0.677238
   113.65620    0.797246   0.677166
   113.66520    0.797246   0.677090
   113.67420    0.797246   0.677016
   113.68320    0.797246   0.676942
   113.69220    0.797246   0.676869
   113.70060    0.745926   0.676803
   113.70960    0.797246   0.676732
   113.71860    0.697590   0.676663
   113.72760    0.797246   0.676595
   113.73660    0.713702   0.676528
   113.74560    0.637767   0.676462
   113.75400    0.721161   0.676401
   113.76300    0.687296   0.676337
   113.77200    0.709376   0.676274
   113.78100    0.679986   0.676213
   113.79000    0.698038   0.676152
   113.79900    0.766215   0.676093
   113.80740    0.643287   0.676038
   113.81640    0.567501   0.675981
   113.82540    0.701170   0.675924
   113.83440    0.689534   0.675869
   113.84340    0.743091   0.675815
   113.85240    0.681030   0.675762
   113.86080    0.684163   0.675713
   113.86980    0.543333   0.675662
   113.87880    0.612704   0.675612
   113.88780    0.618820   0.675564
   113.89680    0.638065   0.675516
   113.90580    0.680135   0.675469
   113.91420    0.598979   0.675426
   113.92320    0.834840   0.675382
   113.93220    0.676257   0.675338
   113.94120    0.699231   0.675296
   113.95020    0.783222   0.675254
   113.95920    0.764574   0.675214
   113.96760    0.818878   0.675177
   113.97660    0.652089   0.675139
   113.98560    0.838570   0.675101
   113.99460    0.777404   0.675065
   114.00360    0.827978   0.675030
   114.01260    0.850356   0.674996
   114.02100    0.920324   0.674965
   114.03000    0.766961   0.674932
   114.03900    0.886906   0.674901
   114.04800    0.867214   0.674871
   114.05700    0.869004   0.674842
   114.06600    0.907941   0.674814
   114.07440    0.826486   0.674789
   114.08340    0.787996   0.674763
   114.09240    0.784714   0.674738
   114.10140    0.789786   0.674714
   114.11040    0.908985   0.674691
   114.11880    0.876612   0.674671
   114.12780    0.793069   0.674650
   114.13680    0.797246   0.674630
   114.14580    0.797246   0.674611
   114.15480    0.797246   0.674593
   114.16380    0.797246   0.674577
   114.17220    0.797246   0.674562
   114.18120    0.797246   0.674547
   114.19020    0.797246   0.674533
   114.19920    0.797246   0.674521
   114.20820    0.797246   0.674509
   114.21720    0.797246   0.674498
   114.22560    0.797246   0.674489
   114.23460    0.797246   0.674480
   114.24360    0.797246   0.674473
   114.25260    0.797246   0.674466
   114.26160    0.797246   0.674460
   114.27060    0.797246   0.674456
   114.27900    0.726830   0.674452
   114.28800    0.733693   0.674450
   114.29700    0.721907   0.674448
   114.30600    0.649851   0.674448
   114.31500    0.673422   0.674448
   114.32400    0.668648   0.674449
   114.33240    0.615837   0.674452
   114.34140    0.582419   0.674455
   114.35040    0.746374   0.674460
   114.35940    0.711464   0.674465
   114.36840    0.763231   0.674472
   114.37740    0.853339   0.674479
   114.38580    1.016996   0.674487
   114.39480    0.782626   0.674496
   114.40380    0.797246   0.674507
   114.41280    0.933601   0.674519
   114.42180    0.698038   0.674531
   114.43080    0.872883   0.674545
   114.43920    0.756220   0.674558
   114.44820    0.692816   0.674574
   114.45720    0.643137   0.674590
   114.46620    0.537365   0.674608
   114.47520    0.471276   0.674627
   114.48360    0.561682   0.674645
   114.49260    0.635827   0.674666
   114.50160    0.660443   0.674687
   114.51060    0.608377   0.674710
   114.51960    0.641496   0.674734
   114.52860    0.585701   0.674758
   114.53700    0.710569   0.674782
   114.54600    0.613599   0.674809
   114.55500    0.543780   0.674837
   114.56400    0.574512   0.674866
   114.57300    0.639109   0.674896
   114.58200    0.492610   0.674927
   114.59040    0.530204   0.674956
   114.59940    0.588237   0.674989
   114.60840    0.604648   0.675023
   114.61740    0.647613   0.675058
   114.62640    0.586298   0.675094
   114.63540    0.621655   0.675131
   114.64380    0.764723   0.675167
   114.65280    0.566158   0.675206
   114.66180    0.623893   0.675246
   114.67080    0.627324   0.675287
   114.67980    0.672229   0.675330
   114.68880    0.612405   0.675373
   114.69720    0.696844   0.675414
   114.70620    0.770691   0.675460
   114.71520    0.769050   0.675506
   114.72420    0.722206   0.675553
   114.73320    0.620014   0.675602
   114.74220    0.694457   0.675652
   114.75060    0.727725   0.675699
   114.75960    0.550941   0.675750
   114.76860    0.604946   0.675803
   114.77760    0.607035   0.675857
   114.78660    0.624340   0.675912
   114.79560    0.595697   0.675968
   114.80400    0.612107   0.676021
   114.81300    0.594652   0.676079
   114.82200    0.576452   0.676138
   114.83100    0.579585   0.676198
   114.84000    0.622699   0.676259
   114.84900    0.583463   0.676322
   114.85740    0.590773   0.676381
   114.86640    0.606139   0.676445
   114.87540    0.702364   0.676511
   114.88440    0.671483   0.676578
   114.89340    0.639259   0.676645
   114.90180    0.636573   0.676709
   114.91080    0.685655   0.676779
   114.91980    0.722355   0.676850
   114.92880    0.615986   0.676922
   114.93780    0.618969   0.676996
   114.94680    0.735931   0.677070
   114.95520    0.617328   0.677140
   114.96420    0.622550   0.677217
   114.97320    0.646867   0.677294
   114.98220    0.653282   0.677373
   114.99120    0.665068   0.677453
   115.00020    0.612107   0.677534
   115.00860    0.613748   0.677610
   115.01760    0.540200   0.677693
   115.02660    0.620610   0.677778
   115.03560    0.607930   0.677863
   115.04460    0.727725   0.677949
   115.05360    0.657608   0.678037
   115.06200    0.601515   0.678120
   115.07100    0.734737   0.678210
   115.08000    0.675660   0.678301
   115.08900    0.615986   0.678393
   115.09800    0.667156   0.678486
   115.10700    0.524834   0.678581
   115.11540    0.589580   0.678670
   115.12440    0.670289   0.678767
   115.13340    0.698933   0.678865
   115.14240    0.592564   0.678964
   115.15140    0.654326   0.679064
   115.16040    0.648956   0.679165
   115.16880    0.684909   0.679261
   115.17780    0.724294   0.679365
   115.18680    0.712956   0.679470
   115.19580    0.745031   0.679576
   115.20480    0.661487   0.679683
   115.21380    0.622550   0.679791
   115.22220    0.780239   0.679894
   115.23120    0.709226   0.680004
   115.24020    0.654326   0.680116
   115.24920    0.633888   0.680230
   115.25820    0.620760   0.680344
   115.26720    0.748313   0.680459
   115.27560    0.681030   0.680568
   115.28460    0.678196   0.680686
   115.29360    0.560190   0.680805
   115.30260    0.678793   0.680926
   115.31160    0.578242   0.681047
   115.32000    0.619715   0.681162
   115.32900    0.733544   0.681286
   115.33800    0.745180   0.681411
   115.34700    0.668797   0.681538
   115.35600    0.746970   0.681665
   115.36500    0.719073   0.681794
   115.37340    0.681627   0.681915
   115.38240    0.686550   0.682047
   115.39140    0.703856   0.682179
   115.40040    0.704900   0.682313
   115.40940    0.614792   0.682448
   115.41840    0.665963   0.682585
   115.42680    0.674466   0.682713
   115.43580    0.727278   0.682852
   115.44480    0.722056   0.682992
   115.45380    0.803512   0.683133
   115.46280    0.751595   0.683276
   115.47180    0.792323   0.683419
   115.48020    0.656266   0.683555
   115.48920    0.620760   0.683701
   115.49820    0.720863   0.683849
   115.50720    0.582121   0.683998
   115.51620    0.604498   0.684148
   115.52520    0.710867   0.684299
   115.53360    0.560787   0.684442
   115.54260    0.604797   0.684596
   115.55160    0.635380   0.684751
   115.56060    0.585552   0.684908
   115.56960    0.554521   0.685066
   115.57860    0.685506   0.685225
   115.58700    0.631203   0.685375
   115.59600    0.713254   0.685537
   115.60500    0.714299   0.685700
   115.61400    0.717581   0.685864
   115.62300    0.570783   0.686030
   115.63200    0.600023   0.686197
   115.64040    0.691175   0.686355
   115.64940    0.684313   0.686524
   115.65840    0.666709   0.686695
   115.66740    0.646718   0.686868
   115.67640    0.732052   0.687041
   115.68540    0.660890   0.687216
   115.69380    0.656415   0.687381
   115.70280    0.600620   0.687559
   115.71180    0.686252   0.687738
   115.72080    0.652834   0.687918
   115.72980    0.692965   0.688100
   115.73820    0.662531   0.688271
   115.74720    0.647613   0.688455
   115.75620    0.761292   0.688641
   115.76520    0.754430   0.688828
   115.77420    0.720714   0.689017
   115.78320    0.810076   0.689207
   115.79160    0.673571   0.689385
   115.80060    0.640750   0.689578
   115.80960    0.722056   0.689772
   115.81860    0.743241   0.689967
   115.82760    0.702961   0.690164
   115.83660    0.599128   0.690362
   115.84500    0.634037   0.690548
   115.85400    0.642690   0.690749
   115.86300    0.671184   0.690951
   115.87200    0.773674   0.691155
   115.88100    0.656415   0.691360
   115.89000    0.732499   0.691566
   115.89840    0.777106   0.691760
   115.90740    0.715791   0.691969
   115.91640    0.675361   0.692180
   115.92540    0.727725   0.692392
   115.93440    0.622848   0.692605
   115.94340    0.686252   0.692820
   115.95180    0.585850   0.693022
   115.96080    0.631650   0.693240
   115.96980    0.658951   0.693459
   115.97880    0.659697   0.693679
   115.98780    0.756518   0.693901
   115.99680    0.667455   0.694124
   116.00520    0.692518   0.694334
   116.01420    0.686550   0.694560
   116.02320    0.623594   0.694788
   116.03220    0.671333   0.695017
   116.04120    0.741152   0.695247
   116.05020    0.719222   0.695479
   116.05860    0.741152   0.695697
   116.06760    0.660592   0.695931
   116.07660    0.768602   0.696167
   116.08560    0.812463   0.696405
   116.09460    0.807540   0.696644
   116.10300    0.756071   0.696868
   116.11200    0.858262   0.697110
   116.12100    0.723697   0.697353
   116.13000    0.827381   0.697598
   116.13900    0.678942   0.697844
   116.14800    0.645674   0.698092
   116.15640    0.641646   0.698324
   116.16540    0.611361   0.698575
   116.17440    0.646121   0.698827
   116.18340    0.643734   0.699080
   116.19240    0.614494   0.699335
   116.20140    0.663725   0.699591
   116.20980    0.613002   0.699832
   116.21880    0.623296   0.700091
   116.22780    0.730858   0.700351
   116.23680    0.677748   0.700613
   116.24580    0.704900   0.700877
   116.25480    0.702066   0.701142
   116.26320    0.687296   0.701391
   116.27220    0.622102   0.701658
   116.28120    0.574363   0.701928
   116.29020    0.592862   0.702199
   116.29920    0.687445   0.702471
   116.30820    0.689832   0.702745
   116.31660    0.645226   0.703001
   116.32560    0.646718   0.703278
   116.33460    0.755623   0.703556
   116.34360    0.672079   0.703836
   116.35260    0.662084   0.704117
   116.36160    0.709823   0.704399
   116.37000    0.689534   0.704664
   116.37900    0.732499   0.704950
   116.38800    0.760099   0.705236
   116.39700    0.634634   0.705525
   116.40600    0.634335   0.705815
   116.41500    0.718178   0.706106
   116.42340    0.641198   0.706379
   116.43240    0.755026   0.706673
   116.44140    0.706989   0.706969
   116.45040    0.684014   0.707266
   116.45940    0.663874   0.707564
   116.46840    0.719819   0.707864
   116.47680    0.691921   0.708146
   116.48580    0.714746   0.708449
   116.49480    0.676853   0.708753
   116.50380    0.701469   0.709059
   116.51280    0.751446   0.709366
   116.52120    0.737572   0.709654
   116.53020    0.659249   0.709964
   116.53920    0.676704   0.710276
   116.54820    0.779791   0.710589
   116.55720    0.682075   0.710903
   116.56620    0.677748   0.711219
   116.57460    0.674317   0.711515
   116.58360    0.586298   0.711834
   116.59260    0.602111   0.712154
   116.60160    0.679986   0.712476
   116.61060    0.719669   0.712799
   116.61960    0.651939   0.713124
   116.62800    0.690578   0.713428
   116.63700    0.796201   0.713756
   116.64600    0.740854   0.714084
   116.65500    0.786803   0.714415
   116.66400    0.691026   0.714746
   116.67300    0.704453   0.715080
   116.68140    0.654177   0.715392
   116.69040    0.649254   0.715728
   116.69940    0.704005   0.716065
   116.70840    0.762187   0.716404
   116.71740    0.662979   0.716745
   116.72640    0.748015   0.717086
   116.73480    0.644778   0.717406
   116.74380    0.667007   0.717751
   116.75280    0.672229   0.718097
   116.76180    0.627771   0.718444
   116.77080    0.780835   0.718793
   116.77980    0.634932   0.719143
   116.78820    0.617030   0.719471
   116.79720    0.755325   0.719824
   116.80620    0.707585   0.720178
   116.81520    0.598382   0.720534
   116.82420    0.674914   0.720891
   116.83320    0.730560   0.721249
   116.84160    0.655967   0.721585
   116.85060    0.688937   0.721946
   116.85960    0.735035   0.722309
   116.86860    0.743837   0.722673
   116.87760    0.694010   0.723038
   116.88660    0.748910   0.723405
   116.89500    0.773973   0.723748
   116.90400    0.681478   0.724117
   116.91300    0.749656   0.724488
   116.92200    0.832304   0.724860
   116.93100    0.665366   0.725233
   116.93940    0.766364   0.725583
   116.94840    0.695800   0.725959
   116.95740    0.668946   0.726336
   116.96640    0.667007   0.726715
   116.97540    0.759203   0.727095
   116.98440    0.874374   0.727476
   116.99280    0.667007   0.727833
   117.00180    0.734737   0.728217
   117.01080    0.724443   0.728602
   117.01980    0.581076   0.728988
   117.02880    0.687893   0.729376
   117.03780    0.693711   0.729765
   117.04620    0.728919   0.730129
   117.05520    0.703408   0.730521
   117.06420    0.768901   0.730913
   117.07320    0.711166   0.731307
   117.08220    0.737721   0.731703
   117.09120    0.758010   0.732099
   117.09960    0.698783   0.732470
   117.10860    0.669991   0.732869
   117.11760    0.823801   0.733269
   117.12660    0.695501   0.733671
   117.13560    0.773078   0.734073
   117.14460    0.750998   0.734477
   117.15300    0.680285   0.734855
   117.16200    0.755175   0.735261
   117.17100    0.840062   0.735669
   117.18000    0.779194   0.736077
   117.18900    0.803959   0.736487
   117.19800    0.829171   0.736898
   117.20640    0.744583   0.737282
   117.21540    0.657459   0.737695
   117.22440    0.661487   0.738109
   117.23340    0.697739   0.738525
   117.24240    0.783819   0.738941
   117.25140    0.706989   0.739359
   117.25980    0.651790   0.739749
   117.26880    0.692816   0.740169
   117.27780    0.757562   0.740590
   117.28680    0.665963   0.741012
   117.29580    0.655818   0.741435
   117.30420    0.713404   0.741830
   117.31320    0.789936   0.742255
   117.32220    0.711613   0.742681
   117.33120    0.712956   0.743109
   117.34020    0.693860   0.743537
   117.34920    0.689236   0.743966
   117.35760    0.741301   0.744368
   117.36660    0.706243   0.744799
   117.37560    0.714895   0.745231
   117.38460    0.730560   0.745664
   117.39360    0.790234   0.746098
   117.40260    0.701767   0.746534
   117.41100    0.694606   0.746941
   117.42000    0.751446   0.747378
   117.42900    0.729963   0.747816
   117.43800    0.719073   0.748255
   117.44700    0.707436   0.748696
   117.45600    0.729665   0.749137
   117.46440    0.709674   0.749549
   117.47340    0.707436   0.749992
   117.48240    0.836034   0.750436
   117.49140    0.810225   0.750881
   117.50040    0.742644   0.751327
   117.50940    0.715641   0.751773
   117.51780    0.793964   0.752191
   117.52680    0.686401   0.752639
   117.53580    0.756966   0.753089
   117.54480    0.804556   0.753539
   117.55380    0.682970   0.753990
   117.56280    0.743390   0.754442
   117.57120    0.854533   0.754865
   117.58020    0.779642   0.755319
   117.58920    0.882729   0.755774
   117.59820    0.782178   0.756229
   117.60720    0.860799   0.756685
   117.61620    0.829768   0.757143
   117.62460    0.769796   0.757570
   117.63360    0.892575   0.758029
   117.64260    0.913163   0.758489
   117.65160    0.840659   0.758949
   117.66060    0.768901   0.759411
   117.66960    0.793069   0.759873
   117.67800    0.719371   0.760305
   117.68700    0.738467   0.760769
   117.69600    0.712509   0.761233
   117.70500    0.799782   0.761699
   117.71400    0.817684   0.762165
   117.72240    0.834542   0.762601
   117.73140    0.796351   0.763068
   117.74040    0.790383   0.763537
   117.74940    0.768453   0.764006
   117.75840    0.743390   0.764476
   117.76740    0.865871   0.764946
   117.77580    0.768901   0.765386
   117.78480    0.859754   0.765859
   117.79380    0.769348   0.766331
   117.80280    0.679091   0.766805
   117.81180    0.798439   0.767279
   117.82080    0.770243   0.767754
   117.82920    0.868556   0.768198
   117.83820    0.774122   0.768675
   117.84720    0.772332   0.769152
   117.85620    0.782178   0.769630
   117.86520    0.776211   0.770108
   117.87420    0.806644   0.770588
   117.88260    0.773078   0.771035
   117.89160    0.682373   0.771516
   117.90060    0.757861   0.771997
   117.90960    0.655669   0.772479
   117.91860    0.769497   0.772962
   117.92760    0.648359   0.773445
   117.93600    0.826188   0.773896
   117.94500    0.748611   0.774381
   117.95400    0.671632   0.774866
   117.96300    0.863782   0.775351
   117.97200    0.742196   0.775838
   117.98100    0.742047   0.776324
   117.98940    0.691175   0.776779
   117.99840    0.851848   0.777267
   118.00740    0.712061   0.777756
   118.01640    0.766812   0.778245
   118.02540    0.705348   0.778735
   118.03440    0.797693   0.779226
   118.04280    0.789339   0.779684
   118.05180    0.870943   0.780175
   118.06080    0.734737   0.780668
   118.06980    0.682075   0.781160
   118.07880    0.730560   0.781654
   118.08780    0.765768   0.782147
   118.09620    0.778747   0.782609
   118.10520    0.744583   0.783103
   118.11420    0.908687   0.783599
   118.12320    0.822607   0.784095
   118.13220    0.839018   0.784591
   118.14060    0.828873   0.785055
   118.14960    0.820220   0.785552
   118.15860    0.823502   0.786050
   118.16760    0.782178   0.786548
   118.17660    0.782178   0.787047
   118.18560    0.793814   0.787547
   118.19400    0.779045   0.788013
   118.20300    0.839316   0.788513
   118.21200    0.847521   0.789014
   118.22100    0.780089   0.789516
   118.23000    0.873927   0.790017
   118.23900    0.771586   0.790519
   118.24740    0.719819   0.790988
   118.25640    0.823801   0.791491
   118.26540    0.789637   0.791995
   118.27440    0.822458   0.792499
   118.28340    0.857069   0.793003
   118.29240    0.832603   0.793508
   118.30080    0.829321   0.793979
   118.30980    0.873778   0.794485
   118.31880    0.714299   0.794991
   118.32780    0.846626   0.795497
   118.33680    0.858859   0.796004
   118.34580    0.794262   0.796511
   118.35420    0.877955   0.796985
   118.36320    0.822160   0.797492
   118.37220    0.760397   0.798001
   118.38120    0.739660   0.798509
   118.39020    0.721609   0.799018
   118.39920    0.825442   0.799528
   118.40760    0.766364   0.800003
   118.41660    0.823055   0.800513
   118.42560    0.795008   0.801024
   118.43460    0.737870   0.801534
   118.44360    0.800379   0.802045
   118.45260    0.889741   0.802557
   118.46100    0.760994   0.803034
   118.47000    0.601216   0.803546
   118.47900    0.665664   0.804058
   118.48800    0.807838   0.804571
   118.49700    0.751147   0.805084
   118.50540    0.781730   0.805563
   118.51440    0.716686   0.806076
   118.52340    0.795456   0.806590
   118.53240    0.782476   0.807104
   118.54140    0.795903   0.807618
   118.55040    0.903913   0.808133
   118.55880    0.871092   0.808613
   118.56780    0.762635   0.809128
   118.57680    0.706243   0.809643
   118.58580    0.803362   0.810159
   118.59480    0.784714   0.810675
   118.60380    0.773824   0.811191
   118.61220    0.761740   0.811673
   118.62120    0.795456   0.812189
   118.63020    0.755921   0.812706
   118.63920    0.825740   0.813223
   118.64820    0.806346   0.813740
   118.65720    0.833498   0.814257
   118.66560    0.788145   0.814740
   118.67460    0.748462   0.815258
   118.68360    0.919279   0.815776
   118.69260    0.856920   0.816294
   118.70160    0.864081   0.816812
   118.71060    0.816938   0.817330
   118.71900    1.117248   0.817814
   118.72800    0.995513   0.818333
   118.73700    0.904062   0.818852
   118.74600    0.783968   0.819371
   118.75500    0.722653   0.819890
   118.76400    0.723697   0.820410
   118.77240    0.921517   0.820894
   118.78140    0.731007   0.821414
   118.79040    0.743390   0.821934
   118.79940    0.824994   0.822454
   118.80840    0.825591   0.822974
   118.81740    0.921219   0.823494
   118.82580    0.824994   0.823979
   118.83480    0.811120   0.824500
   118.84380    0.822756   0.825020
   118.85280    0.796351   0.825540
   118.86180    0.725637   0.826061
   118.87080    0.797097   0.826582
   118.87920    0.815745   0.827068
   118.88820    0.848864   0.827589
   118.89720    0.961648   0.828110
   118.90620    0.812164   0.828630
   118.91520    0.789041   0.829152
   118.92360    0.762486   0.829638
   118.93260    0.784117   0.830159
   118.94160    0.803362   0.830680
   118.95060    0.874971   0.831201
   118.95960    0.834542   0.831723
   118.96860    0.778747   0.832244
   118.97700    0.798588   0.832730
   118.98600    0.817087   0.833252
   118.99500    0.727576   0.833773
   119.00400    0.871391   0.834294
   119.01300    0.751744   0.834816
   119.02200    0.867214   0.835337
   119.03040    0.850654   0.835823
   119.03940    0.871540   0.836345
   119.04840    0.763679   0.836866
   119.05740    0.862738   0.837387
   119.06640    0.792621   0.837909
   119.07540    0.749656   0.838430
   119.08380    0.837973   0.838916
   119.09280    0.818579   0.839438
   119.10180    0.724145   0.839959
   119.11080    0.785609   0.840480
   119.11980    0.856771   0.841001
   119.12880    0.895857   0.841522
   119.13720    0.714448   0.842008
   119.14620    0.887503   0.842529
   119.15520    0.823502   0.843049
   119.16420    0.895111   0.843570
   119.17320    0.899139   0.844091
   119.18220    0.861694   0.844611
   119.19060    0.916743   0.845097
   119.19960    0.933899   0.845617
   119.20860    0.860799   0.846137
   119.21760    0.840360   0.846657
   119.22660    0.869451   0.847177
   119.23560    0.794411   0.847697
   119.24400    0.781581   0.848182
   119.25300    0.865573   0.848702
   119.26200    0.867661   0.849222
   119.27100    0.865722   0.849741
   119.28000    0.876165   0.850260
   119.28900    0.841106   0.850779
   119.29740    0.845731   0.851264
   119.30640    0.789936   0.851782
   119.31540    0.771884   0.852301
   119.32440    0.842598   0.852819
   119.33340    0.768304   0.853338
   119.34180    0.790085   0.853821
   119.35080    0.895111   0.854339
   119.35980    0.898542   0.854857
   119.36880    0.976119   0.855375
   119.37780    0.899736   0.855892
   119.38680    0.798887   0.856409
   119.39520    0.852593   0.856892
   119.40420    1.060408   0.857408
   119.41320    0.890636   0.857925
   119.42220    0.824397   0.858441
   119.43120    0.846924   0.858957
   119.44020    0.820519   0.859473
   119.44860    0.866318   0.859955
   119.45760    0.872435   0.860470
   119.46660    0.735781   0.860985
   119.47560    0.843493   0.861500
   119.48460    0.886906   0.862015
   119.49360    0.902720   0.862529
   119.50200    0.855130   0.863009
   119.51100    0.924501   0.863523
   119.52000    0.811568   0.864037
   119.52900    0.818878   0.864550
   119.53800    0.752789   0.865064
   119.54700    0.823950   0.865576
   119.55540    0.837078   0.866055
   119.56440    0.807390   0.866567
   119.57340    0.751744   0.867079
   119.58240    0.765022   0.867591
   119.59140    0.733544   0.868102
   119.60040    0.805302   0.868613
   119.60880    0.839316   0.869090
   119.61780    0.811120   0.869600
   119.62680    0.788742   0.870110
   119.63580    0.901974   0.870620
   119.64480    0.814402   0.871130
   119.65380    0.956725   0.871639
   119.66220    0.806794   0.872114
   119.67120    0.800677   0.872622
   119.68020    0.861694   0.873130
   119.68920    0.809628   0.873638
   119.69820    0.840509   0.874145
   119.70660    0.860053   0.874618
   119.71560    0.792323   0.875125
   119.72460    0.835736   0.875631
   119.73360    0.903018   0.876137
   119.74260    0.822756   0.876643
   119.75160    0.800975   0.877148
   119.76000    0.795306   0.877619
   119.76900    0.760845   0.878123
   119.77800    0.757264   0.878627
   119.78700    0.826635   0.879131
   119.79600    0.764723   0.879634
   119.80500    0.753833   0.880137
   119.81340    0.776957   0.880605
   119.82240    0.881983   0.881107
   119.83140    0.726979   0.881609
   119.84040    0.848267   0.882110
   119.84940    0.836332   0.882610
   119.85840    0.847521   0.883110
   119.86680    0.826486   0.883577
   119.87580    0.913163   0.884076
   119.88480    0.746075   0.884575
   119.89380    0.808435   0.885073
   119.90280    0.876165   0.885571
   119.91180    0.839167   0.886068
   119.92020    0.810971   0.886532
   119.92920    0.821265   0.887028
   119.93820    0.803512   0.887524
   119.94720    0.909284   0.888019
   119.95620    0.935690   0.888514
   119.96520    0.863036   0.889009
   119.97360    0.946878   0.889470
   119.98260    0.903167   0.889963
   119.99160    0.890785   0.890456
   120.00060    0.901825   0.890949
   120.00960    0.936436   0.891440
   120.01860    0.883027   0.891932
   120.02700    0.863335   0.892390
   120.03600    0.876911   0.892880
   120.04500    0.801721   0.893370
   120.05400    0.770989   0.893859
   120.06300    0.776807   0.894348
   120.07200    0.838719   0.894836
   120.08040    0.756966   0.895291
   120.08940    0.938375   0.895778
   120.09840    0.786952   0.896264
   120.10740    0.850356   0.896750
   120.11640    0.755921   0.897235
   120.12480    0.945536   0.897687
   120.13380    0.906897   0.898171
   120.14280    1.004464   0.898655
   120.15180    0.952846   0.899138
   120.16080    0.941508   0.899620
   120.16980    0.947475   0.900102
   120.17820    0.958813   0.900551
   120.18720    0.885265   0.901031
   120.19620    0.792173   0.901511
   120.20520    0.888995   0.901990
   120.21420    0.846775   0.902469
   120.22320    0.906897   0.902947
   120.23160    0.955233   0.903392
   120.24060    0.873927   0.903869
   120.24960    0.917489   0.904345
   120.25860    0.813209   0.904820
   120.26760    0.887204   0.905295
   120.27660    0.821115   0.905769
   120.28500    0.769199   0.906211
   120.29400    0.839913   0.906683
   120.30300    0.824248   0.907155
   120.31200    0.915699   0.907626
   120.32100    0.954934   0.908097
   120.33000    0.980744   0.908567
   120.33840    0.898841   0.909005
   120.34740    0.839316   0.909473
   120.35640    0.856174   0.909941
   120.36540    0.770094   0.910408
   120.37440    0.815894   0.910875
   120.38340    0.996706   0.911340
   120.39180    0.988352   0.911774
   120.40080    0.980296   0.912239
   120.40980    0.943746   0.912702
   120.41880    0.895559   0.913165
   120.42780    0.820220   0.913627
   120.43680    0.851848   0.914088
   120.44520    0.844537   0.914518
   120.45420    0.861097   0.914978
   120.46320    0.902123   0.915436
   120.47220    0.899885   0.915895
   120.48120    0.845880   0.916352
   120.49020    0.878552   0.916809
   120.49860    0.854085   0.917234
   120.50760    0.972538   0.917689
   120.51660    0.885713   0.918143
   120.52560    0.921069   0.918597
   120.53460    0.840659   0.919049
   120.54300    0.901228   0.919471
   120.55200    0.972240   0.919922
   120.56100    1.015056   0.920372
   120.57000    1.116055   0.920822
   120.57900    0.860202   0.921270
   120.58800    0.840211   0.921718
   120.59640    0.924799   0.922135
   120.60540    0.874374   0.922581
   120.61440    0.778747   0.923026
   120.62340    0.896752   0.923471
   120.63240    0.848416   0.923914
   120.64140    0.841703   0.924357
   120.64980    0.879596   0.924769
   120.65880    0.913312   0.925210
   120.66780    0.895260   0.925650
   120.67680    0.908538   0.926089
   120.68580    0.958067   0.926527
   120.69480    0.741898   0.926964
   120.70320    0.785311   0.927371
   120.71220    0.883773   0.927807
   120.72120    0.856323   0.928241
   120.73020    0.903615   0.928675
   120.73920    0.872733   0.929108
