  1251.19973    1.017950   1.000000
  1251.22939    1.035867   1.000000
  1251.26064    1.057990   1.000000
  1251.29290    1.004741   1.000000
  1251.32414    0.997307   1.000000
  1251.35539    1.012993   1.000000
  1251.38765    1.032724   1.000000
  1251.42005    0.981638   1.000000
  1251.45432    0.992490   1.000000
  1251.48773    1.003466   1.000000
  1251.51782    0.986904   1.000000
  1251.54922    1.004280   1.000000
  1251.58032    0.986792   1.000000
  1251.61171    1.020967   1.000000
  1251.64397    1.001337   1.000000
  1251.67522    0.964144   1.000000
  1251.70747    1.015165   1.000000
  1251.73872    1.010440   1.000000
  1251.76997    0.992839   1.000000
  1251.80122    1.045389   1.000000
  1251.83246    1.017751   1.000000
  1251.86371    1.000020   1.000000
  1251.89496    1.060756   1.000000
  1251.92621    1.031757   1.000000
  1251.95746    1.013780   1.000000
  1251.98870    0.983334   1.000000
  1252.02010    0.999739   1.000000
  1252.05120    1.033438   1.000000
  1252.08259    0.969654   1.000000
  1252.11370    0.990392   1.000000
  1252.14509    1.010642   1.000000
  1252.17619    1.038948   1.000000
  1252.20859    1.036019   1.000000
  1252.23984    0.972956   1.000000
  1252.27109    0.964853   1.000000
  1252.30234    0.999233   1.000000
  1252.33358    1.044433   1.000000
  1252.36483    1.024331   1.000000
  1252.39608    1.001834   1.000000
  1252.42733    0.968141   1.000000
  1252.45858    1.016627   1.000000
  1252.48982    1.006300   1.000000
  1252.52107    1.009967   1.000000
  1252.55333    1.014582   1.000000
  1252.58458    1.022047   1.000000
  1252.61582    1.013533   1.000000
  1252.64707    1.015351   1.000000
  1252.67832    1.039965   1.000000
  1252.70856    0.993903   1.000000
  1252.73981    1.050472   1.000000
  1252.77106    0.979212   1.000000
  1252.80230    1.002030   1.000000
  1252.83355    1.001049   1.000000
  1252.86480    0.986306   1.000000
  1252.89605    1.003715   1.000000
  1252.92730    0.927848   1.000000
  1252.95854    0.958291   1.000000
  1252.98979    1.021319   1.000000
  1253.02104    1.010002   1.000000
  1253.05243    1.036417   1.000000
  1253.08354    1.041160   1.000000
  1253.11493    1.011702   1.000000
  1253.14603    0.993117   1.000000
  1253.17742    1.017215   1.000000
  1253.20853    0.982051   1.000000
  1253.23992    0.972958   1.000000
  1253.27102    0.978314   1.000000
  1253.30242    1.002985   1.000000
  1253.33352    1.012244   1.000000
  1253.36491    1.031078   1.000000
  1253.39501    0.990836   1.000000
  1253.42626    1.031922   1.000000
  1253.45750    0.976172   1.000000
  1253.48875    1.045254   1.000000
  1253.52000    1.035577   1.000000
  1253.55125    0.983253   1.000000
  1253.58250    1.017428   1.000000
  1253.61374    0.967799   1.000000
  1253.64499    0.980359   1.000000
  1253.67624    0.964112   1.000000
  1253.70850    1.019085   1.000000
  1253.73989    1.034225   1.000000
  1253.77099    1.027493   1.000000
  1253.80238    1.007666   1.000000
  1253.83450    0.998327   1.000000
  1253.86589    1.000120   1.000000
  1253.89699    1.028218   1.000000
  1253.92838    1.018690   1.000000
  1253.95949    0.990739   1.000000
  1253.99088    1.035689   1.000000
  1254.02198    1.082675   1.000000
  1254.05338    1.008148   1.000000
  1254.08448    1.042253   1.000000
  1254.11587    0.958872   1.000000
  1254.14698    1.023970   1.000000
  1254.17837    0.985771   1.000000
  1254.20846    0.981163   1.000000
  1254.23986    0.982016   1.000000
  1254.27096    0.988347   1.000000
  1254.30235    1.003045   1.000000
  1254.33446    0.992821   1.000000
  1254.36586    1.014141   1.000000
  1254.39696    1.003805   1.000000
  1254.42835    1.006542   1.000000
  1254.45946    0.978897   1.000000
  1254.49085    0.987037   1.000000
  1254.52210    0.998016   1.000000
  1254.55334    0.992427   1.000000
  1254.58459    0.985955   1.000000
  1254.61584    0.977709   1.000000
  1254.64709    1.027823   1.000000
  1254.67834    0.973077   1.000000
  1254.70858    0.997682   1.000000
  1254.73982    1.001331   1.000000
  1254.77107    1.023798   1.000000
  1254.80232    1.021846   1.000000
  1254.83458    0.982769   1.000000
  1254.86582    0.961976   1.000000
  1254.89707    0.968184   1.000000
  1254.92832    1.030179   1.000000
  1254.95957    1.024409   1.000000
  1254.99082    0.987970   1.000000
  1255.02206    0.974265   1.000000
  1255.05230    1.023293   1.000000
  1255.08355    1.037568   1.000000
  1255.11480    0.962421   1.000000
  1255.14605    1.001530   1.000000
  1255.17730    1.008933   1.000000
  1255.20854    1.012627   1.000000
  1255.23979    1.033447   1.000000
  1255.27104    1.025750   1.000000
  1255.30243    0.945267   1.000000
  1255.33454    1.011462   1.000000
  1255.36579    1.002065   1.000000
  1255.39704    0.951259   1.000000
  1255.42843    0.980791   1.000000
  1255.45954    1.033052   1.000000
  1255.49093    0.992585   1.000000
  1255.52203    1.034858   1.000000
  1255.55342    0.958068   1.000000
  1255.58453    1.035707   1.000000
  1255.61592    0.992360   1.000000
  1255.64702    1.017491   1.000000
  1255.67842    1.014605   1.000000
  1255.70851    0.959571   1.000000
  1255.73990    1.025860   1.000000
  1255.77101    0.970213   1.000000
  1255.80341    0.979208   1.000000
  1255.83451    0.994735   1.000000
  1255.86590    1.031364   1.000000
  1255.89701    1.002041   1.000000
  1255.92840    0.978984   1.000000
  1255.95950    0.997286   1.000000
  1255.99090    1.046575   1.000000
  1256.02200    1.001817   1.000000
  1256.05339    1.059173   1.000000
  1256.08450    0.994286   1.000000
  1256.11589    0.945562   1.000000
  1256.14699    0.986810   1.000000
  1256.17838    1.014650   1.000000
  1256.20949    0.994062   1.000000
  1256.24088    1.011713   1.000000
  1256.27198    0.972925   1.000000
  1256.30338    0.993893   1.000000
  1256.33448    1.033399   1.000000
  1256.36587    1.000269   1.000000
  1256.39698    0.999284   1.000000
  1256.42837    0.965434   1.000000
  1256.46062    1.010379   1.000000
  1256.49187    0.967118   1.000000
  1256.52326    0.984302   1.000000
  1256.55538    0.998999   1.000000
  1256.58662    0.973264   1.000000
  1256.61787    0.974114   1.000000
  1256.64926    0.997902   1.000000
  1256.67936    0.974004   1.000000
  1256.71075    1.010869   1.000000
  1256.74186    0.992182   1.000000
  1256.77325    0.955878   1.000000
  1256.80536    0.981967   1.000000
  1256.83675    0.989247   1.000000
  1256.86786    0.979117   1.000000
  1256.89925    1.019976   1.000000
  1256.93035    1.032329   1.000000
  1256.96174    1.005729   1.000000
  1256.99285    0.972535   1.000000
  1257.02424    0.972479   1.000000
  1257.05534    1.025404   1.000000
  1257.08674    0.966049   1.000000
  1257.11784    1.032953   1.000000
  1257.14923    0.971349   1.000000
  1257.18034    0.972198   1.000000
  1257.21072    0.934846   1.000000
  1257.24182    0.982097   1.000000
  1257.27322    0.972937   1.000000
  1257.30432    0.983815   1.000000
  1257.33672    0.991114   1.000000
  1257.36782    0.994757   1.000000
  1257.40022    0.977250   1.000000
  1257.43147    0.972653   1.000000
  1257.46272    0.979873   1.000000
  1257.49397    0.993605   1.000000
  1257.52522    0.983419   1.000000
  1257.55646    0.971523   1.000000
  1257.58771    0.952638   1.000000
  1257.61896    0.983250   1.000000
  1257.65122    0.958759   1.000000
  1257.68246    1.002564   1.000000
  1257.71371    1.028046   1.000000
  1257.74496    0.997792   1.000000
  1257.77621    0.997736   1.000000
  1257.80760    0.983828   1.000000
  1257.83870    0.962902   1.000000
  1257.87010    1.027765   1.000000
  1257.90120    1.018176   1.000000
  1257.93259    0.980856   1.000000
  1257.96370    1.010501   0.999999
  1257.99509    1.030417   0.999997
  1258.02619    1.028443   0.999992
  1258.05758    1.004697   0.999985
  1258.08869    1.014997   0.999974
  1258.12008    1.016835   0.999959
  1258.15118    0.997063   0.999938
  1258.18258    1.051422   0.999911
  1258.21368    0.976700   0.999877
  1258.24507    0.968477   0.999834
  1258.27733    0.976586   0.999782
  1258.30858    0.995851   0.999721
  1258.33982    0.945091   0.999649
  1258.37006    0.978243   0.999568
  1258.40117    0.942338   0.999474
  1258.43256    0.989146   0.999365
  1258.46366    0.993716   0.999243
  1258.49506    0.993660   0.999105
  1258.52616    0.989901   0.998953
  1258.55755    0.976994   0.998782
  1258.58866    0.988866   0.998596
  1258.62005    1.027376   0.998391
  1258.65115    0.998958   0.998168
  1258.68254    1.014877   0.997924
  1258.71264    0.989567   0.997671
  1258.74403    0.954119   0.997387
  1258.77514    0.989454   0.997084
  1258.80653    1.015602   0.996756
  1258.83763    0.986574   0.996408
  1258.86902    1.001368   0.996034
  1258.90013    0.970922   0.995640
  1258.93152    0.960042   0.995218
  1258.96262    0.972625   0.994775
  1258.99402    0.999275   0.994303
  1259.02526    1.047951   0.993808
  1259.05651    0.972457   0.993286
  1259.08776    0.982447   0.992739
  1259.11901    0.975986   0.992165
  1259.15126    0.965946   0.991545
  1259.18251    0.981359   0.990917
  1259.24501    0.919938   0.989579
  1259.27626    0.982108   0.988869
  1259.30750    1.042565   0.988132
  1259.33875    1.011806   0.987367
  1259.37000    0.999534   0.986575
  1259.40125    1.017382   0.985756
  1259.43250    0.983665   0.984909
  1259.46374    0.977193   0.984036
  1259.49499    0.978965   0.983135
  1259.52523    0.995525   0.982239
  1259.55648    0.983443   0.981286
  1259.58773    0.987072   0.980308
  1259.61898    0.940151   0.979303
  1259.65022    0.991585   0.978274
  1259.68147    1.006475   0.977220
  1259.71272    0.992400   0.976141
  1259.74397    0.946105   0.975039
  1259.77522    0.968444   0.973914
  1259.80646    0.991304   0.972767
  1259.83771    0.995895   0.971598
  1259.86896    0.981962   0.970408
  1259.90021    0.962797   0.969199
  1259.93160    0.916127   0.967964
  1259.96270    0.989171   0.966724
  1259.99410    0.954552   0.965455
  1260.02520    1.006799   0.964181
  1260.05659    0.964321   0.962881
  1260.08770    0.946374   0.961577
  1260.11909    0.960604   0.960248
  1260.15019    0.956956   0.958917
  1260.18158    0.949757   0.957561
  1260.21269    0.980427   0.956205
  1260.24408    0.984970   0.954825
  1260.27518    0.983072   0.953447
  1260.30658    0.954885   0.952045
  1260.33768    0.974710   0.950647
  1260.36907    0.944982   0.949226
  1260.40018    0.950254   0.947809
  1260.43157    1.022208   0.946370
  1260.46368    0.962687   0.944891
  1260.49507    0.938577   0.943437
  1260.52618    0.978029   0.941990
  1260.55858    0.979805   0.940476
  1260.58982    0.978832   0.939010
  1260.62107    0.948078   0.937539
  1260.65232    0.928666   0.936063
  1260.68458    0.953312   0.934535
  1260.71582    0.931168   0.933050
  1260.74707    0.967605   0.931563
  1260.77933    0.943360   0.930025
  1260.81072    0.938010   0.928525
  1260.84182    0.910211   0.927038
  1260.87322    0.922192   0.925535
  1260.90432    0.887317   0.924045
  1260.93571    0.926416   0.922541
  1260.96682    0.904025   0.921051
  1260.99821    0.903969   0.919548
  1261.02931    0.923644   0.918060
  1261.06070    0.898778   0.916559
  1261.09181    0.904650   0.915074
  1261.12320    0.955209   0.913578
  1261.15430    0.918232   0.912098
  1261.18570    0.888480   0.910608
  1261.21680    0.901881   0.909135
  1261.24819    0.890039   0.907653
  1261.27930    0.918007   0.906189
  1261.31069    0.917951   0.904717
  1261.34179    0.923950   0.903264
  1261.37318    0.887309   0.901804
  1261.40443    0.917783   0.900356
  1261.43568    0.864955   0.898916
  1261.46693    0.887141   0.897483
  1261.49818    0.925406   0.896058
  1261.52942    0.859109   0.894641
  1261.56067    0.886139   0.893233
  1261.59192    0.907157   0.891833
  1261.62317    0.854909   0.890444
  1261.65442    0.835753   0.889064
  1261.68566    0.883418   0.887695
  1261.71691    0.906080   0.886337
  1261.74816    0.902622   0.884990
  1261.77941    0.874977   0.883655
  1261.81066    0.869176   0.882332
  1261.84190    0.889810   0.881021
  1261.87315    0.904097   0.879723
  1261.90440    0.857628   0.878439
  1261.93666    0.847134   0.877128
  1261.96790    0.848675   0.875872
  1261.99915    0.897093   0.874631
  1262.03040    0.815626   0.873405
  1262.06165    0.829530   0.872194
  1262.09290    0.858097   0.871000
  1262.12414    0.858850   0.869821
  1262.15539    0.857985   0.868659
  1262.18664    0.892545   0.867514
  1262.21789    0.867627   0.866387
  1262.24914    0.840212   0.865277
  1262.28038    0.897432   0.864186
  1262.31163    0.848858   0.863113
  1262.34288    0.860888   0.862059
  1262.37413    0.866530   0.861024
  1262.40538    0.893834   0.860009
  1262.43662    0.869690   0.859013
  1262.46787    0.898787   0.858038
  1262.49926    0.858986   0.857080
  1262.53037    0.850869   0.856151
  1262.56176    0.839651   0.855235
  1262.59286    0.842769   0.854349
  1262.62426    0.831653   0.853477
  1262.65536    0.886676   0.852635
  1262.68675    0.852999   0.851807
  1262.71901    0.836206   0.850982
  1262.75026    0.849672   0.850205
  1262.78150    0.843226   0.849452
  1262.81275    0.846359   0.848723
  1262.84400    0.795909   0.848018
  1262.87525    0.839088   0.847337
  1262.90650    0.872953   0.846681
  1262.93774    0.843741   0.846050
  1262.96899    0.813941   0.845443
  1263.00125    0.835699   0.844844
  1263.03250    0.876027   0.844289
  1263.06374    0.844312   0.843760
  1263.09499    0.849053   0.843257
  1263.12624    0.830752   0.842780
  1263.15749    0.824440   0.842329
  1263.18874    0.825163   0.841905
  1263.21998    0.821993   0.841507
  1263.25022    0.819611   0.841148
  1263.28147    0.850323   0.840804
  1263.31272    0.809487   0.840486
  1263.34397    0.819443   0.840196
  1263.37522    0.853373   0.839933
  1263.40646    0.850098   0.839697
  1263.43771    0.824716   0.839489
  1263.46997    0.833280   0.839303
  1263.50237    0.831648   0.839146
  1263.53347    0.841875   0.839024
  1263.56486    0.836266   0.838928
  1263.59698    0.832264   0.838860
  1263.62837    0.835362   0.838821
  1263.65947    0.820428   0.838810
  1263.69086    0.869078   0.838828
  1263.72197    0.826548   0.838873
  1263.75437    0.871431   0.838949
  1263.78576    0.820201   0.839052
  1263.81686    0.879590   0.839182
  1263.84826    0.838133   0.839340
  1263.87936    0.827048   0.839525
  1263.91075    0.852411   0.839739
  1263.94186    0.817595   0.839979
  1263.97325    0.797651   0.840249
  1264.00334    0.872632   0.840534
  1264.03459    0.792267   0.840856
  1264.06685    0.843308   0.841217
  1264.09824    0.834518   0.841597
  1264.12934    0.852019   0.842000
  1264.16074    0.853576   0.842433
  1264.19184    0.854328   0.842889
  1264.22323    0.858323   0.843376
  1264.25434    0.876315   0.843884
  1264.28674    0.834180   0.844441
  1264.31784    0.830183   0.845002
  1264.34923    0.859722   0.845594
  1264.38034    0.862110   0.846206
  1264.41173    0.886870   0.846849
  1264.44283    0.839447   0.847511
  1264.47422    0.835424   0.848204
  1264.50533    0.847322   0.848915
  1264.53672    0.836104   0.849657
  1264.56782    0.836841   0.850415
  1264.59922    0.840758   0.851205
  1264.63032    0.884802   0.852011
  1264.66171    0.837465   0.852847
  1264.69282    0.839793   0.853699
  1264.72421    0.848535   0.854581
  1264.75531    0.856556   0.855476
  1264.78670    0.875359   0.856402
  1264.81781    0.878624   0.857341
  1264.84920    0.871938   0.858310
  1264.88030    0.871882   0.859291
  1264.91170    0.896093   0.860302
  1264.94280    0.900287   0.861323
  1264.97419    0.852115   0.862373
  1265.00530    0.886644   0.863434
  1265.03669    0.916447   0.864523
  1265.06779    0.855994   0.865620
  1265.09918    0.877287   0.866747
  1265.13043    0.873913   0.867886
  1265.16168    0.862340   0.869042
  1265.19293    0.893047   0.870215
  1265.22418    0.887931   0.871406
  1265.25542    0.850803   0.872612
  1265.28667    0.886978   0.873834
  1265.31792    0.871922   0.875072
  1265.34917    0.886026   0.876325
  1265.38042    0.901206   0.877592
  1265.41166    0.859443   0.878874
  1265.44406    0.842432   0.880217
  1265.47517    0.874952   0.881521
  1265.50656    0.860904   0.882849
  1265.53766    0.902632   0.884177
  1265.56906    0.905145   0.885530
  1265.60016    0.877219   0.886882
  1265.63155    0.877163   0.888257
  1265.66266    0.861441   0.889631
  1265.69405    0.879549   0.891027
  1265.72515    0.899734   0.892421
  1265.75654    0.897974   0.893837
  1265.78765    0.867779   0.895248
  1265.81904    0.894463   0.896682
  1265.85014    0.917591   0.898110
  1265.88154    0.900306   0.899558
  1265.91264    0.877490   0.901001
  1265.94403    0.911356   0.902464
  1265.97514    0.934030   0.903919
  1266.00653    0.947336   0.905393
  1266.03763    0.884790   0.906859
  1266.06902    0.890628   0.908344
  1266.10013    0.886358   0.909819
  1266.13152    0.946215   0.911311
  1266.16262    0.884565   0.912794
  1266.19402    0.899745   0.914292
  1266.22526    0.930048   0.915787
  1266.25651    0.917731   0.917283
  1266.28776    0.919417   0.918781
  1266.31901    0.921979   0.920280
  1266.35026    0.885909   0.921779
  1266.38150    0.906262   0.923278
  1266.41275    0.964713   0.924777
  1266.44400    0.924381   0.926274
  1266.47525    0.941127   0.927771
  1266.50650    0.920769   0.929265
  1266.53774    0.932135   0.930757
  1266.56899    0.968094   0.932246
  1266.60024    0.941795   0.933732
  1266.63149    0.943526   0.935214
  1266.66274    0.943470   0.936691
  1266.69398    0.982651   0.938164
  1266.72523    0.945149   0.939631
  1266.75648    0.951386   0.941093
  1266.78773    0.902956   0.942548
  1266.81898    0.935172   0.943996
  1266.85022    0.911458   0.945436
  1266.88147    0.945765   0.946869
  1266.91272    0.960167   0.948294
  1266.94397    0.947448   0.949709
  1266.97522    0.964617   0.951115
  1267.00646    0.984886   0.952511
  1267.03771    0.952687   0.953896
  1267.06896    0.974560   0.955271
  1267.10021    0.959830   0.956633
  1267.13146    0.943523   0.957984
  1267.16270    0.923967   0.959322
  1267.19410    0.992983   0.960652
  1267.22621    0.935328   0.961999
  1267.25760    0.972375   0.963300
  1267.28870    0.969557   0.964575
  1267.32010    0.944080   0.965845
  1267.35120    0.945819   0.967088
  1267.38259    0.979555   0.968325
  1267.41370    0.951108   0.969533
  1267.44509    0.926976   0.970734
  1267.47619    0.965548   0.971904
  1267.50758    0.954558   0.973065
  1267.53869    0.977418   0.974194
  1267.57008    1.006521   0.975312
  1267.60118    0.970836   0.976396
  1267.63258    0.959785   0.977468
  1267.66368    0.970724   0.978506
  1267.69507    0.987389   0.979529
  1267.72618    0.978009   0.980517
  1267.75757    0.935262   0.981490
  1267.78867    0.990975   0.982427
  1267.82006    0.988102   0.983348
  1267.85117    1.000308   0.984233
  1267.88256    1.013621   0.985100
  1267.91366    0.953828   0.985932
  1267.94405    0.964708   0.986719
  1267.97515    0.955532   0.987499
  1268.00654    1.001928   0.988258
  1268.03765    1.051510   0.988983
  1268.06904    0.982978   0.989687
  1268.10014    0.962597   0.990358
  1268.13154    1.000754   0.991009
  1268.16264    0.997852   0.991626
  1268.19403    0.977169   0.992223
  1268.22514    1.001536   0.992787
  1268.25653    0.972427   0.993331
  1268.28763    0.974221   0.993844
  1268.31902    0.996625   0.994336
  1268.35013    0.990907   0.994798
  1268.38152    1.015613   0.995240
  1268.41262    0.962951   0.995654
  1268.44402    0.999243   0.996047
  1268.47526    1.011596   0.996415
  1268.50651    0.982192   0.996760
  1268.53776    1.025988   0.997083
  1268.57002    1.004726   0.997394
  1268.60155    0.980157   0.997676
  1268.63251    0.987581   0.997932
  1268.66376    0.985650   0.998171
  1268.69501    0.992172   0.998391
  1268.72626    1.012106   0.998593
  1268.75750    0.966000   0.998778
  1268.78875    0.956798   0.998945
  1268.82000    0.987244   0.999096
  1268.85125    1.014769   0.999232
  1268.88250    1.001306   0.999353
  1268.91374    1.004108   0.999461
  1268.94499    1.007876   0.999556
  1268.97624    1.014545   0.999639
  1269.00749    1.015453   0.999710
  1269.03874    1.006750   0.999771
  1269.06998    0.964520   0.999823
  1269.10123    0.983928   0.999866
  1269.13248    0.970854   0.999901
  1269.16373    0.981012   0.999929
  1269.19498    0.947909   0.999951
  1269.22622    0.985577   0.999968
  1269.25747    0.995886   0.999980
  1269.28872    0.992049   0.999989
  1269.31997    0.983535   0.999994
  1269.35122    0.985352   0.999998
  1269.38246    0.997558   0.999999
  1269.41371    1.015689   1.000000
  1269.44496    0.988000   1.000000
  1269.47621    1.045942   1.000000
  1269.50746    0.990713   1.000000
  1269.53870    1.022245   1.000000
  1269.57010    0.990600   1.000000
  1269.60235    0.967242   1.000000
  1269.63446    1.031837   1.000000
  1269.66586    0.997049   1.000000
  1269.69696    0.969840   1.000000
  1269.72835    0.977202   1.000000
  1269.75960    0.986496   1.000000
  1269.79186    0.982688   1.000000
  1269.82325    1.010136   1.000000
  1269.85435    0.984449   1.000000
  1269.88574    0.943064   1.000000
  1269.91685    0.992810   1.000000
  1269.94925    0.994644   1.000000
  1269.98035    1.003148   1.000000
  1270.01174    1.023341   1.000000
  1270.04285    1.015525   1.000000
  1270.07424    0.969163   1.000000
  1270.10534    0.985875   1.000000
  1270.13674    0.993361   1.000000
  1270.16784    0.946162   1.000000
  1270.19923    0.984767   1.000000
  1270.23034    1.013257   1.000000
  1270.26173    0.992190   1.000000
  1270.29283    0.994974   1.000000
  1270.32422    0.977995   1.000000
  1270.35533    1.014964   1.000000
  1270.38672    0.998605   1.000000
  1270.41782    1.010030   1.000000
  1270.44922    0.995642   1.000000
  1270.48032    0.976783   1.000000
  1270.51171    0.933878   1.000000
  1270.54181    0.976672   1.000000
  1270.57320    0.972897   1.000000
  1270.60430    0.979359   1.000000
  1270.63570    1.029058   1.000000
  1270.66680    0.977380   1.000000
  1270.69819    0.998045   1.000000
  1270.72930    1.009471   1.000000
  1270.76069    0.987520   1.000000
  1270.79179    0.977155   1.000000
  1270.82318    0.979900   1.000000
  1270.85443    1.039500   1.000000
  1270.88568    1.008228   1.000000
  1270.91693    1.010096   1.000000
  1270.94818    1.001409   1.000000
  1270.97942    0.974955   1.000000
  1271.01067    1.000343   1.000000
  1271.04192    1.006987   1.000000
  1271.07317    1.025337   1.000000
  1271.10442    1.002084   1.000000
  1271.13566    0.957146   1.000000
  1271.16691    1.015441   1.000000
  1271.19816    1.014417   1.000000
  1271.22941    1.025056   1.000000
  1271.26066    0.983800   1.000000
  1271.29190    1.006538   1.000000
  1271.32315    0.985568   1.000000
  1271.35440    1.002592   1.000000
  1271.38450    0.984517   1.000000
  1271.41589    1.013059   1.000000
  1271.44699    1.049380   1.000000
  1271.47838    1.037390   1.000000
  1271.50949    1.032400   1.000000
  1271.54088    1.014769   1.000000
  1271.57314    1.010845   1.000000
  1271.60338    0.998325   1.000000
  1271.63448    1.022376   1.000000
  1271.66587    1.003948   1.000000
  1271.69698    1.005811   1.000000
  1271.72837    0.977340   1.000000
  1271.75947    0.981027   1.000000
  1271.79086    0.959634   1.000000
  1271.82197    0.992228   1.000000
  1271.85336    0.985557   1.000000
  1271.88446    0.989276   1.000000
  1271.91586    1.007340   1.000000
  1271.94696    1.004402   1.000000
  1271.97835    1.025668   1.000000
  1272.00946    0.995691   1.000000
  1272.04085    0.993733   1.000000
  1272.07210    1.024521   1.000000
  1272.10334    1.000290   1.000000
  1272.13459    1.006947   1.000000
  1272.16584    1.004969   1.000000
  1272.19709    0.981179   1.000000
  1272.22834    0.969924   1.000000
  1272.25958    0.964315   1.000000
  1272.29184    0.967030   1.000000
  1272.32323    1.028972   1.000000
  1272.35434    0.996976   1.000000
  1272.38573    0.967787   1.000000
  1272.41683    0.977973   1.000000
  1272.44822    1.017993   1.000000
  1272.47933    0.972262   1.000000
  1272.51072    1.009162   1.000000
  1272.54182    1.007178   1.000000
  1272.57422    0.971161   1.000000
  1272.60533    0.961850   1.000000
  1272.63672    0.971979   1.000000
  1272.66782    1.041204   1.000000
  1272.69922    1.008823   1.000000
  1272.73147    1.044077   1.000000
  1272.76272    1.053034   1.000000
  1272.79498    0.972626   1.000000
  1272.82622    1.013430   1.000000
  1272.85747    0.988474   1.000000
  1272.88872    1.007519   1.000000
  1272.91997    0.987416   1.000000
  1272.95122    0.995904   1.000000
  1272.98246    1.005424   1.000000
  1273.01371    0.987248   1.000000
  1273.04496    0.989084   1.000000
  1273.07621    1.036500   1.000000
  1273.10746    1.039421   1.000000
  1273.13870    0.974807   1.000000
  1273.17010    1.027451   1.000000
  1273.20120    1.011788   1.000000
  1273.23259    1.003053   1.000000
  1273.26370    1.029250   1.000000
  1273.29509    1.036107   1.000000
  1273.32619    0.989527   1.000000
  1273.35758    0.964191   1.000000
  1273.38869    0.994166   1.000000
  1273.42008    0.994109   1.000000
  1273.45118    1.036818   1.000000
  1273.48258    0.963966   1.000000
  1273.51368    0.992038   1.000000
  1273.54507    1.048616   1.000000
  1273.57618    1.024758   1.000000
  1273.60757    1.026665   1.000000
  1273.63867    0.997533   1.000000
  1273.67006    1.011914   1.000000
  1273.70117    0.962649   1.000000
  1273.73256    0.984068   1.000000
  1273.76366    0.989690   1.000000
  1273.79506    1.010721   1.000000
  1273.82616    1.060212   1.000000
  1273.85755    1.027199   1.000000
  1273.88866    1.037025   1.000000
  1273.92005    0.979964   1.000000
  1273.95115    1.052913   1.000000
  1273.98254    1.011353   1.000000
  1274.01365    0.963938   1.000000
  1274.04504    1.022936   1.000000
  1274.07614    1.029762   1.000000
  1274.10754    1.020865   1.000000
  1274.13864    1.004311   1.000000
  1274.17003    1.000409   1.000000
  1274.20114    1.018743   1.000000
  1274.23253    1.016735   1.000000
  1274.26363    0.994501   1.000000
  1274.29603    1.011760   1.000000
  1274.32742    1.034253   1.000000
  1274.35853    1.022373   1.000000
  1274.38992    0.986669   1.000000
  1274.42102    1.004767   1.000000
  1274.45126    0.977131   1.000000
  1274.48251    1.029032   1.000000
  1274.51376    1.021114   1.000000
  1274.54501    1.023018   1.000000
  1274.57626    0.924796   1.000000
  1274.60750    1.017037   1.000000
  1274.63875    1.033694   1.000000
  1274.67000    0.983329   1.000000
  1274.70125    0.960853   1.000000
  1274.73250    1.054536   1.000000
  1274.76374    0.951545   1.000000
  1274.79499    1.018653   1.000000
  1274.82624    0.974583   1.000000
  1274.85749    1.008813   1.000000
  1274.88874    1.017508   1.000000
  1274.91998    0.990464   1.000000
  1274.95123    0.966892   1.000000
  1274.98248    1.019294   1.000000
  1275.01373    1.005632   1.000000
  1275.04397    0.977006   1.000000
  1275.07522    1.004556   1.000000
  1275.10646    1.020050   1.000000
  1275.13771    0.995797   1.000000
  1275.16896    1.004388   1.000000
  1275.20021    0.991865   1.000000
  1275.23160    1.006207   1.000000
  1275.26270    0.976613   1.000000
  1275.29496    1.017755   1.000000
  1275.32621    1.007004   1.000000
  1275.35760    1.004049   1.000000
  1275.38870    1.010768   1.000000
  1275.42010    1.025377   1.000000
  1275.45120    1.025321   1.000000
  1275.48259    0.987552   1.000000
  1275.51370    0.997996   1.000000
  1275.54509    0.983648   1.000000
  1275.57619    1.013348   1.000000
  1275.60758    0.996869   1.000000
  1275.63869    0.983480   1.000000
  1275.67008    1.042796   1.000000
  1275.70118    0.964616   1.000000
  1275.73258    1.031730   1.000000
  1275.76368    0.971963   1.000000
  1275.79507    0.957965   1.000000
  1275.82733    1.020715   1.000000
  1275.85858    1.008954   1.000000
  1275.88982    0.985871   1.000000
  1275.92107    0.998225   1.000000
  1275.95232    0.968821   1.000000
  1275.98357    1.012617   1.000000
  1276.01582    0.997095   1.000000
  1276.04822    1.061302   1.000000
  1276.07933    1.008557   1.000000
  1276.11072    1.022170   1.000000
  1276.14182    1.015258   1.000000
  1276.17322    1.030938   1.000000
  1276.20475    1.064081   1.000000
  1276.23571    1.047803   1.000000
  1276.26682    0.988997   1.000000
  1276.29821    1.060853   1.000000
  1276.32931    0.985082   1.000000
  1276.36070    1.039556   1.000000
  1276.39181    1.000264   1.000000
  1276.42320    0.994446   1.000000
  1276.45430    1.061592   1.000000
  1276.48570    1.013664   1.000000
  1276.51680    1.026365   1.000000
  1276.54819    0.983741   1.000000
  1276.57930    1.031200   1.000000
  1276.61069    1.002764   1.000000
  1276.64179    0.992140   1.000000
  1276.67318    0.979731   1.000000
  1276.70530    1.030974   1.000000
  1276.73669    1.040881   1.000000
  1276.76779    1.016088   1.000000
  1276.79918    1.030805   1.000000
  1276.83043    1.005270   1.000000
  1276.86168    0.986977   1.000000
  1276.89293    0.987872   1.000000
  1276.92418    0.972690   1.000000
  1276.95542    0.967019   1.000000
  1276.98667    1.022564   1.000000
  1277.01792    0.995295   1.000000
  1277.04917    0.960339   1.000000
  1277.08042    0.979945   1.000000
  1277.11166    1.062453   1.000000
  1277.14291    1.037153   1.000000
  1277.17416    1.034106   1.000000
  1277.20656    0.971245   1.000000
  1277.23766    1.004539   1.000000
  1277.26906    0.954396   1.000000
  1277.30117    1.009277   1.000000
  1277.33357    0.991854   1.000000
  1277.36482    0.946874   1.000000
  1277.39606    0.966228   1.000000
  1277.42731    0.982162   1.000000
  1277.45856    1.041588   1.000000
  1277.48981    0.982998   1.000000
  1277.52106    0.978209   1.000000
  1277.55230    0.998180   1.000000
  1277.58456    1.003916   1.000000
  1277.61581    1.016523   1.000000
  1277.64706    1.014509   1.000000
  1277.67830    0.976982   1.000000
  1277.71070    0.983551   1.000000
  1277.74282    0.979701   1.000000
  1277.77522    0.954409   1.000000
  1277.80646    0.998687   1.000000
  1277.83771    0.957070   1.000000
