  1069.66680    0.981321   1.000000
  1069.81680    0.838534   1.000000
  1069.95000    0.957456   1.000000
  1070.08320    0.863523   1.000000
  1070.21640    0.622811   1.000000
  1070.35020    0.822425   1.000000
  1070.48340    1.101582   1.000000
  1070.63340    1.224022   1.000000
  1070.76660    1.024661   1.000000
  1070.89980    0.961897   1.000000
  1071.03360    1.241973   1.000000
  1071.16680    0.640716   1.000000
  1071.30000    0.865722   1.000000
  1071.43320    1.080795   1.000000
  1071.58320    0.835416   1.000000
  1071.71640    0.901762   1.000000
  1071.85020    1.032324   1.000000
  1071.98340    1.033701   1.000000
  1072.11660    0.805743   1.000000
  1072.24980    0.704948   1.000000
  1072.38360    0.715055   1.000000
  1072.51680    0.827510   1.000000
  1072.66680    0.703572   1.000000
  1072.80000    0.834179   1.000000
  1072.93320    1.089632   1.000000
  1073.06640    0.787282   0.999965
  1073.20020    0.826166   0.999471
  1073.33340    0.998271   0.997764
  1073.46660    0.997419   0.994034
  1073.61660    1.096845   0.986437
  1073.74980    1.089549   0.975900
  1073.88360    0.820305   0.961138
  1074.01680    0.990003   0.941907
  1074.15000    0.945470   0.918013
  1074.28320    0.777078   0.889646
  1074.41640    0.910170   0.857433
  1074.55020    0.880824   0.821900
  1074.70020    0.640961   0.778860
  1074.83340    0.835404   0.738229
  1074.96660    0.736554   0.695693
  1075.09980    0.617627   0.651582
  1075.23360    0.588107   0.606013
  1075.36680    0.566311   0.559717
  1075.50000    0.561316   0.512820
  1075.63320    0.494676   0.465667
  1075.78320    0.443714   0.412719
  1075.91640    0.458844   0.366283
  1076.05020    0.355155   0.320668
  1076.18340    0.370041   0.276811
  1076.31660    0.212208   0.235135
  1076.44980    0.280045   0.196423
  1076.58360    0.176359   0.161546
  1076.73360    0.135522   0.128475
  1076.86680    0.099755   0.105261
  1077.00000    0.082710   0.088467
  1077.13320    0.039503   0.078684
  1077.26640    0.035966   0.076478
  1077.40020    0.041155   0.082216
  1077.53340    0.092431   0.095758
  1077.66660    0.101721   0.116704
  1077.81660    0.115042   0.148456
  1077.94980    0.124481   0.183127
  1078.08360    0.100209   0.223114
  1078.21680    0.175604   0.266748
  1078.35000    0.328162   0.312798
  1078.48320    0.356389   0.360323
  1078.61640    0.322468   0.408635
  1078.76640    0.415641   0.463306
  1078.90020    0.452728   0.511809
  1079.03340    0.612570   0.559443
  1079.16660    0.704034   0.606086
  1079.29980    0.775617   0.651423
  1079.43360    0.783791   0.695354
  1079.56680    0.904636   0.737199
  1079.70000    0.576030   0.776882
  1079.85000    1.043318   0.818636
  1079.98320    1.218617   0.852789
  1080.11640    0.833928   0.883875
  1080.25020    1.039288   0.911665
  1080.38340    1.054855   0.935475
  1080.51660    0.994228   0.955103
  1080.64980    1.043903   0.970558
  1080.79980    0.990672   0.983298
  1080.93360    1.193719   0.990996
  1081.06680    0.792310   0.995826
  1081.20000    1.179831   0.998486
  1081.33320    1.379309   0.999652
  1081.46640    0.888556   0.999975
  1081.60020    1.217810   1.000000
  1081.73340    1.247783   1.000000
  1081.88340    1.485234   1.000000
  1082.01660    1.266747   1.000000
  1082.14980    0.952383   1.000000
  1082.28360    0.695917   1.000000
  1082.41680    0.751324   1.000000
  1082.55000    1.003124   1.000000
  1082.68320    0.968011   1.000000
  1082.83320    1.050264   1.000000
  1082.96640    1.642190   1.000000
  1083.10020    0.509721   1.000000
  1083.23340    0.906700   1.000000
  1083.36660    0.690641   1.000000
  1083.49980    1.188511   1.000000
  1083.63360    1.000891   1.000000
  1083.76680    0.853158   1.000000
  1083.91680    1.218541   1.000000
  1084.05000    1.312444   1.000000
  1084.18320    1.107957   1.000000
  1084.31640    0.769108   1.000000
  1084.45020    1.240051   1.000000
  1084.58340    1.076212   1.000000
  1084.71660    1.099055   1.000000
  1084.86660    0.891219   1.000000
