  1241.23234    1.055538   1.000000
  1241.28115    0.921878   1.000000
  1241.32464    0.960890   1.000000
  1241.36784    0.945962   1.000000
  1241.41147    0.991457   1.000000
  1241.45467    0.973360   1.000000
  1241.49758    0.939017   1.000000
  1241.54136    1.001552   1.000000
  1241.58427    1.013617   1.000000
  1241.62805    0.994200   1.000000
  1241.67110    1.063344   1.000000
  1241.71474    0.946834   1.000000
  1241.75779    1.100205   1.000000
  1241.80128    1.009889   1.000000
  1241.84448    0.989632   1.000000
  1241.88768    0.951204   1.000000
  1241.93074    1.072195   1.000000
  1241.97451    0.957356   1.000000
  1242.01742    0.958239   1.000000
  1242.06120    1.069236   1.000000
  1242.10440    0.958239   1.000000
  1242.14731    0.915954   1.000000
  1242.19109    1.020173   1.000000
  1242.23414    1.008031   1.000000
  1242.27778    1.119628   1.000000
  1242.32083    0.976054   1.000000
  1242.36461    0.999709   1.000000
  1242.40752    0.977853   1.000000
  1242.45072    1.107321   1.000000
  1242.49421    1.051656   1.000000
  1242.53741    0.877150   1.000000
  1242.58118    1.054566   1.000000
  1242.62424    1.085110   1.000000
  1242.66787    0.986901   1.000000
  1242.71093    1.035318   1.000000
  1242.75413    0.949453   1.000000
  1242.79790    1.055538   1.000000
  1242.84096    0.936426   1.000000
  1242.88416    0.892635   1.000000
  1242.92794    1.031511   1.000000
  1242.97114    1.031511   1.000000
  1243.01434    0.940749   1.000000
  1243.05782    0.986901   1.000000
  1243.10117    0.985085   1.000000
  1243.14408    0.887715   1.000000
  1243.18786    1.055538   1.000000
  1243.23077    1.078136   1.000000
  1243.27454    1.097169   1.000000
  1243.31774    0.977853   1.000000
  1243.36080    0.962662   1.000000
  1243.40443    0.930409   1.000000
  1243.44749    0.845422   1.000000
  1243.49126    0.933843   1.000000
  1243.53418    0.955595   1.000000
  1243.57795    0.967996   1.000000
  1243.62086    1.058458   1.000000
  1243.66406    1.046824   1.000000
  1243.70784    0.916798   1.000000
  1243.75090    0.981462   1.000000
  1243.79467    1.028664   1.000000
  1243.83744    1.070222   1.000000
  1243.88064    1.025826   1.000000
  1243.92413    1.120660   1.000000
  1243.96747    1.053595   1.000000
  1244.01096    1.036272   1.000000
  1244.05416    0.988721   1.000000
  1244.09794    1.015485   1.000000
  1244.14085    1.120660   1.000000
  1244.18462    1.043936   1.000000
  1244.22754    0.916798   1.000000
  1244.27074    1.048754   1.000000
  1244.31437    1.000630   1.000000
  1244.35757    1.032461   1.000000
  1244.40106    1.035318   1.000000
  1244.44426    1.031511   1.000000
  1244.48717    0.975155   1.000000
  1244.53094    1.039139   1.000000
  1244.57400    1.020173   1.000000
  1244.61763    0.959122   1.000000
  1244.66098    0.978754   1.000000
  1244.70446    1.004324   1.000000
  1244.74766    1.052625   1.000000
  1244.79058    0.916798   1.000000
  1244.83435    0.988721   1.000000
  1244.87741    1.030561   1.000000
  1244.92104    0.971569   1.000000
  1244.96424    1.045860   1.000000
  1245.00715    1.106302   1.000000
  1245.05093    1.003399   1.000000
  1245.09384    1.000630   1.000000
  1245.13762    0.985085   1.000000
  1245.18067    0.960005   1.000000
  1245.22430    1.101219   1.000000
  1245.26736    0.896755   1.000000
  1245.31056    1.080124   1.000000
  1245.35434    1.048754   1.000000
  1245.39725    0.946834   1.000000
  1245.44102    1.095150   1.000000
  1245.48394    0.981462   1.000000
  1245.52728    1.003399   1.000000
  1245.57077    0.961775   1.000000
  1245.61397    0.884451   1.000000
  1245.65774    1.066286   1.000000
  1245.70066    0.991457   1.000000
  1245.74443    0.998789   1.000000
  1245.78734    0.993285   1.000000
  1245.83083    1.114484   1.000000
  1245.87418    0.934703   1.000000
  1245.91738    1.084111   1.000000
  1245.96115    1.081119   1.000000
  1246.00421    0.961775   1.000000
  1246.04741    1.062365   1.000000
  1246.09090    1.046824   1.000000
  1246.13410    0.934703   1.000000
  1246.17758    1.025826   1.000000
  1246.22078    1.077144   1.000000
  1246.26384    0.999709   1.000000
  1246.30747    0.934703   1.000000
  1246.35082    1.008959   1.000000
  1246.39430    1.030561   1.000000
  1246.43750    0.974257   1.000000
  1246.48099    1.114484   1.000000
  1246.52419    1.123760   1.000000
  1246.56710    1.024882   1.000000
  1246.61088    1.078136   1.000000
  1246.65394    1.055538   1.000000
  1246.69757    0.939883   1.000000
  1246.74062    1.022054   1.000000
  1246.78440    1.109363   1.000000
  1246.82760    0.909230   1.000000
  1246.87066    1.034365   1.000000
  1246.91443    1.029612   1.000000
  1246.95734    1.100205   1.000000
  1247.00112    1.038182   1.000000
  1247.04403    0.955595   1.000000
  1247.08738    0.967996   1.000000
  1247.13115    1.008959   1.000000
  1247.17406    0.980559   1.000000
  1247.21784    0.999709   1.000000
  1247.26075    1.003399   1.000000
  1247.30395    1.028664   1.000000
  1247.34773    1.022995   1.000000
  1247.39078    1.063344   1.000000
  1247.43442    1.062365   1.000000
  1247.47747    0.891813   1.000000
  1247.52125    1.068252   1.000000
  1247.56416    1.018295   1.000000
  1247.60736    1.050688   1.000000
  1247.65085    0.887715   1.000000
  1247.69405    1.094142   1.000000
  1247.73782    1.064324   1.000000
  1247.78088    1.113458   1.000000
  1247.82408    1.008959   1.000000
  1247.86742    1.035318   1.000000
  1247.91062    1.047789   1.000000
  1247.95411    1.008031   1.000000
  1247.99746    1.000630   1.000000
  1248.04094    1.003399   1.000000
  1248.08414    1.007103   1.000000
  1248.12706    1.201915   1.000000
  1248.17083    1.083113   1.000000
  1248.21403    1.077144   1.000000
  1248.25752    1.040097   1.000000
  1248.30072    1.097169   1.000000
  1248.34421    1.006175   1.000000
  1248.38755    0.951204   1.000000
  1248.43046    0.963549   1.000000
  1248.47424    1.042974   1.000000
  1248.51744    1.004324   1.000000
  1248.56093    0.946834   1.000000
  1248.60413    1.010820   1.000000
  1248.64718    1.084111   1.000000
  1248.69082    1.179977   1.000000
  1248.73387    1.041055   1.000000
  1248.77765    1.073183   1.000000
  1248.82085    1.005249   1.000000
  1248.86419    0.973360   1.000000
  1248.90739    1.013617   1.000000
  1248.95045    1.016421   1.000000
  1248.99422    1.068252   1.000000
  1249.03714    1.067268   1.000000
  1249.08091    1.010820   1.000000
  1249.12382    0.963549   1.000000
  1249.16702    0.987811   1.000000
  1249.21080    1.112433   1.000000
  1249.25386    0.935564   1.000000
  1249.29749    1.020173   1.000000
  1249.34054    0.923578   1.000000
  1249.38432    0.940749   1.000000
  1249.42723    1.041055   1.000000
  1249.47043    0.986901   1.000000
  1249.51421    0.917643   1.000000
  1249.55712    1.005249   1.000000
  1249.60090    0.972464   1.000000
  1249.64395    1.012683   1.000000
  1249.68715    1.033412   1.000000
  1249.73064    0.961775   1.000000
  1249.77384    1.017358   1.000000
  1249.81762    0.945962   1.000000
  1249.86067    0.949453   1.000000
  1249.90373    0.941616   1.000000
  1249.94750    1.034365   1.000000
  1249.99070    0.938153   1.000000
  1250.03362    0.981462   1.000000
  1250.07739    0.945962   1.000000
  1250.12030    0.865115   1.000000
  1250.16408    0.958239   1.000000
  1250.20714    1.000630   1.000000
  1250.25034    0.979656   1.000000
  1250.29411    1.070222   1.000000
  1250.33702    1.058458   1.000000
  1250.38080    0.966215   1.000000
  1250.42371    0.976054   1.000000
  1250.46706    1.011751   1.000000
  1250.51040    1.022995   1.000000
  1250.55374    0.880387   1.000000
  1250.59723    0.942483   1.000000
  1250.64043    0.966215   1.000000
  1250.68392    0.968888   1.000000
  1250.72712    0.929552   1.000000
  1250.77003    0.958239   1.000000
  1250.81381    0.976054   1.000000
  1250.85730    0.910906   1.000000
  1250.90078    0.928696   1.000000
  1250.94398    0.915954   1.000000
  1250.98747    0.996033   1.000000
  1251.03067    0.913427   1.000000
  1251.07416    0.975155   1.000000
  1251.11736    1.066286   1.000000
  1251.16042    1.085110   1.000000
  1251.20419    0.932124   1.000000
  1251.24710    0.965325   1.000000
  1251.29088    0.953836   1.000000
  1251.33408    1.068252   1.000000
  1251.37714    0.862728   1.000000
  1251.42077    0.894280   1.000000
  1251.46382    1.033412   1.000000
  1251.50760    0.953836   1.000000
  1251.55051    0.960005   1.000000
  1251.59371    0.957356   1.000000
  1251.63749    1.066286   1.000000
  1251.68040    0.977853   1.000000
  1251.72418    0.952958   1.000000
  1251.76723    0.945962   1.000000
  1251.81043    0.929552   1.000000
  1251.85435    0.995116   1.000000
  1251.89726    0.884451   1.000000
  1251.94104    1.096159   1.000000
  1251.98395    0.922728   1.000000
  1252.02730    0.964437   1.000000
  1252.07093    0.982367   1.000000
  1252.11398    0.940749   1.000000
  1252.15776    0.909230   1.000000
  1252.20067    0.993285   1.000000
  1252.24445    0.995116   1.000000
  1252.28736    0.996033   1.000000
  1252.33056    1.003399   1.000000
  1252.37434    0.984178   1.000000
  1252.41739    1.008959   1.000000
  1252.46117    0.887715   1.000000
  1252.50408    1.039139   1.000000
  1252.54728    0.819358   1.000000
  1252.59077    0.873119   1.000000
  1252.63397    0.854031   1.000000
  1252.67774    0.961775   1.000000
  1252.72080    0.996033   1.000000
  1252.76443    1.011751   1.000000
  1252.80749    1.020173   1.000000
  1252.85083    0.959122   1.000000
  1252.89432    0.934703   1.000000
  1252.94069    0.999709   1.000000
  1252.98446    0.839216   1.000000
  1253.02766    0.945091   1.000000
  1253.07086    0.927841   1.000000
  1253.11421    0.910906   1.000000
  1253.15813    0.848543   1.000000
  1253.20118    0.861933   1.000000
  1253.24438    0.948579   1.000000
  1253.28730    1.027717   1.000000
  1253.33107    0.996033   1.000000
  1253.37398    0.875535   1.000000
  1253.41776    1.013617   1.000000
  1253.46082    1.015485   1.000000
  1253.50445    0.903387   1.000000
  1253.54750    0.970675   1.000000
  1253.59070    1.088112   1.000000
  1253.63448    0.837671   1.000000
  1253.67739    0.983272   1.000000
  1253.72117    0.952081   1.000000
  1253.76408    0.936426   1.000000
  1253.80786    0.843090   1.000000
  1253.85062    1.056510   1.000000
  1253.89382    1.064324   1.000000
  1253.93731    0.905886   1.000000
  1253.98051    0.900065   1.000000
  1254.02400    0.981462   1.000000
  1254.06720    0.895104   1.000000
  1254.11069    1.005249   1.000000
  1254.15389    0.941616   1.000000
  1254.19738    0.839989   1.000000
  1254.24072    0.990544   1.000000
  1254.28363    0.922728   1.000000
  1254.32741    0.929552   1.000000
  1254.37032    0.881198   1.000000
  1254.41410    1.032461   1.000000
  1254.45730    0.923578   1.000000
  1254.50078    0.935564   1.000000
  1254.54398    0.938153   1.000000
  1254.58704    0.971569   1.000000
  1254.63082    0.838443   1.000000
  1254.67373    0.861140   1.000000
  1254.71750    0.877958   1.000000
  1254.76042    0.980559   1.000000
  1254.80419    0.828464   1.000000
  1254.84739    0.931266   1.000000
  1254.89030    0.908393   1.000000
  1254.93408    0.905886   1.000000
  1254.97714    0.895929   1.000000
  1255.02077    0.945091   1.000000
  1255.06382    0.956475   1.000000
  1255.10702    0.835360   1.000000
  1255.15051    0.962662   1.000000
  1255.19371    0.807372   1.000000
  1255.23720    0.882823   1.000000
  1255.28054    0.963549   1.000000
  1255.32403    0.879577   1.000000
  1255.36723    1.025826   1.000000
  1255.41072    0.944221   1.000000
  1255.45392    0.841538   1.000000
  1255.49683    0.872316   1.000000
  1255.54061    0.797028   1.000000
  1255.58381    0.926134   1.000000
  1255.62730    0.996951   1.000000
  1255.67064    0.872316   1.000000
  1255.71413    0.837671   1.000000
  1255.75733    0.992370   1.000000
  1255.80024    1.028664   1.000000
  1255.84402    0.940749   1.000000
  1255.88693    0.876342   1.000000
  1255.93070    0.892635   1.000000
  1255.97362    0.796294   1.000000
  1256.01739    0.967105   1.000000
  1256.06045    0.991457   1.000000
  1256.10422    0.955595   1.000000
  1256.14714    0.954715   1.000000
  1256.19034    0.896755   1.000000
  1256.23382    0.857973   1.000000
  1256.27702    0.931266   1.000000
  1256.32051    0.953836   1.000000
  1256.36386    0.961775   1.000000
  1256.40749    0.866710   1.000000
  1256.45054    0.861140   1.000000
  1256.49374    0.927841   1.000000
  1256.53723    0.910068   1.000000
  1256.58043    0.997869   1.000000
  1256.62392    0.837671   1.000000
  1256.66712    0.891813   1.000000
  1256.71061    0.895929   1.000000
  1256.75395    1.010820   1.000000
  1256.79686    0.862728   1.000000
  1256.84064    0.885266   1.000000
  1256.88355    0.869108   1.000000
  1256.92733    0.895929   1.000000
  1256.97024    0.856394   1.000000
  1257.01402    0.862728   1.000000
  1257.05722    0.899236   1.000000
  1257.10027    0.919335   1.000000
  1257.14390    0.841538   1.000000
  1257.18696    0.981462   1.000000
  1257.23074    0.890992   1.000000
  1257.27365    0.842313   1.000000
  1257.31742    0.943352   1.000000
  1257.36034    0.890171   1.000000
  1257.40354    0.852459   1.000000
  1257.44702    0.912586   1.000000
  1257.49037    0.948579   1.000000
  1257.53386    0.905886   1.000000
  1257.57706    0.857973   1.000000
  1257.62054    0.852459   1.000000
  1257.66374    0.809606   1.000000
  1257.70666    0.936426   1.000000
  1257.75043    0.795561   1.000000
  1257.79363    0.852459   1.000000
  1257.83726    0.811099   1.000000
  1257.88046    0.932124   1.000000
  1257.92395    0.783923   1.000000
  1257.96715    0.945091   1.000000
  1258.01006    0.921030   1.000000
  1258.05384    0.890992   1.000000
  1258.09690    0.888533   1.000000
  1258.14067    0.942483   1.000000
  1258.18358    0.836900   1.000000
  1273.24022    0.696745   0.809689
  1273.28342    0.824658   0.807793
  1273.32662    0.843866   0.805930
  1273.36982    0.808116   0.804101
  1273.41331    0.791177   0.802294
  1273.45666    0.778886   0.800531
  1273.50029    0.834591   0.798793
  1273.54334    0.769615   0.797116
  1273.58654    0.791906   0.795472
  1273.63003    0.860347   0.793857
  1273.67323    0.788268   0.792295
  1273.71672    0.825418   0.790764
  1273.75992    0.887715   0.789287
  1273.80341    0.785369   0.787844
  1273.84661    0.800707   0.786455
  1273.88966    0.770324   0.785116
  1273.93344    0.739050   0.783802
  1273.97635    0.839216   0.782562
  1274.02013    0.778169   0.781345
  1274.06333    0.802183   0.780194
  1274.10682    0.728239   0.779085
  1274.15002    0.711662   0.778034
  1274.19307    0.871513   0.777038
  1274.23670    0.805886   0.776082
  1274.27976    0.805886   0.775191
  1274.32354    0.713631   0.774339
  1274.36645    0.741095   0.773557
  1274.41022    0.758357   0.772816
  1274.45342    0.821625   0.772139
  1274.49634    0.791177   0.771522
  1274.54011    0.759056   0.770950
  1274.58317    0.717586   0.770444
  1274.62680    0.763965   0.769988
  1274.66986    0.802923   0.769596
  1274.71306    0.822382   0.769259
  1274.75683    0.724225   0.768977
  1274.79974    0.771745   0.768758
  1274.84352    0.790449   0.768594
  1274.88643    0.810352   0.768491
  1274.93021    0.754873   0.768444
  1274.97312    0.792636   0.768457
  1275.01646    0.791906   0.768528
  1275.05995    0.762559   0.768659
  1275.10315    0.718909   0.768846
  1275.14664    0.766785   0.769093
  1275.18984    0.778169   0.769396
  1275.23333    0.766079   0.769759
  1275.27653    0.778886   0.770177
  1275.31958    0.839989   0.770650
  1275.36322    0.786093   0.771186
  1275.40627    0.684658   0.771771
  1275.45005    0.887715   0.772421
  1275.49325    0.755568   0.773119
  1275.53674    0.731600   0.773876
  1275.57994    0.827701   0.774681
  1275.62285    0.711662   0.775534
  1275.66662    0.649043   0.776457
  1275.70968    0.802923   0.777417
  1275.75346    0.679006   0.778444
  1275.79637    0.764669   0.779501
  1275.84014    0.762559   0.780630
  1275.88306    0.743830   0.781785
  1275.92626    0.838443   0.782995
  1275.96974    0.820113   0.784260
  1276.01294    0.692905   0.785564
  1276.05672    0.745201   0.786930
  1276.09963    0.778886   0.788314
  1276.14341    0.829227   0.789770
  1276.18646    0.811846   0.791244
  1276.22966    0.859555   0.792764
  1276.27315    0.722227   0.794335
  1276.31635    0.771034   0.795935
  1276.36013    0.772456   0.797595
  1276.40304    0.808116   0.799261
  1276.44638    0.811846   0.800979
  1276.48987    0.854031   0.802739
  1276.53307    0.795561   0.804521
  1276.57656    0.752790   0.806349
  1276.61976    0.900894   0.808198
  1276.66325    0.872316   0.810090
  1276.70645    0.877958   0.812000
  1276.74994    0.829227   0.813953
  1276.79314    0.841538   0.815921
  1276.83619    0.791177   0.817909
  1276.87997    0.744515   0.819957
  1276.92288    0.825418   0.821990
  1276.96666    0.734977   0.824088
  1277.00986    0.759755   0.826182
  1277.05291    0.915111   0.828291
  1277.09669    0.886898   0.830456
  1277.13960    0.795561   0.832599
  1277.18338    0.839989   0.834805
  1277.22629    0.827701   0.836985
  1277.27006    0.776736   0.839226
  1277.31298    0.785369   0.841440
  1277.35632    0.740412   0.843690
  1277.39981    0.788268   0.845963
  1277.44301    0.859555   0.848234
  1277.48650    0.703192   0.850533
  1277.52970    0.893457   0.852828
  1277.57318    0.826939   0.855149
  1277.61638    0.794097   0.857464
  1277.65958    0.797028   0.859788
  1277.70322    0.912586   0.862142
  1277.74642    0.920182   0.864481
  1277.78990    1.061387   0.866841
  1277.83310    0.854818   0.869190
  1277.87659    0.925281   0.871560
  1277.91994    0.869909   0.873925
  1277.96314    0.820113   0.876284
  1278.00662    0.900894   0.878661
  1278.04982    0.824658   0.881022
  1278.09331    0.998789   0.883400
  1278.13651    0.869909   0.885760
  1278.17957    1.010820   0.888111
  1278.22320    0.835360   0.890491
  1278.26626    0.905886   0.892835
  1278.31003    0.915954   0.895215
  1278.35294    0.848543   0.897542
  1278.39672    0.897581   0.899910
  1278.43992    0.893457   0.902241
  1278.48283    0.860347   0.904548
  1278.52661    0.896755   0.906893
  1278.56966    0.980559   0.909190
  1278.61344    0.927841   0.911515
  1278.65635    0.951204   0.913784
  1278.70013    0.996951   0.916087
  1278.74304    0.950328   0.918332
  1278.78682    0.899236   0.920608
  1278.82973    0.917643   0.922826
  1278.87307    0.960005   0.925051
  1278.91656    1.002475   0.927268
  1278.95976    0.877958   0.929454
  1279.00325    0.969781   0.931637
  1279.04645    0.999709   0.933787
  1279.09022    0.902555   0.935947
  1279.13314    0.968888   0.938045
  1279.17648    0.935564   0.940143
  1279.21997    1.020173   0.942226
  1279.26317    0.996033   0.944274
  1279.30666    0.872316   0.946312
  1279.34986    0.927841   0.948313
  1279.39334    0.910906   0.950302
  1279.43654    0.970675   0.952253
  1279.47960    1.004324   0.954171
  1279.52323    1.012683   0.956086
  1279.56629    0.989632   0.957949
  1279.61006    1.046824   0.959812
  1279.65298    0.837671   0.961609
  1279.69675    0.970675   0.963411
  1279.73966    0.865912   0.965145
  1279.78344    0.864318   0.966880
  1279.82635    1.018295   0.968547
  1279.86970    0.976953   0.970196
  1279.91347    0.907557   0.971823
  1279.95638    1.006175   0.973381
  1280.00016    0.952958   0.974930
  1280.04307    0.877150   0.976407
  1280.08642    1.030561   0.977855
  1280.12990    1.108342   0.979263
  1280.17310    0.916798   0.980614
  1280.21659    0.932124   0.981927
  1280.25979    1.040097   0.983182
  1280.30357    0.950328   0.984403
  1280.34648    1.021113   0.985550
  1280.38968    1.042014   0.986655
  1280.43317    0.917643   0.987716
  1280.47651    1.063344   0.988722
  1280.52000    0.932124   0.989681
  1280.56320    0.846201   0.990583
  1280.60669    1.032461   0.991441
  1280.64989    0.961775   0.992245
  1280.69280    0.969781   0.992994
  1280.73658    0.941616   0.993711
  1280.77963    1.072195   0.994369
  1280.82341    0.996951   0.994991
  1280.86661    1.091123   0.995560
  1280.91010    0.989632   0.996089
  1280.95330    1.004324   0.996573
  1280.99635    1.112433   0.997014
  1281.03998    0.985993   0.997421
  1281.08304    1.021113   0.997786
  1281.12682    0.985993   0.998120
  1281.16973    1.063344   0.998413
  1281.21350    1.029612   0.998678
  1281.25642    0.921030   0.998908
  1281.29962    0.961775   0.999111
  1281.34310    0.942483   0.999288
  1281.38645    0.975155   0.999438
  1281.42994    1.013617   0.999566
  1281.47314    1.006175   0.999672
  1281.51662    1.060410   0.999759
  1281.55982    0.989632   0.999829
  1281.60274    1.019233   0.999883
  1281.64651    0.997869   0.999924
  1281.68971    1.079130   0.999954
  1281.73320    1.052625   0.999975
  1281.77654    1.072195   0.999988
  1281.82003    1.072195   0.999995
  1281.86352    0.939883   0.999999
  1281.90643    1.014551   1.000000
  1281.94963    0.926987   1.000000
  1281.99312    1.066286   1.000000
  1282.03646    0.882010   1.000000
  1282.07995    1.018295   1.000000
  1282.12315    1.005249   1.000000
  1282.16635    1.138344   1.000000
  1282.20984    0.986901   1.000000
  1282.25304    1.012683   1.000000
  1282.29653    1.089115   1.000000
  1282.33987    1.220882   1.000000
  1282.38322    1.037227   1.000000
  1282.42656    0.991457   1.000000
  1282.47005    0.975155   1.000000
  1282.51325    1.069236   1.000000
  1282.55616    1.084111   1.000000
  1282.59994    1.063344   1.000000
  1282.64314    1.118597   1.000000
  1282.68662    1.100205   1.000000
  1282.72997    0.972464   1.000000
  1282.77288    0.918488   1.000000
  1282.81666    1.069236   1.000000
  1282.85957    0.984178   1.000000
  1282.90334    0.965325   1.000000
  1282.94640    0.953836   1.000000
  1282.99003    0.965325   1.000000
  1283.03338    1.154180   1.000000
  1283.07629    1.063344   1.000000
  1283.12006    0.978754   1.000000
  1283.16298    1.078136   1.000000
  1283.20675    1.026771   1.000000
  1283.24966    1.058458   1.000000
  1283.29301    1.108342   1.000000
  1283.33650    1.022054   1.000000
  1283.37970    1.099192   1.000000
  1283.42290    0.982367   1.000000
  1283.46667    1.054566   1.000000
  1283.50958    1.041055   1.000000
  1283.55336    1.100205   1.000000
  1283.59656    1.006175   1.000000
  1283.63962    1.019233   1.000000
  1283.68325    0.980559   1.000000
  1283.72630    1.014551   1.000000
  1283.77008    1.105283   1.000000
  1283.81299    1.011751   1.000000
  1283.85605    0.954715   1.000000
  1283.89982    1.118597   1.000000
  1283.94274    1.022054   1.000000
  1283.98651    1.134158   1.000000
  1284.02957    1.086110   1.000000
  1284.07320    1.074172   1.000000
  1284.11626    1.057484   1.000000
  1284.15946    0.976054   1.000000
  1284.20323    0.978754   1.000000
  1284.24614    1.011751   1.000000
  1284.28992    1.014551   1.000000
  1284.33298    1.026771   1.000000
  1284.37618    1.083113   1.000000
  1284.41966    1.031511   1.000000
  1284.46286    1.039139   1.000000
  1284.50635    0.926987   1.000000
  1284.54955    1.063344   1.000000
  1284.59304    1.028664   1.000000
  1284.63624    0.869108   1.000000
  1284.67973    1.055538   1.000000
  1284.72307    0.965325   1.000000
  1284.76598    1.007103   1.000000
  1284.80976    1.062365   1.000000
  1284.85282    1.022054   1.000000
  1284.89573    1.061387   1.000000
  1284.93950    1.012683   1.000000
  1284.98270    1.019233   1.000000
  1285.02619    0.969781   1.000000
  1285.06954    0.915954   1.000000
  1285.11302    0.939017   1.000000
  1285.15622    1.032461   1.000000
  1285.19914    1.158440   1.000000
  1285.24291    1.110385   1.000000
  1285.28582    1.051656   1.000000
  1285.32960    1.064324   1.000000
  1285.37266    0.945091   1.000000
  1285.41643    0.930409   1.000000
  1285.45963    1.158440   1.000000
  1285.50254    1.027717   1.000000
  1285.54632    0.965325   1.000000
  1285.58923    0.969781   1.000000
  1285.63301    1.066286   1.000000
  1285.67606    1.020173   1.000000
  1285.71926    1.022995   1.000000
  1285.76275    1.003399   1.000000
  1285.80595    0.902555   1.000000
  1285.84973    1.001552   1.000000
  1285.89264    1.137296   1.000000
  1285.93598    1.161646   1.000000
  1285.97962    1.134158   1.000000
  1286.02267    1.031511   1.000000
  1286.06645    0.985993   1.000000
  1286.10936    0.936426   1.000000
  1286.15256    1.122726   1.000000
  1286.19634    1.176721   1.000000
  1286.23925    1.126870   1.000000
  1286.28302    1.038182   1.000000
  1286.32608    0.971569   1.000000
  1286.36928    1.034365   1.000000
  1286.41277    0.995116   1.000000
  1286.45597    0.993285   1.000000
  1286.49946    1.016421   1.000000
  1286.54266    1.100205   1.000000
  1286.58643    1.087110   1.000000
  1286.62949    0.984178   1.000000
  1286.67269    1.055538   1.000000
  1286.71618    1.170237   1.000000
  1286.75938    0.970675   1.000000
  1286.80286    1.116538   1.000000
  1286.84606    1.029612   1.000000
  1286.88970    1.009889   1.000000
  1286.93290    1.189799   1.000000
  1286.97581    1.075161   1.000000
  1287.01958    1.012683   1.000000
  1287.06250    1.050688   1.000000
  1287.10627    1.000630   1.000000
  1287.14947    1.079130   1.000000
  1287.19296    1.018295   1.000000
  1287.23630    1.115511   1.000000
  1287.27922    1.216392   1.000000
  1287.32299    1.029612   1.000000
  1287.36619    0.995116   1.000000
  1287.40968    1.126870   1.000000
  1287.45288    1.031511   1.000000
  1287.49594    0.967996   1.000000
  1287.53957    1.033412   1.000000
  1287.58262    1.033412   1.000000
  1287.62640    0.924429   1.000000
  1287.66931    0.957356   1.000000
  1287.71309    0.935564   1.000000
  1287.75600    1.074172   1.000000
  1287.79920    0.981462   1.000000
  1287.84283    0.961775   1.000000
  1287.88603    1.015485   1.000000
  1287.92981    1.103249   1.000000
  1287.97272    0.959122   1.000000
  1288.01650    0.922728   1.000000
  1288.05941    0.932124   1.000000
  1288.10275    0.868308   1.000000
  1288.14624    0.945091   1.000000
  1288.18944    1.040097   1.000000
  1288.23293    1.053595   1.000000
  1288.27613    0.921878   1.000000
  1288.31990    1.027717   1.000000
  1288.36282    1.033412   1.000000
  1288.40602    1.070222   1.000000
  1288.44950    1.052625   1.000000
  1288.49285    1.045860   1.000000
  1288.53634    1.060410   1.000000
  1288.57954    1.054566   1.000000
  1288.62245    1.095150   1.000000
  1288.66622    1.074172   1.000000
  1288.70914    1.018295   1.000000
  1288.75291    0.932983   1.000000
  1288.79626    0.936426   1.000000
  1288.83931    1.061387   1.000000
  1288.88280    0.981462   1.000000
  1288.92586    1.069236   1.000000
  1288.96963    0.979656   1.000000
  1289.01283    0.912586   1.000000
  1289.05632    0.978754   1.000000
  1289.09952    1.063344   1.000000
  1289.14243    0.982367   1.000000
  1289.18621    1.100205   1.000000
  1289.22926    0.975155   1.000000
  1289.27290    0.975155   1.000000
  1289.31624    1.052625   1.000000
  1289.35915    1.035318   1.000000
  1289.40293    1.108342   1.000000
  1289.44584    0.975155   1.000000
  1289.48962    1.106302   1.000000
  1289.53253    0.994200   1.000000
  1289.57587    0.980559   1.000000
  1289.61950    1.066286   1.000000
  1289.66256    0.904219   1.000000
  1289.70634    1.058458   1.000000
  1289.74925    1.010820   1.000000
  1289.79302    1.056510   1.000000
  1289.83594    0.960005   1.000000
  1289.87914    1.067268   1.000000
  1289.92291    0.958239   1.000000
  1289.96582    1.018295   1.000000
  1290.00960    0.951204   1.000000
  1290.05266    0.893457   1.000000
  1290.09629    1.021113   1.000000
  1290.13934    0.984178   1.000000
  1290.18254    0.996951   1.000000
  1290.22603    1.102234   1.000000
  1290.26923    1.059433   1.000000
  1290.31272    0.966215   1.000000
  1290.35592    1.069236   1.000000
  1290.39926    1.022995   1.000000
  1290.44275    0.931266   1.000000
  1290.48595    1.025826   1.000000
  1290.52944    1.046824   1.000000
  1290.57264    1.034365   1.000000
  1290.61613    1.128947   1.000000
  1290.65933    1.042014   1.000000
  1290.70253    1.078136   1.000000
  1290.74602    1.028664   1.000000
  1290.78936    0.958239   1.000000
  1290.83285    1.046824   1.000000
  1290.87590    1.082116   1.000000
  1290.91896    1.048754   1.000000
  1290.96274    1.042974   1.000000
  1291.00565    0.917643   1.000000
  1291.04942    1.005249   1.000000
  1291.09234    0.991457   1.000000
  1291.13611    1.097169   1.000000
  1291.17917    0.939883   1.000000
  1291.22237    0.992370   1.000000
  1291.26600    1.060410   1.000000
  1291.30906    1.063344   1.000000
  1291.35283    0.951204   1.000000
  1291.39574    0.993285   1.000000
  1291.43952    1.034365   1.000000
  1291.48243    1.128947   1.000000
  1291.52578    1.054566   1.000000
  1291.56941    1.065304   1.000000
  1291.61246    0.983272   1.000000
  1291.65624    0.982367   1.000000
  1291.69915    1.239007   1.000000
  1291.74235    1.005249   1.000000
  1291.78584    0.962662   1.000000
  1291.82904    1.082116   1.000000
  1291.87296    1.173475   1.000000
  1291.91602    1.091123   1.000000
  1291.95979    0.918488   1.000000
  1292.00270    1.048754   1.000000
  1292.04590    0.947706   1.000000
  1292.08939    1.045860   1.000000
  1292.13259    1.067268   1.000000
  1292.17622    1.034365   1.000000
  1292.21942    1.030561   1.000000
  1292.26234    1.034365   1.000000
  1292.30611    1.112433   1.000000
  1292.34931    0.992370   1.000000
  1292.39280    1.040097   1.000000
  1292.43600    0.991457   1.000000
  1292.47949    1.084111   1.000000
  1292.52283    1.047789   1.000000
  1292.56574    1.013617   1.000000
  1292.60952    0.953836   1.000000
  1292.65243    1.119628   1.000000
  1292.69621    1.038182   1.000000
  1292.73912    1.060410   1.000000
  1292.78290    1.103249   1.000000
  1292.82595    1.109363   1.000000
  1292.86958    1.097169   1.000000
  1292.91264    1.155244   1.000000
  1292.95584    1.094142   1.000000
  1292.99933    1.013617   1.000000
  1293.04253    1.064324   1.000000
  1293.08630    1.021113   1.000000
  1293.12922    1.074172   1.000000
  1293.17242    1.110385   1.000000
  1293.21590    1.093135   1.000000
  1293.25925    1.057484   1.000000
  1293.30302    1.140443   1.000000
  1293.34594    1.125832   1.000000
  1293.38914    0.998789   1.000000
  1293.43262    1.135203   1.000000
  1293.47582    1.026771   1.000000
  1293.51931    1.136249   1.000000
  1293.56266    1.014551   1.000000
  1293.60614    1.003399   1.000000
  1293.64934    0.947706   1.000000
  1293.69226    1.027717   1.000000
  1293.73603    1.030561   1.000000
  1293.77923    0.934703   1.000000
  1293.82272    0.985085   1.000000
  1293.86592    1.116538   1.000000
  1293.90898    1.007103   1.000000
  1293.95261    1.001552   1.000000
  1293.99595    0.986901   1.000000
  1294.03944    0.953836   1.000000
  1294.08264    1.058458   1.000000
  1294.12613    0.950328   1.000000
  1294.16933    1.175638   1.000000
  1294.21253    1.039139   1.000000
  1294.25602    1.096159   1.000000
  1294.29922    1.074172   1.000000
  1294.34285    0.962662   1.000000
  1294.38605    1.024882   1.000000
  1294.42896    0.989632   1.000000
  1294.47274    0.957356   1.000000
  1294.51565    1.053595   1.000000
  1294.55942    0.979656   1.000000
  1294.60262    0.986901   1.000000
  1294.64568    0.999709   1.000000
  1294.68946    0.987811   1.000000
  1294.73237    1.012683   1.000000
  1294.77614    1.083113   1.000000
  1294.81906    1.082116   1.000000
  1294.86226    0.980559   1.000000
  1294.90603    0.970675   1.000000
  1294.94909    0.945962   1.000000
  1294.99272    0.956475   1.000000
  1295.03578    1.072195   1.000000
  1295.07955    1.165933   1.000000
  1295.12246    1.059433   1.000000
  1295.16566    0.996951   1.000000
  1295.20915    1.200808   1.000000
  1295.25235    1.104266   1.000000
  1295.29584    1.073183   1.000000
  1295.33918    1.169159   1.000000
  1295.38282    1.117567   1.000000
  1295.42587    1.088112   1.000000
