  1397.31370    0.908735   1.000000
  1397.32753    0.900577   1.000000
  1397.34620    0.981196   1.000000
  1397.35995    1.001798   1.000000
  1397.37320    1.015471   1.000000
  1397.38745    0.975012   1.000000
  1397.40070    0.949813   1.000000
  1397.41437    0.967993   1.000000
  1397.42820    1.028404   1.000000
  1397.44187    1.003610   1.000000
  1397.45570    0.979425   1.000000
  1397.46937    1.102596   1.000000
  1397.48303    0.977657   1.000000
  1397.49687    1.012721   1.000000
  1397.50970    1.100602   1.000000
  1397.52337    0.989206   1.000000
  1397.53703    1.040564   1.000000
  1397.55087    1.033998   1.000000
  1397.56370    1.021917   1.000000
  1397.57737    1.012721   1.000000
  1397.59112    1.034934   1.000000
  1397.60437    1.058600   1.000000
  1397.61770    1.049068   1.000000
  1397.63137    0.931140   1.000000
  1397.64520    1.027475   1.000000
  1397.65837    1.076954   1.000000
  1397.67170    1.029335   1.000000
  1397.68537    0.939581   1.000000
  1397.69920    1.014554   1.000000
  1397.71287    1.055731   1.000000
  1397.72570    0.988312   1.000000
  1397.73937    1.057643   1.000000
  1397.75320    0.957561   1.000000
  1397.76688    0.982970   1.000000
  1397.78013    0.876549   1.000000
  1397.79338    0.915315   1.000000
  1397.80722    1.042448   1.000000
  1397.82088    0.932822   1.000000
  1397.83472    0.984748   1.000000
  1397.84788    1.044335   1.000000
  1397.86122    0.961026   1.000000
  1397.87488    1.011806   1.000000
  1397.88872    1.029335   1.000000
  1397.90238    0.981196   1.000000
  1397.91563    0.884485   1.000000
  1397.92888    0.949813   1.000000
  1397.94272    0.982083   1.000000
  1397.95638    1.027475   1.000000
  1397.96963    1.077929   1.000000
  1397.98288    0.993684   1.000000
  1397.99672    0.987420   1.000000
  1398.01038    1.067254   1.000000
  1398.02363    0.960158   1.000000
  1398.03688    1.039623   1.000000
  1398.05072    0.947244   1.000000
  1398.06438    0.944682   1.000000
  1398.07772    1.049068   1.000000
  1398.09088    1.012721   1.000000
  1398.10472    0.884485   1.000000
  1398.11838    1.035870   1.000000
  1398.13222    1.110611   1.000000
  1398.14538    0.961026   1.000000
  1398.15872    1.087728   1.000000
  1398.17238    0.975012   1.000000
  1398.18622    1.005426   1.000000
  1398.19988    0.911197   1.000000
  1398.21272    0.942979   1.000000
  1398.22638    1.000893   1.000000
  1398.24022    0.972374   1.000000
  1398.25388    0.975893   1.000000
  1398.26713    0.935351   1.000000
  1398.28038    0.974132   1.000000
  1398.29505    0.945536   1.000000
  1398.30888    1.023766   1.000000
  1398.32255    1.012721   1.000000
  1398.33580    0.980310   1.000000
  1398.34905    1.005426   1.000000
  1398.36288    1.052870   1.000000
  1398.37655    0.887679   1.000000
  1398.39022    0.961026   1.000000
  1398.40355    1.001798   1.000000
  1398.41688    0.987420   1.000000
  1398.43155    0.991890   1.000000
  1398.44522    1.005426   1.000000
  1398.45805    0.921113   1.000000
  1398.47272    1.019149   1.000000
  1398.48597    1.001798   1.000000
  1398.49922    0.972374   1.000000
  1398.51297    0.976775   1.000000
  1398.52672    0.874971   1.000000
  1398.54038    0.985637   1.000000
  1398.55422    0.988312   1.000000
  1398.56748    1.045280   1.000000
  1398.58073    0.931140   1.000000
  1398.59440    1.008155   1.000000
  1398.60823    0.994582   1.000000
  1398.62190    1.007245   1.000000
  1398.63523    1.008155   1.000000
  1398.64840    1.019149   1.000000
  1398.66223    1.055731   1.000000
  1398.67590    0.924443   1.000000
  1398.68973    1.020994   1.000000
  1398.70290    0.979425   1.000000
  1398.71665    0.942979   1.000000
  1398.72990    0.962763   1.000000
  1398.74373    0.928623   1.000000
  1398.75740    1.072093   1.000000
  1398.77107    1.033998   1.000000
  1398.78440    1.020994   1.000000
  1398.79773    1.082817   1.000000
  1398.81140    0.919453   1.000000
  1398.82507    0.921945   1.000000
  1398.83890    1.004517   1.000000
  1398.85257    0.935351   1.000000
  1398.86590    0.942128   1.000000
  1398.87923    0.906279   1.000000
  1398.89290    1.008155   1.000000
  1398.90657    1.105595   1.000000
  1398.92040    1.093651   1.000000
  1398.93407    0.891690   1.000000
  1398.94732    1.045280   1.000000
  1398.96057    1.092661   1.000000
  1398.97440    0.940429   1.000000
  1398.98807    0.991890   1.000000
  1399.00190    1.000893   1.000000
  1399.01557    1.057643   1.000000
  1399.02882    1.025619   1.000000
  1399.04207    0.999989   1.000000
  1399.05590    1.022841   1.000000
  1399.06957    1.009979   1.000000
  1399.08323    1.053823   1.000000
  1399.09707    0.993684   1.000000
  1399.11032    0.999989   1.000000
  1399.12357    1.018228   1.000000
  1399.13723    1.034934   1.000000
  1399.15107    0.916141   1.000000
  1399.16473    0.983858   1.000000
  1399.17857    0.967119   1.000000
  1399.19173    1.118684   1.000000
  1399.20507    1.030266   1.000000
  1399.21873    0.996381   1.000000
  1399.23257    1.009067   1.000000
  1399.24623    0.887679   1.000000
  1399.25990    1.055731   1.000000
  1399.27323    0.887679   1.000000
  1399.28657    0.948956   1.000000
  1399.30023    0.993684   1.000000
  1399.31390    0.951529   1.000000
  1399.32773    0.969743   1.000000
  1399.34098    0.976775   1.000000
  1399.35475    0.970619   1.000000
  1399.36808    0.948099   1.000000
  1399.38175    0.987420   1.000000
  1399.39542    1.004517   1.000000
  1399.40925    1.050967   1.000000
  1399.42292    1.047172   1.000000
  1399.43658    1.019149   1.000000
  1399.45042    0.949813   1.000000
  1399.46367    1.087728   1.000000
  1399.47692    0.967119   1.000000
  1399.49158    1.133983   1.000000
  1399.50525    1.015471   1.000000
  1399.51858    1.016389   1.000000
  1399.53233    0.932822   1.000000
  1399.54558    1.019149   1.000000
  1399.55925    0.993684   1.000000
  1399.57392    0.990100   1.000000
  1399.58725    1.038684   1.000000
  1399.60058    1.052870   1.000000
  1399.61525    0.987420   1.000000
  1399.62892    1.060517   1.000000
  1399.64217    1.078905   1.000000
  1399.65542    1.040564   1.000000
  1399.66925    1.039623   1.000000
  1399.68292    0.975893   1.000000
  1399.69658    0.973252   1.000000
  1399.71042    0.985637   1.000000
  1399.72408    1.010892   1.000000
  1399.73792    1.048120   1.000000
  1399.75108    1.031197   1.000000
  1399.76442    1.151580   1.000000
  1399.77808    0.907097   1.000000
  1399.79192    1.039623   1.000000
  1399.80558    1.041505   1.000000
  1399.82025    1.025619   1.000000
  1399.83308    0.989206   1.000000
  1399.84675    1.032130   1.000000
  1399.86100    0.978541   1.000000
  1399.87467    0.969743   1.000000
  1399.88792    0.982970   1.000000
  1399.90217    0.959292   1.000000
  1399.91542    0.989206   1.000000
  1399.92908    0.899765   1.000000
  1399.94333    0.994582   1.000000
  1399.95658    0.882096   1.000000
  1399.97042    0.897335   1.000000
  1399.98408    1.024692   1.000000
  1399.99775    1.040564   1.000000
  1400.01158    1.073063   1.000000
  1400.02575    0.963632   1.000000
  1400.03908    1.064361   1.000000
  1400.05275    1.026546   1.000000
  1400.06642    1.203869   1.000000
  1400.08025    0.942979   1.000000
  1400.09392    1.071123   1.000000
  1400.10817    1.078905   1.000000
  1400.12142    1.124779   1.000000
  1400.13508    1.017309   1.000000
  1400.14977    1.002704   1.000000
  1400.16310    1.126818   1.000000
  1400.17627    1.016389   1.000000
  1400.19093    0.964503   1.000000
  1400.20427    1.075007   1.000000
  1400.21760    1.173701   1.000000
  1400.23218    0.976775   1.000000
  1400.24593    1.106596   1.000000
  1400.25960    0.902202   1.000000
  1400.27385    1.100602   1.000000
  1400.28710    1.048120   1.000000
  1400.30077    0.965374   1.000000
  1400.31593    0.938733   1.000000
  1400.33010    0.907097   1.000000
  1400.34393    0.906279   1.000000
  1400.35760    1.029335   1.000000
  1400.37127    0.871823   1.000000
  1400.38510    1.103595   1.000000
  1400.39977    1.033998   1.000000
  1400.41343    1.022841   1.000000
  1400.42710    1.013637   1.000000
  1400.44135    1.105595   1.000000
  1400.45460    1.053823   1.000000
  1400.46843    0.956697   1.000000
  1400.48293    1.027475   1.000000
  1400.49677    0.913666   1.000000
  1400.51043    0.942128   1.000000
  1400.52510    1.060517   1.000000
  1400.53793    1.019149   1.000000
  1400.55160    1.005426   1.000000
  1400.56585    1.099606   1.000000
  1400.57910    0.914490   1.000000
  1400.59293    0.935351   1.000000
  1400.60702    1.034934   1.000000
  1400.62027    1.049068   1.000000
  1400.63410    0.978541   1.000000
  1400.64877    0.904646   1.000000
  1400.66243    0.874183   1.000000
  1400.67610    1.102596   1.000000
  1400.69077    1.003610   1.000000
  1400.70460    0.932822   1.000000
  1400.71827    1.020071   1.000000
  1400.73293    0.983858   1.000000
  1400.74660    1.042448   1.000000
  1400.75993    0.975893   1.000000
  1400.77510    1.115650   1.000000
  1400.78827    0.898144   1.000000
  1400.80160    1.038684   1.000000
  1400.81710    1.043391   1.000000
  1400.83093    0.932822   1.000000
  1400.84460    0.905463   1.000000
  1400.85927    1.066289   1.000000
  1400.87293    1.080859   1.000000
  1400.88677    0.954971   1.000000
  1400.90227    1.050967   1.000000
  1400.91593    0.907916   1.000000
  1400.92977    0.959292   1.000000
  1400.94528    0.931140   1.000000
  1400.95912    0.882096   1.000000
  1400.97278    0.999086   1.000000
  1400.98828    0.951529   1.000000
  1401.00212    0.985637   1.000000
  1401.01578    1.050017   1.000000
  1401.03137    0.988312   1.000000
  1401.04512    1.073063   1.000000
  1401.05837    1.032130   1.000000
  1401.07345    1.092661   1.000000
  1401.08728    0.955834   1.000000
  1401.10095    1.248338   1.000000
  1401.11645    1.060517   1.000000
  1401.13028    0.909555   1.000000
  1401.14395    1.024692   1.000000
  1401.15945    0.983858   1.000000
  1401.17328    1.035870   1.000000
  1401.18695    1.177963   1.000000
  1401.20262    1.064361   1.000000
  1401.21628    0.975893   1.000000
  1401.22995    1.038684   1.000000
  1401.24562    1.017309   1.000000
  1401.25887    0.915315   1.000000
  1401.27212    1.152624   1.000000
  1401.28762    0.897335   1.000000
  1401.30145    1.019149   1.000000
  1401.31512    0.930300   1.000000
  1401.33078    1.032130   1.000000
  1401.34445    0.917796   1.000000
  1401.35912    1.000893   1.000000
  1401.37328    0.961026   1.000000
  1401.38662    1.048120   1.000000
  1401.40028    0.995481   1.000000
  1401.41578    1.019149   1.000000
  1401.42962    0.970619   1.000000
  1401.44287    1.102596   1.000000
  1401.45895    1.137069   1.000000
  1401.47262    1.070154   1.000000
  1401.48628    0.995481   1.000000
  1401.50195    1.020071   1.000000
  1401.51562    1.034934   1.000000
  1401.52928    1.033998   1.000000
  1401.54495    0.896526   1.000000
  1401.55862    1.060517   1.000000
  1401.57245    0.937886   1.000000
  1401.58878    1.027475   1.000000
  1401.60262    1.040564   1.000000
  1401.61628    0.919453   1.000000
  1401.63237    1.113631   1.000000
  1401.64562    0.931981   1.000000
  1401.65928    0.953248   1.000000
  1401.67495    1.053823   1.000000
  1401.68862    1.005426   1.000000
  1401.70245    1.047172   1.000000
  1401.71795    1.042448   1.000000
  1401.73213    1.102596   1.000000
  1401.74547    1.045280   1.000000
  1401.76147    1.220353   1.000000
  1401.77513    0.935351   1.000000
  1401.78930    0.899765   1.000000
  1401.80497    1.032130   1.000000
  1401.81863    0.970619   1.000000
  1401.83230    0.940429   1.000000
  1401.84880    1.067254   1.000000
  1401.86263    1.013637   1.000000
  1401.87630    0.998184   1.000000
  1401.89280    0.928623   1.000000
  1401.90647    0.930300   1.000000
  1401.92030    1.040564   1.000000
  1401.93630    0.929461   1.000000
  1401.94963    1.112623   1.000000
  1401.96330    1.056686   1.000000
  1401.97980    0.927785   1.000000
  1401.99347    1.047172   1.000000
  1402.00730    0.970619   1.000000
  1402.02322    0.837950   1.000000
  1402.03647    1.116660   1.000000
  1402.05030    1.118684   1.000000
  1402.06680    1.025619   1.000000
  1402.08047    1.089698   1.000000
  1402.09413    0.981196   1.000000
  1402.10980    0.964503   1.000000
  1402.12347    1.040564   1.000000
  1402.13722    1.056686   1.000000
  1402.15363    1.033998   1.000000
  1402.16747    0.875760   1.000000
  1402.18072    0.975893   1.000000
  1402.19763    1.000893   1.000000
  1402.21130    1.081838   1.000000
  1402.22513    1.013637   1.000000
  1402.24163    1.008155   1.000000
  1402.25530    0.984748   1.000000
  1402.26897    1.105595   1.000000
  1402.28547    1.187611   1.000000
  1402.29930    0.979425   1.000000
  1402.31255    1.123761   1.000000
  1402.32947    1.060517   1.000000
  1402.34313    1.012721   1.000000
  1402.35697    1.089698   1.000000
  1402.37347    0.954971   1.000000
  1402.38713    1.123761   1.000000
  1402.40080    1.030266   1.000000
  1402.41780    1.099606   1.000000
  1402.43113    0.909555   1.000000
  1402.44480    0.831188   1.000000
  1402.46213    0.977657   1.000000
  1402.47547    0.922777   1.000000
  1402.48880    1.011806   1.000000
  1402.50613    1.017309   1.000000
  1402.51980    0.941278   1.000000
  1402.53365    0.951529   1.000000
  1402.55015    1.012721   1.000000
  1402.56382    1.010892   1.000000
  1402.57748    0.913666   1.000000
  1402.59498    1.005426   1.000000
  1402.60865    1.028404   1.000000
  1402.62248    0.971496   1.000000
  1402.63932    1.031197   1.000000
  1402.65265    0.980310   1.000000
  1402.66632    1.066289   1.000000
  1402.68382    0.954109   1.000000
  1402.69748    1.104594   1.000000
  1402.71115    0.996381   1.000000
  1402.72765    0.908735   1.000000
  1402.74148    0.976775   1.000000
  1402.75515    0.868686   1.000000
  1402.77207    0.853945   1.000000
  1402.78532    0.890886   1.000000
  1402.79915    0.970619   1.000000
  1402.81598    1.048120   1.000000
  1402.82973    0.941278   1.000000
  1402.84298    0.867123   1.000000
  1402.86048    1.067254   1.000000
  1402.87415    0.912019   1.000000
  1402.88782    0.924443   1.000000
  1402.90532    0.946389   1.000000
  1402.91898    1.031197   1.000000
  1402.93282    1.002704   1.000000
  1402.94915    0.851641   1.000000
  1402.96298    1.080859   1.000000
  1402.97665    0.970619   1.000000
  1402.99415    0.943830   1.000000
  1403.00782    0.938733   1.000000
  1403.02148    1.020071   1.000000
  1403.03798    0.984748   1.000000
  1403.05182    1.026546   1.000000
  1403.06548    1.058600   1.000000
  1403.08282    1.094641   1.000000
  1403.09615    0.958426   1.000000
  1403.11032    0.997282   1.000000
  1403.12765    0.971496   1.000000
  1403.14148    1.051918   1.000000
  1403.15473    0.982970   0.999928
  1403.17265    0.822260   0.999876
  1403.18632    0.945536   0.999774
  1403.19998    0.922777   0.999689
  1403.21748    1.008155   0.999576
  1403.23115    0.903016   0.999440
  1403.24482    1.101599   0.999358
  1403.26232    1.004517   0.999124
  1403.27598    0.941278   0.999020
  1403.28982    1.064361   0.998851
  1403.30798    1.054776   0.998637
  1403.32183    0.944682   0.998485
  1403.33550    0.818569   0.998276
  1403.35300    0.997282   0.998068
  1403.36667    0.946389   0.997809
  1403.38033    1.014554   0.997617
  1403.39783    0.991890   0.997338
  1403.41150    0.942128   0.997123
  1403.42533    0.915315   0.996965
  1403.44308    0.906279   0.996578
  1403.45683    1.038684   0.996392
  1403.47017    0.984748   0.996115
  1403.48750    1.062437   0.995802
  1403.50117    0.940429   0.995538
  1403.51500    1.095632   0.995254
  1403.53333    0.960158   0.994919
  1403.54700    0.915315   0.994583
  1403.56067    0.960158   0.994338
  1403.57817    0.955834   0.993922
  1403.59183    0.895718   0.993644
  1403.60567    1.087728   0.993335
  1403.62300    1.177963   0.992912
  1403.63667    1.008155   0.992644
  1403.65050    1.018228   0.992266
  1403.66833    0.971496   0.991878
  1403.68150    1.098611   0.991509
  1403.69533    0.998184   0.991183
  1403.71317    1.092661   0.990708
  1403.72692    0.980310   0.990359
  1403.74058    1.107598   0.990039
  1403.75850    0.963632   0.989523
  1403.77217    0.939581   0.989174
  1403.78600    0.937040   0.988776
  1403.80417    1.092661   0.988265
  1403.81800    1.026546   0.987883
  1403.83167    0.882096   0.987479
  1403.84917    1.120712   0.987031
  1403.86283    0.997282   0.986565
  1403.87650    0.972374   0.986195
  1403.89483    0.952388   0.985623
  1403.90867    0.918624   0.985186
  1403.92233    1.019149   0.984839
  1403.94067    0.743522   0.984191
  1403.95433    0.913666   0.983822
  1403.96817    0.937886   0.983338
  1403.98633    0.823741   0.982748
  1404.00017    0.921113   0.982313
  1404.01383    0.958426   0.981822
  1404.03175    1.012721   0.981260
  1404.04542    0.969743   0.980762
  1404.05867    1.001798   0.980323
  1404.07700    1.039623   0.979714
  1404.09083    1.024692   0.979200
  1404.10450    1.075980   0.978697
  1404.12285    1.034934   0.978080
  1404.13652    0.937886   0.977515
  1404.15035    0.876549   0.977077
  1404.16852    1.176896   0.976434
  1404.18235    0.940429   0.975855
  1404.19602    1.106596   0.975386
  1404.21393    0.979425   0.974656
  1404.22760    0.974132   0.974199
  1404.24135    0.948956   0.973668
  1404.25968    0.990100   0.972921
  1404.27343    0.821521   0.972477
  1404.28668    1.019149   0.971865
  1404.30585    0.940429   0.971188
  1404.31968    0.917796   0.970570
  1404.33335    1.101599   0.970060
  1404.35168    0.864782   0.969302
  1404.36535    0.969743   0.968723
  1404.37918    0.986528   0.968229
  1404.39752    0.974132   0.967366
  1404.41118    0.932822   0.966851
  1404.42485    0.990100   0.966272
  1404.44318    0.951529   0.965511
  1404.45702    0.954971   0.964867
  1404.47068    1.101599   0.964287
  1404.48902    0.971496   0.963551
  1404.50268    0.897335   0.962907
  1404.51652    0.980310   0.962305
  1404.53468    0.920283   0.961480
  1404.54852    0.917796   0.960934
  1404.56218    1.072093   0.960262
  1404.58052    0.949813   0.959494
  1404.59427    1.016389   0.958913
  1404.60802    0.969743   0.958181
  1404.62635    1.028404   0.957395
  1404.64002    0.967119   0.956758
  1404.65385    0.956697   0.956130
  1404.67302    1.049068   0.955212
  1404.68668    0.912019   0.954623
  1404.70052    1.004517   0.953954
  1404.71868    1.060517   0.953052
  1404.73252    0.939581   0.952416
  1404.74618    1.036807   0.951717
  1404.76552    0.802529   0.950790
  1404.77918    0.973252   0.950177
  1404.79285    0.999989   0.949462
  1404.81118    0.987420   0.948584
  1404.82502    0.990100   0.947922
  1404.83868    0.972374   0.947255
  1404.85743    0.970619   0.946248
  1404.87118    0.964503   0.945652
  1404.88493    0.938733   0.944934
  1404.90370    0.936195   0.943965
  1404.91787    0.926949   0.943238
  1404.93162    0.926949   0.942501
  1404.94995    0.895718   0.941653
  1404.96362    0.931981   0.940845
  1404.97737    0.895718   0.940201
  1404.99620    0.919453   0.939164
  1405.01087    0.936195   0.938448
  1405.02453    0.931981   0.937736
  1405.04287    1.013637   0.936735
  1405.05653    0.921113   0.936075
  1405.07037    0.931981   0.935279
  1405.08903    0.886880   0.934321
  1405.10278    0.890083   0.933521
  1405.11653    0.967993   0.932780
  1405.13620    1.033998   0.931714
  1405.14987    1.025619   0.931015
  1405.16370    0.865562   0.930309
  1405.18203    1.027475   0.929193
  1405.19570    0.916968   0.928490
  1405.20937    0.827456   0.927730
  1405.22870    0.901389   0.926675
  1405.24237    0.955834   0.925829
  1405.25620    0.803974   0.925105
  1405.27537    1.031197   0.923989
  1405.29003    0.994582   0.923224
  1405.30370    0.864782   0.922510
  1405.32387    0.878130   0.921272
  1405.33753    0.890083   0.920511
  1405.35137    0.779070   0.919688
  1405.36970    0.855485   0.918627
  1405.38337    0.850109   0.917876
  1405.39703    0.986528   0.917079
  1405.41720    0.957561   0.915868
  1405.43103    0.945536   0.915095
  1405.44570    0.851641   0.914253
  1405.46487    0.931981   0.913043
  1405.47853    0.901389   0.912282
  1405.49237    0.903831   0.911447
  1405.51153    0.957561   0.910342
  1405.52520    0.949813   0.909432
  1405.53903    0.874971   0.908723
  1405.55778    0.978541   0.907571
  1405.57203    0.918624   0.906646
  1405.58570    0.861672   0.905976
  1405.60537    0.867123   0.904634
  1405.61953    0.994582   0.903840
  1405.63337    0.907916   0.903007
  1405.65337    0.872609   0.901743
  1405.66803    0.849343   0.900901
  1405.68187    0.890886   0.899955
  1405.70238    0.876549   0.898785
  1405.71613    0.851641   0.897806
  1405.72988    0.914490   0.897036
  1405.75055    0.934507   0.895704
  1405.76463    0.831937   0.894855
  1405.77838    0.848579   0.893988
  1405.79905    0.926113   0.892677
  1405.81272    0.871038   0.891818
  1405.82638    0.881302   0.890949
  1405.84572    0.850874   0.889708
  1405.85938    0.791066   0.888819
  1405.87322    0.856256   0.888013
  1405.89422    0.934507   0.886606
  1405.90888    0.841730   0.885690
  1405.92255    0.873395   0.884807
  1405.94230    0.857027   0.883497
  1405.95638    0.859346   0.882613
  1405.97022    0.832686   0.881676
  1405.99122    0.938733   0.880325
  1406.00547    0.962763   0.879435
  1406.01913    0.910375   0.878539
  1406.03788    0.791778   0.877308
  1406.05172    0.871038   0.876355
  1406.06538    0.872609   0.875513
  1406.07905    0.790355   0.874555
  1406.09288    0.848579   0.873714
  1406.10705    0.899765   0.872706
  1406.12080    0.877339   0.871845
  1406.13955    0.875760   0.870576
  1406.15322    0.877339   0.869656
  1406.16705    0.964503   0.868737
  1406.18905    0.840216   0.867263
  1406.20272    0.926113   0.866295
  1406.21638    0.857027   0.865393
  1406.23755    0.846290   0.863962
  1406.25122    0.839460   0.863045
  1406.26488    0.822260   0.862146
  1406.28605    0.866342   0.860706
  1406.30072    0.901389   0.859674
  1406.31438    0.857027   0.858711
  1406.33538    0.864782   0.857314
  1406.34922    0.890083   0.856390
  1406.36288    0.812699   0.855478
  1406.38388    0.849343   0.854024
  1406.39772    0.865562   0.853037
  1406.41138    0.870253   0.852107
  1406.43255    0.814895   0.850632
  1406.44663    0.719890   0.849682
  1406.46088    0.942979   0.848650
  1406.48105    0.890083   0.847244
  1406.49573    0.877339   0.846182
  1406.50940    0.846290   0.845268
  1406.52957    0.809780   0.843842
  1406.54373    0.824483   0.842842
  1406.55748    0.847815   0.841908
  1406.57940    0.863225   0.840330
  1406.59315    0.882892   0.839391
  1406.60823    0.862448   0.838299
  1406.62840    0.876549   0.836890
  1406.64307    0.811968   0.835837
  1406.65673    0.750901   0.834912
  1406.67740    0.788936   0.833403
  1406.69157    0.796061   0.832402
  1406.70523    0.774185   0.831417
  1406.72357    0.853945   0.830117
  1406.73740    0.921945   0.829135
  1406.75107    0.853945   0.828038
  1406.76473    0.811238   0.827182
  1406.77940    0.814162   0.826114
  1406.79323    0.748209   0.825108
  1406.80690    0.898144   0.824114
  1406.82565    0.803251   0.822773
  1406.83940    0.867123   0.821767
  1406.85315    0.822260   0.820751
  1406.87415    0.820044   0.819245
  1406.88840    0.861672   0.818217
  1406.90257    0.820782   0.817218
  1406.92407    0.884485   0.815601
  1406.93773    0.832686   0.814647
  1406.95157    0.846290   0.813627
  1406.96990    0.872609   0.812298
  1406.98640    0.773490   0.811054
  1407.00007    0.847815   0.810070
  1407.01373    0.775578   0.809071
  1407.02840    0.847052   0.807978
  1407.04223    0.861672   0.807007
  1407.05590    0.774881   0.805960
  1407.07690    0.820782   0.804400
  1407.09157    0.852408   0.803314
  1407.10540    0.780472   0.802305
  1407.12590    0.752250   0.800764
  1407.14007    0.852408   0.799752
  1407.15390    0.798211   0.798767
  1407.17532    0.919453   0.797159
  1407.18907    0.759718   0.796179
  1407.20323    0.865562   0.795054
  1407.22440    0.825225   0.793490
  1407.23890    0.704565   0.792405
  1407.25273    0.818569   0.791411
  1407.27290    0.772101   0.789912
  1407.28658    0.763823   0.788880
  1407.30025    0.724424   0.787892
  1407.31775    0.785398   0.786452
  1407.33142    0.823741   0.785571
  1407.34525    0.672501   0.784470
  1407.35892    0.866342   0.783508
  1407.37625    0.795345   0.782190
  1407.39008    0.768641   0.781053
  1407.40375    0.841730   0.780144
  1407.42575    0.765196   0.778458
  1407.44042    0.821521   0.777376
  1407.45408    0.716027   0.776326
  1407.47475    0.744858   0.774753
  1407.48975    0.754957   0.773639
  1407.50400    0.786811   0.772457
  1407.52558    0.725725   0.770990
  1407.53925    0.837196   0.769867
  1407.55292    0.793916   0.768927
  1407.57592    0.772101   0.767156
  1407.58958    0.678549   0.766121
  1407.60342    0.795345   0.764965
  1407.62525    0.719890   0.763435
  1407.63908    0.716669   0.762288
  1407.65275    0.672501   0.761323
  1407.67475    0.716027   0.759564
  1407.68942    0.711547   0.758514
  1407.70308    0.723126   0.757573
  1407.72425    0.825225   0.755869
  1407.73875    0.712824   0.754884
  1407.75258    0.773490   0.753723
  1407.77275    0.723775   0.752245
  1407.78742    0.817833   0.751059
  1407.80108    0.690194   0.750124
  1407.81842    0.767261   0.748597
  1407.83225    0.683427   0.747684
  1407.84592    0.653519   0.746681
  1407.86008    0.685266   0.745544
  1407.87892    0.748209   0.744145
  1407.89358    0.741523   0.742936
  1407.90725    0.765884   0.741989
  1407.92967    0.682815   0.740204
  1407.94392    0.806872   0.739180
  1407.95758    0.721830   0.738194
  1407.97958    0.743522   0.736472
  1407.99325    0.749553   0.735442
  1408.00708    0.685880   0.734343
  1408.02808    0.719890   0.732806
  1408.04175    0.721183   0.731701
  1408.05642    0.731608   0.730620
  1408.07660    0.722477   0.729043
  1408.09127    0.712185   0.727964
  1408.10493    0.675518   0.726926
  1408.12510    0.805421   0.725395
  1408.13893    0.687109   0.724354
  1408.15360    0.668899   0.723213
  1408.17093    0.678549   0.721955
  1408.18460    0.750901   0.720851
  1408.19843    0.740193   0.719878
  1408.21260    0.721830   0.718753
  1408.23227    0.782579   0.717250
  1408.24593    0.705197   0.716245
  1408.26018    0.695158   0.715095
  1408.28260    0.724424   0.713454
  1408.29627    0.655275   0.712387
  1408.31010    0.724424   0.711342
  1408.33210    0.788936   0.709643
  1408.34577    0.664722   0.708682
  1408.35993    0.624400   0.707527
  1408.38285    0.697654   0.705885
  1408.39710    0.734239   0.704708
  1408.41077    0.635656   0.703684
  1408.42993    0.775578   0.702285
  1408.44460    0.784692   0.701087
  1408.45843    0.680374   0.700127
  1408.47210    0.732265   0.699050
  1408.48718    0.660572   0.698004
  1408.50143    0.648281   0.696870
  1408.51510    0.698279   0.695814
  1408.53793    0.673103   0.694180
  1408.55218    0.687109   0.693023
  1408.56643    0.636793   0.692039
  1408.58877    0.630565   0.690275
  1408.60293    0.629439   0.689320
  1408.61677    0.671899   0.688117
  1408.63877    0.735558   0.686572
  1408.65243    0.619401   0.685474
  1408.66660    0.760400   0.684460
  1408.68727    0.594492   0.682956
  1408.70193    0.667703   0.681890
  1408.71560    0.677941   0.680910
  1408.72927    0.645389   0.679840
  1408.74677    0.705830   0.678559
  1408.76043    0.673706   0.677527
  1408.77410    0.646544   0.676556
  1408.79568    0.659391   0.674971
  1408.80993    0.650022   0.673895
  1408.82360    0.621618   0.672947
  1408.84377    0.673103   0.671371
  1408.85743    0.726376   0.670483
  1408.87212    0.706462   0.669240
  1408.88595    0.712185   0.668336
  1408.90412    0.687725   0.667030
  1408.91795    0.619955   0.665943
  1408.93162    0.707096   0.665074
  1408.95278    0.791778   0.663411
  1408.96728    0.687109   0.662465
  1408.98112    0.590793   0.661307
  1409.00353    0.719245   0.659824
  1409.01770    0.825968   0.658763
  1409.03145    0.549682   0.657808
  1409.05345    0.573673   0.656157
  1409.06895    0.618849   0.655087
  1409.08312    0.731608   0.654123
  1409.10462    0.671298   0.652532
  1409.12212    0.690194   0.651301
  1409.13678    0.599283   0.650212
  1409.15912    0.606815   0.648712
  1409.17328    0.593433   0.647628
  1409.18712    0.569093   0.646786
  1409.20995    0.604653   0.645088
  1409.22362    0.680983   0.644211
  1409.23787    0.661755   0.643166
  1409.25528    0.574696   0.642001
  1409.26895    0.671899   0.641059
  1409.28312    0.624958   0.640028
  1409.29695    0.664128   0.639111
  1409.31795    0.648281   0.637593
  1409.33162    0.693292   0.636765
  1409.34628    0.640217   0.635732
  1409.36928    0.633955   0.634220
  1409.38295    0.644812   0.633254
  1409.39662    0.623285   0.632299
  1409.41862    0.588165   0.630901
  1409.43245    0.618296   0.629890
  1409.44662    0.690812   0.629103
  1409.46078    0.603037   0.628016
  1409.47628    0.579838   0.627058
  1409.49012    0.621618   0.626175
  1409.50378    0.670098   0.625178
  1409.52437    0.593433   0.623932
  1409.53945    0.587641   0.622824
  1409.55328    0.624400   0.622039
  1409.57245    0.569600   0.620779
  1409.58612    0.658801   0.619962
  1409.60037    0.637363   0.619079
  1409.61412    0.642511   0.618027
  1409.63512    0.577775   0.616907
  1409.64978    0.679765   0.615820
  1409.66397    0.652935   0.615040
  1409.68597    0.657624   0.613586
  1409.69963    0.583986   0.612857
  1409.71430    0.612254   0.612063
  1409.73630    0.636225   0.610668
  1409.75013    0.650022   0.609936
  1409.76422    0.583466   0.608904
  1409.77797    0.544816   0.608226
  1409.79497    0.640790   0.607245
  1409.80863    0.645966   0.606362
  1409.82280    0.638503   0.605670
  1409.84430    0.587641   0.604363
  1409.85897    0.748209   0.603617
  1409.87280    0.639074   0.602806
  1409.89280    0.641936   0.601746
  1409.90663    0.635656   0.601030
  1409.92130    0.668301   0.600120
  1409.93497    0.663534   0.599492
  1409.95372    0.603037   0.598362
  1409.96797    0.635656   0.597744
  1409.98163    0.547243   0.597083
  1410.00180    0.590793   0.596007
  1410.01647    0.616642   0.595356
  1410.03063    0.585028   0.594485
  1410.04480    0.587118   0.593964
  1410.06313    0.553115   0.593128
  1410.07680    0.618849   0.592388
  1410.09063    0.603575   0.591867
  1410.11163    0.621618   0.590810
  1410.12530    0.550171   0.590344
  1410.13913    0.619955   0.589821
  1410.15330    0.588165   0.589082
  1410.17213    0.651186   0.588496
  1410.18580    0.603037   0.587887
  1410.19947    0.645966   0.587365
  1410.22063    0.603037   0.586703
  1410.23430    0.605192   0.586095
  1410.24897    0.554593   0.585759
  1410.26263    0.582427   0.585358
  1410.28097    0.551150   0.584741
  1410.29522    0.583466   0.584460
  1410.30930    0.590793   0.584050
  1410.33313    0.581908   0.583609
  1410.34697    0.618296   0.583384
  1410.36163    0.604114   0.583054
  1410.38305    0.648860   0.583051
  1410.39730    0.579838   0.583049
  1410.41097    0.572142   0.583048
  1410.42522    0.509262   0.583046
  1410.44480    0.610072   0.583044
  1410.45865    0.563046   0.583042
  1410.47232    0.481194   0.583041
  1410.49332    0.594492   0.583038
  1410.50798    0.570108   0.583037
  1410.52182    0.606815   0.583035
  1410.53598    0.554100   0.583033
  1410.55465    0.581908   0.583031
  1410.56848    0.501645   0.583030
  1410.58265    0.547730   0.583028
  1410.60515    0.538556   0.583026
  1410.61965    0.665913   0.583024
  1410.63348    0.588165   0.583022
  1410.65265    0.567575   0.583020
  1410.66690    0.565054   0.583018
  1410.68098    0.588690   0.583017
  1410.69482    0.564049   0.583015
  1410.71723    0.579838   0.583013
  1410.73148    0.507909   0.583011
  1410.74515    0.598748   0.583009
  1410.76798    0.538556   0.583007
  1410.78182    0.552131   0.583005
  1410.79648    0.553115   0.583004
  1410.81015    0.628877   0.583002
  1410.82932    0.578806   0.583000
  1410.84315    0.579838   0.582998
  1410.85682    0.627194   0.582997
  1410.87965    0.595553   0.582994
  1410.89390    0.670098   0.582992
  1410.90815    0.685266   0.582991
  1410.92915    0.469010   0.582988
  1410.94465    0.621063   0.582987
  1410.95890    0.535217   0.582985
  1410.97765    0.479918   0.582983
  1410.99132    0.579322   0.582981
  1411.00557    0.526260   0.582980
  1411.01982    0.605733   0.582978
  1411.04082    0.702673   0.582975
  1411.05548    0.558554   0.582974
  1411.06915    0.505215   0.582972
  1411.09215    0.573673   0.582970
  1411.10632    0.502980   0.582968
  1411.12048    0.620508   0.582966
  1411.13415    0.590793   0.582965
  1411.15432    0.590266   0.582962
  1411.16898    0.575208   0.582961
  1411.18265    0.543848   0.582959
  1411.20465    0.562045   0.582957
  1411.21848    0.623285   0.582955
  1411.23298    0.589740   0.582953
  1411.24683    0.673103   0.582952
  1411.26783    0.649441   0.582949
  1411.28250    0.562545   0.582948
  1411.29617    0.596084   0.582946
  1411.31917    0.562045   0.582944
  1411.33283    0.515626   0.582942
  1411.34667    0.577775   0.582940
  1411.36075    0.548217   0.582939
  1411.38133    0.568587   0.582936
  1411.39517    0.630565   0.583204
  1411.40883    0.583986   0.583331
  1411.42983    0.518839   0.583651
  1411.44408    0.580355   0.583954
  1411.45833    0.637363   0.584154
  1411.47200    0.605733   0.584496
  1411.49442    0.526260   0.585040
  1411.50867    0.538078   0.585277
  1411.52233    0.622173   0.585838
  1411.54433    0.583986   0.586360
  1411.55800    0.611162   0.586903
  1411.57267    0.539994   0.587360
  1411.58650    0.596616   0.587704
  1411.60933    0.551641   0.588646
  1411.62300    0.569600   0.589023
  1411.63767    0.540955   0.589676
  1411.65783    0.577261   0.590399
  1411.67200    0.648281   0.590919
  1411.68617    0.542882   0.591606
  1411.70000    0.516084   0.592109
  1411.72183    0.648860   0.593060
  1411.73567    0.661755   0.593624
  1411.74983    0.570616   0.594151
  1411.76950    0.605192   0.595148
  1411.78317    0.603037   0.595677
  1411.79700    0.650603   0.596428
  1411.81117    0.561045   0.597061
  1411.83408    0.607899   0.598161
  1411.84817    0.569600   0.598832
  1411.86200    0.589740   0.599427
  1411.88400    0.612801   0.600614
  1411.89767    0.616092   0.601201
  1411.91233    0.575720   0.602066
  1411.92600    0.623842   0.602744
  1411.94800    0.587118   0.603915
  1411.96183    0.628877   0.604613
  1411.97633    0.563547   0.605282
  1411.99750    0.700159   0.606565
  1412.01217    0.662347   0.607237
  1412.02583    0.604114   0.608096
  1412.03952    0.568587   0.608877
  1412.06152    0.628877   0.610081
  1412.07535    0.613896   0.610843
  1412.08993    0.586072   0.611555
  1412.11285    0.665317   0.612987
  1412.12652    0.622729   0.613659
  1412.14035    0.557065   0.614577
  1412.15402    0.571124   0.615338
  1412.17602    0.557561   0.616612
  1412.19068    0.628316   0.617501
  1412.20435    0.580355   0.618202
  1412.22718    0.542882   0.619652
  1412.24102    0.601425   0.620403
  1412.25568    0.599817   0.621386
  1412.26935    0.674310   0.622194
  1412.29218    0.614444   0.623621
  1412.30643    0.714104   0.624468
  1412.32068    0.602499   0.625215
  1412.34168    0.568587   0.626675
  1412.35635    0.531899   0.627501
  1412.37002    0.661163   0.628476
  1412.38427    0.643085   0.629368
  1412.40802    0.712824   0.630831
  1412.42218    0.638503   0.631681
  1412.43602    0.570108   0.632551
  1412.45385    0.710272   0.633765
  1412.47068    0.665913   0.634732
  1412.48452    0.690194   0.635744
  1412.49818    0.591320   0.636599
  1412.51752    0.621063   0.637873
  1412.53202    0.682815   0.638853
  1412.54627    0.601962   0.639637
  1412.56052    0.615542   0.640708
  1412.58235    0.659391   0.641971
  1412.59702    0.640790   0.643069
  1412.61218    0.700159   0.644071
  1412.63368    0.680374   0.645546
  1412.64735    0.658801   0.646368
  1412.66202    0.631129   0.647406
  1412.67585    0.686494   0.648362
  1412.69785    0.637933   0.649787
  1412.71193    0.618296   0.650756
  1412.72618    0.687725   0.651717
  1412.74402    0.741523   0.652972
  1412.76102    0.598748   0.654048
  1412.77552    0.711547   0.655045
  1412.78935    0.586072   0.656018
  1412.80952    0.712824   0.657356
  1412.82418    0.705830   0.658397
  1412.83787    0.590266   0.659328
  1412.85153    0.683427   0.660309
  1412.87270    0.662347   0.661748
  1412.88728    0.728334   0.662773
  1412.90187    0.644236   0.663791
  1412.91570    0.611708   0.664681
  1412.93770    0.665317   0.666326
  1412.95220    0.666509   0.667236
  1412.96603    0.749553   0.668230
  1412.98803    0.637363   0.669695
  1413.00170    0.677941   0.670773
  1413.01637    0.616092   0.671772
  1413.03003    0.631693   0.672673
  1413.05203    0.631693   0.674334
  1413.06670    0.659391   0.675204
  1413.08037    0.642511   0.676312
  1413.10053    0.685880   0.677613
  1413.11620    0.723126   0.678852
  1413.13087    0.670098   0.679898
  1413.14453    0.628316   0.680799
  1413.16737    0.689576   0.682437
  1413.18203    0.678549   0.683470
  1413.19578    0.612254   0.684482
  1413.21037    0.640790   0.685516
  1413.23287    0.626075   0.687178
  1413.24703    0.679765   0.688123
  1413.26120    0.719245   0.689205
  1413.28370    0.638503   0.690783
  1413.29787    0.666509   0.691904
  1413.31203    0.795345   0.692805
  1413.32570    0.739529   0.693754
  1413.34870    0.670698   0.695442
  1413.36237    0.698905   0.696411
  1413.37662    0.735558   0.697506
  1413.39620    0.654104   0.698865
  1413.41187    0.787519   0.700062
  1413.42603    0.805421   0.701083
  1413.44020    0.788227   0.702012
  1413.46220    0.652351   0.703648
  1413.47687    0.677335   0.704689
  1413.49053    0.723775   0.705747
  1413.50420    0.711547   0.706692
  1413.52670    0.710272   0.708381
  1413.54087    0.778371   0.709385
  1413.55470    0.670698   0.710409
  1413.57470    0.677335   0.711893
  1413.59120    0.679765   0.713015
  1413.60503    0.693913   0.714098
  1413.61872    0.667703   0.715043
  1413.64255    0.713464   0.716863
  1413.65622    0.601425   0.717810
  1413.67088    0.690812   0.718926
  1413.68472    0.785398   0.719930
  1413.70655    0.714104   0.721506
  1413.72122    0.680374   0.722561
  1413.73505    0.759036   0.723558
  1413.75422    0.747537   0.725019
  1413.77072    0.657624   0.726150
  1413.78438    0.739529   0.727191
  1413.79905    0.652351   0.728235
  1413.82105    0.746196   0.729850
  1413.83472    0.742188   0.730823
  1413.84938    0.790355   0.731898
  1413.86322    0.679765   0.732974
  1413.88322    0.703303   0.734382
  1413.89788    0.713464   0.735525
  1413.91172    0.730297   0.736497
  1413.92538    0.692671   0.737443
  1413.94780    0.731608   0.739113
  1413.96205    0.761083   0.740206
  1413.97622    0.651186   0.741251
  1413.99038    0.721830   0.742325
  1414.01238    0.720536   0.743886
  1414.02605    0.728334   0.744828
  1414.04072    0.807598   0.745981
  1414.06272    0.714104   0.747572
  1414.07738    0.812699   0.748622
  1414.09205    0.839460   0.749697
  1414.10572    0.720536   0.750722
  1414.12722    0.720536   0.752320
  1414.14138    0.690812   0.753342
  1414.15563    0.763823   0.754317
  1414.16988    0.820044   0.755478
  1414.19272    0.792490   0.757072
  1414.20638    0.746196   0.758108
  1414.22105    0.779070   0.759124
  1414.23488    0.781174   0.760183
  1414.25672    0.888480   0.761720
  1414.27055    0.720536   0.762781
  1414.28472    0.802529   0.763822
  1414.30205    0.738203   0.765109
  1414.32222    0.814162   0.766471
  1414.33638    0.702044   0.767622
  1414.35022    0.794630   0.768527
  1414.37305    0.783987   0.770222
  1414.38672    0.765196   0.771263
  1414.40138    0.781876   0.772272
  1414.41523    0.844767   0.773334
  1414.43707    0.858572   0.774831
  1414.45173    0.738865   0.775997
  1414.46557    0.788936   0.776950
  1414.47973    0.840972   0.777951
  1414.50073    0.803974   0.779567
  1414.51590    0.892494   0.780580
  1414.52957    0.730952   0.781574
  1414.54340    0.680983   0.782618
  1414.56440    0.864003   0.784157
  1414.57907    0.857027   0.785153
  1414.59323    0.810509   0.786125
  1414.60740    0.668301   0.787225
  1414.62840    0.854715   0.788691
  1414.64307    0.792490   0.789754
  1414.65773    0.783283   0.790845
  1414.67140    0.757673   0.791858
  1414.69340    0.750227   0.793424
  1414.70807    0.802529   0.794450
  1414.72232    0.760400   0.795461
  1414.73690    0.781174   0.796426
  1414.75757    0.740193   0.798005
  1414.77223    0.742188   0.798995
  1414.78690    0.831937   0.800055
  1414.80790    0.884485   0.801563
  1414.82298    0.852408   0.802658
  1414.83723    0.850874   0.803674
  1414.85140    0.839460   0.804647
  1414.87373    0.682815   0.806233
  1414.88798    0.731608   0.807230
  1414.90223    0.840972   0.808305
  1414.91590    0.781876   0.809206
  1414.93790    0.837950   0.810790
  1414.95257    0.774185   0.811800
  1414.96623    0.851641   0.812773
  1414.98040    0.767951   0.813797
  1415.00007    0.851641   0.815134
  1415.01473    0.733580   0.816217
