  1303.89264    0.899901   1.000000
  1303.93152    0.938847   1.000000
  1303.96032    1.009706   1.000000
  1303.98912    1.127704   1.000000
  1304.01936    0.945791   1.000000
  1304.04816    1.043746   1.000000
  1304.07696    1.156099   1.000000
  1304.10576    0.944920   1.000000
  1304.13600    0.968713   1.000000
  1304.16480    0.954542   1.000000
  1304.19360    0.966040   1.000000
  1304.22240    0.893295   1.000000
  1304.25264    0.862571   1.000000
  1304.28144    0.978577   1.000000
  1304.31024    1.047599   1.000000
  1304.33904    1.010636   1.000000
  1304.36928    1.047599   1.000000
  1304.39808    0.932814   1.000000
  1304.42688    1.013433   1.000000
  1304.45568    1.060217   1.000000
  1304.48592    1.019049   1.000000
  1304.51472    1.092937   1.000000
  1304.54352    0.846828   1.000000
  1304.57232    0.944050   1.000000
  1304.60256    1.059241   1.000000
  1304.63136    1.013433   1.000000
  1304.66016    0.925113   1.000000
  1304.68896    1.168947   1.000000
  1304.71920    1.014367   1.000000
  1304.74800    0.945791   1.000000
  1304.77680    1.080924   1.000000
  1304.80560    0.989453   1.000000
  1304.83584    0.929384   1.000000
  1304.86464    0.928528   1.000000
  1304.89344    0.996770   1.000000
  1304.92224    0.956302   1.000000
  1304.95248    0.966040   1.000000
  1304.98128    1.139187   1.000000
  1305.01008    1.007848   1.000000
  1305.03888    0.908228   1.000000
  1305.06912    0.873766   1.000000
  1305.09792    1.131866   1.000000
  1305.12672    0.914103   1.000000
  1305.15552    1.050497   1.000000
  1305.18576    1.166796   1.000000
  1305.21456    1.206132   1.000000
  1305.24336    1.051465   1.000000
  1305.27216    1.058266   1.000000
  1305.30240    0.932814   1.000000
  1305.33120    1.211700   1.000000
  1305.36000    1.043746   1.000000
  1305.38880    0.867351   1.000000
  1305.41904    0.904055   1.000000
  1305.44784    1.043746   1.000000
  1305.47664    0.902391   1.000000
  1305.50688    0.932814   1.000000
  1305.53568    1.140237   1.000000
  1305.56448    0.953663   1.000000
  1305.59328    1.019988   1.000000
  1305.62352    1.054375   1.000000
  1305.65232    1.070028   1.000000
  1305.68112    0.896592   1.000000
  1305.70992    0.834440   1.000000
  1305.74016    0.904888   1.000000
  1305.76896    0.863366   1.000000
  1305.79776    1.054375   1.000000
  1305.82656    0.946662   1.000000
  1305.85680    0.989453   1.000000
  1305.88560    1.027531   1.000000
  1305.91440    1.023752   1.000000
  1305.94320    1.005067   1.000000
  1305.97344    0.804998   1.000000
  1306.00224    0.980381   1.000000
  1306.03104    0.881850   1.000000
  1306.05984    1.008777   1.000000
  1306.09008    1.279366   1.000000
  1306.11888    0.885921   1.000000
  1306.14768    0.946662   1.000000
  1306.17648    1.105083   1.000000
  1306.20672    0.916632   1.000000
  1306.23552    0.975877   1.000000
  1306.26432    0.910741   1.000000
  1306.29312    1.000449   1.000000
  1306.32336    1.228556   1.000000
  1306.35216    0.881850   0.999998
  1306.38096    0.868150   0.999994
  1306.40976    0.953663   0.999986
  1306.44000    1.132909   0.999969
  1306.46880    1.132909   0.999945
  1306.49760    1.031324   0.999908
  1306.52640    1.107121   0.999857
  1306.55664    1.008777   0.999785
  1306.58544    1.067075   0.999695
  1306.61424    1.059241   0.999583
  1306.64304    1.027531   0.999445
  1306.67328    0.944050   0.999269
  1306.70208    0.994936   0.999068
  1306.73088    1.029426   0.998832
  1306.75968    1.087915   0.998558
  1306.78992    0.908228   0.998226
  1306.81872    0.940578   0.997865
  1306.84752    1.019988   0.997457
  1306.87632    1.050497   0.996999
  1306.90656    0.958948   0.996462
  1306.93536    0.924262   0.995893
  1306.96416    1.047599   0.995267
  1306.99296    1.170025   0.994579
  1307.02320    1.235364   0.993789
  1307.05200    0.991277   0.992970
  1307.08080    1.033225   0.992082
  1307.11104    0.913261   0.991075
  1307.13984    0.930240   0.990042
  1307.16864    0.981285   0.988935
  1307.19744    1.093944   0.987753
  1307.22768    0.994020   0.986428
  1307.25648    1.012500   0.985086
  1307.28528    0.920863   0.983664
  1307.31408    1.003217   0.982162
  1307.34432    0.976776   0.980496
  1307.37312    0.897418   0.978826
  1307.40192    1.025640   0.977073
  1307.43072    0.896592   0.975237
  1307.46096    1.064131   0.973222
  1307.48976    1.023752   0.971218
  1307.51856    1.040866   0.969132
  1307.54736    0.967821   0.966967
  1307.57760    0.978577   0.964608
  1307.60640    0.977676   0.962283
  1307.63520    0.951908   0.959883
  1307.66400    0.958065   0.957411
  1307.69424    1.067075   0.954741
  1307.72304    0.935395   0.952130
  1307.75184    0.959831   0.949455
  1307.78064    1.123557   0.946718
  1307.81088    0.860191   0.943779
  1307.83968    0.936257   0.940920
  1307.86848    0.904055   0.938006
  1307.89728    1.156099   0.935036
  1307.92752    0.920863   0.931862
  1307.95632    0.882663   0.928786
  1307.98512    0.775166   0.925661
  1308.01392    0.994936   0.922489
  1308.04416    0.819209   0.919109
  1308.07296    1.010636   0.915844
  1308.10176    0.828314   0.912537
  1308.13056    1.045671   0.909189
  1308.16080    0.946662   0.905631
  1308.18960    0.899901   0.902205
  1308.21840    0.959831   0.898742
  1308.24720    1.019988   0.895245
  1308.27744    0.900731   0.891538
  1308.30624    1.015301   0.887976
  1308.33504    0.809459   0.884385
  1308.36384    1.016237   0.880766
  1308.39408    0.855451   0.876938
  1308.42288    0.677010   0.873268
  1308.45168    0.829077   0.869575
  1308.48048    0.808714   0.865862
  1308.51072    0.884291   0.861942
  1308.53952    0.908228   0.858191
  1308.56832    0.820720   0.854424
  1308.59712    0.746440   0.850644
  1308.62736    0.846048   0.846662
  1308.65616    0.845269   0.842859
  1308.68496    0.805740   0.839048
  1308.71520    0.800562   0.835039
  1308.74400    0.878608   0.831218
  1308.77280    0.821476   0.827393
  1308.80160    0.827551   0.823568
  1308.83184    0.754041   0.819554
  1308.86064    0.962487   0.815735
  1308.88944    0.788125   0.811922
  1308.91824    0.810952   0.808116
  1308.94848    0.911580   0.804131
  1308.97728    0.809459   0.800348
  1309.00608    0.816949   0.796580
  1309.03488    0.778028   0.792829
  1309.06512    0.857028   0.788911
  1309.09392    0.699190   0.785202
  1309.12272    0.682017   0.781517
  1309.15152    0.672040   0.777859
  1309.18176    0.675764   0.774049
  1309.21056    0.812447   0.770453
  1309.23936    0.876183   0.766891
  1309.26816    0.827551   0.763367
  1309.29840    0.837520   0.759709
  1309.32720    0.876991   0.756269
  1309.35600    0.716795   0.752875
  1309.38480    0.839837   0.749529
  1309.41504    0.816949   0.746071
  1309.44384    0.765235   0.742833
  1309.47264    0.665878   0.739653
  1309.50144    0.728107   0.736533
  1309.53168    0.614603   0.733325
  1309.56048    0.619149   0.730339
  1309.58928    0.839064   0.727422
  1309.61808    0.608969   0.724579
  1309.64832    0.654327   0.721675
  1309.67712    0.807969   0.718990
  1309.70592    0.601721   0.716388
  1309.73472    0.610091   0.713872
  1309.76496    0.660990   0.711325
  1309.79376    0.649524   0.708993
  1309.82256    0.674520   0.706757
  1309.85136    0.691504   0.704617
  1309.88160    0.613472   0.702479
  1309.91040    0.758918   0.700549
  1309.93920    0.716135   0.698725
  1309.96800    0.734844   0.697009
  1309.99824    0.665265   0.695327
  1310.02704    0.683274   0.693841
  1310.05584    0.680761   0.692470
  1310.08464    0.675142   0.691217
  1310.11488    0.663430   0.690029
  1310.14368    0.791034   0.689021
  1310.17248    0.737556   0.688135
  1310.20272    0.839837   0.687337
  1310.23152    0.722761   0.686705
  1310.26032    0.606171   0.686197
  1310.28912    0.725429   0.685815
  1310.31936    0.675764   0.685550
  1310.34816    0.601721   0.685427
  1310.37696    0.617440   0.685429
  1310.40576    0.649524   0.685558
  1310.43600    0.784504   0.685827
  1310.46480    0.838291   0.686212
  1310.49360    0.657953   0.686721
  1310.52240    0.692779   0.687352
  1310.55264    0.653725   0.688146
  1310.58144    0.732141   0.689025
  1310.61024    0.726098   0.690023
  1310.63904    0.734167   0.691138
  1310.66928    0.690232   0.692432
  1310.69808    0.638256   0.693781
  1310.72688    0.679509   0.695241
  1310.75568    0.751960   0.696809
  1310.78592    0.797618   0.698571
  1310.81472    0.748505   0.700355
  1310.84352    0.670185   0.702241
  1310.87232    0.659166   0.704226
  1310.90256    0.611216   0.706413
  1310.93136    0.634154   0.708593
  1310.96016    0.573053   0.710863
  1310.98896    0.617440   0.713221
  1311.01920    0.689596   0.715789
  1311.04800    0.667106   0.718319
  1311.07680    0.667106   0.720929
  1311.10560    0.708916   0.723615
  1311.13584    0.791763   0.726516
  1311.16464    0.740960   0.729351
  1311.19344    0.713502   0.732255
  1311.22224    0.728107   0.735224
  1311.25248    0.895767   0.738409
  1311.28128    0.741643   0.741505
  1311.31008    0.688962   0.744657
  1311.33888    0.676387   0.747864
  1311.36912    0.734844   0.751288
  1311.39792    0.698546   0.754599
  1311.42672    0.793953   0.757957
  1311.45552    0.831371   0.761360
  1311.48576    0.701770   0.764977
  1311.51456    0.610654   0.768462
  1311.54336    0.743011   0.771985
  1311.57216    0.878608   0.775541
  1311.60240    0.714817   0.779311
  1311.63120    0.870552   0.782931
  1311.66000    0.708264   0.786579
  1311.68880    0.804998   0.790252
  1311.71904    0.925113   0.794133
  1311.74784    0.683904   0.797851
  1311.77664    0.974978   0.801588
  1311.80688    0.871355   0.805529
  1311.83568    0.720104   0.809298
  1311.86448    0.969605   0.813079
  1311.89328    0.787399   0.816870
  1311.92352    0.859399   0.820860
  1311.95232    0.749195   0.824667
  1311.98112    0.839064   0.828478
  1312.00992    0.937983   0.832291
  1312.04016    0.824508   0.836296
  1312.06896    0.961601   0.840109
  1312.09776    0.763124   0.843918
  1312.12656    0.721431   0.847723
  1312.15680    0.879417   0.851711
  1312.18560    1.007848   0.855499
  1312.21440    0.794685   0.859278
  1312.24320    0.783060   0.863044
  1312.27344    0.883476   0.866983
  1312.30224    0.869751   0.870718
  1312.33104    0.902391   0.874436
  1312.35984    0.868950   0.878134
  1312.39008    1.087915   0.881994
  1312.41888    0.801300   0.885648
  1312.44768    0.966930   0.889276
  1312.47648    1.024696   0.892878
  1312.50672    0.829077   0.896629
  1312.53552    0.906557   0.900171
  1312.56432    0.822233   0.903681
  1312.59312    0.821476   0.907158
  1312.62336    0.886737   0.910770
  1312.65216    0.864958   0.914171
  1312.68096    0.931955   0.917534
  1312.70976    0.807969   0.920855
  1312.74000    1.056319   0.924296
  1312.76880    1.052434   0.927527
  1312.79760    0.840611   0.930711
  1312.82640    1.059241   0.933846
  1312.85664    0.966930   0.937083
  1312.88544    0.982189   0.940110
  1312.91424    0.968713   0.943081
  1312.94304    1.034177   0.945995
  1312.97328    0.889191   0.948987
  1313.00208    0.802038   0.951772
  1313.03088    0.942313   0.954488
  1313.05968    1.103049   0.957132
  1313.08992    0.753347   0.959827
  1313.11872    1.064131   0.962312
  1313.14752    0.766646   0.964716
  1313.17632    1.079928   0.967037
  1313.20656    0.911580   0.969383
  1313.23536    0.997688   0.971529
  1313.26416    1.107121   0.973588
  1313.29296    0.981285   0.975559
  1313.32320    0.893295   0.977535
  1313.35200    1.115308   0.979326
  1313.38080    1.142339   0.981029
  1313.41104    1.018111   0.982724
  1313.43984    0.943181   0.984249
  1313.46864    0.965150   0.985689
  1313.49744    0.876183   0.987044
  1313.52768    0.972288   0.988378
  1313.55648    1.256015   0.989565
  1313.58528    1.012500   0.990672
  1313.61408    1.180851   0.991701
  1313.64432    1.103049   0.992699
  1313.67312    0.853090   0.993575
  1313.70192    0.902391   0.994379
  1313.73072    1.061194   0.995114
  1313.76096    0.993105   0.995815
  1313.78976    0.878608   0.996418
  1313.81856    0.902391   0.996960
  1313.84736    0.909903   0.997445
  1313.87760    0.906557   0.997895
  1313.90640    0.887554   0.998271
  1313.93520    0.999528   0.998600
  1313.96400    0.925966   0.998883
  1313.99424    1.114282   0.999136
  1314.02304    0.968713   0.999337
  1314.05184    0.918322   0.999504
  1314.08064    1.238782   0.999640
  1314.11088    0.950156   0.999753
  1314.13968    1.200591   0.999835
  1314.16848    1.047599   0.999896
  1314.19728    0.960716   0.999939
  1314.22752    0.912420   0.999970
  1314.25776    1.125628   0.999987
  1314.28656    0.970499   0.999996
  1314.31536    0.897418   0.999999
  1314.34416    0.925966   1.000000
  1314.37440    1.042785   1.000000
  1314.40320    0.881039   1.000000
  1314.43200    1.053404   1.000000
  1314.46080    0.946662   1.000000
  1314.49104    0.931955   1.000000
  1314.51984    0.891651   1.000000
  1314.54864    1.118394   1.000000
  1314.57888    1.069042   1.000000
  1314.60768    0.893295   1.000000
  1314.63648    0.887554   1.000000
  1314.66528    1.025640   1.000000
  1314.69552    0.986722   1.000000
  1314.72432    0.814695   1.000000
  1314.75312    0.902391   1.000000
  1314.78192    1.051465   1.000000
  1314.81216    0.912420   1.000000
  1314.84096    0.867351   1.000000
  1314.86976    1.002294   1.000000
  1314.89856    0.925966   1.000000
  1314.92880    1.039908   1.000000
  1314.95760    0.916632   1.000000
  1314.98640    1.034177   1.000000
  1315.01520    1.018111   1.000000
  1315.04544    0.945791   1.000000
  1315.07424    0.978577   1.000000
  1315.10304    0.816949   1.000000
  1315.13184    1.077941   1.000000
  1315.16208    1.019049   1.000000
  1315.19088    0.951908   1.000000
  1315.21968    0.969605   1.000000
  1315.24848    1.105083   1.000000
  1315.27872    0.775166   1.000000
  1315.30752    0.922561   1.000000
  1315.33632    0.911580   1.000000
  1315.36512    1.005067   1.000000
  1315.39536    1.233091   1.000000
  1315.42416    1.143392   1.000000
  1315.45296    1.091930   1.000000
  1315.48176    0.916632   1.000000
  1315.51200    1.005993   1.000000
  1315.54080    0.828314   1.000000
  1315.56960    0.847608   1.000000
  1315.59840    1.030374   1.000000
  1315.62864    0.954542   1.000000
  1315.65744    1.106101   1.000000
  1315.68624    0.939712   1.000000
  1315.71504    0.906557   1.000000
  1315.74528    0.933673   1.000000
  1315.77408    1.017173   1.000000
  1315.80288    0.918322   1.000000
  1315.83168    1.106101   1.000000
  1315.86192    1.127704   1.000000
  1315.89072    1.075957   1.000000
  1315.91952    0.816197   1.000000
  1315.94832    1.006920   1.000000
  1315.97856    0.901561   1.000000
  1316.00736    0.992190   1.000000
  1316.03616    1.079928   1.000000
  1316.06496    1.157164   1.000000
  1316.09520    1.131866   1.000000
  1316.12400    0.811699   1.000000
  1316.15280    0.948407   1.000000
  1316.18304    1.072988   1.000000
  1316.21184    1.219537   1.000000
  1316.24064    0.951908   1.000000
  1316.26944    0.994936   1.000000
  1316.29968    1.027531   1.000000
  1316.32848    1.152909   1.000000
  1316.35728    1.343368   1.000000
  1316.38608    1.033225   1.000000
  1316.41632    0.995852   1.000000
  1316.44512    0.870552   1.000000
  1316.47392    1.038951   1.000000
  1316.50272    1.041825   1.000000
  1316.53296    0.951032   1.000000
  1316.56176    0.961601   1.000000
  1316.59056    0.936257   1.000000
  1316.61936    0.946662   1.000000
  1316.64960    0.954542   1.000000
  1316.67840    1.113256   1.000000
  1316.70720    0.996770   1.000000
  1316.73600    1.072000   1.000000
  1316.76624    1.187394   1.000000
  1316.79504    0.856239   1.000000
  1316.82384    1.136043   1.000000
  1316.85264    1.086913   1.000000
  1316.88288    1.202804   1.000000
  1316.91168    1.197278   1.000000
  1316.94048    1.129783   1.000000
  1316.96928    0.909903   1.000000
  1316.99952    0.977676   1.000000
  1317.02832    0.959831   1.000000
  1317.05712    0.779462   1.000000
  1317.08592    0.957183   1.000000
  1317.11616    0.944050   1.000000
  1317.14496    1.026585   1.000000
  1317.17376    1.041825   1.000000
  1317.20256    1.003217   1.000000
  1317.23280    1.184118   1.000000
  1317.26160    0.890010   1.000000
  1317.29040    1.014367   1.000000
  1317.31920    1.011568   1.000000
  1317.34944    1.013433   1.000000
  1317.37824    1.060217   1.000000
  1317.40704    0.856239   1.000000
  1317.43584    0.743695   1.000000
  1317.46608    1.042785   1.000000
  1317.49488    1.028478   1.000000
  1317.52368    1.014367   1.000000
  1317.55248    0.997688   1.000000
  1317.58272    0.965150   1.000000
  1317.61152    0.992190   1.000000
  1317.64032    0.967821   1.000000
  1317.66912    0.948407   1.000000
  1317.69936    0.906557   1.000000
  1317.72816    0.802038   1.000000
  1317.75696    0.917477   1.000000
  1317.78720    0.954542   1.000000
  1317.81600    1.060217   1.000000
  1317.84480    0.818455   1.000000
  1317.87360    1.038951   1.000000
  1317.90384    0.930240   1.000000
  1317.93264    1.022810   1.000000
  1317.96144    1.032274   1.000000
  1317.99024    1.103049   1.000000
  1318.02048    1.031324   1.000000
  1318.04928    1.076949   1.000000
  1318.07808    0.977676   1.000000
  1318.10688    1.059241   1.000000
  1318.13712    1.237642   1.000000
  1318.16592    0.994020   1.000000
  1318.19472    1.074967   1.000000
  1318.22352    0.793953   1.000000
  1318.25376    0.889191   1.000000
  1318.28256    1.010636   1.000000
  1318.31136    0.948407   1.000000
  1318.34016    0.823749   1.000000
  1318.37040    0.921711   1.000000
  1318.39920    0.954542   1.000000
  1318.42800    1.111207   1.000000
  1318.45680    0.835209   1.000000
  1318.48704    1.038951   1.000000
  1318.51584    1.032274   1.000000
