  1302.00167    0.958495   1.000000
  1302.05167    1.024712   1.000000
  1302.10167    0.978205   1.000000
  1302.15167    1.083321   1.000000
  1302.20167    0.972499   1.000000
  1302.26833    1.128791   1.000000
  1302.31833    1.075368   1.000000
  1302.36833    1.351645   1.000000
  1302.41833    1.128099   1.000000
  1302.48500    1.075195   1.000000
  1302.53500    0.949505   1.000000
  1302.58500    1.115997   1.000000
  1302.63500    1.123259   1.000000
  1302.70167    0.919768   1.000000
  1302.75167    1.149711   1.000000
  1302.80167    1.317758   1.000000
  1302.85167    1.098363   1.000000
  1302.91833    0.986676   1.000000
  1302.96833    0.874644   1.000000
  1303.01833    1.107699   1.000000
  1303.06833    0.968869   1.000000
  1303.13500    0.925128   1.000000
  1303.18500    1.179793   1.000000
  1303.23500    0.813096   1.000000
  1303.28500    0.863234   1.000000
  1303.35167    0.890896   1.000000
  1303.40167    1.442411   1.000000
  1303.45167    0.712993   1.000000
  1303.50167    1.052720   1.000000
  1303.56833    1.130347   1.000000
  1303.61833    0.810848   1.000000
  1303.66833    1.071392   1.000000
  1303.71833    1.132767   1.000000
  1303.78500    0.839721   1.000000
  1303.83500    1.020044   1.000000
  1303.88500    1.180312   1.000000
  1303.93500    0.839894   1.000000
  1304.00167    1.026614   1.000000
  1304.05167    0.946739   1.000000
  1304.10167    0.990480   1.000000
  1304.15167    1.062056   1.000000
  1304.21833    1.014511   1.000000
  1304.26833    0.963336   1.000000
  1304.31833    1.217829   1.000000
  1304.36833    0.894354   1.000000
  1304.43500    0.798228   1.000000
  1304.48500    0.865654   1.000000
  1304.53500    0.969560   1.000000
  1304.58500    1.188265   1.000000
  1304.65167    1.080209   1.000000
  1304.70167    0.944664   1.000000
  1304.75167    1.424949   1.000000
  1304.80167    0.892625   1.000000
  1304.86833    0.878967   1.000000
  1304.91833    1.001891   1.000000
  1304.96833    0.898849   1.000000
  1305.01833    0.750164   1.000000
  1305.08500    1.076060   1.000000
  1305.13500    0.966448   1.000000
  1305.18500    1.166999   1.000000
  1305.23500    0.935674   1.000000
  1305.30167    0.942417   1.000000
  1305.35167    0.925128   1.000000
  1305.40167    1.013820   1.000000
  1305.45167    1.355621   1.000000
  1305.51833    0.925820   1.000000
  1305.56833    1.014684   1.000000
  1305.61833    0.988924   1.000000
  1305.66833    0.941552   1.000000
  1305.73500    1.003619   1.000000
  1305.78500    1.040099   1.000000
  1305.83500    0.899195   1.000000
  1305.88500    1.318277   1.000000
  1305.95167    0.841796   1.000000
  1306.00167    1.078135   1.000000
  1306.05167    1.107526   1.000000
  1306.10167    0.991344   1.000000
  1306.16833    1.150921   1.000000
  1306.21833    1.065341   1.000000
  1306.26833    1.069317   1.000000
  1306.31833    1.091966   1.000000
  1306.38500    1.147117   1.000000
  1306.43500    1.141412   1.000000
  1306.48500    1.019179   1.000000
  1306.53500    0.988405   1.000000
  1306.60167    1.105105   1.000000
  1306.65167    0.789064   1.000000
  1306.70167    1.040963   1.000000
  1306.75167    0.880696   1.000000
  1306.81833    1.422356   1.000000
  1306.86833    0.910605   1.000000
  1306.91833    1.046842   1.000000
  1306.96833    0.918904   0.999994
  1307.03500    0.952617   0.999953
  1307.08500    1.125679   0.999873
  1307.13500    0.967313   0.999728
  1307.18500    0.929450   0.999499
  1307.25167    0.993246   0.999023
  1307.30167    0.911297   0.998513
  1307.35167    0.937749   0.997846
  1307.40167    0.933081   0.997005
  1307.46833    0.982008   0.995576
  1307.51833    0.901269   0.994251
  1307.56833    1.015203   0.992691
  1307.61833    0.943281   0.990881
  1307.68500    1.319833   0.988052
  1307.73500    1.146426   0.985604
  1307.78500    1.057388   0.982864
  1307.83500    0.949159   0.979825
  1307.90167    1.004657   0.975295
  1307.95167    0.824334   0.971534
  1308.00167    1.034394   0.967458
  1308.05167    0.985639   0.963068
  1308.11833    0.825371   0.956731
  1308.16833    0.995148   0.951620
  1308.21833    1.054967   0.946210
  1308.26833    0.768145   0.940510
  1308.33500    1.045631   0.932480
  1308.38500    1.150402   0.926153
  1308.43500    0.968350   0.919583
  1308.48500    0.780766   0.912790
  1308.55167    0.869631   0.903423
  1308.60167    0.915100   0.896199
  1308.65167    0.853033   0.888834
  1308.70167    0.553417   0.881351
  1308.76833    0.756561   0.871230
  1308.81833    0.923226   0.863560
  1308.86833    0.891588   0.855844
  1308.91833    0.757772   0.848103
  1308.98500    0.960570   0.837777
  1309.03500    0.719736   0.830054
  1309.08500    0.854935   0.822373
  1309.13500    0.876892   0.814750
  1309.20167    0.792868   0.804712
  1309.25167    0.846982   0.797301
  1309.30167    0.892452   0.790012
  1309.35167    0.705041   0.782861
  1309.41833    0.635885   0.773573
  1309.46833    0.791658   0.766815
  1309.51833    0.666313   0.760253
  1309.56833    0.603728   0.753904
  1309.63500    0.718699   0.745797
  1309.68500    0.584018   0.740006
  1309.73500    0.781630   0.734479
  1309.78500    0.754832   0.729230
  1309.85167    0.753104   0.722687
  1309.90167    0.805662   0.718139
  1309.95167    0.731320   0.713912
  1310.06833    0.756043   0.705358
  1310.11833    0.644184   0.702276
  1310.16833    0.627241   0.699558
  1310.21833    0.813788   0.697211
  1310.28500    0.666313   0.694668
  1310.33500    0.594565   0.693209
  1310.38500    0.747225   0.692138
  1310.43500    0.775579   0.691459
  1310.50167    0.713858   0.691164
  1310.55167    0.899886   0.691403
  1310.60167    0.746188   0.692036
  1310.65167    0.660262   0.693061
  1310.71833    0.712302   0.695032
  1310.76833    0.715760   0.696959
  1310.81833    0.688443   0.699266
  1310.86833    0.771084   0.701946
  1310.93500    0.740656   0.706088
  1311.03500    0.665968   0.713479
  1311.08500    0.810676   0.717684
  1311.15167    0.784224   0.723797
  1311.20167    0.668561   0.728745
  1311.25167    0.764168   0.733992
  1311.30167    0.997914   0.739524
  1311.36833    0.758982   0.747319
  1311.41833    0.870495   0.753462
  1311.46833    0.743940   0.759843
  1311.51833    0.753104   0.766446
  1311.58500    0.721984   0.775566
  1311.63500    0.622918   0.782624
  1311.68500    0.798919   0.789848
  1311.73500    0.765379   0.797222
  1311.80167    0.854244   0.807255
  1311.85167    0.780247   0.814908
  1311.90167    0.658879   0.822649
  1311.95167    0.902480   0.830460
  1312.01833    0.943973   0.840948
  1312.06833    0.791312   0.848845
  1312.11833    0.832978   0.856743
  1312.16833    0.755524   0.864622
  1312.23500    0.777654   0.875060
  1312.28500    0.870149   0.882807
  1312.33500    0.830558   0.890456
  1312.38500    0.911816   0.897976
  1312.45167    0.918904   0.907750
  1312.50167    0.955556   0.914856
  1312.55167    0.793214   0.921743
  1312.60167    0.847847   0.928390
  1312.66833    0.817418   0.936845
  1312.71833    0.974228   0.942861
  1312.76833    0.982527   0.948583
  1312.81833    0.871705   0.953999
  1312.88500    0.946047   0.960728
  1312.93500    1.026614   0.965399
  1312.98500    0.883635   0.969742
  1313.03500    0.947085   0.973757
  1313.10167    1.051337   0.978599
  1313.15167    0.927376   0.981853
  1313.20167    0.870841   0.984787
  1313.25167    0.910087   0.987411
  1313.31833    1.094040   0.990442
  1313.36833    1.069317   0.992381
  1313.41833    0.866173   0.994049
  1313.46833    1.068280   0.995462
  1313.53500    1.041136   0.996979
  1313.58500    0.824334   0.997866
  1313.63500    0.703312   0.998561
  1313.68500    1.058425   0.999086
  1313.75167    1.092657   0.999563
  1313.80167    1.222842   0.999783
  1313.85167    0.925992   0.999912
  1313.90167    1.078307   0.999976
  1313.96833    1.102339   0.999999
  1314.01833    1.161294   1.000000
  1314.06833    1.032838   1.000000
  1314.11833    0.975784   1.000000
  1314.18500    1.258112   1.000000
  1314.23500    0.798228   1.000000
  1314.28500    0.868939   1.000000
  1314.33500    1.094386   1.000000
  1314.40167    0.921670   1.000000
  1314.45167    0.995494   1.000000
  1314.50167    0.968350   1.000000
  1314.55167    0.984256   1.000000
  1314.61833    1.052893   1.000000
  1314.66833    0.968177   1.000000
  1314.71833    0.822605   1.000000
  1314.76833    1.047533   1.000000
  1314.83500    0.757772   1.000000
  1314.88500    1.202614   1.000000
  1314.93500    1.024539   1.000000
  1314.98500    1.081592   1.000000
  1315.05167    0.921670   1.000000
  1315.15167    1.081247   1.000000
  1315.21833    1.202787   1.000000
  1315.26833    1.029553   1.000000
  1315.31833    1.013474   1.000000
  1315.38500    1.108736   1.000000
  1315.43500    1.250850   1.000000
  1315.50167    0.999297   1.000000
  1315.55167    0.988578   1.000000
  1315.60167    0.993419   1.000000
  1315.66833    1.004484   1.000000
  1315.71833    0.935156   1.000000
  1315.76833    0.893144   1.000000
  1315.83500    1.248084   1.000000
  1315.88500    0.885018   1.000000
  1315.93500    1.102512   1.000000
  1316.00167    0.973364   1.000000
  1316.05167    0.984947   1.000000
  1316.11833    0.758290   1.000000
  1316.16833    0.881560   1.000000
  1316.21833    1.107699   1.000000
  1316.28500    0.877584   1.000000
  1316.33500    0.889167   1.000000
  1316.38500    0.905937   1.000000
  1316.45167    0.934118   1.000000
  1316.50167    1.028515   1.000000
  1316.55167    1.362191   1.000000
  1316.66833    0.939132   1.000000
  1316.71833    0.994111   1.000000
  1316.76833    0.845080   1.000000
  1316.83500    0.964547   1.000000
  1316.88500    1.014511   1.000000
  1316.98500    0.884672   1.000000
  1317.05167    1.050127   1.000000
  1317.10167    1.036468   1.000000
  1317.15167    0.782149   1.000000
  1317.20167    0.876373   1.000000
  1317.26833    1.147809   1.000000
  1317.31833    1.150056   1.000000
  1317.36833    1.082803   1.000000
  1317.48500    0.800129   1.000000
  1317.53500    0.978205   1.000000
  1317.58500    0.944319   1.000000
  1317.63500    0.807045   1.000000
  1317.70167    1.216964   1.000000
  1317.75167    1.062402   1.000000
  1317.91833    0.912853   1.000000
  1317.96833    0.912507   1.000000
  1318.01833    0.960224   1.000000
  1318.06833    0.927376   1.000000
  1318.13500    0.840067   1.000000
  1318.18500    1.116170   1.000000
  1318.23500    0.996012   1.000000
  1318.28500    0.899022   1.000000
  1318.35167    1.129310   1.000000
  1318.40167    0.817937   1.000000
  1318.45167    0.879140   1.000000
  1318.50167    1.190512   1.000000
  1318.56833    0.892625   1.000000
  1318.61833    0.864444   1.000000
  1318.66833    0.852688   1.000000
  1318.71833    0.973364   1.000000
  1318.78500    1.060327   1.000000
  1318.83500    1.103031   1.000000
  1318.88500    0.900751   1.000000
  1318.93500    0.953482   1.000000
  1319.00167    0.917002   1.000000
  1319.05167    0.828656   1.000000
  1319.10167    1.007250   1.000000
  1319.15167    1.011918   1.000000
  1319.21833    0.886920   1.000000
  1319.26833    1.196045   1.000000
  1319.33500    1.177718   1.000000
  1319.38500    0.973191   1.000000
  1319.45167    0.865654   1.000000
  1319.50167    0.939305   1.000000
  1319.55167    1.307558   1.000000
  1319.61833    0.953482   1.000000
  1319.66833    0.909395   1.000000
  1319.71833    0.801685   1.000000
  1319.78500    0.967831   1.000000
  1319.83500    1.043903   1.000000
  1319.95167    0.962472   1.000000
  1320.00167    1.030071   1.000000
  1320.05167    0.871014   1.000000
  1320.11833    0.837473   1.000000
  1320.16833    1.077097   1.000000
  1320.23500    1.018488   1.000000
  1320.28500    1.097671   1.000000
  1320.33500    0.993765   1.000000
  1320.40167    0.947258   1.000000
  1320.45167    0.862369   1.000000
  1320.50167    0.989443   1.000000
  1320.56833    0.937922   1.000000
  1320.61833    0.867902   1.000000
  1320.68500    1.098363   1.000000
  1320.73500    0.903517   1.000000
  1320.78500    0.817245   1.000000
  1320.85167    0.952963   1.000000
  1320.90167    0.877929   1.000000
