  1389.28622    0.981862   1.000000
  1389.40085    1.070657   1.000000
  1389.49661    1.014029   1.000000
  1389.59251    1.084552   1.000000
  1389.68928    1.048215   1.000000
  1389.78518    0.999195   1.000000
  1389.88094    1.019648   1.000000
  1389.97685    0.984579   1.000000
  1390.07362    0.990947   1.000000
  1390.16952    1.118022   1.000000
  1390.26528    1.004732   1.000000
  1390.36118    1.049181   1.000000
  1390.45694    1.040520   1.000000
  1390.55285    1.009370   1.000000
  1390.64990    1.029083   1.000000
  1390.74566    1.107772   1.000000
  1390.84157    1.000116   1.000000
  1390.93733    0.960396   1.000000
  1391.03323    1.036694   1.000000
  1391.12899    1.003807   1.000000
  1391.22490    1.044360   1.000000
  1391.32066    1.023412   1.000000
  1391.41656    1.035739   1.000000
  1391.51232    1.123183   1.000000
  1391.60822    1.001038   1.000000
  1391.70398    1.003807   1.000000
  1391.79989    0.987303   1.000000
  1391.89565    1.014029   1.000000
  1391.99155    1.068687   1.000000
  1392.08731    1.021528   1.000000
  1392.18322    0.967499   1.000000
  1392.27898    0.994604   1.000000
  1392.37488    0.987303   1.000000
  1392.47064    1.044360   1.000000
  1392.56539    0.954224   1.000000
  1392.66115    0.986394   1.000000
  1392.75706    1.013095   1.000000
  1392.85282    1.051115   1.000000
  1392.94872    1.031930   1.000000
  1393.04448    1.062797   1.000000
  1393.14038    0.986394   1.000000
  1393.23614    1.015899   1.000000
  1393.33205    1.019648   1.000000
  1393.42954    0.990947   1.000000
  1393.52486    1.037649   1.000000
  1393.62062    1.003807   1.000000
  1393.71653    1.024355   1.000000
  1393.81229    1.036694   1.000000
  1393.90819    1.070657   1.000000
  1394.00395    1.115965   1.000000
  1394.10086    1.027189   1.000000
  1394.19662    0.976451   1.000000
  1394.29354    1.070657   1.000000
  1394.38930    0.929074   1.000000
  1394.48621    1.045323   1.000000
  1394.58197    1.039562   1.000000
  1394.67787    1.010300   1.000000
  1394.77363    0.956864   1.000000
  1394.86954    0.953346   1.000000
  1394.96530    0.999195   1.000000
  1395.06120    1.004732   1.000000
  1395.15696    0.979153   1.000000
  1395.25286    0.990947   0.999999
  1395.34862    1.023412   0.999990
  1395.44453    0.993689   0.999963
  1395.54029    1.000116   0.999905
  1395.63619    0.985486   0.999800
  1395.73094    0.990035   0.999634
  1395.82685    1.030980   0.999386
  1395.92261    0.923103   0.999039
  1396.01851    1.002883   0.998573
  1396.11427    1.024355   0.997969
  1396.21018    0.982767   0.997206
  1396.30507    0.959512   0.996275
  1396.40083    1.009370   0.995138
  1396.49674    1.026243   0.993779
  1396.59250    0.973757   0.992183
  1396.68840    0.948965   0.990324
  1396.78416    1.033833   0.988187
  1396.88006    0.997356   0.985748
  1396.97582    1.044360   0.982993
  1397.07173    1.005658   0.979897
  1397.16749    0.961281   0.976450
  1397.26339    1.006585   0.972624
  1397.35915    0.973757   0.968415
  1397.45506    0.930787   0.963792
  1397.55082    0.972860   0.958755
  1397.64672    1.007512   0.953273
  1397.74349    0.956864   0.947285
  1397.83939    0.917171   0.940885
  1397.93515    0.944605   0.934022
  1398.03106    0.886442   0.926665
  1398.12682    0.937671   0.918828
  1398.22272    0.924805   0.910481
  1398.31848    0.879124   0.901644
  1398.41438    0.850453   0.892287
  1398.51014    0.923103   0.882437
  1398.60706    0.890534   0.871954
  1398.70282    0.827276   0.861089
  1398.79872    0.892176   0.849708
  1398.89448    0.784965   0.837854
  1398.99038    0.787862   0.825505
  1399.08614    0.885626   0.812710
  1399.18205    0.779203   0.799453
  1399.27781    0.863874   0.785796
  1399.37371    0.750327   0.771729
  1399.46947    0.751710   0.757330
  1399.56538    0.733247   0.742606
  1399.66114    0.746879   0.727659
  1399.75704    0.709987   0.712509
  1399.85280    0.666884   0.697276
  1399.94870    0.654109   0.682004
  1400.04446    0.670580   0.666826
  1400.14037    0.637456   0.651788
  1400.23613    0.582439   0.637017
  1400.33203    0.610450   0.622546
  1400.42779    0.603185   0.608490
  1400.52370    0.590541   0.594873
  1400.61946    0.538084   0.581795
  1400.71536    0.555713   0.569275
  1400.81112    0.585127   0.557401
  1400.90702    0.563963   0.546189
  1401.00278    0.534626   0.535714
  1401.09869    0.538084   0.525988
  1401.19445    0.499862   0.517076
  1401.29035    0.510094   0.508986
  1401.38611    0.498024   0.501773
  1401.48202    0.489385   0.495442
  1401.57778    0.510564   0.490035
  1401.67368    0.482670   0.485557
  1401.76944    0.481338   0.482039
  1401.86534    0.465640   0.479484
  1401.96110    0.509625   0.477911
  1402.05701    0.479127   0.477323
  1402.15277    0.466499   0.477725
  1402.24867    0.511506   0.479118
  1402.34573    0.519578   0.481535
  1402.44149    0.502170   0.484905
  1402.53840    0.482670   0.489302
  1402.63416    0.482670   0.494608
  1402.73006    0.475609   0.500863
  1402.82582    0.554179   0.508027
  1402.92173    0.502170   0.516099
  1403.01749    0.539573   0.525025
  1403.11339    0.558792   0.534801
  1403.20915    0.548088   0.545362
  1403.30506    0.545570   0.556698
  1403.40082    0.569705   0.568730
  1403.49672    0.588912   0.581445
  1403.59248    0.586206   0.594749
  1403.68838    0.657734   0.608621
  1403.78515    0.657734   0.623105
  1403.88106    0.602075   0.637860
  1403.97682    0.654109   0.652899
  1404.07272    0.643947   0.668174
  1404.16848    0.657129   0.683547
  1404.26438    0.677408   0.698975
  1404.36014    0.769928   0.714331
  1404.45706    0.733247   0.729737
  1404.55282    0.753790   0.744752
  1404.64987    0.762870   0.759698
  1404.74563    0.800296   0.774128
  1404.84154    0.739351   0.788224
  1404.93730    0.812925   0.801911
  1405.03320    0.818183   0.815200
  1405.12896    0.830329   0.828030
  1405.22486    0.861490   0.840418
  1405.32062    0.886442   0.852312
  1405.41653    0.831860   0.863734
  1405.51229    0.870263   0.874642
  1405.60819    0.894644   0.885062
  1405.70496    0.876699   0.895059
  1405.80086    0.879935   0.904452
  1405.89662    0.796618   0.913320
  1405.99253    0.963941   0.921690
  1406.08829    0.867062   0.929540
  1406.18419    0.932503   0.936902
  1406.27995    0.940265   0.943758
  1406.37586    0.940265   0.950140
  1406.47162    0.900431   0.956037
  1406.56752    0.924805   0.961481
  1406.66328    0.925658   0.966467
  1406.75918    0.981862   0.971025
  1406.85494    0.928219   0.975157
  1406.95085    0.993689   0.978892
  1407.04661    0.937671   0.982235
  1407.14251    0.974654   0.985215
  1407.23827    0.998275   0.987840
  1407.33418    0.963941   0.990139
  1407.42994    0.951591   0.992126
  1407.52584    1.010300   0.993827
  1407.62160    0.949840   0.995261
  1407.71750    0.985486   0.996453
  1407.81341    0.958629   0.997424
  1407.90917    0.912957   0.998196
  1408.00507    0.988213   0.998794
  1408.10083    0.995521   0.999240
  1408.19674    1.026243   0.999558
  1408.29250    1.025299   0.999770
  1408.38840    0.929074   0.999899
  1408.48416    1.034786   0.999967
  1408.58006    1.004732   0.999994
  1408.67582    0.980055   1.000000
  1408.77274    1.016835   1.000000
  1408.87166    1.006585   1.000000
  1408.96858    0.983672   1.000000
  1409.06434    0.969283   1.000000
  1409.16024    0.970176   1.000000
  1409.25600    1.026243   1.000000
  1409.35190    0.957746   1.000000
  1409.44766    1.020588   1.000000
  1409.54357    1.023412   1.000000
  1409.63933    1.012163   1.000000
  1409.73523    1.043399   1.000000
  1409.83099    0.968390   1.000000
  1409.92690    0.979153   1.000000
  1410.02266    1.014963   1.000000
  1410.11856    0.934223   1.000000
  1410.21432    1.021528   1.000000
  1410.31022    0.981862   1.000000
  1410.40598    1.013095   1.000000
  1410.50189    1.001038   1.000000
  1410.59765    0.887259   1.000000
  1410.69254    0.911277   1.000000
  1410.78830    1.003807   1.000000
  1410.88421    0.993689   1.000000
  1410.97896    0.950715   1.000000
  1411.07486    0.997356   1.000000
  1411.17062    0.997356   1.000000
  1411.26653    0.987303   1.000000
  1411.36229    0.945476   1.000000
  1411.45819    0.883182   1.000000
  1411.55395    0.995521   1.000000
  1411.64986    1.077582   1.000000
  1411.74562    0.984579   1.000000
  1411.84152    0.967499   1.000000
  1411.93728    1.014029   1.000000
  1412.03318    1.005658   1.000000
  1412.12894    0.985486   1.000000
  1412.22485    0.961281   1.000000
  1412.32061    1.011231   1.000000
  1412.41651    0.970176   1.000000
  1412.51227    0.929930   1.000000
  1412.60818    1.058889   1.000000
  1412.70394    0.962167   1.000000
  1412.79984    0.967499   1.000000
  1412.89560    0.962167   1.000000
  1412.99150    1.019648   1.000000
  1413.08741    0.941132   1.000000
  1413.18317    0.993689   1.000000
  1413.27907    1.033833   1.000000
  1413.37483    0.985486   1.000000
  1413.47074    0.958629   1.000000
  1413.56650    0.972860   1.000000
  1413.66240    1.018710   1.000000
  1413.75917    1.011231   1.000000
  1413.85507    1.021528   1.000000
  1413.95083    1.046286   1.000000
  1414.04674    1.030980   1.000000
  1414.14250    1.005658   1.000000
  1414.23840    1.006585   1.000000
  1414.33416    0.998275   1.000000
  1414.43006    1.071644   1.000000
  1414.52683    0.995521   1.000000
  1414.62274    0.983672   1.000000
  1414.71850    0.994604   1.000000
  1414.81440    0.929074   1.000000
  1414.91016    1.048215   1.000000
  1415.00707    0.980055   1.000000
  1415.10398    1.030031   1.000000
  1415.19989    1.030031   1.000000
  1415.29565    0.944605   1.000000
  1415.39155    0.989123   1.000000
  1415.48731    1.050148   1.000000
  1415.58322    0.918862   1.000000
  1415.67898    0.999195   1.000000
  1415.77488    0.944605   1.000000
  1415.87064    0.956864   1.000000
  1415.96654    1.099640   1.000000
  1416.06331    1.001038   1.000000
  1416.15922    0.938535   1.000000
  1416.25498    1.015899   1.000000
  1416.35088    0.963941   1.000000
  1416.44664    1.014029   1.000000
  1416.54254    1.005658   1.000000
  1416.63830    0.947219   1.000000
  1416.73421    0.984579   1.000000
