  1018.08540    0.962642   1.000000
  1018.09620    0.954188   1.000000
  1018.10640    1.036067   1.000000
  1018.11720    1.001585   1.000000
  1018.12800    0.997341   1.000000
  1018.13880    1.045535   1.000000
  1018.14960    0.979284   1.000000
  1018.15980    1.003366   1.000000
  1018.17060    0.938646   1.000000
  1018.18140    0.974209   1.000000
  1018.19220    0.938579   1.000000
  1018.20240    0.950030   1.000000
  1018.21320    0.925500   1.000000
  1018.22400    0.938097   1.000000
  1018.23480    0.988588   1.000000
  1018.24560    0.974009   1.000000
  1018.25580    0.997709   1.000000
  1018.26660    0.986575   1.000000
  1018.27740    0.991900   1.000000
  1018.28820    1.035884   1.000000
  1018.29840    1.022455   1.000000
  1018.30920    1.021656   1.000000
  1018.32000    0.986791   1.000000
  1018.33080    0.999006   1.000000
  1018.34160    1.003183   1.000000
  1018.35180    0.967172   1.000000
  1018.36260    0.965607   1.000000
  1018.37340    1.012653   1.000000
  1018.38420    0.976640   1.000000
  1018.39440    0.956322   1.000000
  1018.40520    0.996095   1.000000
  1018.41600    0.984196   1.000000
  1018.42680    0.989904   1.000000
  1018.43760    1.004798   1.000000
  1018.44780    1.048018   1.000000
  1018.45860    1.014684   1.000000
  1018.46940    0.964892   1.000000
  1018.48020    1.010789   1.000000
  1018.49040    0.988175   1.000000
  1018.50120    0.960582   1.000000
  1018.51200    0.996528   1.000000
  1018.52280    0.955539   1.000000
  1018.53360    0.986509   1.000000
  1018.54380    0.973846   1.000000
  1018.55460    0.964244   1.000000
  1018.56540    0.977224   1.000000
  1018.57620    1.003601   1.000000
  1018.58640    0.948069   1.000000
  1018.59720    0.924687   1.000000
  1018.60800    0.975560   1.000000
  1018.61880    0.984330   1.000000
  1018.62960    0.974728   1.000000
  1018.63980    1.001106   1.000000
  1018.65060    0.999924   1.000000
  1018.66140    1.059601   1.000000
  1018.67220    1.067606   1.000000
  1018.68240    1.009394   1.000000
  1018.69320    1.031178   1.000000
  1018.70400    1.052579   1.000000
  1018.71480    1.044890   1.000000
  1018.72560    1.005815   1.000000
  1018.73580    1.027983   1.000000
  1018.74660    1.000391   1.000000
  1018.75740    1.056623   1.000000
  1018.76820    0.994582   1.000000
  1018.77840    0.976944   1.000000
  1018.78920    1.006000   1.000000
  1018.80000    0.989890   1.000000
  1018.81080    0.959619   1.000000
  1018.82160    0.971451   1.000000
  1018.83180    0.984050   1.000000
  1018.84260    0.930813   1.000000
  1018.85340    0.945707   1.000000
  1018.86420    0.956390   1.000000
  1018.87440    0.925738   1.000000
  1018.88520    0.954028   1.000000
  1018.89600    0.989209   1.000000
  1018.90680    0.933292   1.000000
  1018.91760    1.005217   1.000000
  1018.92780    1.015903   1.000000
  1018.93860    1.008980   1.000000
  1018.94940    1.049136   1.000000
  1018.96020    1.021926   1.000000
  1018.97040    0.993187   1.000000
  1018.98120    1.029899   1.000000
  1018.99200    1.002306   1.000000
  1019.00280    1.015287   1.000000
  1019.01360    1.017167   1.000000
  1019.02380    1.003738   1.000000
  1019.03460    1.001025   1.000000
  1019.04540    1.018216   1.000000
  1019.05620    1.056458   1.000000
  1019.06640    1.007816   1.000000
  1019.07720    1.005869   1.000000
  1019.08800    0.927369   1.000000
  1019.09880    0.932311   1.000000
  1019.10960    0.927302   1.000000
  1019.11980    0.949470   1.000000
  1019.13060    0.965513   0.999999
  1019.14140    1.010262   0.999999
  1019.15220    0.989177   0.999999
  1019.16240    1.030866   0.999999
  1019.17320    1.028918   0.999999
  1019.18400    1.018550   0.999998
  1019.19480    1.002441   0.999998
  1019.20560    0.989776   0.999997
  1019.21580    0.992041   0.999997
  1019.22660    0.992390   0.999996
  1019.23740    0.997715   0.999996
  1019.24820    0.976629   0.999995
  1019.25840    1.014491   0.999994
  1019.26920    0.971971   0.999993
  1019.28000    0.992989   0.999992
  1019.29080    1.007883   0.999991
  1019.30160    0.960770   0.999990
  1019.31180    0.991359   0.999989
  1019.32260    1.007019   0.999988
  1019.33340    1.015406   0.999986
  1019.34420    0.992406   0.999985
  1019.35440    0.947209   0.999983
  1019.36520    0.979710   0.999981
  1019.37600    0.966662   0.999979
  1019.38680    0.989594   0.999977
  1019.39760    0.982288   0.999975
  1019.40780    1.004839   0.999972
  1019.41860    1.030451   0.999970
  1019.42940    1.013958   0.999967
  1019.44020    1.088563   0.999964
  1019.45040    1.042217   0.999961
  1019.46120    1.003142   0.999958
  1019.47200    1.014591   0.999954
  1019.48280    0.988530   0.999951
  1019.49360    1.015290   0.999947
  1019.50380    1.002244   0.999943
  1019.51460    0.983838   0.999938
  1019.52540    0.978828   0.999934
  1019.53620    0.988747   0.999929
  1019.54640    0.964984   0.999925
  1019.55720    0.982940   0.999919
  1019.56800    1.001661   0.999914
  1019.57880    0.988614   0.999908
  1019.58960    1.022646   0.999902
  1019.59980    1.010366   0.999896
  1019.61060    1.003825   0.999890
  1019.62140    1.049340   0.999883
  1019.63220    1.069593   0.999876
  1019.64240    0.995688   0.999869
  1019.65320    1.050389   0.999861
  1019.66400    1.045380   0.999853
  1019.67480    1.007836   0.999845
  1019.68560    0.960723   0.999837
  1019.69580    0.966050   0.999828
  1019.70660    1.002761   0.999819
  1019.71740    0.967896   0.999810
  1019.72820    1.014559   0.999800
  1019.73840    0.977400   0.999790
  1019.74920    0.979663   0.999779
  1019.76000    0.980777   0.999769
  1019.77080    0.978830   0.999757
  1019.78160    0.986834   0.999746
  1019.79180    0.963071   0.999734
  1019.80260    1.000931   0.999722
  1019.81340    0.954583   0.999709
  1019.82420    1.004309   0.999696
  1019.83440    0.990880   0.999683
  1019.84520    0.987019   0.999669
  1019.85600    1.038275   0.999654
  1019.86680    0.980828   0.999640
  1019.87760    0.994573   0.999624
  1019.88780    0.979614   0.999609
  1019.89860    0.981494   0.999593
  1019.90940    0.976485   0.999577
  1019.92020    0.958844   0.999560
  1019.93040    0.935847   0.999543
  1019.94120    1.001265   0.999525
  1019.95200    0.971759   0.999507
  1019.96280    0.933832   0.999488
  1019.97360    0.967481   0.999468
  1019.98380    0.960560   0.999449
  1019.99460    0.945216   0.999429
  1020.00540    0.943268   0.999408
  1020.01620    0.933666   0.999386
  1020.02640    0.944734   0.999366
  1020.03720    0.955800   0.999343
  1020.04800    0.959977   0.999320
  1020.05880    0.983675   0.999296
  1020.06960    0.995124   0.999272
  1020.07980    1.038344   0.999249
  1020.09060    1.016876   0.999224
  1020.10140    1.029856   0.999198
  1020.11220    1.015660   0.999171
  1020.12240    1.008356   0.999146
  1020.13320    0.970812   0.999118
  1020.14400    0.981113   0.999090
  1020.15480    1.007872   0.999061
  1020.16560    1.012432   0.999032
  1020.17580    0.991731   0.999003
  1020.18660    0.971794   0.998973
  1020.19740    1.019988   0.998941
  1020.20820    0.983210   0.998909
  1020.21840    1.002699   0.998879
  1020.22920    1.003048   0.998846
  1020.24000    1.004545   0.998812
  1020.25080    0.989201   0.998777
  1020.26160    1.020554   0.998742
  1020.27180    1.011336   0.998708
  1020.28260    1.008623   0.998671
  1020.29340    0.998638   0.998634
  1020.30420    0.970280   0.998596
  1020.31440    0.984027   0.998560
  1020.32520    1.002749   0.998520
  1020.33600    0.984726   0.998480
  1020.34680    0.998854   0.998440
  1020.35760    1.008389   0.998398
  1020.36780    0.997258   0.998358
  1020.37860    0.970431   0.998315
  1020.38940    1.025897   0.998271
  1020.40020    1.014764   0.998227
  1020.41040    0.961145   0.998184
  1020.42120    0.959581   0.998138
  1020.43200    0.969499   0.998091
  1020.44280    0.974058   0.998044
  1020.45360    1.000053   0.997995
  1020.46380    0.964041   0.997949
  1020.47460    1.010322   0.997899
  1020.48540    1.012585   0.997848
  1020.49620    1.051975   0.997797
  1020.50640    1.052326   0.997747
  1020.51720    1.023968   0.997694
  1020.52800    1.066421   0.997640
  1020.53880    1.002849   0.997585
  1020.54960    0.969516   0.997529
  1020.55980    0.970632   0.997476
  1020.57060    0.997392   0.997419
  1020.58140    0.978220   0.997360
  1020.59220    1.016463   0.997301
  1020.60240    1.028679   0.997244
  1020.61320    1.039746   0.997183
  1020.62400    0.995312   0.997122
  1020.63480    0.976140   0.997059
  1020.64560    0.999838   0.996995
  1020.65580    0.988323   0.996934
  1020.66660    0.922455   0.996869
  1020.67740    1.001652   0.996803
  1020.68820    1.002002   0.996736
  1020.69840    1.014218   0.996671
  1020.70920    1.028347   0.996602
  1020.72000    1.017596   0.996532
  1020.73080    0.984645   0.996461
  1020.74160    0.980401   0.996389
  1020.75180    0.956638   0.996320
  1020.76260    1.007894   0.996246
  1020.77340    0.994847   0.996171
  1020.78420    0.981034   0.996096
  1020.79440    0.961481   0.996023
  1020.80520    0.988623   0.995945
  1020.81600    0.938448   0.995866
  1020.82680    0.952959   0.995787
  1020.83760    0.943357   0.995706
  1020.84780    0.995763   0.995629
  1020.85860    0.965109   0.995546
  1020.86940    1.030527   0.995462
  1020.88020    0.979586   0.995377
  1020.89040    1.017831   0.995296
  1020.90120    1.013204   0.995209
  1020.91200    1.004750   0.995121
  1020.92280    0.980985   0.995032
  1020.93360    0.995496   0.994942
  1020.94380    0.995847   0.994855
  1020.95460    0.975910   0.994763
  1020.96540    0.981235   0.994670
  1020.97620    0.998043   0.994575
  1020.98640    0.996863   0.994485
  1020.99720    0.953194   0.994389
  1021.00800    0.945123   0.994291
  1021.01880    0.952744   0.994192
  1021.02960    0.976442   0.994092
  1021.03980    0.964545   0.993997
  1021.05060    1.005849   0.993895
  1021.06140    0.994715   0.993792
  1021.07220    1.005016   0.993687
  1021.08240    0.988526   0.993588
  1021.09320    1.002654   0.993481
  1021.10400    0.986545   0.993373
  1021.11480    1.009860   0.993264
  1021.12560    1.028581   0.993154
  1021.13580    1.035822   0.993049
  1021.14660    1.074447   0.992937
  1021.15740    1.080538   0.992823
  1021.16820    1.064811   0.992708
  1021.17840    1.056358   0.992599
  1021.18920    1.075463   0.992482
  1021.20000    1.068922   0.992363
  1021.21080    1.019130   0.992244
  1021.22160    1.065793   0.992123
  1021.23180    1.040116   0.992008
  1021.24260    1.007931   0.991885
  1021.25340    1.032777   0.991761
  1021.26420    1.065278   0.991635
  1021.27440    1.031563   0.991515
  1021.28520    1.088943   0.991388
  1021.29600    1.054844   0.991258
  1021.30680    1.015003   0.991128
  1021.31760    1.006549   0.990996
  1021.32780    0.982786   0.990871
  1021.33860    0.998828   0.990737
  1021.34940    0.942146   0.990601
  1021.36020    0.947471   0.990464
  1021.37040    0.975764   0.990334
  1021.38120    0.983003   0.990195
  1021.39200    0.983352   0.990055
  1021.40280    1.016618   0.989913
  1021.41360    0.989791   0.989770
  1021.42380    1.005836   0.989633
  1021.43460    1.047906   0.989488
  1021.44540    1.001558   0.989341
  1021.45620    1.032528   0.989193
  1021.46640    0.990775   0.989052
  1021.47720    0.993038   0.988901
  1021.48800    0.997598   0.988749
  1021.49880    0.952781   0.988595
  1021.50960    0.996382   0.988441
  1021.51980    1.020082   0.988293
  1021.53060    1.025789   0.988136
  1021.54140    1.057908   0.987977
  1021.55220    1.028019   0.987817
  1021.56240    1.012294   0.987665
  1021.57320    1.006519   0.987502
  1021.58400    1.015289   0.987338
  1021.59480    1.032096   0.987173
  1021.60560    0.994170   0.987006
  1021.61580    1.035476   0.986847
  1021.62660    0.977263   0.986678
  1021.63740    0.974550   0.986507
  1021.64820    1.016620   0.986335
  1021.65840    0.973719   0.986171
  1021.66920    0.941151   0.985996
  1021.68000    0.965614   0.985820
  1021.69080    0.938404   0.985642
  1021.70160    0.931481   0.985463
  1021.71180    0.968194   0.985292
  1021.72260    1.003374   0.985110
  1021.73340    1.033196   0.984927
  1021.74420    0.999479   0.984742
  1021.75440    1.001744   0.984567
  1021.76520    1.005921   0.984379
  1021.77600    0.970291   0.984190
  1021.78680    0.994371   0.984000
  1021.79760    0.985534   0.983808
  1021.80780    0.964450   0.983626
  1021.81860    0.974751   0.983431
  1021.82940    1.036725   0.983235
  1021.84020    1.007984   0.983038
  1021.85040    0.993790   0.982850
  1021.86120    1.005622   0.982650
  1021.87200    1.000230   0.982448
  1021.88280    0.962686   0.982245
  1021.89360    1.016621   0.982041
  1021.90380    0.987500   0.981846
  1021.91460    0.982490   0.981639
  1021.92540    0.977098   0.981430
  1021.93620    1.009599   0.981219
  1021.94640    0.988898   0.981019
  1021.95720    0.941785   0.980806
  1021.96800    0.967779   0.980591
  1021.97880    1.011763   0.980375
  1021.98960    0.995271   0.980157
  1021.99980    0.960025   0.979950
  1022.01060    0.975684   0.979730
  1022.02140    0.987516   0.979508
  1022.03220    0.974469   0.979284
  1022.04240    0.983623   0.979071
  1022.05320    0.978231   0.978845
  1022.06400    1.003460   0.978617
  1022.07480    0.978164   0.978388
  1022.08560    0.999948   0.978157
  1022.09580    1.017523   0.977937
  1022.10660    0.996437   0.977703
  1022.11740    0.948176   0.977468
  1022.12820    0.984887   0.977231
  1022.13840    0.990214   0.977006
  1022.14920    0.989032   0.976766
  1022.16000    0.992826   0.976524
  1022.17080    1.011548   0.976281
  1022.18160    0.973621   0.976037
  1022.19180    1.011100   0.975805
  1022.20260    0.978914   0.975557
  1022.21340    0.947494   0.975308
  1022.22420    0.957795   0.975058
  1022.23440    0.970012   0.974820
  1022.24520    0.991796   0.974566
  1022.25600    0.927458   0.974311
  1022.26680    0.971059   0.974055
  1022.27760    0.957629   0.973797
  1022.28780    0.986304   0.973552
  1022.29860    0.929622   0.973291
  1022.30940    0.924995   0.973028
  1022.32020    0.936062   0.972764
  1022.33040    0.893926   0.972513
  1022.34120    0.913414   0.972246
  1022.35200    0.952421   0.971978
  1022.36280    0.914877   0.971707
  1022.37360    0.922499   0.971436
  1022.38380    0.912515   0.971178
  1022.39460    0.901764   0.970903
  1022.40540    0.943834   0.970627
  1022.41620    0.932318   0.970349
  1022.42640    0.925779   0.970085
  1022.43720    0.957898   0.969804
  1022.44800    0.950974   0.969522
  1022.45880    0.957065   0.969238
  1022.46960    0.943635   0.968952
  1022.47980    0.912216   0.968681
  1022.49060    0.950842   0.968393
  1022.50140    0.959994   0.968103
  1022.51220    0.953071   0.967811
  1022.52240    0.984043   0.967534
  1022.53320    0.971761   0.967240
  1022.54400    0.968665   0.966944
  1022.55480    0.940690   0.966646
  1022.56560    0.956732   0.966347
  1022.57580    0.957849   0.966063
  1022.58660    0.973126   0.965760
  1022.59740    0.950892   0.965457
  1022.60820    0.925979   0.965151
  1022.61840    0.926330   0.964861
  1022.62920    0.936631   0.964553
  1022.64000    0.947314   0.964243
  1022.65080    0.987088   0.963932
  1022.66160    0.968682   0.963619
  1022.67180    0.980898   0.963322
  1022.68260    1.004979   0.963006
  1022.69340    0.971262   0.962688
  1022.70420    0.998022   0.962369
  1022.71440    0.986507   0.962066
  1022.72520    0.998722   0.961744
  1022.73600    0.991799   0.961420
  1022.74680    0.985641   0.961095
  1022.75760    1.015462   0.960768
  1022.76780    0.976006   0.960458
  1022.77860    0.984776   0.960129
  1022.78940    0.993546   0.959797
  1022.80020    0.948347   0.959465
  1022.81040    0.956353   0.959149
  1022.82120    0.928761   0.958813
  1022.83200    0.921837   0.958476
  1022.84280    0.945535   0.958137
  1022.85360    0.925980   0.957797
  1022.86380    0.961163   0.957474
  1022.87460    0.934719   0.957130
  1022.88540    0.933154   0.956786
  1022.89620    0.930824   0.956439
  1022.90640    0.941509   0.956111
  1022.91720    0.967121   0.955761
  1022.92800    0.926132   0.955411
  1022.93880    0.936432   0.955058
  1022.94960    0.926064   0.954704
  1022.95980    0.922970   0.954369
  1022.97060    0.923702   0.954012
  1022.98140    0.943955   0.953654
  1022.99220    0.958466   0.953294
  1023.00240    0.997476   0.952953
  1023.01320    0.982132   0.952590
  1023.02400    0.970233   0.952226
  1023.03480    0.941492   0.951860
  1023.04560    0.939545   0.951493
  1023.05580    0.962479   0.951145
  1023.06660    1.004549   0.950775
  1023.07740    0.968153   0.950403
  1023.08820    0.963909   0.950030
  1023.09840    1.001770   0.949676
  1023.10920    0.970350   0.949300
  1023.12000    0.946586   0.948923
  1023.13080    0.951911   0.948544
  1023.14160    0.940011   0.948164
  1023.15180    0.962945   0.947803
  1023.16260    0.963294   0.947420
  1023.17340    0.999623   0.947035
  1023.18420    1.006862   0.946649
  1023.19440    0.995347   0.946283
  1023.20520    0.995696   0.945894
  1023.21600    1.037766   0.945504
  1023.22680    1.015533   0.945112
  1023.23760    1.033489   0.944719
  1023.24780    1.003602   0.944346
  1023.25860    1.021175   0.943950
  1023.26940    0.998941   0.943553
  1023.28020    0.984363   0.943154
  1023.29040    0.964045   0.942776
  1023.30120    1.000756   0.942374
  1023.31200    0.964360   0.941971
  1023.32280    0.996861   0.941567
  1023.33360    0.948217   0.941161
  1023.34380    0.936703   0.940776
  1023.35460    0.928631   0.940367
  1023.36540    0.874628   0.939958
  1023.37620    0.915167   0.939546
  1023.38640    0.907097   0.939156
  1023.39720    0.886395   0.938742
  1023.40800    0.912389   0.938327
  1023.41880    0.916948   0.937910
  1023.42960    0.963994   0.937492
  1023.43980    0.946356   0.937096
  1023.45060    0.937518   0.936675
  1023.46140    0.944374   0.936253
  1023.47220    0.938982   0.935829
  1023.48240    0.945840   0.935428
  1023.49320    0.918248   0.935002
  1023.50400    0.941180   0.934574
  1023.51480    0.911291   0.934146
  1023.52560    0.911257   0.933716
  1023.53580    0.986246   0.933308
  1023.54660    0.980089   0.932875
  1023.55740    0.939865   0.932441
  1023.56820    0.983466   0.932006
  1023.57840    0.917982   0.931594
  1023.58920    0.940532   0.931156
  1023.60000    0.951215   0.930717
  1023.61080    0.941613   0.930277
  1023.62160    0.964162   0.929835
  1023.63180    0.961834   0.929417
  1023.64260    0.949934   0.928973
  1023.65340    0.953346   0.928527
  1023.66420    0.949102   0.928081
  1023.67440    0.902373   0.927658
  1023.68520    0.952864   0.927209
  1023.69600    0.932927   0.926759
  1023.70680    0.899593   0.926307
  1023.71760    0.945108   0.925855
  1023.72780    0.942014   0.925426
  1023.73860    0.953080   0.924971
  1023.74940    0.926254   0.924515
  1023.76020    0.972534   0.924057
  1023.77040    0.940350   0.923624
  1023.78120    0.903955   0.923164
  1023.79200    0.946790   0.922704
  1023.80280    0.930298   0.922241
  1023.81360    0.957823   0.921778
  1023.82380    0.946691   0.921340
  1023.83460    0.948188   0.920874
  1023.84540    0.942413   0.920408
  1023.85620    0.955011   0.919940
  1023.86640    0.919000   0.919497
  1023.87720    0.908249   0.919027
  1023.88800    0.895967   0.918556
  1023.89880    0.913540   0.918084
  1023.90960    0.917334   0.917611
  1023.91980    0.906202   0.917163
  1023.93060    0.930665   0.916688
  1023.94140    0.926039   0.916211
  1023.95220    0.896915   0.915734
  1023.96240    0.907218   0.915282
  1023.97320    0.876564   0.914802
  1023.98400    0.912509   0.914322
  1023.99480    0.906734   0.913840
  1024.00560    0.914356   0.913358
  1024.01580    0.912028   0.912901
  1024.02660    0.923477   0.912416
  1024.03740    0.928802   0.911931
  1024.04820    0.903889   0.911444
  1024.05840    0.910364   0.910984
  1024.06920    0.910713   0.910495
  1024.08000    0.924842   0.910006
  1024.09080    0.948539   0.909515
  1024.10160    0.914057   0.909024
  1024.11180    0.903691   0.908559
  1024.12260    0.913992   0.908066
  1024.13340    0.902475   0.907572
  1024.14420    0.907418   0.907077
  1024.15440    0.900879   0.906608
  1024.16520    0.883238   0.906112
  1024.17600    0.876698   0.905614
  1024.18680    0.942882   0.905115
  1024.19760    0.927155   0.904616
  1024.20780    0.897268   0.904144
  1024.21860    0.965748   0.903642
  1024.22940    0.947342   0.903140
  1024.24020    0.912860   0.902638
  1024.25040    0.903259   0.902162
  1024.26120    0.906671   0.901658
  1024.27200    0.910082   0.901153
  1024.28280    0.906220   0.900647
  1024.29360    0.902742   0.900140
  1024.30380    0.874769   0.899661
  1024.31460    0.884687   0.899152
  1024.32540    0.902643   0.898644
  1024.33620    0.868544   0.898134
  1024.34640    0.871574   0.897652
  1024.35720    0.886851   0.897140
  1024.36800    0.899831   0.896629
  1024.37880    0.877597   0.896116
  1024.38960    0.915840   0.895603
  1024.39980    0.978581   0.895117
  1024.41060    0.972040   0.894603
  1024.42140    0.947893   0.894088
  1024.43220    0.934845   0.893572
  1024.44240    0.962372   0.893084
  1024.45320    0.961956   0.892567
  1024.46400    0.946612   0.892049
  1024.47480    0.893757   0.891531
  1024.48560    0.948458   0.891012
  1024.49580    0.898285   0.890521
  1024.50660    0.893275   0.890001
  1024.51740    0.895156   0.889480
  1024.52820    0.895122   0.888959
  1024.53840    0.900066   0.888466
  1024.54920    0.890081   0.887944
  1024.56000    0.869378   0.887421
  1024.57080    0.891162   0.886898
  1024.58160    0.891128   0.886374
  1024.59180    0.915210   0.885879
  1024.60260    0.897952   0.885354
  1024.61340    0.848925   0.884829
  1024.62420    0.807554   0.884303
  1024.63440    0.832784   0.883806
  1024.64520    0.800599   0.883280
  1024.65600    0.838076   0.882753
  1024.66680    0.882059   0.882225
  1024.67760    0.859060   0.881698
  1024.68780    0.837594   0.881199
  1024.69860    0.846364   0.880670
  1024.70940    0.863937   0.880142
  1024.72020    0.858162   0.879612
  1024.73040    0.867316   0.879112
  1024.74120    0.846614   0.878583
  1024.75200    0.874522   0.878052
  1024.76280    0.851522   0.877522
  1024.77360    0.852254   0.876991
  1024.78380    0.833467   0.876490
  1024.79460    0.827692   0.875959
  1024.80540    0.878949   0.875427
  1024.81620    0.831835   0.874896
  1024.82640    0.848262   0.874393
  1024.83720    0.855884   0.873861
  1024.84800    0.833267   0.873329
  1024.85880    0.841655   0.872796
  1024.86960    0.866883   0.872264
  1024.87980    0.874507   0.871761
  1024.89060    0.867200   0.871228
  1024.90140    0.894343   0.870694
  1024.91220    0.888185   0.870161
  1024.92240    0.870929   0.869658
  1024.93320    0.876254   0.869124
  1024.94400    0.907224   0.868591
  1024.95480    0.861642   0.868057
  1024.96560    0.859695   0.867524
  1024.97580    0.855070   0.867020
  1024.98660    0.840491   0.866486
  1024.99740    0.822468   0.865952
  1025.00820    0.834682   0.865419
  1025.01840    0.814364   0.864915
  1025.02920    0.856434   0.864381
  1025.04000    0.838411   0.863848
  1025.05080    0.832253   0.863314
  1025.06160    0.826861   0.862781
  1025.07180    0.835633   0.862277
  1025.08260    0.856651   0.861744
  1025.09340    0.868100   0.861211
  1025.10420    0.845101   0.860678
  1025.11440    0.861145   0.860174
  1025.12520    0.837380   0.859642
  1025.13600    0.846916   0.859109
  1025.14680    0.874824   0.858577
  1025.15760    0.888569   0.858045
  1025.16780    0.852175   0.857542
  1025.17860    0.866304   0.857010
  1025.18940    0.862825   0.856479
  1025.20020    0.871595   0.855948
  1025.21040    0.848598   0.855446
  1025.22120    0.853923   0.854916
  1025.23200    0.869200   0.854385
  1025.24280    0.862659   0.853855
  1025.25360    0.832387   0.853325
  1025.26380    0.866421   0.852825
  1025.27460    0.870598   0.852296
  1025.28540    0.854106   0.851767
  1025.29620    0.858283   0.851239
  1025.30640    0.851361   0.850741
  1025.31720    0.873145   0.850213
  1025.32800    0.828328   0.849686
  1025.33880    0.847050   0.849159
  1025.34960    0.848547   0.848633
  1025.35980    0.864209   0.848137
  1025.37060    0.842358   0.847611
  1025.38140    0.847683   0.847086
  1025.39220    0.843822   0.846562
  1025.40240    0.868669   0.846068
  1025.41320    0.832656   0.845544
  1025.42400    0.824202   0.845022
  1025.43480    0.810006   0.844500
  1025.44560    0.829876   0.843978
  1025.45580    0.836351   0.843486
  1025.46660    0.821007   0.842966
  1025.47740    0.841260   0.842447
  1025.48820    0.805247   0.841928
  1025.49840    0.829329   0.841438
  1025.50920    0.820874   0.840921
  1025.52000    0.824668   0.840404
  1025.53080    0.878987   0.839887
  1025.54160    0.846036   0.839372
  1025.55180    0.836818   0.838886
  1025.56260    0.828746   0.838372
  1025.57340    0.839047   0.837859
  1025.58420    0.862362   0.837346
  1025.59440    0.885296   0.836863
  1025.60520    0.892152   0.836352
  1025.61600    0.861497   0.835842
  1025.62680    0.832374   0.835333
  1025.63760    0.863727   0.834825
  1025.64780    0.861781   0.834346
  1025.65860    0.883182   0.833839
  1025.66940    0.845255   0.833334
  1025.68020    0.829528   0.832829
  1025.69040    0.888442   0.832353
  1025.70120    0.862380   0.831851
  1025.71200    0.890671   0.831349
  1025.72280    0.884130   0.830848
  1025.73360    0.901321   0.830348
  1025.74380    0.895165   0.829877
  1025.75460    0.846521   0.829380
  1025.76540    0.879022   0.828883
  1025.77620    0.845305   0.828387
  1025.78640    0.831877   0.827920
  1025.79720    0.821126   0.827427
  1025.80800    0.830661   0.826934
  1025.81880    0.831776   0.826443
  1025.82960    0.835953   0.825953
  1025.83980    0.834773   0.825491
  1025.85060    0.832060   0.825003
  1025.86140    0.799109   0.824517
  1025.87220    0.802520   0.824031
  1025.88240    0.796364   0.823574
  1025.89320    0.799010   0.823091
  1025.90400    0.791321   0.822609
  1025.91480    0.806981   0.822128
  1025.92560    0.807330   0.821649
  1025.93580    0.823757   0.821198
  1025.94660    0.830995   0.820721
  1025.95740    0.828283   0.820246
  1025.96820    0.783849   0.819772
  1025.97840    0.791089   0.819325
  1025.98920    0.807514   0.818854
  1026.00000    0.795998   0.818383
  1026.01080    0.808978   0.817915
  1026.02160    0.771434   0.817447
  1026.03180    0.799727   0.817007
  1026.04260    0.770220   0.816543
  1026.05340    0.796980   0.816080
  1026.06420    0.816467   0.815618
  1026.07440    0.808780   0.815184
  1026.08520    0.777743   0.814725
  1026.09600    0.812541   0.814268
  1026.10680    0.827052   0.813812
  1026.11760    0.844625   0.813358
  1026.12780    0.809380   0.812930
  1026.13860    0.832312   0.812479
  1026.14940    0.859071   0.812029
  1026.16020    0.849086   0.811581
  1026.17040    0.815371   0.811160
  1026.18120    0.826438   0.810715
  1026.19200    0.804587   0.810272
  1026.20280    0.800343   0.809830
  1026.21360    0.807964   0.809390
  1026.22380    0.851184   0.808976
  1026.23460    0.861102   0.808539
  1026.24540    0.843079   0.808104
  1026.25620    0.843428   0.807671
  1026.26640    0.867128   0.807263
  1026.27720    0.826139   0.806833
  1026.28800    0.847922   0.806405
  1026.29880    0.848654   0.805979
  1026.30960    0.825272   0.805554
  1026.31980    0.813375   0.805154
  1026.33060    0.805686   0.804733
  1026.34140    0.863832   0.804314
  1026.35220    0.831647   0.803896
  1026.36240    0.822811   0.803504
  1026.37320    0.766512   0.803090
  1026.38400    0.825041   0.802677
  1026.39480    0.884718   0.802267
  1026.40560    0.858274   0.801859
  1026.41580    0.819200   0.801475
  1026.42660    0.828736   0.801070
  1026.43740    0.821430   0.800668
  1026.44820    0.817951   0.800267
  1026.45840    0.838971   0.799890
  1026.46920    0.815972   0.799493
  1026.48000    0.827038   0.799098
  1026.49080    0.801360   0.798705
  1026.50160    0.795967   0.798314
  1026.51180    0.786367   0.797947
  1026.52260    0.778678   0.797560
  1026.53340    0.774434   0.797175
  1026.54420    0.813442   0.796792
  1026.55440    0.804607   0.796432
  1026.56520    0.799597   0.796053
  1026.57600    0.798032   0.795676
  1026.58680    0.772737   0.795302
  1026.59760    0.818634   0.794929
  1026.60780    0.799464   0.794579
  1026.61860    0.800962   0.794211
  1026.62940    0.780642   0.793844
  1026.64020    0.776015   0.793480
  1026.65040    0.775983   0.793138
  1026.66120    0.808102   0.792778
  1026.67200    0.805389   0.792421
  1026.68280    0.799231   0.792065
  1026.69360    0.818335   0.791712
  1026.70380    0.834380   0.791380
  1026.71460    0.799515   0.791031
  1026.72540    0.786084   0.790685
  1026.73620    0.811696   0.790340
  1026.74640    0.810133   0.790017
  1026.75720    0.813927   0.789677
  1026.76800    0.784421   0.789339
  1026.77880    0.780942   0.789004
  1026.78960    0.778612   0.788671
  1026.79980    0.780494   0.788359
  1026.81060    0.785054   0.788030
  1026.82140    0.747127   0.787704
  1026.83220    0.758576   0.787381
  1026.84240    0.721034   0.787077
  1026.85320    0.771524   0.786758
  1026.86400    0.771874   0.786441
  1026.87480    0.797102   0.786127
  1026.88560    0.779462   0.785815
  1026.89580    0.751106   0.785523
  1026.90660    0.797769   0.785216
  1026.91740    0.812663   0.784911
  1026.92820    0.827557   0.784609
  1026.93840    0.768197   0.784326
  1026.94920    0.783857   0.784028
  1026.96000    0.771575   0.783734
  1026.97080    0.766565   0.783441
  1026.98160    0.760025   0.783151
  1026.99180    0.750041   0.782880
  1027.00260    0.752687   0.782595
  1027.01340    0.758012   0.782313
  1027.02420    0.769844   0.782033
  1027.03440    0.739957   0.781771
  1027.04520    0.784323   0.781496
  1027.05600    0.818738   0.781224
  1027.06680    0.788084   0.780954
  1027.07760    0.792643   0.780687
  1027.08780    0.783808   0.780437
  1027.09860    0.769612   0.780175
  1027.10940    0.786803   0.779916
  1027.12020    0.797104   0.779659
  1027.13040    0.790948   0.779419
  1027.14120    0.795507   0.779168
  1027.15200    0.815760   0.778919
  1027.16280    0.804626   0.778673
  1027.17360    0.805358   0.778429
  1027.18380    0.828292   0.778202
  1027.19460    0.780796   0.777964
  1027.20540    0.766983   0.777728
  1027.21620    0.800250   0.777495
  1027.22640    0.794476   0.777278
  1027.23720    0.807839   0.777050
  1027.24800    0.802447   0.776826
  1027.25880    0.769113   0.776604
  1027.26960    0.769845   0.776384
  1027.27980    0.779765   0.776180
  1027.29060    0.811501   0.775966
  1027.30140    0.779698   0.775755
  1027.31220    0.776220   0.775547
  1027.32240    0.783460   0.775352
  1027.33320    0.807541   0.775150
  1027.34400    0.787603   0.774950
  1027.35480    0.790249   0.774752
  1027.36560    0.734332   0.774558
  1027.37580    0.728177   0.774377
  1027.38660    0.743836   0.774188
  1027.39740    0.733468   0.774002
  1027.40820    0.704345   0.773819
  1027.41840    0.735699   0.773648
  1027.42920    0.752890   0.773471
  1027.44000    0.765487   0.773296
  1027.45080    0.764688   0.773124
  1027.46160    0.778817   0.772955
  1027.47180    0.747016   0.772798
  1027.48260    0.737030   0.772635
  1027.49340    0.735848   0.772474
  1027.50420    0.728160   0.772317
  1027.51440    0.742673   0.772171
  1027.52520    0.749146   0.772019
  1027.53600    0.767485   0.771870
  1027.54680    0.762475   0.771724
  1027.55760    0.770480   0.771581
  1027.56780    0.765089   0.771449
  1027.57860    0.791083   0.771311
  1027.58940    0.732870   0.771177
  1027.60020    0.720588   0.771045
  1027.61040    0.715581   0.770924
  1027.62120    0.737364   0.770798
  1027.63200    0.724317   0.770676
  1027.64280    0.743804   0.770556
  1027.65360    0.750277   0.770439
  1027.66380    0.754073   0.770332
  1027.67460    0.754422   0.770221
  1027.68540    0.702716   0.770113
  1027.69620    0.730624   0.770008
  1027.70640    0.756620   0.769912
  1027.71720    0.755055   0.769812
  1027.72800    0.766504   0.769716
  1027.73880    0.777571   0.769623
  1027.74960    0.763758   0.769533
  1027.75980    0.770999   0.769451
  1027.77060    0.746851   0.769367
  1027.78140    0.717345   0.769286
  1027.79220    0.768984   0.769208
  1027.80240    0.737948   0.769137
  1027.81320    0.733705   0.769064
  1027.82400    0.764292   0.768995
  1027.83480    0.762727   0.768929
  1027.84560    0.785276   0.768866
  1027.85580    0.747351   0.768809
  1027.86660    0.781766   0.768752
  1027.87740    0.752643   0.768698
  1027.88820    0.772895   0.768647
  1027.89840    0.778222   0.768601
  1027.90920    0.757902   0.768556
  1027.92000    0.817962   0.768514
  1027.93080    0.799939   0.768475
  1027.94160    0.791867   0.768439
  1027.95180    0.775759   0.768408
  1027.96260    0.789505   0.768378
  1027.97340    0.771099   0.768351
  1027.98420    0.761114   0.768327
  1027.99440    0.789406   0.768307
  1028.00520    0.743824   0.768289
  1028.01600    0.755656   0.768275
  1028.02680    0.734953   0.768263
  1028.03760    0.737599   0.768254
  1028.04780    0.743691   0.768249
  1028.05860    0.742892   0.768246
  1028.06940    0.737883   0.768246
  1028.08020    0.753542   0.768250
  1028.09040    0.755807   0.768256
  1028.10120    0.771084   0.768265
  1028.11200    0.794016   0.768278
  1028.12280    0.792069   0.768293
  1028.13360    0.791652   0.768312
  1028.14380    0.823389   0.768332
  1028.15460    0.796563   0.768357
  1028.16540    0.804950   0.768384
  1028.17620    0.765875   0.768415
  1028.18640    0.775029   0.768447
  1028.19720    0.785330   0.768483
  1028.20800    0.755058   0.768523
  1028.21880    0.761914   0.768566
  1028.22960    0.794033   0.768612
  1028.23980    0.762997   0.768658
  1028.25060    0.754926   0.768710
  1028.26140    0.777092   0.768764
  1028.27220    0.793900   0.768822
  1028.28240    0.777792   0.768880
  1028.29320    0.733741   0.768944
  1028.30400    0.720694   0.769011
  1028.31480    0.726401   0.769080
  1028.32560    0.741296   0.769153
  1028.33580    0.758871   0.769225
  1028.34660    0.772616   0.769304
  1028.35740    0.733924   0.769386
  1028.36820    0.723939   0.769471
  1028.37840    0.740748   0.769554
  1028.38920    0.708180   0.769645
  1028.40000    0.762881   0.769738
  1028.41080    0.718830   0.769835
  1028.42160    0.750948   0.769935
  1028.43180    0.744027   0.770032
  1028.44260    0.740549   0.770138
  1028.45340    0.749701   0.770247
  1028.46420    0.774930   0.770359
  1028.47440    0.813940   0.770467
  1028.48520    0.795151   0.770584
  1028.49600    0.784400   0.770705
  1028.50680    0.751066   0.770829
  1028.51760    0.770936   0.770955
  1028.52780    0.718466   0.771077
  1028.53860    0.739484   0.771210
  1028.54940    0.725288   0.771345
  1028.56020    0.758555   0.771483
  1028.57040    0.742064   0.771617
  1028.58120    0.787197   0.771761
  1028.59200    0.832329   0.771908
  1028.60280    0.792871   0.772057
  1028.61360    0.793985   0.772210
  1028.62380    0.811561   0.772357
  1028.63460    0.806934   0.772516
  1028.64540    0.811111   0.772677
  1028.65620    0.757873   0.772842
  1028.66640    0.808366   0.773000
  1028.67720    0.776946   0.773170
  1028.68800    0.823992   0.773343
  1028.69880    0.801758   0.773518
  1028.70960    0.785649   0.773697
  1028.71980    0.797865   0.773869
  1028.73060    0.761086   0.774053
  1028.74140    0.798946   0.774240
  1028.75220    0.781688   0.774430
  1028.76240    0.780508   0.774612
  1028.77320    0.818751   0.774808
  1028.78400    0.829434   0.775006
  1028.79480    0.816770   0.775207
  1028.80560    0.769274   0.775412
  1028.81580    0.764649   0.775607
  1028.82660    0.774184   0.775816
  1028.83740    0.762285   0.776029
  1028.84820    0.771055   0.776244
  1028.85840    0.737723   0.776450
  1028.86920    0.723144   0.776670
  1028.88000    0.716221   0.776894
  1028.89080    0.738388   0.777120
  1028.90160    0.749454   0.777349
  1028.91180    0.770857   0.777568
  1028.92260    0.757809   0.777802
  1028.93340    0.735958   0.778039
  1028.94420    0.734394   0.778279
  1028.95440    0.727472   0.778507
  1028.96520    0.735094   0.778752
  1028.97600    0.698698   0.779000
  1028.98680    0.706320   0.779251
  1028.99760    0.725041   0.779504
  1029.00780    0.716206   0.779745
  1029.01860    0.723828   0.780004
  1029.02940    0.726856   0.780265
  1029.04020    0.742516   0.780528
  1029.05040    0.746694   0.780780
  1029.06120    0.753933   0.781048
  1029.07200    0.747775   0.781320
  1029.08280    0.779511   0.781594
  1029.09360    0.757277   0.781870
  1029.10380    0.763369   0.782134
  1029.11460    0.797784   0.782416
  1029.12540    0.762154   0.782700
  1029.13620    0.734179   0.782987
  1029.14640    0.761706   0.783260
  1029.15720    0.769710   0.783552
  1029.16800    0.771973   0.783846
  1029.17880    0.741319   0.784143
  1029.18960    0.738606   0.784442
  1029.19980    0.732832   0.784727
  1029.21060    0.724761   0.785032
  1029.22140    0.750755   0.785339
  1029.23220    0.791294   0.785648
  1029.24240    0.791645   0.785942
  1029.25320    0.780894   0.786256
  1029.26400    0.778947   0.786573
  1029.27480    0.799582   0.786892
  1029.28560    0.772372   0.787213
  1029.29580    0.796455   0.787519
  1029.30660    0.803311   0.787845
  1029.31740    0.828539   0.788173
  1029.32820    0.827357   0.788504
  1029.33840    0.793643   0.788819
  1029.34920    0.808154   0.789154
  1029.36000    0.826110   0.789492
  1029.37080    0.842535   0.789832
  1029.38160    0.837526   0.790175
  1029.39180    0.873091   0.790500
  1029.40260    0.842436   0.790847
  1029.41340    0.866134   0.791197
  1029.42420    0.849259   0.791548
  1029.43440    0.860327   0.791882
  1029.44520    0.809003   0.792238
  1029.45600    0.806290   0.792597
  1029.46680    0.821950   0.792957
  1029.47760    0.830337   0.793320
  1029.48780    0.829157   0.793664
  1029.49860    0.818023   0.794032
  1029.50940    0.819904   0.794401
  1029.52020    0.808387   0.794772
  1029.53040    0.816393   0.795125
  1029.54120    0.837411   0.795501
  1029.55200    0.817857   0.795878
  1029.56280    0.792944   0.796258
  1029.57360    0.796355   0.796640
  1029.58380    0.807041   0.797003
  1029.59460    0.848728   0.797389
  1029.60540    0.824198   0.797778
  1029.61620    0.823016   0.798168
  1029.62640    0.841357   0.798538
  1029.63720    0.802664   0.798933
  1029.64800    0.809137   0.799329
  1029.65880    0.857332   0.799728
  1029.66960    0.829739   0.800128
  1029.67980    0.817459   0.800508
  1029.69060    0.833502   0.800912
  1029.70140    0.814330   0.801318
  1029.71220    0.833434   0.801727
  1029.72240    0.816178   0.802114
  1029.73320    0.825714   0.802526
  1029.74400    0.859363   0.802940
  1029.75480    0.812633   0.803356
  1029.76560    0.829058   0.803774
  1029.77580    0.835150   0.804170
  1029.78660    0.845068   0.804591
  1029.79740    0.782262   0.805015
  1029.80820    0.833901   0.805440
  1029.81840    0.800569   0.805843
  1029.82920    0.810870   0.806272
  1029.84000    0.795143   0.806702
  1029.85080    0.793961   0.807134
  1029.86160    0.801583   0.807568
  1029.87180    0.823751   0.807980
  1029.88260    0.817211   0.808417
  1029.89340    0.802632   0.808857
  1029.90420    0.842406   0.809298
  1029.91440    0.837015   0.809716
  1029.92520    0.797940   0.810160
  1029.93600    0.805944   0.810606
  1029.94680    0.808207   0.811054
  1029.95760    0.776405   0.811503
  1029.96780    0.831490   0.811929
  1029.97860    0.812319   0.812381
  1029.98940    0.796209   0.812835
  1030.00020    0.805362   0.813291
  1030.01040    0.791933   0.813723
  1030.02120    0.795345   0.814182
  1030.03200    0.786507   0.814642
  1030.04280    0.745901   0.815104
  1030.05360    0.714098   0.815568
  1030.06380    0.771864   0.816007
  1030.07460    0.802068   0.816473
  1030.08540    0.768734   0.816941
  1030.09620    0.766404   0.817411
  1030.10640    0.805031   0.817855
  1030.11720    0.798873   0.818327
  1030.12800    0.811088   0.818801
  1030.13880    0.810672   0.819276
  1030.14960    0.780400   0.819753
  1030.15980    0.791468   0.820204
  1030.17060    0.831242   0.820683
  1030.18140    0.803649   0.821164
  1030.19220    0.796726   0.821646
  1030.20240    0.828846   0.822102
  1030.21320    0.842975   0.822586
  1030.22400    0.822655   0.823072
  1030.23480    0.836018   0.823559
  1030.24560    0.823736   0.824048
  1030.25580    0.808011   0.824510
  1030.26660    0.847019   0.825001
  1030.27740    0.828995   0.825493
  1030.28820    0.806379   0.825986
  1030.29840    0.769219   0.826453
  1030.30920    0.796744   0.826949
  1030.32000    0.766090   0.827445
  1030.33080    0.816198   0.827943
  1030.34160    0.810806   0.828442
  1030.35180    0.803502   0.828915
  1030.36260    0.836385   0.829416
  1030.37340    0.840945   0.829918
  1030.38420    0.847801   0.830421
  1030.39440    0.829779   0.830898
  1030.40520    0.894432   0.831403
  1030.41600    0.893633   0.831909
  1030.42680    0.838865   0.832417
  1030.43760    0.830028   0.832925
  1030.44780    0.829230   0.833406
  1030.45860    0.814652   0.833916
  1030.46940    0.769835   0.834428
  1030.48020    0.858602   0.834940
  1030.49040    0.832925   0.835424
  1030.50120    0.793085   0.835938
  1030.51200    0.803768   0.836453
  1030.52280    0.848135   0.836969
  1030.53360    0.802553   0.837485
  1030.54380    0.833907   0.837974
  1030.55460    0.794832   0.838492
  1030.56540    0.815085   0.839010
  1030.57620    0.803568   0.839530
  1030.58640    0.815785   0.840022
  1030.59720    0.811924   0.840543
  1030.60800    0.781652   0.841065
  1030.61880    0.817598   0.841587
  1030.62960    0.787709   0.842110
  1030.63980    0.796863   0.842605
  1030.65060    0.805251   0.843130
  1030.66140    0.807896   0.843655
  1030.67220    0.774563   0.844181
  1030.68240    0.784100   0.844678
  1030.69320    0.798994   0.845205
  1030.70400    0.808912   0.845733
  1030.71480    0.791271   0.846261
  1030.72560    0.770569   0.846790
  1030.73580    0.782020   0.847290
  1030.74660    0.778158   0.847820
  1030.75740    0.767408   0.848351
  1030.76820    0.803353   0.848882
  1030.77840    0.804087   0.849383
  1030.78920    0.823574   0.849915
  1030.80000    0.831961   0.850448
  1030.81080    0.806666   0.850980
  1030.82160    0.801656   0.851514
  1030.83180    0.796266   0.852018
  1030.84260    0.784749   0.852552
  1030.85340    0.793519   0.853086
  1030.86420    0.804968   0.853621
  1030.87440    0.821013   0.854126
  1030.88520    0.820979   0.854662
  1030.89600    0.813673   0.855197
  1030.90680    0.840050   0.855733
  1030.91760    0.854561   0.856270
  1030.92780    0.813957   0.856777
  1030.93860    0.787130   0.857313
  1030.94940    0.829965   0.857851
  1030.96020    0.816535   0.858388
  1030.97040    0.828369   0.858896
  1030.98120    0.855511   0.859433
  1030.99200    0.879592   0.859971
  1031.00280    0.898696   0.860510
  1031.01360    0.839334   0.861048
  1031.02380    0.867627   0.861557
  1031.03460    0.900893   0.862095
  1031.04540    0.928036   0.862634
  1031.05620    0.930682   0.863173
  1031.06640    0.905005   0.863682
  1031.07720    0.872054   0.864221
  1031.08800    0.885800   0.864760
  1031.09880    0.874666   0.865299
  1031.10960    0.884967   0.865838
  1031.11980    0.860438   0.866347
  1031.13060    0.891408   0.866886
  1031.14140    0.868792   0.867426
  1031.15220    0.903972   0.867965
  1031.16240    0.902027   0.868474
  1031.17320    0.887065   0.869013
  1031.18400    0.887797   0.869552
  1031.19480    0.875898   0.870091
  1031.20560    0.894620   0.870630
  1031.21580    0.906836   0.871139
  1031.22660    0.871589   0.871677
  1031.23740    0.879210   0.872216
  1031.24820    0.905587   0.872754
  1031.25840    0.885269   0.873263
  1031.26920    0.862653   0.873801
  1031.28000    0.860705   0.874339
  1031.29080    0.908517   0.874876
  1031.30160    0.899297   0.875414
  1031.31180    0.913427   0.875921
  1031.32260    0.932914   0.876458
  1031.33340    0.950870   0.876995
  1031.34420    0.948157   0.877532
  1031.35440    0.935112   0.878038
  1031.36520    0.910964   0.878574
  1031.37600    0.906720   0.879110
  1031.38680    0.881042   0.879645
  1031.39760    0.896701   0.880180
  1031.40780    0.879063   0.880685
  1031.41860    0.877115   0.881220
  1031.42940    0.911147   0.881754
  1031.44020    0.964700   0.882288
  1031.45040    0.955865   0.882791
  1031.46120    0.955448   0.883324
  1031.47200    0.936277   0.883857
  1031.48280    0.883805   0.884389
  1031.49360    0.931999   0.884920
  1031.50380    0.878381   0.885422
  1031.51460    0.879113   0.885953
  1031.52540    0.862620   0.886483
  1031.53620    0.870242   0.887013
  1031.54640    0.919969   0.887513
  1031.55720    0.919553   0.888042
  1031.56800    0.890429   0.888570
  1031.57880    0.911065   0.889098
  1031.58960    0.906055   0.889625
  1031.59980    0.920186   0.890123
  1031.61060    0.922831   0.890649
  1031.62140    0.935812   0.891174
  1031.63220    0.881809   0.891699
  1031.64240    0.913163   0.892195
  1031.65320    0.916575   0.892719
  1031.66400    0.908503   0.893242
  1031.67480    0.903111   0.893764
  1031.68560    0.907287   0.894286
  1031.69580    0.861707   0.894779
  1031.70660    0.821101   0.895299
  1031.71740    0.844033   0.895819
  1031.72820    0.821799   0.896339
  1031.73840    0.871909   0.896829
  1031.74920    0.856182   0.897346
  1031.76000    0.853469   0.897864
  1031.77080    0.876784   0.898380
  1031.78160    0.844981   0.898896
  1031.79180    0.902746   0.899382
  1031.80260    0.940606   0.899897
  1031.81340    0.927559   0.900410
  1031.82420    0.924080   0.900923
  1031.83440    0.899552   0.901407
  1031.84520    0.864687   0.901918
  1031.85600    0.871160   0.902428
  1031.86680    0.860027   0.902938
  1031.87760    0.867265   0.903447
  1031.88780    0.833168   0.903926
  1031.89860    0.857631   0.904433
  1031.90940    0.837694   0.904940
  1031.92020    0.848378   0.905445
  1031.93040    0.841073   0.905921
  1031.94120    0.854054   0.906425
  1031.95200    0.865503   0.906928
  1031.96280    0.893793   0.907430
  1031.97360    0.899118   0.907931
  1031.98380    0.894876   0.908403
  1031.99460    0.890250   0.908902
  1032.00540    0.935764   0.909400
  1032.01620    0.966352   0.909898
  1032.02640    0.928044   0.910366
  1032.03720    0.931455   0.910862
  1032.04800    0.935632   0.911356
  1032.05880    0.940191   0.911849
  1032.06960    0.894992   0.912342
  1032.07980    0.896491   0.912806
  1032.09060    0.920954   0.913296
  1032.10140    0.899486   0.913786
  1032.11220    0.869980   0.914274
  1032.12240    0.905162   0.914734
  1032.13320    0.904746   0.915221
  1032.14400    0.925381   0.915706
  1032.15480    0.894344   0.916190
  1032.16560    0.916893   0.916674
  1032.17580    0.907292   0.917129
  1032.18660    0.880848   0.917610
  1032.19740    0.886556   0.918090
  1032.20820    0.878102   0.918569
  1032.21840    0.919408   0.919020
  1032.22920    0.907126   0.919497
  1032.24000    0.940775   0.919972
  1032.25080    0.974807   0.920447
  1032.26160    0.970946   0.920920
  1032.27180    0.967087   0.921366
  1032.28260    1.045519   0.921837
  1032.29340    1.054672   0.922307
  1032.30420    0.980765   0.922775
  1032.31440    0.990685   0.923217
  1032.32520    0.965007   0.923683
  1032.33600    0.942008   0.924149
  1032.34680    0.919774   0.924613
  1032.35760    0.913999   0.925075
  1032.36780    0.936167   0.925511
  1032.37860    0.921206   0.925972
  1032.38940    0.939162   0.926431
  1032.40020    0.989270   0.926889
  1032.41040    0.963211   0.927320
  1032.42120    0.940211   0.927776
  1032.43200    0.970033   0.928230
  1032.44280    1.000620   0.928683
  1032.45360    0.997142   0.929135
  1032.46380    0.991751   0.929560
  1032.47460    1.000521   0.930009
  1032.48540    1.017329   0.930457
  1032.49620    1.023420   0.930904
  1032.50640    1.016115   0.931325
  1032.51720    1.002302   0.931769
  1032.52800    1.011072   0.932212
  1032.53880    0.995728   0.932653
  1032.54960    1.021340   0.933093
  1032.55980    1.030111   0.933508
  1032.57060    0.960798   0.933946
  1032.58140    0.958468   0.934382
  1032.59220    0.980634   0.934817
  1032.60240    0.982134   0.935226
  1032.61320    0.949948   0.935658
  1032.62400    1.024936   0.936089
  1032.63480    1.006147   0.936519
  1032.64560    0.968602   0.936947
  1032.65580    0.983881   0.937350
  1032.66660    0.957820   0.937776
  1032.67740    1.012138   0.938200
  1032.68820    1.018994   0.938623
  1032.69840    0.956955   0.939021
  1032.70920    0.964960   0.939441
  1032.72000    0.974112   0.939859
  1032.73080    0.963361   0.940276
  1032.74160    0.955290   0.940692
  1032.75180    0.955641   0.941084
  1032.76260    0.928814   0.941497
  1032.77340    0.880552   0.941908
  1032.78420    0.929512   0.942318
  1032.79440    0.959336   0.942704
  1032.80520    0.939781   0.943112
  1032.81600    0.996013   0.943518
  1032.82680    1.030428   0.943922
  1032.83760    1.020060   0.944325
  1032.84780    1.009311   0.944704
  1032.85860    1.011191   0.945105
  1032.86940    1.010392   0.945503
  1032.88020    0.980886   0.945900
  1032.89040    0.975496   0.946274
  1032.90120    0.951731   0.946669
  1032.91200    0.947870   0.947062
  1032.92280    0.919894   0.947453
  1032.93360    0.881585   0.947843
  1032.94380    0.922891   0.948210
  1032.95460    0.958454   0.948597
  1032.96540    0.991338   0.948982
  1032.97620    1.027667   0.949366
  1032.98640    1.018066   0.949728
  1032.99720    1.019563   0.950109
  1033.00800    1.029099   0.950488
  1033.01880    0.982368   0.950866
  1033.02960    0.945590   0.951243
  1033.03980    0.976179   0.951597
  1033.05060    0.928300   0.951971
  1033.06140    0.971518   0.952343
  1033.07220    0.983733   0.952713
  1033.08240    0.977960   0.953062
  1033.09320    0.954195   0.953429
  1033.10400    0.956458   0.953795
  1033.11480    1.008863   0.954160
  1033.12560    1.014188   0.954523
  1033.13580    1.018749   0.954864
  1033.14660    1.023309   0.955224
  1033.15740    1.002606   0.955582
  1033.16820    0.982669   0.955939
  1033.17840    0.943213   0.956275
  1033.18920    0.949303   0.956629
  1033.20000    0.932811   0.956981
  1033.21080    0.932777   0.957332
  1033.22160    0.900974   0.957681
  1033.23180    0.901325   0.958009
  1033.24260    0.952199   0.958355
  1033.25340    0.951400   0.958700
  1033.26420    0.914621   0.959043
  1033.27440    0.937938   0.959365
  1033.28520    0.941349   0.959705
  1033.29600    0.972319   0.960043
  1033.30680    0.946258   0.960380
  1033.31760    0.943928   0.960715
  1033.32780    0.954996   0.961030
  1033.33860    0.948838   0.961362
  1033.34940    0.944211   0.961693
  1033.36020    0.956809   0.962022
  1033.37040    0.987398   0.962331
  1033.38120    0.983537   0.962657
  1033.39200    0.937572   0.962981
  1033.40280    0.966628   0.963304
  1033.41360    0.923342   0.963625
  1033.42380    0.976897   0.963926
  1033.43460    0.979543   0.964244
  1033.44540    0.937788   0.964561
  1033.45620    0.959955   0.964876
  1033.46640    0.974851   0.965171
  1033.47720    0.941134   0.965483
  1033.48800    0.899762   0.965793
  1033.49880    0.960588   0.966102
  1033.50960    0.978161   0.966409
  1033.51980    0.968943   0.966697
  1033.53060    0.917619   0.967001
  1033.54140    0.961220   0.967303
  1033.55220    0.964632   0.967604
  1033.56240    0.951586   0.967886
  1033.57320    0.997484   0.968183
  1033.58400    0.996302   0.968479
  1033.59480    0.984020   0.968774
  1033.60560    1.000828   0.969066
  1033.61580    1.014575   0.969341
  1033.62660    1.039804   0.969631
  1033.63740    0.998049   0.969919
  1033.64820    0.980792   0.970205
  1033.65840    0.975784   0.970474
  1033.66920    0.999481   0.970758
  1033.68000    0.989879   0.971039
  1033.69080    1.051087   0.971319
  1033.70160    1.098133   0.971598
  1033.71180    1.031883   0.971860
  1033.72260    1.101895   0.972135
  1033.73340    1.089996   0.972409
  1033.74420    1.058193   0.972681
  1033.75440    1.020651   0.972937
  1033.76520    1.027507   0.973206
  1033.77600    1.017904   0.973473
  1033.78680    0.972705   0.973739
  1033.79760    0.997551   0.974004
  1033.80780    0.953501   0.974252
  1033.81860    0.971458   0.974513
  1033.82940    0.987883   0.974773
  1033.84020    0.997801   0.975031
  1033.85040    1.006573   0.975273
  1033.86120    0.990846   0.975528
  1033.87200    1.034064   0.975782
  1033.88280    1.006854   0.976034
  1033.89360    0.975817   0.976284
  1033.90380    0.983058   0.976519
  1033.91460    0.973455   0.976766
  1033.92540    1.027391   0.977012
  1033.93620    1.033481   0.977256
  1033.94640    1.010101   0.977485
  1033.95720    0.997819   0.977726
  1033.96800    1.006589   0.977965
  1033.97880    0.997369   0.978203
  1033.98960    0.991211   0.978440
  1033.99980    0.962090   0.978661
  1034.01060    0.985405   0.978895
  1034.02140    1.006040   0.979127
  1034.03220    0.968879   0.979357
  1034.04240    0.984540   0.979573
  1034.05320    0.948144   0.979800
  1034.06400    0.918255   0.980026
  1034.07480    0.949608   0.980250
  1034.08560    0.960675   0.980472
  1034.09580    0.951457   0.980681
  1034.10660    0.926161   0.980901
  1034.11740    0.940672   0.981119
  1034.12820    0.941404   0.981335
  1034.13840    0.965103   0.981538
  1034.14920    0.960859   0.981752
  1034.16000    0.977284   0.981964
  1034.17080    1.007489   0.982174
  1034.18160    1.004393   0.982383
  1034.19180    0.959196   0.982579
  1034.20260    0.957631   0.982785
  1034.21340    0.922383   0.982989
  1034.22420    0.927326   0.983192
  1034.23440    0.936097   0.983383
  1034.24520    0.969747   0.983583
  1034.25600    0.950192   0.983781
  1034.26680    0.940590   0.983978
  1034.27760    1.023232   0.984174
  1034.28780    1.012100   0.984357
  1034.29860    0.963073   0.984550
  1034.30940    1.000550   0.984741
  1034.32020    1.016975   0.984931
  1034.33040    0.986323   0.985109
  1034.34120    1.017676   0.985296
  1034.35200    1.036397   0.985481
  1034.36280    0.992346   0.985665
  1034.37360    1.019489   0.985847
  1034.38380    0.992281   0.986018
  1034.39460    0.977702   0.986198
  1034.40540    0.974607   0.986376
  1034.41620    0.971128   0.986553
  1034.42640    0.980283   0.986718
  1034.43720    1.018525   0.986892
  1034.44800    1.006626   0.987065
  1034.45880    1.026496   0.987236
  1034.46960    1.008090   0.987405
  1034.47980    1.016479   0.987564
  1034.49060    0.975872   0.987731
  1034.50140    0.998039   0.987896
  1034.51220    0.991116   0.988060
  1034.52240    0.950511   0.988214
  1034.53320    0.989519   0.988375
  1034.54400    1.005561   0.988535
  1034.55480    0.971079   0.988693
  1034.56560    1.008556   0.988850
  1034.57580    1.005080   0.988997
  1034.58660    1.032988   0.989152
  1034.59740    1.034485   0.989305
  1034.60820    1.001534   0.989456
  1034.61840    1.015282   0.989598
  1034.62920    0.988837   0.989747
  1034.64000    0.966604   0.989895
  1034.65080    0.949729   0.990041
  1034.66160    0.975723   0.990186
  1034.67180    0.963060   0.990321
  1034.68260    0.993647   0.990464
  1034.69340    0.977538   0.990604
  1034.70420    1.014632   0.990744
  1034.71440    1.002734   0.990875
  1034.72520    0.975525   0.991012
  1034.73600    0.962477   0.991147
  1034.74680    0.946368   0.991282
  1034.75760    0.963558   0.991415
  1034.76780    0.966206   0.991539
  1034.77860    0.938996   0.991669
  1034.78940    0.960014   0.991799
  1034.80020    0.961895   0.991926
  1034.81040    0.958801   0.992046
  1034.82120    0.930060   0.992171
  1034.83200    0.949930   0.992295
  1034.84280    0.965207   0.992418
  1034.85360    0.988139   0.992540
  1034.86380    0.956338   0.992653
  1034.87460    0.995346   0.992773
  1034.88540    0.951678   0.992890
  1034.89620    0.983030   0.993007
  1034.90640    0.998692   0.993116
  1034.91720    0.996362   0.993230
  1034.92800    0.997859   0.993343
  1034.93880    0.966822   0.993455
  1034.94960    1.012719   0.993565
  1034.95980    1.019577   0.993668
  1034.97060    1.007295   0.993776
  1034.98140    1.039796   0.993883
  1034.99220    1.061580   0.993989
  1035.00240    1.049683   0.994088
  1035.01320    1.060749   0.994191
  1035.02400    1.038515   0.994293
  1035.03480    1.064127   0.994394
  1035.04560    0.998258   0.994494
  1035.05580    1.036885   0.994587
  1035.06660    1.049866   0.994685
  1035.07740    1.005049   0.994781
  1035.08820    0.988557   0.994876
  1035.09840    0.994649   0.994965
  1035.10920    0.939881   0.995058
  1035.12000    0.985013   0.995150
  1035.13080    0.952827   0.995241
  1035.14160    0.951263   0.995331
  1035.15180    0.933241   0.995414
  1035.16260    0.963828   0.995502
  1035.17340    0.968388   0.995588
  1035.18420    0.991703   0.995673
  1035.19440    0.979040   0.995753
  1035.20520    0.954892   0.995836
  1035.21600    0.929979   0.995918
  1035.22680    0.939132   0.995999
  1035.23760    0.966274   0.996079
  1035.24780    0.963180   0.996154
  1035.25860    0.990323   0.996231
  1035.26940    0.994117   0.996308
  1035.28020    1.004418   0.996384
  1035.29040    1.006683   0.996455
  1035.30120    0.988659   0.996528
  1035.31200    0.981353   0.996601
  1035.32280    0.989740   0.996673
  1035.33360    1.011907   0.996744
  1035.34380    1.011875   0.996810
  1035.35460    0.969738   0.996878
  1035.36540    0.984249   0.996946
  1035.37620    0.970436   0.997013
  1035.38640    0.952797   0.997075
  1035.39720    0.968074   0.997140
  1035.40800    0.963830   0.997204
  1035.41880    0.977958   0.997267
  1035.42960    0.967208   0.997329
  1035.43980    0.960669   0.997387
  1035.45060    0.967142   0.997447
  1035.46140    0.975147   0.997506
  1035.47220    1.024489   0.997564
  1035.48240    1.018716   0.997619
  1035.49320    1.030165   0.997675
  1035.50400    1.020945   0.997731
  1035.51480    1.051150   0.997786
  1035.52560    1.002505   0.997840
  1035.53580    0.929366   0.997890
  1035.54660    0.971436   0.997942
  1035.55740    0.980972   0.997993
  1035.56820    0.963331   0.998044
  1035.57840    0.966362   0.998091
  1035.58920    0.917335   0.998139
  1035.60000    0.953663   0.998187
  1035.61080    0.957457   0.998234
  1035.62160    1.001441   0.998281
  1035.63180    1.017485   0.998324
  1035.64260    0.979176   0.998368
  1035.65340    0.992156   0.998412
  1035.66420    0.944277   0.998455
  1035.67440    0.951135   0.998495
  1035.68520    0.951484   0.998537
  1035.69600    0.934992   0.998578
  1035.70680    0.919265   0.998618
  1035.71760    0.912725   0.998657
  1035.72780    0.945227   0.998693
  1035.73860    0.943663   0.998731
  1035.74940    0.954346   0.998768
  1035.76020    0.958140   0.998804
  1035.77040    0.979543   0.998838
  1035.78120    0.986399   0.998873
  1035.79200    1.009714   0.998907
  1035.80280    1.015805   0.998941
  1035.81360    1.028402   0.998973
  1035.82380    1.015739   0.999004
  1035.83460    1.001926   0.999035
  1035.84540    1.003806   0.999066
  1035.85620    1.010662   0.999096
  1035.86640    1.000679   0.999124
  1035.87720    1.020932   0.999153
  1035.88800    0.997167   0.999181
  1035.89880    1.029668   0.999208
  1035.90960    1.058724   0.999235
  1035.91980    1.013144   0.999260
  1035.93060    1.006986   0.999286
  1035.94140    0.997383   0.999311
  1035.95220    1.000412   0.999335
  1035.96240    1.038273   0.999358
  1035.97320    1.020250   0.999381
  1035.98400    1.033996   0.999404
  1035.99480    1.015207   0.999426
  1036.00560    1.015939   0.999448
  1036.01580    1.022797   0.999467
  1036.02660    1.010897   0.999488
  1036.03740    1.024260   0.999508
  1036.04820    1.033413   0.999527
  1036.05840    0.997019   0.999545
  1036.06920    0.995072   0.999564
  1036.08000    1.021831   0.999582
  1036.09080    1.028687   0.999599
  1036.10160    1.003392   0.999616
  1036.11180    1.016374   0.999631
  1036.12260    1.009833   0.999647
  1036.13340    1.003675   0.999663
  1036.14420    1.023545   0.999678
  1036.15440    1.012413   0.999692
  1036.16520    1.014676   0.999706
  1036.17600    1.009667   0.999719
  1036.18680    0.985137   0.999733
  1036.19760    1.011131   0.999745
  1036.20780    1.017223   0.999757
  1036.21860    1.000731   0.999769
  1036.22940    0.965483   0.999781
  1036.24020    0.991860   0.999792
  1036.25040    1.010966   0.999802
  1036.26120    1.005191   0.999812
  1036.27200    0.989082   0.999822
  1036.28280    0.964551   0.999832
  1036.29360    0.947293   0.999841
  1036.30380    0.958362   0.999850
  1036.31460    0.930004   0.999858
  1036.32540    0.890929   0.999867
  1036.33620    0.906588   0.999874
  1036.34640    0.937943   0.999882
  1036.35720    0.921068   0.999889
  1036.36800    0.984572   0.999896
  1036.37880    0.984922   0.999903
  1036.38960    0.970726   0.999909
  1036.39980    0.985239   0.999915
  1036.41060    0.987119   0.999920
  1036.42140    1.008520   0.999926
  1036.43220    0.990879   0.999931
  1036.44240    0.988168   0.999936
  1036.45320    0.967848   0.999941
  1036.46400    0.981211   0.999945
  1036.47480    0.970078   0.999950
  1036.48560    0.973872   0.999954
  1036.49580    0.962357   0.999957
  1036.50660    0.963472   0.999961
  1036.51740    0.986404   0.999964
  1036.52820    0.976036   0.999967
  1036.53840    1.017725   0.999970
  1036.54920    1.012333   0.999973
  1036.56000    1.004261   0.999976
  1036.57080    1.007289   0.999978
  1036.58160    1.027542   0.999980
  1036.59180    1.020621   0.999982
  1036.60260    1.004511   0.999984
  1036.61340    0.967732   0.999986
  1036.62420    0.967316   0.999988
  1036.63440    0.992929   0.999989
  1036.64520    0.957299   0.999990
  1036.65600    0.994393   0.999992
  1036.66680    1.003546   0.999993
  1036.67760    0.982077   0.999994
  1036.68780    1.025298   0.999995
  1036.69860    1.015695   0.999996
  1036.70940    1.027910   0.999996
  1036.72020    0.967017   0.999997
  1036.73040    0.994544   0.999997
  1036.74120    1.016328   0.999998
  1036.75200    0.989501   0.999998
  1036.76280    0.961526   0.999999
  1036.77360    0.938527   0.999999
  1036.78380    0.982895   0.999999
  1036.79460    0.937313   0.999999
  1036.80540    0.969049   1.000000
  1036.81620    0.947580   1.000000
  1036.82640    0.964007   1.000000
  1036.83720    0.957467   1.000000
  1036.84800    0.970447   1.000000
  1036.85880    0.973475   1.000000
  1036.86960    0.988752   1.000000
  1036.87980    0.996376   1.000000
  1036.89060    0.989835   1.000000
  1036.90140    0.963391   1.000000
  1036.91220    0.978285   1.000000
  1036.92240    0.996243   1.000000
  1036.93320    0.997358   1.000000
  1036.94400    0.997324   1.000000
  1036.95480    1.006477   1.000000
  1036.96560    1.013333   1.000000
  1036.97580    0.993397   1.000000
  1036.98660    0.974609   1.000000
  1036.99740    0.957733   1.000000
