  1244.90318    0.868829   1.000000
  1245.06245    0.890706   1.000000
  1245.14280    0.991139   1.000000
  1245.22200    0.841268   1.000000
  1245.30120    0.967686   1.000000
  1245.38126    0.965905   1.000000
  1245.46046    1.046488   1.000000
  1245.53966    1.063982   1.000000
  1245.61886    1.084762   1.000000
  1245.69893    1.059094   1.000000
  1245.77813    1.028334   1.000000
  1245.85733    0.916504   1.000000
  1245.93653    1.013291   1.000000
  1246.01573    1.086762   1.000000
  1246.09478    1.030230   1.000000
  1246.17298    0.992966   1.000000
  1246.25218    1.008636   1.000000
  1246.33238    0.948275   1.000000
  1246.41144    0.821362   1.000000
  1246.49064    0.992966   1.000000
  1246.56984    0.933543   1.000000
  1246.64904    0.943049   1.000000
  1246.72810    0.924133   1.000000
  1246.80730    0.842819   1.000000
  1246.88650    0.997549   1.000000
  1246.96670    0.957049   1.000000
  1247.04590    0.971257   1.000000
  1247.12496    0.997549   1.000000
  1247.20531    1.034986   1.000000
  1247.28754    1.015160   1.000000
  1247.38963    1.064963   1.000000
  1247.45213    0.986585   1.000000
  1247.52499    0.868029   1.000000
  1247.61154    0.930110   1.000000
  1247.65733    0.860071   1.000000
  1247.70312    0.973048   1.000000
  1247.74906    1.130666   1.000000
  1247.84064    1.043601   1.000000
  1247.88643    1.046488   1.000000
  1247.93237    0.860864   1.000000
  1247.97715    1.040721   1.000000
  1248.02294    1.038806   1.000000
  1248.06787    1.018907   1.000000
  1248.11366    1.005853   1.000000
  1248.15946    0.997549   1.000000
  1248.20539    1.073827   1.000000
  1248.25118    0.965905   1.000000
  1248.34277    0.929254   1.000000
  1248.38870    1.118238   1.000000
  1248.43450    1.139028   1.000000
  1248.48029    1.012359   1.000000
  1248.52622    1.190514   1.000000
  1248.57202    0.998468   1.000000
  1248.61781    0.866432   1.000000
  1248.66360    1.005853   1.000000
  1248.70954    0.980244   1.000000
  1248.75533    0.918194   1.000000
  1248.80112    1.086762   1.000000
  1248.84706    0.944788   1.000000
  1248.89285    1.100866   1.000000
  1248.93864    0.968577   1.000000
  1248.98443    1.025497   1.000000
  1249.03037    1.067909   1.000000
  1249.07616    0.997549   1.000000
  1249.12195    0.920734   1.000000
  1249.16789    1.028334   1.000000
  1249.21368    0.972152   1.000000
  1249.25947    1.042640   1.000000
  1249.30526    0.990226   1.000000
  1249.35005    0.897293   1.000000
  1249.39584    0.992052   1.000000
  1249.44163    1.060070   1.000000
  1249.48757    0.953530   1.000000
  1249.53235    1.153810   1.000000
  1249.57814    0.928398   1.000000
  1249.66987    1.106966   1.000000
  1249.71466    0.893993   1.000000
  1249.76045    0.931825   1.000000
  1249.80638    1.231783   1.000000
  1249.85218    0.952652   1.000000
  1249.89797    0.958814   1.000000
  1249.94390    0.987494   1.000000
  1249.98970    1.093791   1.000000
  1250.03549    1.073827   1.000000
  1250.08128    1.022667   1.000000
  1250.12722    0.983862   1.000000
  1250.17301    1.010495   1.000000
  1250.21880    0.913134   1.000000
  1250.26474    0.957931   1.000000
  1250.31053    0.968577   1.000000
  1250.35632    1.039763   1.000000
  1250.40211    1.079778   0.999687
  1250.44805    0.970363   0.998618
  1250.49384    1.051319   0.997226
  1250.53963    1.031180   0.995480
  1250.58557    1.019845   0.993460
  1250.63136    1.002154   0.991269
  1250.67715    0.978440   0.988877
  1250.72294    0.962353   0.986190
  1250.76989    0.904762   0.983337
  1250.81568    0.997549   0.980516
  1250.86147    0.928398   0.977357
  1250.90726    1.037849   0.974032
  1250.95320    0.926690   0.970688
  1250.99899    0.981148   0.967287
  1251.04478    1.011427   0.963608
  1251.09072    1.064963   0.959821
  1251.13651    0.879294   0.956108
  1251.18230    0.876061   0.952294
  1251.22810    0.863246   0.948406
  1251.27403    1.010495   0.944404
  1251.31982    0.997549   0.940298
  1251.36562    0.867230   0.936192
  1251.41155    0.890706   0.931988
  1251.45734    0.972152   0.927811
  1251.50314    0.962353   0.923602
  1251.54893    0.889886   0.919358
  1251.59486    0.825913   0.915077
  1251.64066    0.978440   0.910873
  1251.68645    0.885797   0.906707
  1251.73238    0.957049   0.902440
  1251.77818    0.970363   0.898135
  1251.82397    0.910614   0.893871
  1251.86990    0.940447   0.889615
  1251.91570    0.849834   0.885451
  1251.96149    0.874449   0.881449
  1252.00728    0.965016   0.877429
  1252.05322    0.877676   0.873336
  1252.09901    0.926690   0.869378
  1252.14480    0.928398   0.865418
  1252.19074    0.936989   0.861692
  1252.23653    0.743591   0.857961
  1252.28232    0.775058   0.854218
  1252.32811    0.888248   0.850667
  1252.37405    0.832788   0.847270
  1252.41984    0.876868   0.843848
  1252.55736    0.838947   0.834513
  1252.60315    0.851401   0.831662
  1252.64894    0.740857   0.828951
  1252.74067    0.850618   0.823919
  1252.78963    0.834323   0.821458
  1252.83557    0.837403   0.819306
  1252.88136    0.723326   0.817363
  1252.92715    0.814581   0.815561
  1253.01888    0.721331   0.812345
  1253.11046    0.762315   0.810132
  1253.15640    0.840493   0.809184
  1253.20219    0.793112   0.808474
  1253.29277    0.813082   0.807601
  1253.33870    0.808601   0.807405
  1253.43029    0.860071   0.807630
  1253.47622    0.831255   0.808006
  1253.52202    0.827436   0.808616
  1253.61360    0.876868   0.810307
  1253.65954    0.793112   0.811416
  1253.70418    0.856119   0.812671
  1253.74997    0.746336   0.814130
  1253.79590    0.839720   0.815818
  1253.84170    0.783672   0.817685
  1253.88749    0.809346   0.819517
  1253.93328    0.804145   0.821692
  1254.02501    0.782951   0.826446
  1254.07080    0.817588   0.829031
  1254.11674    0.853757   0.831792
  1254.16253    0.753936   0.834592
  1254.20832    0.837403   0.837545
  1254.25411    0.820605   0.840635
  1254.30005    0.893170   0.843904
  1254.34584    0.849834   0.847242
  1254.39163    0.849834   0.850581
  1254.43757    0.884982   0.854129
  1254.48336    0.793843   0.857737
  1254.52915    0.905596   0.861404
  1254.57494    0.848270   0.865092
  1254.62088    0.760211   0.868979
  1254.66667    1.069878   0.872847
  1254.71246    0.861657   0.876804
  1254.75840    0.839720   0.880724
  1254.80419    0.947402   0.884863
  1254.84998    0.908938   0.888899
  1254.89578    0.842043   0.892876
  1254.94171    0.830490   0.897042
  1254.98750    0.838947   0.901140
  1255.03330    0.780790   0.905317
  1255.07923    1.061046   0.909463
  1255.12502    0.856119   0.913492
  1255.17082    0.983862   0.917560
  1255.21661    0.906430   0.921656
  1255.26254    0.885797   0.925758
  1255.30834    0.872036   0.929704
  1255.35413    0.931825   0.933732
  1255.40006    0.918194   0.937699
  1255.44802    0.977540   0.941706
  1255.49381    0.920734   0.945519
  1255.53960    0.852971   0.949273
  1255.58554    1.030230   0.952989
  1255.63133    0.980244   0.956557
  1255.67712    1.161273   0.960079
  1255.72306    1.022667   0.963528
  1255.76885    1.078784   0.966836
  1255.81464    0.989314   0.970119
  1255.86043    0.927544   0.973179
  1255.90637    0.987494   0.976144
  1255.95216    1.010495   0.979033
  1255.99795    0.943049   0.981762
  1256.04389    0.915660   0.984395
  1256.08968    1.009565   0.986827
  1256.13547    0.991139   0.989111
  1256.18126    0.926690   0.991204
  1256.22720    1.011427   0.993192
  1256.27299    1.139028   0.994904
  1256.31878    1.133795   0.996397
  1256.36472    1.088766   0.997741
  1256.41051    1.061046   0.998810
  1256.45630    1.001231   0.999548
  1256.50210    0.928398   0.999964
  1256.54803    0.930110   1.000000
  1256.59382    0.963240   1.000000
  1256.63962    1.127546   1.000000
  1256.68555    1.043601   1.000000
  1256.73134    0.856908   1.000000
  1256.77714    0.860864   1.000000
  1256.82293    1.046488   1.000000
  1256.86886    0.868829   1.000000
  1256.91365    1.080773   1.000000
  1256.95944    1.045525   1.000000
  1257.00538    1.141128   1.000000
  1257.05117    0.917348   1.000000
  1257.09696    1.237469   1.000000
  1257.14290    0.948275   1.000000
  1257.18970    0.967686   1.000000
  1257.23650    0.898948   1.000000
  1257.28330    1.208188   1.000000
  1257.32923    0.879294   1.000000
  1257.37502    0.971257   1.000000
  1257.42082    0.987494   1.000000
  1257.46661    0.957049   1.000000
  1257.51254    0.879294   1.000000
  1257.55834    0.932684   1.000000
  1257.60413    0.884167   1.000000
  1257.65006    0.919887   1.000000
  1257.69586    0.909776   1.000000
  1257.74165    0.837403   1.000000
  1257.78744    0.895642   1.000000
  1257.83338    1.196009   1.000000
  1257.87917    1.145340   1.000000
  1257.92496    1.050351   1.000000
  1257.97090    1.024553   1.000000
  1258.01669    0.988404   1.000000
  1258.06248    0.828198   1.000000
  1258.10827    0.987494   1.000000
  1258.15536    0.971257   1.000000
  1258.20115    1.017969   1.000000
  1258.24694    1.055199   1.000000
  1258.29288    0.950024   1.000000
  1258.33867    1.084762   1.000000
  1258.38446    0.904762   1.000000
  1258.43040    0.948275   1.000000
  1258.47619    0.881727   1.000000
  1258.52198    1.002154   1.000000
  1258.56778    0.912293   1.000000
  1258.61371    1.050351   1.000000
  1258.65950    0.910614   1.000000
  1258.70530    1.169861   1.000000
  1258.75123    1.001231   1.000000
  1258.79702    1.005853   1.000000
  1258.84282    0.921583   1.000000
  1258.88861    0.993881   1.000000
  1258.93454    0.950024   1.000000
  1258.98134    1.021726   1.000000
  1259.02714    1.167708   1.000000
  1259.07293    0.938716   1.000000
  1259.11886    1.008636   1.000000
  1259.16466    1.064963   1.000000
  1259.21045    0.892348   1.000000
  1259.25538    0.942181   1.000000
  1259.30117    0.955288   1.000000
  1259.34696    0.999389   1.000000
  1259.39290    0.945659   1.000000
  1259.43869    1.064963   1.000000
  1259.48448    0.992966   1.000000
  1259.53027    1.091778   1.000000
  1259.57621    1.095808   1.000000
  1259.62200    1.034033   1.000000
  1259.66779    0.911453   1.000000
  1259.71373    0.868029   1.000000
  1259.75952    1.106966   1.000000
  1259.80531    1.032130   1.000000
  1259.85110    0.866432   1.000000
  1259.89704    1.054228   1.000000
  1259.94283    1.015160   1.000000
  1259.98862    0.943918   1.000000
  1260.03456    0.978440   1.000000
  1260.08035    1.021726   1.000000
  1260.12614    0.966795   1.000000
  1260.17194    1.226124   1.000000
  1260.21787    1.056171   1.000000
  1260.26251    0.977540   1.000000
  1260.30830    1.033081   1.000000
  1260.35410    1.040721   1.000000
  1260.40003    1.024553   1.000000
  1260.44582    1.017031   1.000000
  1260.49162    0.909776   1.000000
  1260.53755    0.893170   1.000000
  1260.58334    1.126508   1.000000
  1260.62914    1.024553   1.000000
  1260.67507    1.053257   1.000000
  1260.72086    1.046488   1.000000
  1260.76666    0.868029   1.000000
  1260.81245    0.902266   1.000000
  1260.85838    1.055199   1.000000
  1260.90418    0.994797   1.000000
  1260.94997    1.218244   1.000000
  1260.99590    0.954409   1.000000
  1261.04170    1.036894   1.000000
  1261.08749    1.063003   1.000000
  1261.13328    0.986585   1.000000
  1261.17922    0.956168   1.000000
  1261.22501    0.957049   1.000000
  1261.27080    1.244327   1.000000
  1261.31674    1.127546   1.000000
  1261.36253    1.017969   1.000000
  1261.40832    0.933543   1.000000
  1261.45411    1.065944   1.000000
  1261.50005    0.913975   1.000000
  1261.54584    0.906430   1.000000
  1261.59163    1.060070   1.000000
  1261.63757    1.031180   1.000000
  1261.68336    1.037849   1.000000
  1261.72915    1.202636   1.000000
  1261.77494    0.986585   1.000000
  1261.82088    0.907265   1.000000
  1261.86667    1.033081   1.000000
  1261.91246    0.913975   1.000000
  1261.95840    0.935264   1.000000
