    25.71667    0.962799   1.000000
    25.85000    0.966279   1.000000
    25.98333    0.976053   1.000000
    27.26667    0.945255   1.000000
    27.40000    1.054097   1.000000
    27.65000    1.024872   1.000000
    27.78333    0.932001   1.000000
    27.91667    1.022631   1.000000
    28.03333    0.951500   1.000000
    28.30000    0.976768   1.000000
    28.43333    1.158553   1.000000
    28.55000    0.949879   1.000000
    28.68333    1.053382   1.000000
    28.95000    1.070450   1.000000
    29.06667    0.950308   1.000000
    29.20000    0.936721   1.000000
    29.33333    0.921751   1.000000
    29.58333    1.038507   1.000000
    29.71667    1.076504   1.000000
    29.85000    1.030259   1.000000
    29.96667    0.969188   1.000000
    30.23333    1.006660   1.000000
    30.36667    1.029306   1.000000
    30.48333    0.891429   1.000000
    30.61667    0.949784   1.000000
    30.88333    0.971285   1.000000
    31.00000    0.976053   1.000000
    31.13333    1.051427   1.000000
    31.26667    1.008329   1.000000
    31.51667    1.026350   1.000000
    31.65000    0.937865   1.000000
    31.78333    0.989497   1.000000
    31.90000    1.028734   1.000000
    32.16667    1.035408   1.000000
    32.30000    0.980677   1.000000
    32.41667    0.925136   1.000000
    32.55000    0.971142   1.000000
    33.06667    0.998031   1.000000
    33.20000    1.113357   1.000000
    33.45000    1.024681   1.000000
    33.58333    0.964420   1.000000
    33.71667    1.003657   1.000000
    33.83333    1.101486   1.000000
    35.38333    0.990641   0.989876
    35.51667    1.017578   0.981745
    35.65000    1.037125   0.972151
    35.78333    0.942871   0.961826
    36.03333    0.942203   0.941005
    36.16667    0.928473   0.929421
    36.30000    0.943681   0.917936
    36.41667    0.847759   0.908080
    36.68333    0.908449   0.886586
    36.80000    0.908545   0.878119
    36.93333    0.856198   0.869158
    37.06667    0.838176   0.861301
    37.31667    0.854767   0.849995
    37.45000    0.851621   0.846126
    37.58333    0.831836   0.843832
    37.71667    0.837557   0.843233
    37.96667    0.796270   0.846484
    38.10000    0.859821   0.850398
    38.23333    0.857103   0.855881
    38.35000    0.879844   0.861543
    38.61667    0.826734   0.877865
    38.75000    0.878176   0.887335
    38.86667    1.012667   0.896098
    39.00000    0.915124   0.906515
    39.26667    0.968949   0.927803
    39.38333    0.867354   0.937141
    39.51667    0.873265   0.947541
    39.65000    0.941536   0.957519
    39.90000    0.917031   0.974630
    40.03333    1.155931   0.982527
    40.16667    1.026636   0.989279
    40.28333    1.012667   0.994107
    40.55000    1.022727   0.999926
    41.20000    1.018436   1.000000
    41.31667    0.933002   1.000000
    41.45000    1.022774   1.000000
    41.58333    0.922323   1.000000
    41.83333    0.955696   1.000000
    41.96667    1.016481   1.000000
    42.10000    1.019151   1.000000
    42.21667    1.009092   1.000000
    42.35000    1.034932   1.000000
    42.48333    0.915982   1.000000
    42.61667    1.020105   1.000000
