  1225.79006    1.001462   1.000000
  1225.93262    1.017266   1.000000
  1226.09966    0.962575   1.000000
  1226.24942    0.992281   1.000000
  1226.41646    0.990455   1.000000
  1226.56622    1.007012   1.000000
  1226.71598    1.048660   1.000000
  1226.88302    0.974170   1.000000
  1227.43310    0.954629   1.000000
  1227.58286    1.001462   1.000000
  1227.74990    0.998699   1.000000
  1227.89966    0.982279   1.000000
  1228.04942    1.018204   1.000000
  1228.21646    1.006085   1.000000
  1228.36622    1.039046   1.000000
  1228.53326    1.010729   1.000000
  1228.68302    1.006085   1.000000
  1228.83278    1.021962   1.000000
  1228.99982    0.981374   1.000000
  1229.14958    0.974170   1.000000
  1229.31662    1.031418   1.000000
  1229.46638    0.996861   1.000000
  1229.61614    0.991367   1.000000
  1229.78318    1.033320   1.000000
  1229.93294    0.987722   1.000000
  1230.09998    1.021962   1.000000
  1230.24974    1.001462   1.000000
  1230.39950    0.945006   1.000000
  1230.56654    0.977765   1.000000
  1230.71630    0.965239   1.000000
  1230.88334    0.997780   1.000000
  1231.03310    1.032368   1.000000
  1231.20014    0.990455   1.000000
  1231.34990    0.996861   1.000000
  1231.49966    0.998699   1.000000
  1231.66670    1.026679   1.000000
  1231.81646    0.943267   1.000000
  1231.98350    0.979568   1.000000
  1232.13326    0.995027   1.000000
  1232.28302    1.021962   1.000000
  1232.45006    1.017266   1.000000
  1232.59982    1.021962   1.000000
  1232.74958    0.995943   1.000000
  1232.91662    0.997780   1.000000
  1233.06638    0.975966   1.000000
  1233.23342    0.991367   1.000000
  1233.38318    0.985904   1.000000
  1233.53294    0.984996   1.000000
  1233.69998    1.003309   1.000000
  1233.84974    1.033320   1.000000
  1234.01678    1.015394   1.000000
  1234.16654    0.971482   1.000000
  1234.31630    0.995027   1.000000
  1234.48334    0.975966   1.000000
  1234.63310    0.991367   1.000000
  1234.78286    0.997780   1.000000
  1234.94990    0.987722   1.000000
  1235.09966    1.015394   1.000000
  1235.26670    1.016330   1.000000
  1235.41646    0.995027   1.000000
  1235.56622    1.015394   1.000000
  1235.73326    1.054471   1.000000
  1235.88302    1.008869   1.000000
  1236.05006    0.985904   1.000000
  1236.19982    0.985904   1.000000
  1236.34958    0.969694   1.000000
  1236.51662    1.007012   1.000000
  1236.66638    0.983184   1.000000
  1236.81614    1.015394   1.000000
  1236.98318    1.014459   1.000000
  1237.13294    0.979568   1.000000
  1237.29998    0.961689   1.000000
  1237.44974    1.055443   1.000000
  1237.59950    1.003309   1.000000
  1237.76654    0.954629   1.000000
  1237.91630    1.020081   1.000000
  1238.08334    1.036179   1.000000
  1238.23310    0.977765   1.000000
  1238.38286    1.009798   1.000000
  1238.54990    0.984090   1.000000
  1238.69966    1.055443   1.000000
  1238.86670    0.996861   1.000000
  1239.01646    1.013525   1.000000
  1239.18350    1.024789   1.000000
  1239.33326    0.985904   1.000000
  1239.50030    0.972377   1.000000
  1239.65006    0.995943   1.000000
  1239.81710    1.019142   1.000000
  1239.96686    0.993195   1.000000
  1240.13390    1.004233   1.000000
  1240.28366    1.004233   1.000000
  1240.45070    0.998699   1.000000
  1240.60046    1.030468   1.000000
  1240.75022    1.063248   1.000000
  1240.91726    0.965239   1.000000
  1241.06702    1.015394   1.000000
  1241.23262    0.968801   1.000000
  1241.38382    0.988632   1.000000
  1241.53358    1.013525   1.000000
  1241.70062    1.010729   1.000000
  1241.85038    1.021021   1.000000
  1242.01598    0.986813   1.000000
  1242.16718    0.984996   1.000000
  1242.33278    0.988632   1.000000
  1242.48398    0.999619   1.000000
  1242.64958    0.991367   1.000000
  1242.79934    0.999619   1.000000
  1242.96638    1.030468   1.000000
  1243.13342    0.966128   1.000000
  1243.28318    1.006085   1.000000
  1243.45022    1.005159   1.000000
  1243.59998    1.041921   1.000000
  1243.76702    0.996861   1.000000
  1243.91678    1.004233   1.000000
  1244.08382    1.029520   1.000000
  1244.23358    0.960804   1.000000
  1244.40062    0.995943   1.000000
  1244.55038    1.067173   1.000000
  1244.71598    1.010729   1.000000
  1244.86718    0.998699   1.000000
  1245.03278    1.041921   1.000000
  1245.18398    1.023846   1.000000
  1245.34958    0.994110   1.000000
  1245.49934    1.027625   1.000000
  1245.66638    1.042881   1.000000
  1245.83342    1.035225   1.000000
  1245.98318    0.984090   1.000000
  1246.15022    1.013525   1.000000
  1246.29998    0.967018   1.000000
  1246.46702    0.987722   1.000000
  1246.63262    0.967909   1.000000
  1246.78382    0.972377   1.000000
  1246.94942    0.997780   1.000000
  1247.11646    1.022903   1.000000
  1247.26622    0.977765   1.000000
  1247.43326    1.046730   1.000000
  1247.58302    1.007012   1.000000
  1247.75006    0.989543   1.000000
  1247.89982    0.976865   1.000000
  1248.08270    0.974170   1.000000
  1248.23390    0.972377   1.000000
  1248.39950    0.995027   1.000000
  1248.56654    0.994110   1.000000
  1248.71630    1.029520   1.000000
  1248.88334    0.963462   1.000000
  1249.03310    0.995943   1.000000
  1249.20014    0.958153   1.000000
  1249.36718    0.994110   1.000000
  1249.51694    1.028572   1.000000
  1249.68398    1.035225   1.000000
  1249.84958    1.044804   1.000000
  1249.99934    0.967909   1.000000
  1250.16638    0.986813   1.000000
  1250.31614    0.979568   1.000000
  1250.48318    1.006085   1.000000
  1250.63294    0.998699   1.000000
  1250.79998    1.007012   1.000000
  1250.94974    0.987722   1.000000
  1251.11678    0.996861   1.000000
  1251.26654    1.035225   1.000000
  1251.43358    1.002385   1.000000
  1251.58334    0.987722   1.000000
  1251.75038    1.017266   1.000000
  1251.90014    0.989543   1.000000
  1252.06718    0.993195   1.000000
  1252.21694    0.981374   1.000000
  1252.38398    1.019142   1.000000
  1252.53374    0.997780   1.000000
  1252.69934    0.964350   1.000000
  1252.85054    0.997780   1.000000
  1253.01614    1.013525   1.000000
  1253.16734    1.007940   1.000000
  1253.33294    1.011660   1.000000
  1253.48270    0.962575   1.000000
  1253.64974    1.003309   1.000000
  1253.79950    0.981374   1.000000
  1253.96654    0.967018   1.000000
  1254.11630    1.017266   1.000000
  1254.28334    0.974170   1.000000
  1254.43310    1.000540   1.000000
  1254.60014    0.953750   1.000000
  1254.74990    1.009798   1.000000
  1254.91694    1.019142   1.000000
  1255.06670    0.979568   1.000000
  1255.23374    0.959035   1.000000
  1255.38350    1.011660   1.000000
  1255.55054    1.013525   1.000000
  1255.70030    1.047694   1.000000
  1255.86734    1.013525   1.000000
  1256.01710    0.978666   1.000000
  1256.18270    1.022903   1.000000
  1256.33390    1.034272   1.000000
  1256.49950    0.986813   1.000000
  1256.65070    1.002385   1.000000
  1256.81630    1.003309   1.000000
  1256.96606    1.034272   1.000000
  1257.13310    1.032368   1.000000
  1257.28286    1.039046   1.000000
  1257.44990    1.014459   1.000000
  1257.59966    1.002385   1.000000
  1257.76670    1.024789   1.000000
  1257.91646    0.983184   0.999420
  1258.08350    1.056415   0.996664
  1258.23326    1.024789   0.992864
  1258.40030    0.998699   0.987589
  1258.55006    0.967909   0.981900
  1258.71710    0.984090   0.974850
  1258.86686    0.970587   0.967592
  1259.03390    0.975966   0.958862
  1259.18366    0.955509   0.950456
  1259.35070    0.917560   0.940338
  1259.50046    0.953750   0.930798
  1259.66606    0.934619   0.919692
  1259.81726    0.891733   0.909021
  1259.98286    0.890912   0.896995
  1260.13262    0.869030   0.885623
  1260.29966    0.887635   0.872707
  1260.44942    0.850031   0.860756
  1260.61646    0.844568   0.847049
  1260.76622    0.856317   0.834501
  1260.93326    0.790378   0.820385
  1261.08302    0.817024   0.807478
  1261.25006    0.801373   0.792901
  1261.39982    0.737623   0.779797
  1261.56686    0.732208   0.764958
  1261.71662    0.749954   0.751665
  1261.88366    0.722162   0.736966
  1262.03342    0.718182   0.723722
  1262.20046    0.708981   0.709141
  1262.35022    0.720169   0.696187
  1262.51726    0.680824   0.682065
  1262.66702    0.690295   0.669670
  1262.83262    0.667167   0.656402
  1262.98382    0.630717   0.644869
  1263.14942    0.664102   0.632885
  1263.30062    0.654990   0.623126
  1263.46622    0.566806   0.613519
  1263.61598    0.599011   0.606397
  1263.78302    0.619205   0.600940
  1263.93278    0.590792   0.598344
  1264.09982    0.590792   0.597725
  1264.24958    0.609024   0.597980
  1264.41662    0.606785   0.599963
  1264.56638    0.606785   0.604030
  1264.73342    0.626087   0.610919
  1264.88318    0.601776   0.618806
  1265.05022    0.629556   0.629109
  1265.19998    0.636553   0.639429
  1265.36702    0.626087   0.651589
  1265.51678    0.627241   0.663066
  1265.68382    0.653183   0.676287
  1265.83358    0.722162   0.688745
  1266.00062    0.704425   0.702697
  1266.15038    0.719506   0.715425
  1266.31598    0.731534   0.729705
  1266.46718    0.748574   0.742793
  1266.63278    0.759687   0.757182
  1266.78398    0.830682   0.770248
  1266.94958    0.791835   0.784538
  1267.09934    0.824584   0.797429
  1267.26638    0.788923   0.811575
  1267.41614    0.832213   0.824132
  1267.58318    0.875457   0.837906
  1267.73294    0.804331   0.850013
  1267.89998    0.849248   0.863308
  1268.04974    0.851598   0.874983
  1268.21678    0.874651   0.887547
  1268.36654    0.926904   0.898474
  1268.53358    0.931182   0.910326
  1268.68334    0.920947   0.920469
  1268.85038    0.889272   0.931384
  1269.00014    0.968801   0.940603
  1269.16718    0.966128   0.950383
  1269.31694    0.920099   0.958630
  1269.48398    0.926904   0.967147
  1269.63374    0.985904   0.974153
  1269.79934    0.940664   0.981114
  1269.95054    0.992281   0.986790
  1270.11614    1.017266   0.992073
  1270.26734    0.949368   0.995969
  1270.43294    0.967018   0.999001
  1270.58270    0.994110   1.000000
  1270.74974    0.993195   1.000000
  1280.06654    0.993195   1.000000
  1280.23358    1.015394   1.000000
  1280.38334    0.992281   1.000000
  1280.55038    0.959035   1.000000
  1280.70014    0.943267   1.000000
  1280.86718    1.003309   1.000000
  1281.01694    1.005159   1.000000
  1281.18398    1.025734   1.000000
  1281.33374    0.994110   1.000000
  1281.49934    1.016330   1.000000
  1281.65054    1.013525   1.000000
  1281.81614    1.001462   1.000000
  1281.96734    0.991367   1.000000
  1282.13294    1.024789   1.000000
  1282.28270    0.987722   1.000000
  1282.44974    1.001462   1.000000
  1282.59950    1.006085   1.000000
  1282.76654    1.039046   1.000000
  1282.91630    1.041921   1.000000
  1283.08334    0.991367   1.000000
  1283.23310    1.002385   1.000000
  1283.40014    1.030468   1.000000
  1283.54990    0.989543   1.000000
  1283.71694    1.012592   1.000000
  1283.86670    0.990455   1.000000
  1284.03374    1.006085   1.000000
  1284.18350    1.008869   1.000000
  1284.35054    0.999619   1.000000
  1284.50030    0.996861   1.000000
  1284.66734    0.995943   1.000000
  1284.81710    0.972377   1.000000
  1284.98270    1.035225   1.000000
  1285.13390    1.013525   1.000000
  1285.29950    0.984996   1.000000
  1285.45070    1.026679   1.000000
  1285.61630    0.995027   1.000000
  1285.76606    0.993195   1.000000
  1285.93310    0.994110   1.000000
  1286.08286    0.961689   1.000000
  1286.24990    0.981374   1.000000
  1286.39966    0.976865   1.000000
  1286.56670    1.040961   1.000000
  1286.73374    0.987722   1.000000
  1286.88350    0.994110   1.000000
  1287.05054    1.000540   1.000000
  1287.20030    1.054471   1.000000
  1287.36734    1.008869   1.000000
  1287.51710    0.991367   1.000000
  1287.68270    1.021021   1.000000
  1287.83390    1.014459   1.000000
  1287.99950    1.007012   1.000000
  1288.15070    1.004233   1.000000
  1288.31630    0.974170   1.000000
  1288.46606    0.952872   1.000000
  1288.63310    0.989543   1.000000
  1288.78286    0.960804   1.000000
  1288.94990    1.041921   1.000000
  1289.09966    1.031418   1.000000
  1289.26670    0.992281   1.000000
  1289.41646    0.972377   1.000000
  1289.58350    0.972377   1.000000
  1289.73326    1.007012   1.000000
  1289.90030    0.986813   1.000000
  1290.06734    1.012592   1.000000
  1290.21710    1.009798   1.000000
  1290.38270    1.006085   1.000000
  1290.53390    0.968801   1.000000
  1290.69950    1.026679   1.000000
  1290.85070    1.007012   1.000000
  1291.01630    0.979568   1.000000
  1291.16606    1.014459   1.000000
  1291.33310    1.025734   1.000000
  1291.48286    0.998699   1.000000
  1291.64990    0.971482   1.000000
  1291.79966    1.025734   1.000000
  1291.96670    0.969694   1.000000
  1292.11646    1.017266   1.000000
  1292.28350    0.984996   1.000000
  1292.43326    1.005159   1.000000
  1292.60030    1.014459   1.000000
  1292.75006    0.934619   1.000000
  1292.91710    0.990455   1.000000
  1293.06686    0.977765   1.000000
  1293.23390    0.979568   1.000000
  1293.38366    0.982279   1.000000
  1293.55070    1.001462   1.000000
  1293.70046    1.000540   1.000000
  1293.86606    1.010729   1.000000
  1294.01726    1.011660   1.000000
  1294.18286    1.021962   1.000000
  1294.33262    1.003309   1.000000
  1294.49966    0.980471   1.000000
  1294.64942    0.967909   1.000000
  1294.81646    1.011660   1.000000
  1294.96622    1.010729   1.000000
  1295.13326    1.021962   1.000000
  1295.28302    0.972377   1.000000
  1295.45006    0.999619   1.000000
  1295.59982    0.995943   1.000000
  1295.76686    1.003309   1.000000
  1295.91662    1.003309   1.000000
  1296.08366    1.021962   1.000000
  1296.23342    0.999619   1.000000
  1296.40046    1.016330   1.000000
  1296.55022    1.012592   1.000000
  1296.71726    0.966128   1.000000
  1296.86702    1.007012   1.000000
  1297.03262    1.048660   1.000000
  1297.18382    0.988632   1.000000
  1297.34942    0.970587   1.000000
  1297.50062    0.967909   1.000000
  1297.66622    1.037133   1.000000
  1297.81598    0.996861   1.000000
  1297.98302    0.986813   1.000000
  1298.13278    0.998699   1.000000
  1298.29982    0.969694   1.000000
  1298.44958    1.016330   1.000000
  1298.61662    1.002385   1.000000
  1298.78366    1.007012   1.000000
  1298.93342    0.999619   1.000000
  1299.10046    1.004233   1.000000
  1299.25022    1.015394   1.000000
  1299.41726    1.040961   1.000000
  1299.56702    0.993195   1.000000
  1299.73262    1.007012   1.000000
  1299.88382    0.989543   1.000000
  1300.04942    0.952872   1.000000
  1300.20062    1.009798   1.000000
  1300.36622    0.981374   1.000000
  1300.51598    0.965239   1.000000
  1300.68302    0.979568   1.000000
  1300.83278    0.995943   1.000000
  1300.99982    0.996861   1.000000
  1301.14958    0.984090   1.000000
  1301.36702    0.986813   1.000000
  1301.53262    1.008869   1.000000
  1301.68382    1.027625   1.000000
  1301.84942    1.000540   1.000000
  1302.00062    0.964350   1.000000
  1302.16622    1.021021   1.000000
  1302.33326    0.999619   1.000000
  1302.48302    0.987722   1.000000
  1302.65006    1.012592   1.000000
  1302.79982    0.966128   1.000000
  1302.96686    1.017266   1.000000
  1303.11662    0.994110   1.000000
  1303.28366    1.005159   1.000000
  1303.43342    1.002385   1.000000
  1303.60046    0.973273   1.000000
  1303.76606    0.981374   1.000000
  1303.91726    1.025734   1.000000
  1304.08286    1.004233   1.000000
  1304.23262    0.990455   1.000000
  1304.39966    0.989543   1.000000
  1304.54942    1.010729   1.000000
