  1397.21612    0.845526   1.000000
  1397.22145    0.837401   1.000000
  1397.22678    0.938149   1.000000
  1397.23212    0.813027   1.000000
  1397.23745    0.674362   1.000000
  1397.24278    0.758861   1.000000
  1397.24812    0.839568   1.000000
  1397.25345    0.749111   1.000000
  1397.25878    1.123396   1.000000
  1397.26412    0.896442   1.000000
  1397.26945    0.721487   1.000000
  1397.27478    1.006398   1.000000
  1397.28012    1.021564   1.000000
  1397.28545    1.122854   1.000000
  1397.29078    1.022106   1.000000
  1397.29612    0.961982   1.000000
  1397.30145    0.872067   1.000000
  1397.30678    1.014523   1.000000
  1397.31212    1.025356   1.000000
  1397.31745    1.032397   1.000000
  1397.32278    1.057314   1.000000
  1397.32812    0.778902   1.000000
  1397.33345    1.031314   1.000000
  1397.33878    1.054064   1.000000
  1397.34412    0.810318   1.000000
  1397.34945    0.885609   1.000000
  1397.35478    0.966315   1.000000
  1397.36012    0.893192   1.000000
  1397.36545    0.735028   1.000000
  1397.37078    0.912150   1.000000
  1397.37612    1.117979   1.000000
  1397.38145    0.933816   1.000000
  1397.38678    1.173770   1.000000
  1397.39212    1.197061   1.000000
  1397.39745    1.104979   1.000000
  1397.40278    0.837401   1.000000
  1397.40812    1.074647   1.000000
  1397.41345    0.692237   1.000000
  1397.41878    0.829818   1.000000
  1397.42412    1.037272   1.000000
  1397.42945    0.868276   1.000000
  1397.43478    0.984190   1.000000
  1397.44012    0.752361   1.000000
  1397.44545    0.821151   1.000000
  1397.45078    0.867734   1.000000
  1397.45612    0.956566   1.000000
  1397.46145    0.832526   1.000000
  1397.46678    0.818985   1.000000
  1397.47212    1.091438   1.000000
  1397.47745    1.074105   1.000000
  1397.48278    0.852567   1.000000
  1397.48812    0.881275   1.000000
  1397.49345    0.912691   1.000000
  1397.49878    1.031314   1.000000
  1397.50412    0.917566   1.000000
  1397.50945    1.037272   1.000000
  1397.51478    0.859609   1.000000
  1397.52012    0.844984   1.000000
  1397.52545    1.005315   1.000000
  1397.53078    0.951691   0.999999
  1397.53612    0.942482   0.999999
  1397.54145    0.973899   0.999998
  1397.54678    1.012898   0.999997
  1397.55212    1.041064   0.999995
  1397.55745    0.860151   0.999994
  1397.56278    0.879109   0.999991
  1397.56812    1.031314   0.999989
  1397.57345    1.005315   0.999985
  1397.57878    1.164562   0.999982
  1397.58412    1.081688   0.999977
  1397.58945    0.953857   0.999972
  1397.59478    1.077897   0.999967
  1397.60012    0.994481   0.999960
  1397.60545    0.965774   0.999953
  1397.61078    1.043772   0.999945
  1397.61612    0.857442   0.999936
  1397.62145    1.008023   0.999926
  1397.62678    1.058397   0.999915
  1397.63212    0.926774   0.999903
  1397.63745    0.907275   0.999890
  1397.64278    0.959274   0.999875
  1397.64812    1.142354   0.999860
  1397.65345    1.073563   0.999843
  1397.65878    0.882900   0.999825
  1397.66412    0.918650   0.999805
  1397.66945    0.867192   0.999785
  1397.67478    0.922441   0.999762
  1397.68012    0.833609   0.999738
  1397.68545    0.884525   0.999713
  1397.69078    1.134229   0.999686
  1397.69612    1.110938   0.999658
  1397.70145    1.006398   0.999627
  1397.70678    1.030231   0.999595
  1397.71212    0.889942   0.999562
  1397.71745    1.208977   0.999526
  1397.72278    1.140729   0.999488
  1397.72812    0.906733   0.999449
  1397.73345    1.143979   0.999408
  1397.73878    0.945732   0.999364
  1397.74412    0.917566   0.999319
  1397.74945    0.857984   0.999272
  1397.75478    0.990690   0.999222
  1397.76012    0.867734   0.999170
  1397.76545    1.068147   0.999116
  1397.77078    0.985273   0.999060
  1397.77612    1.010190   0.999002
  1397.78145    0.762652   0.998941
  1397.78678    0.962524   0.998877
  1397.79212    0.899692   0.998812
  1397.79745    0.794069   0.998744
  1397.80278    1.070855   0.998673
  1397.80812    1.237685   0.998600
  1397.81345    0.887233   0.998525
  1397.81878    0.925149   0.998447
  1397.82412    1.128812   0.998366
  1397.82945    0.994481   0.998282
  1397.83478    0.982023   0.998196
  1397.84012    1.144520   0.998107
  1397.84545    1.087105   0.998016
  1397.85078    1.026981   0.997921
  1397.85612    0.913775   0.997824
  1397.86145    0.768069   0.997724
  1397.86678    1.037272   0.997621
  1397.87212    1.168353   0.997516
  1397.87745    1.097938   0.997407
  1397.88278    1.107146   0.997296
  1397.88812    1.039439   0.997181
  1397.89345    1.164562   0.997064
  1397.89878    0.992315   0.996943
  1397.90412    0.939774   0.996819
  1397.90945    1.097938   0.996693
  1397.91478    1.182978   0.996563
  1397.92012    0.904566   0.996430
  1397.92545    0.792985   0.996294
  1397.93078    0.972815   0.996155
  1397.93612    0.764277   0.996013
  1397.94145    0.876400   0.995868
  1397.94678    0.792444   0.995719
  1397.95212    0.910525   0.995567
  1397.95745    0.947899   0.995412
  1397.96278    0.853651   0.995254
  1397.96812    0.915400   0.995092
  1397.97345    1.030772   0.994928
  1397.97878    0.828735   0.994760
  1397.98412    0.975524   0.994588
  1397.98945    1.055689   0.994414
  1397.99478    0.715528   0.994236
  1398.00012    1.149395   0.994054
  1398.00545    0.704695   0.993870
  1398.01078    0.844443   0.993682
  1398.01612    1.181895   0.993491
  1398.02145    1.044856   0.993296
  1398.02678    0.876942   0.993098
  1398.03212    0.821151   0.992897
  1398.03745    0.777277   0.992692
  1398.04278    0.892108   0.992484
  1398.04812    0.900775   0.992273
  1398.05345    0.950066   0.992058
  1398.05878    1.036189   0.991840
  1398.06412    0.869900   0.991619
  1398.06945    0.928399   0.991394
  1398.07478    1.056772   0.991166
  1398.08012    0.973357   0.990934
  1398.08545    0.862859   0.990700
  1398.09078    0.890483   0.990462
  1398.09612    0.846609   0.990220
  1398.10145    1.087646   0.989976
  1398.10678    1.231185   0.989728
  1398.11212    0.865567   0.989476
  1398.11745    1.053522   0.989222
  1398.12278    0.996648   0.988964
  1398.12812    1.291309   0.988703
  1398.13345    0.932733   0.988438
  1398.13878    0.794069   0.988171
  1398.14412    0.857984   0.987900
  1398.14945    1.206269   0.987626
  1398.15478    1.314601   0.987348
  1398.16012    1.104438   0.987068
  1398.16545    1.071397   0.986784
  1398.17078    1.237144   0.986497
  1398.17612    0.854192   0.986207
  1398.18145    0.801652   0.985914
  1398.18678    0.909441   0.985618
  1398.19212    0.906191   0.985319
  1398.19745    1.029148   0.985016
  1398.20278    1.241477   0.984711
  1398.20812    0.690070   0.984403
  1398.21345    0.818985   0.984091
  1398.21878    0.918108   0.983777
  1398.22412    0.866651   0.983459
  1398.22945    0.874234   0.983139
  1398.23478    0.970107   0.982816
  1398.24012    0.738278   0.982490
  1398.24545    0.779444   0.982161
  1398.25078    0.668404   0.981830
  1398.25612    1.021023   0.981495
  1398.26145    0.734486   0.981158
  1398.26678    0.839026   0.980818
  1398.27212    1.037272   0.980475
  1398.27745    0.881275   0.980130
  1398.28278    1.066522   0.979782
  1398.28812    1.082230   0.979432
  1398.29345    0.970649   0.979079
  1398.29878    0.999898   0.978723
  1398.30412    1.170520   0.978365
  1398.30945    1.178645   0.978004
  1398.31478    0.811402   0.977641
  1398.32012    0.810318   0.977276
  1398.32545    0.957649   0.976908
  1398.33078    0.988523   0.976538
  1398.33612    0.844984   0.976166
  1398.34145    1.101188   0.975791
  1398.34678    0.768611   0.975414
  1398.35212    0.910525   0.975035
  1398.35745    1.003690   0.974654
  1398.36278    0.706862   0.974271
  1398.36812    1.009648   0.973886
  1398.37345    0.846609   0.973499
  1398.37878    1.133146   0.973110
  1398.38412    1.020481   0.972719
  1398.38945    1.027523   0.972326
  1398.39478    0.917025   0.971931
  1398.40012    1.080063   0.971535
  1398.40545    0.935441   0.971136
  1398.41078    0.825485   0.970737
  1398.41612    0.878025   0.970335
  1398.42145    0.729611   0.969932
  1398.42678    0.667321   0.969527
  1398.43212    0.856359   0.969121
  1398.43745    0.987440   0.968714
  1398.44278    1.015606   0.968305
  1398.44812    1.010190   0.967895
  1398.45345    1.212769   0.967483
  1398.45878    1.002065   0.967070
  1398.46412    1.062189   0.966656
  1398.46945    1.266393   0.966241
  1398.47478    1.069230   0.965825
  1398.48012    1.149395   0.965408
  1398.48545    1.281559   0.964990
  1398.49078    1.026439   0.964570
  1398.49612    1.086021   0.964150
  1398.50145    1.264768   0.963729
  1398.50678    1.434848   0.963308
  1398.51212    1.054605   0.962885
  1398.51745    0.955482   0.962462
  1398.52278    1.043231   0.962039
  1398.52812    1.233352   0.961615
  1398.53345    1.222519   0.961190
  1398.53878    0.837943   0.960765
  1398.54412    0.722028   0.960339
  1398.54945    1.049189   0.959914
  1398.55478    0.737736   0.959487
  1398.56012    1.144520   0.959061
  1398.56545    1.164020   0.958635
  1398.57078    0.673279   0.958208
  1398.57612    0.803277   0.957782
  1398.58145    1.025356   0.957355
  1398.58678    0.973357   0.956928
  1398.59212    1.122312   0.956502
  1398.59745    0.935983   0.956076
  1398.60278    1.275601   0.955650
  1398.60812    1.181353   0.955224
  1398.61345    1.150479   0.954799
  1398.61878    0.922983   0.954374
  1398.62412    1.156437   0.953950
  1398.62945    1.104979   0.953526
  1398.63478    1.051897   0.953102
  1398.64012    0.903483   0.952680
  1398.64545    1.016689   0.952258
  1398.65078    0.911608   0.951837
  1398.65612    0.961982   0.951416
  1398.66145    0.964690   0.950997
  1398.66678    1.132062   0.950578
  1398.67212    1.065438   0.950161
  1398.67745    0.918108   0.949745
  1398.68278    1.005856   0.949329
  1398.68812    0.978232   0.948915
  1398.69345    1.231185   0.948502
  1398.69878    1.182436   0.948091
  1398.70412    1.265851   0.947680
  1398.70945    1.225227   0.947272
  1398.71478    1.136396   0.946864
  1398.72012    1.039981   0.946458
  1398.72545    1.275060   0.946054
  1398.73078    1.171603   0.945651
  1398.73612    0.898608   0.945251
  1398.74145    0.951691   0.944851
  1398.74678    0.899150   0.944454
  1398.75212    1.013981   0.944059
  1398.75745    1.173770   0.943665
  1398.76278    0.918108   0.943274
  1398.76812    0.872067   0.942884
  1398.77345    0.815193   0.942497
  1398.77878    0.768069   0.942111
  1398.78412    0.946816   0.941728
  1398.78945    0.828735   0.941348
  1398.79478    0.937066   0.940969
  1398.80012    1.114729   0.940593
  1398.80545    0.857442   0.940219
  1398.81078    1.153729   0.939848
  1398.81612    1.008565   0.939480
  1398.82145    1.026439   0.939114
  1398.82678    0.862317   0.938750
  1398.83212    0.951149   0.938390
  1398.83745    1.057314   0.938032
  1398.84278    1.168353   0.937677
  1398.84812    0.957107   0.937325
  1398.85345    0.813568   0.936975
  1398.85878    0.839026   0.936629
  1398.86412    1.171603   0.936286
  1398.86945    0.893192   0.935946
  1398.87478    0.886692   0.935608
  1398.88012    1.420224   0.935274
  1398.88545    1.161312   0.934944
  1398.89078    0.888858   0.934616
  1398.89612    0.945191   0.934292
  1398.90145    1.068147   0.933971
  1398.90678    0.988523   0.933654
  1398.91212    0.863401   0.933340
  1398.91745    0.941941   0.933030
  1398.92278    1.052439   0.932723
  1398.92812    1.030231   0.932420
  1398.93345    1.069230   0.932120
  1398.93878    1.243102   0.931824
  1398.94412    0.952774   0.931532
  1398.94945    0.885609   0.931244
  1398.95478    0.874775   0.930959
  1398.96012    0.869900   0.930678
  1398.96545    0.964149   0.930401
  1398.97078    1.078980   0.930129
  1398.97612    0.954399   0.929860
  1398.98145    0.963065   0.929595
  1398.98678    0.828735   0.929334
  1398.99212    0.899692   0.929077
  1398.99745    0.858526   0.928825
  1399.00278    1.076272   0.928577
  1399.00812    1.219269   0.928332
  1399.01345    0.716070   0.928093
  1399.01878    0.913233   0.927857
  1399.02412    1.118521   0.927626
  1399.02945    0.964690   0.927399
  1399.03478    0.894817   0.927176
  1399.04012    0.919191   0.926958
  1399.04545    0.861776   0.926745
  1399.05078    0.828193   0.926536
  1399.05612    1.056772   0.926331
  1399.06145    0.622905   0.926131
  1399.06678    0.781610   0.925936
  1399.07212    0.914316   0.925745
  1399.07745    0.989065   0.925559
  1399.08278    0.733945   0.925377
  1399.08812    0.893192   0.925200
  1399.09345    0.853109   0.925028
  1399.09878    0.582281   0.924861
  1399.10412    0.736111   0.924699
  1399.10945    0.739361   0.924541
  1399.11478    0.880734   0.924388
  1399.12012    0.664613   0.924240
  1399.12545    0.668404   0.924097
  1399.13078    0.810860   0.923958
  1399.13612    0.693320   0.923825
  1399.14145    0.745861   0.923697
  1399.14678    0.776736   0.923573
  1399.15212    0.679237   0.923455
  1399.15745    0.798402   0.923341
  1399.16278    1.002606   0.923232
  1399.16812    0.771861   0.923129
  1399.17345    0.727445   0.923030
  1399.17878    0.882900   0.922937
  1399.18412    0.916483   0.922849
  1399.18945    0.906191   0.922765
  1399.19478    0.903483   0.922687
  1399.20012    0.938149   0.922614
  1399.20545    0.844984   0.922546
  1399.21078    0.665696   0.922483
  1399.21612    0.874234   0.922425
  1399.22145    0.777819   0.922372
  1399.22678    0.782152   0.922325
  1399.23212    0.908358   0.922283
  1399.23745    0.788652   0.922245
  1399.24278    0.972274   0.922213
  1399.24812    0.876942   0.922186
  1399.25345    0.816276   0.922165
  1399.25878    0.753986   0.922148
  1399.26412    0.658113   0.922137
  1399.26945    0.885609   0.922130
  1399.27478    0.918650   0.922129
  1399.28012    0.935441   0.922133
  1399.28545    1.037814   0.922143
  1399.29078    1.332475   0.922157
  1399.29612    0.931649   0.922176
  1399.30145    0.885067   0.922201
  1399.30678    0.887233   0.922231
  1399.31212    0.678154   0.922266
  1399.31745    0.831443   0.922306
  1399.32278    0.732861   0.922351
  1399.32812    0.963065   0.922402
  1399.33345    0.802193   0.922457
  1399.33878    0.835776   0.922518
  1399.34412    0.703612   0.922584
  1399.34945    1.025898   0.922654
  1399.35478    0.878567   0.922730
  1399.36012    0.651613   0.922811
  1399.36545    1.283184   0.922897
  1399.37078    1.087105   0.922988
  1399.37612    1.148854   0.923084
  1399.38145    1.188395   0.923185
  1399.38678    1.001523   0.923291
  1399.39212    1.032397   0.923402
  1399.39745    0.859609   0.923518
  1399.40278    0.592572   0.923639
  1399.40812    0.918650   0.923764
  1399.41345    0.884525   0.923895
  1399.41878    0.713903   0.924030
  1399.42412    0.740986   0.924171
  1399.42945    0.648363   0.924316
  1399.43478    0.782152   0.924466
  1399.44012    0.957649   0.924620
  1399.44545    0.744778   0.924780
  1399.45078    0.752903   0.924944
  1399.45612    0.699279   0.925113
  1399.46145    0.753986   0.925286
  1399.46678    0.757236   0.925465
  1399.47212    0.857442   0.925647
  1399.47745    0.622905   0.925835
  1399.48278    1.052439   0.926027
  1399.48812    0.724737   0.926223
  1399.49345    0.775652   0.926424
  1399.49878    0.865026   0.926629
  1399.50412    0.954399   0.926839
  1399.50945    1.048647   0.927053
  1399.51478    0.642946   0.927272
  1399.52012    0.844984   0.927495
  1399.52545    1.005315   0.927722
  1399.53078    0.740445   0.927954
  1399.53612    0.904025   0.928189
  1399.54145    0.835234   0.928429
  1399.54678    0.896442   0.928673
  1399.55212    0.776194   0.928921
  1399.55745    0.894817   0.929174
  1399.56278    0.693862   0.929430
  1399.56812    0.871525   0.929690
  1399.57345    0.765902   0.929954
  1399.57878    0.947357   0.930222
  1399.58412    0.996106   0.930494
  1399.58945    1.090355   0.930770
  1399.59478    1.108771   0.931050
  1399.60012    1.088730   0.931333
  1399.60545    0.865567   0.931620
  1399.61078    0.804360   0.931911
  1399.61612    0.817360   0.932205
  1399.62145    1.016689   0.932503
  1399.62678    0.960899   0.932805
  1399.63212    0.846068   0.933109
  1399.63745    0.771861   0.933418
  1399.64278    0.846068   0.933729
  1399.64812    0.954941   0.934045
  1399.65345    1.062189   0.934363
  1399.65878    0.847151   0.934684
  1399.66412    0.980398   0.935009
  1399.66945    0.887775   0.935337
  1399.67478    0.767527   0.935668
  1399.68012    0.924066   0.936002
  1399.68545    0.899692   0.936339
  1399.69078    0.856901   0.936679
  1399.69612    0.814110   0.937022
  1399.70145    1.042147   0.937368
  1399.70678    0.882900   0.937716
  1399.71212    0.782152   0.938068
  1399.71745    1.115813   0.938422
  1399.72278    0.915941   0.938778
  1399.72812    1.064355   0.939137
  1399.73345    0.985273   0.939499
  1399.73878    0.771319   0.939863
  1399.74412    0.694404   0.940230
  1399.74945    0.853651   0.940599
  1399.75478    1.186770   0.940970
  1399.76012    0.729070   0.941344
  1399.76545    0.986898   0.941720
  1399.77078    1.008023   0.942098
  1399.77612    1.008023   0.942478
  1399.78145    0.914858   0.942860
  1399.78678    1.023731   0.943244
  1399.79212    1.067063   0.943630
  1399.79745    1.322725   0.944018
  1399.80278    0.921358   0.944408
  1399.80812    1.064355   0.944799
  1399.81345    0.780527   0.945192
  1399.81878    0.885067   0.945587
  1399.82412    1.010731   0.945984
  1399.82945    1.120146   0.946382
  1399.83478    1.267476   0.946781
  1399.84012    0.827110   0.947182
  1399.84545    1.022106   0.947585
  1399.85078    1.070855   0.947988
  1399.85612    0.900233   0.948393
  1399.86145    1.118521   0.948799
  1399.86678    1.216019   0.949207
  1399.87212    1.136396   0.949615
  1399.87745    1.310809   0.950024
  1399.88278    1.466806   0.950435
  1399.88812    1.249602   0.950846
  1399.89345    0.982023   0.951258
  1399.89878    1.076272   0.951671
  1399.90412    1.114188   0.952085
  1399.90945    0.701445   0.952499
  1399.91478    0.879650   0.952915
  1399.92012    0.758861   0.953330
  1399.92545    0.861776   0.953746
  1399.93078    1.023189   0.954163
  1399.93612    0.959815   0.954580
  1399.94145    1.035106   0.954998
  1399.94678    0.691695   0.955416
  1399.95212    0.735028   0.955834
  1399.95745    0.859067   0.956252
  1399.96278    1.037272   0.956670
  1399.96812    0.932733   0.957089
  1399.97345    1.033481   0.957507
  1399.97878    1.095230   0.957926
  1399.98412    1.136396   0.958344
  1399.98945    1.036731   0.958763
  1399.99478    1.031314   0.959181
  1400.00012    1.082230   0.959599
  1400.00545    0.989065   0.960016
  1400.01078    1.037814   0.960434
  1400.01612    1.034564   0.960851
  1400.02145    1.119604   0.961267
  1400.02678    0.914858   0.961683
  1400.03212    0.977690   0.962098
  1400.03745    1.172145   0.962513
  1400.04278    1.041064   0.962927
  1400.04812    0.997731   0.963341
  1400.05345    0.830360   0.963754
  1400.05878    1.070855   0.964165
  1400.06412    0.870984   0.964576
  1400.06945    0.946274   0.964986
  1400.07478    0.895358   0.965396
  1400.08012    1.123937   0.965804
  1400.08545    1.089813   0.966211
  1400.09078    0.995023   0.966617
  1400.09612    1.128812   0.967022
  1400.10145    1.424015   0.967425
  1400.10678    1.181353   0.967828
  1400.11212    1.258268   0.968229
  1400.11745    1.301059   0.968629
  1400.12278    1.016148   0.969027
  1400.12812    1.016148   0.969424
  1400.13345    0.971190   0.969819
  1400.13878    0.943024   0.970213
  1400.14412    0.771861   0.970606
  1400.14945    1.056772   0.970996
  1400.15478    1.321100   0.971386
  1400.16012    1.025356   0.971773
  1400.16545    0.917025   0.972159
  1400.17078    0.941399   0.972543
  1400.17612    0.927858   0.972925
  1400.18145    0.791902   0.973305
  1400.18678    0.857984   0.973683
  1400.19212    0.905108   0.974060
  1400.19745    1.003690   0.974434
  1400.20278    1.355766   0.974806
  1400.20812    1.216561   0.975177
  1400.21345    1.012898   0.975545
  1400.21878    0.906191   0.975911
  1400.22412    0.711195   0.976275
  1400.22945    1.045939   0.976637
  1400.23478    1.090355   0.976996
  1400.24012    1.323809   0.977354
  1400.24545    1.147229   0.977709
  1400.25078    1.323809   0.978061
  1400.25612    1.120687   0.978411
  1400.26145    0.925691   0.978759
  1400.26678    0.963065   0.979105
  1400.27212    1.157520   0.979448
  1400.27745    1.011273   0.979788
  1400.28278    0.938691   0.980126
  1400.28812    1.101188   0.980461
  1400.29345    0.918650   0.980794
  1400.29878    1.013439   0.981124
  1400.30412    0.926233   0.981452
  1400.30945    1.134229   0.981777
  1400.31478    0.934358   0.982099
  1400.32012    0.686279   0.982419
  1400.32545    0.889400   0.982735
  1400.33078    1.057314   0.983049
  1400.33612    1.158603   0.983360
  1400.34145    1.032939   0.983669
  1400.34678    1.211686   0.983974
  1400.35212    1.023189   0.984277
  1400.35745    1.156978   0.984577
  1400.36278    0.878025   0.984874
  1400.36812    1.118521   0.985168
  1400.37345    0.920275   0.985459
  1400.37878    1.063814   0.985747
  1400.38412    0.983107   0.986033
  1400.38945    1.070313   0.986315
  1400.39478    0.986898   0.986594
  1400.40012    1.034564   0.986870
  1400.40545    0.912691   0.987143
  1400.41078    1.058397   0.987414
  1400.41612    0.963065   0.987681
  1400.42145    0.809777   0.987945
  1400.42678    0.969024   0.988206
  1400.43212    0.960899   0.988464
  1400.43745    0.942482   0.988719
  1400.44278    1.154270   0.988970
  1400.44812    0.801652   0.989219
  1400.45345    0.878025   0.989464
  1400.45878    1.031314   0.989707
  1400.46412    0.983648   0.989946
  1400.46945    0.789194   0.990182
  1400.47478    1.068147   0.990415
  1400.48012    0.953316   0.990645
  1400.48545    0.918108   0.990872
  1400.49078    0.917566   0.991095
  1400.49612    1.056772   0.991316
  1400.50145    0.768611   0.991533
  1400.50678    0.915941   0.991747
  1400.51212    1.058397   0.991958
  1400.51745    0.830901   0.992166
  1400.52278    0.938691   0.992370
  1400.52812    0.985273   0.992572
  1400.53345    0.958190   0.992770
  1400.53878    1.018856   0.992965
  1400.54412    0.961982   0.993157
  1400.54945    0.960899   0.993346
  1400.55478    0.856901   0.993532
  1400.56012    1.006940   0.993714
  1400.56545    1.146687   0.993894
  1400.57078    1.455973   0.994070
  1400.57612    1.141270   0.994243
  1400.58145    0.906191   0.994414
  1400.58678    0.932191   0.994581
  1400.59212    1.091980   0.994745
  1400.59745    1.302142   0.994906
  1400.60278    1.030231   0.995064
  1400.60812    0.730153   0.995219
  1400.61345    1.169978   0.995370
  1400.61878    0.900775   0.995519
  1400.62412    0.986898   0.995665
  1400.62945    0.828735   0.995808
  1400.63478    0.896983   0.995948
  1400.64012    0.798402   0.996085
  1400.64545    0.907275   0.996219
  1400.65078    0.887775   0.996350
  1400.65612    1.278851   0.996478
  1400.66145    1.076272   0.996604
  1400.66678    1.038897   0.996726
  1400.67212    1.029689   0.996846
  1400.67745    1.009106   0.996963
  1400.68278    1.059480   0.997077
  1400.68812    1.011814   0.997188
  1400.69345    1.000981   0.997297
  1400.69878    0.930024   0.997402
  1400.70412    0.690612   0.997506
  1400.70945    0.892108   0.997606
  1400.71478    0.879650   0.997704
  1400.72012    0.798943   0.997799
  1400.72545    0.828735   0.997892
  1400.73078    0.824401   0.997982
  1400.73612    0.984190   0.998069
  1400.74145    1.046481   0.998154
  1400.74678    0.833068   0.998237
  1400.75212    0.940857   0.998317
  1400.75745    1.207353   0.998394
  1400.76278    0.950607   0.998470
  1400.76812    0.928941   0.998543
  1400.77345    0.918108   0.998613
  1400.77878    1.013981   0.998682
  1400.78412    0.582281   0.998748
  1400.78945    0.912691   0.998812
  1400.79478    0.761569   0.998873
  1400.80012    0.785402   0.998933
  1400.80545    0.710653   0.998990
  1400.81078    0.809777   0.999045
  1400.81612    0.840109   0.999098
  1400.82145    0.780527   0.999150
  1400.82678    0.967399   0.999199
  1400.83212    0.907275   0.999246
  1400.83745    1.020481   0.999291
  1400.84278    0.866651   0.999335
  1400.84812    0.759403   0.999377
  1400.85345    0.905650   0.999416
  1400.85878    0.637530   0.999455
  1400.86412    0.853651   0.999491
  1400.86945    0.924608   0.999526
  1400.87478    0.894817   0.999559
  1400.88012    0.980398   0.999590
  1400.88545    1.013439   0.999620
  1400.89078    0.812485   0.999648
  1400.89612    1.027523   0.999675
  1400.90145    0.921900   0.999701
  1400.90678    1.102813   0.999725
  1400.91212    0.890483   0.999747
  1400.91745    0.954941   0.999769
  1400.92278    0.935441   0.999789
  1400.92812    1.148312   0.999808
  1400.93345    0.813568   0.999825
  1400.93878    0.909441   0.999842
  1400.94412    1.021564   0.999857
  1400.94945    1.011814   0.999872
  1400.95478    1.122854   0.999885
  1400.96012    1.200311   0.999897
  1400.96545    0.995023   0.999909
  1400.97078    0.979857   0.999919
  1400.97612    1.186770   0.999929
  1400.98145    1.022106   0.999938
  1400.98678    0.896442   0.999946
  1400.99212    1.051897   0.999953
  1400.99745    0.875317   0.999959
  1401.00278    0.873692   0.999965
  1401.00812    1.077355   0.999970
  1401.01345    1.076813   0.999975
  1401.01878    0.971190   0.999979
  1401.02412    1.124479   0.999983
  1401.02945    0.976065   0.999986
  1401.03478    1.256102   0.999989
  1401.04012    1.087105   0.999991
  1401.04545    0.881817   0.999993
  1401.05078    0.808152   0.999995
  1401.05612    1.049189   0.999996
  1401.06145    1.140187   0.999997
  1401.06678    0.963607   0.999998
  1401.07212    0.945732   0.999999
  1401.07745    1.223061   0.999999
  1401.08278    1.032397   0.999999
  1401.08812    0.759403   1.000000
  1401.09345    0.852567   1.000000
  1401.09878    1.006398   1.000000
  1401.10412    0.750194   1.000000
  1401.10945    0.884525   1.000000
  1401.11478    1.009648   1.000000
  1401.12012    1.048647   1.000000
  1401.12545    1.021023   1.000000
  1401.13078    0.880734   1.000000
  1401.13612    0.919191   1.000000
  1401.14145    0.824943   1.000000
  1401.14678    0.840109   1.000000
  1401.15212    0.831443   1.000000
  1401.15745    1.037814   1.000000
  1401.16278    1.268560   1.000000
  1401.16812    1.029148   1.000000
  1401.17345    1.043231   1.000000
  1401.17878    1.007481   1.000000
  1401.18412    0.982565   1.000000
  1401.18945    0.948441   1.000000
  1401.19478    1.040522   1.000000
  1401.20012    0.865026   1.000000
  1401.20545    0.938691   1.000000
  1401.21078    0.800027   1.000000
  1401.21612    0.888858   1.000000
  1401.22145    0.886150   1.000000
  1401.22678    0.895358   1.000000
  1401.23212    1.021564   1.000000
  1401.23745    1.106063   1.000000
  1401.24278    1.005315   1.000000
  1401.24812    0.938149   1.000000
  1401.25345    0.987982   1.000000
  1401.25878    0.985815   1.000000
  1401.26412    0.968482   1.000000
  1401.26945    0.938149   1.000000
  1401.27478    0.766986   1.000000
  1401.28012    0.795152   1.000000
  1401.28545    0.827651   1.000000
  1401.29078    0.812485   1.000000
  1401.29612    0.981482   1.000000
  1401.30145    1.277226   1.000000
  1401.30678    1.088730   1.000000
  1401.31212    0.925149   1.000000
  1401.31745    0.988523   1.000000
  1401.32278    0.986898   1.000000
  1401.32812    1.031856   1.000000
  1401.33345    1.034564   1.000000
  1401.33878    0.885609   1.000000
  1401.34412    1.044856   1.000000
  1401.34945    0.875859   1.000000
  1401.35478    0.932733   1.000000
  1401.36012    1.045939   1.000000
  1401.36545    1.064897   1.000000
  1401.37078    1.077897   1.000000
  1401.37612    1.097938   1.000000
  1401.38145    0.974982   1.000000
  1401.38678    0.936524   1.000000
  1401.39212    0.804360   1.000000
  1401.39745    0.704154   1.000000
  1401.40278    0.894817   1.000000
  1401.40812    0.830901   1.000000
  1401.41345    1.045397   1.000000
  1401.41878    0.759403   1.000000
  1401.42412    0.678154   1.000000
  1401.42945    0.878025   1.000000
  1401.43478    0.726903   1.000000
  1401.44012    0.791902   1.000000
  1401.44545    0.769152   1.000000
  1401.45078    0.922441   1.000000
  1401.45612    0.812485   1.000000
  1401.46145    1.032939   1.000000
  1401.46678    0.997731   1.000000
  1401.47212    1.164562   1.000000
  1401.47745    0.852026   1.000000
  1401.48278    0.856901   1.000000
  1401.48812    1.221436   1.000000
  1401.49345    1.143437   1.000000
  1401.49878    1.055147   1.000000
  1401.50412    0.942482   1.000000
  1401.50945    1.002065   1.000000
  1401.51478    0.885067   1.000000
  1401.52012    0.914858   1.000000
  1401.52545    1.073022   1.000000
  1401.53078    1.169978   1.000000
  1401.53612    0.989607   1.000000
  1401.54145    0.821151   1.000000
  1401.54678    1.172687   1.000000
  1401.55212    1.221436   1.000000
  1401.55745    0.945732   1.000000
  1401.56278    0.776736   1.000000
  1401.56812    1.032939   1.000000
  1401.57345    1.053522   1.000000
  1401.57878    1.015606   1.000000
  1401.58412    0.969024   1.000000
  1401.58945    1.026439   1.000000
  1401.59478    0.915941   1.000000
  1401.60012    0.953857   1.000000
  1401.60545    1.099563   1.000000
  1401.61078    1.031856   1.000000
  1401.61612    1.172687   1.000000
  1401.62145    1.080605   1.000000
  1401.62678    0.937608   1.000000
  1401.63212    1.185686   1.000000
  1401.63745    1.012356   1.000000
  1401.64278    1.108229   1.000000
  1401.64812    0.953857   1.000000
  1401.65345    0.961440   1.000000
  1401.65878    0.911066   1.000000
  1401.66412    1.123396   1.000000
  1401.66945    1.178645   1.000000
  1401.67478    1.037272   1.000000
  1401.68012    1.198144   1.000000
  1401.68545    1.076272   1.000000
  1401.69078    1.057855   1.000000
  1401.69612    1.054064   1.000000
  1401.70145    0.955482   1.000000
  1401.70678    0.929483   1.000000
  1401.71212    0.918650   1.000000
  1401.71745    1.125562   1.000000
  1401.72278    1.435932   1.000000
  1401.72812    0.928941   1.000000
  1401.73345    0.967940   1.000000
  1401.73878    0.814652   1.000000
  1401.74412    0.989607   1.000000
  1401.74945    0.893192   1.000000
  1401.75478    0.906191   1.000000
  1401.76012    1.123396   1.000000
  1401.76545    1.149937   1.000000
  1401.77078    1.305392   1.000000
  1401.77612    0.978773   1.000000
  1401.78145    1.029689   1.000000
  1401.78678    1.040522   1.000000
  1401.79212    1.226852   1.000000
  1401.79745    1.201394   1.000000
  1401.80278    0.896442   1.000000
  1401.80812    0.996648   1.000000
  1401.81345    0.915941   1.000000
  1401.81878    0.927316   1.000000
  1401.82412    1.422932   1.000000
  1401.82945    1.049189   1.000000
  1401.83478    1.281559   1.000000
  1401.84012    1.230102   1.000000
  1401.84545    1.393682   1.000000
  1401.85078    1.058397   1.000000
  1401.85612    1.404516   1.000000
  1401.86145    1.083313   1.000000
  1401.86678    1.025898   1.000000
  1401.87212    0.998815   1.000000
  1401.87745    1.026981   1.000000
  1401.88278    0.969024   1.000000
  1401.88812    0.749653   1.000000
  1401.89345    0.890483   1.000000
  1401.89878    0.910525   1.000000
  1401.90412    1.187853   1.000000
  1401.90945    1.274518   1.000000
  1401.91478    0.980398   1.000000
  1401.92012    0.804360   1.000000
  1401.92545    0.728528   1.000000
  1401.93078    0.649446   1.000000
  1401.93612    0.932733   1.000000
  1401.94145    0.756153   1.000000
  1401.94678    0.722028   1.000000
  1401.95212    1.445681   1.000000
  1401.95745    0.953857   1.000000
  1401.96278    0.953857   1.000000
  1401.96812    1.019398   1.000000
  1401.97345    0.915941   1.000000
  1401.97878    0.805985   1.000000
  1401.98412    1.216019   1.000000
  1401.98945    1.179186   1.000000
  1401.99478    0.907275   1.000000
  1402.00012    1.050272   1.000000
  1402.00545    0.781610   1.000000
  1402.01078    0.959274   1.000000
  1402.01612    0.937608   1.000000
  1402.02145    1.368225   1.000000
  1402.02678    1.022648   1.000000
  1402.03212    0.785402   1.000000
  1402.03745    1.246893   1.000000
  1402.04278    1.125021   1.000000
  1402.04812    1.158603   1.000000
  1402.05345    1.004231   1.000000
  1402.05878    1.142895   1.000000
  1402.06412    0.947899   1.000000
  1402.06945    1.115813   1.000000
  1402.07478    0.832526   1.000000
  1402.08012    1.029689   1.000000
  1402.08545    1.049189   1.000000
  1402.09078    1.198686   1.000000
  1402.09612    0.811402   1.000000
  1402.10145    0.924608   1.000000
  1402.10678    1.385016   1.000000
  1402.11212    1.611970   1.000000
  1402.11745    1.045397   1.000000
  1402.12278    1.023731   1.000000
  1402.12812    1.156978   1.000000
  1402.13345    1.184603   1.000000
  1402.13878    1.050272   1.000000
  1402.14412    1.247435   1.000000
  1402.14945    0.931649   1.000000
  1402.15478    1.503097   1.000000
  1402.16012    1.505805   1.000000
  1402.16545    1.455973   1.000000
  1402.17078    1.407224   1.000000
  1402.17612    1.391516   1.000000
  1402.18145    1.153187   1.000000
  1402.18678    1.054064   1.000000
  1402.19212    1.175395   1.000000
  1402.19745    1.126104   1.000000
  1402.20278    0.922441   1.000000
  1402.20812    1.153729   1.000000
  1402.21345    1.181353   1.000000
  1402.21878    1.069230   1.000000
  1402.22412    0.833068   1.000000
  1402.22945    0.916483   1.000000
  1402.23478    0.961440   1.000000
  1402.24012    1.069772   1.000000
  1402.24545    1.135312   1.000000
  1402.25078    1.440807   1.000000
  1402.25612    1.107146   1.000000
  1402.26145    0.929483   1.000000
  1402.26678    0.855817   1.000000
  1402.27212    0.871525   1.000000
  1402.27745    1.115271   1.000000
  1402.28278    1.147770   1.000000
  1402.28812    0.881275   1.000000
  1402.29345    0.814652   1.000000
  1402.29878    0.780527   1.000000
  1402.30412    0.937066   1.000000
  1402.30945    1.096855   1.000000
  1402.31478    0.993940   1.000000
  1402.32012    0.835234   1.000000
  1402.32545    1.119604   1.000000
  1402.33078    0.978232   1.000000
  1402.33612    1.260435   1.000000
  1402.34145    1.220352   1.000000
  1402.34678    1.182436   1.000000
  1402.35212    1.082230   1.000000
  1402.35745    1.057314   1.000000
  1402.36278    0.980398   1.000000
  1402.36812    1.070313   1.000000
  1402.37345    1.137479   1.000000
  1402.37878    1.297809   1.000000
  1402.38412    1.359558   1.000000
  1402.38945    1.119604   1.000000
  1402.39478    1.045397   1.000000
  1402.40012    1.158062   1.000000
  1402.40545    0.933816   1.000000
  1402.41078    0.935441   1.000000
  1402.41612    1.112563   1.000000
  1402.42145    0.958190   1.000000
  1402.42678    1.597345   1.000000
  1402.43212    0.997190   1.000000
  1402.43745    1.026981   1.000000
  1402.44278    1.220352   1.000000
  1402.44812    1.093605   1.000000
  1402.45345    0.798402   1.000000
  1402.45878    0.927316   1.000000
  1402.46412    0.727445   1.000000
  1402.46945    0.993398   1.000000
  1402.47478    0.895900   1.000000
  1402.48012    1.070855   1.000000
  1402.48545    0.894275   1.000000
  1402.49078    1.064897   1.000000
  1402.49612    0.774569   1.000000
  1402.50145    1.106604   1.000000
  1402.50678    1.067605   1.000000
  1402.51212    1.068688   1.000000
  1402.51745    1.312434   1.000000
  1402.52278    1.110938   1.000000
  1402.52812    1.112563   1.000000
  1402.53345    1.045397   1.000000
  1402.53878    1.207894   1.000000
  1402.54412    1.134771   1.000000
