   546.04980    0.975908   1.000000
   546.06660    1.014316   1.000000
   546.08340    1.026177   1.000000
   546.10020    1.009324   1.000000
   546.13320    1.067112   1.000000
   546.15000    1.008904   1.000000
   546.16680    1.029442   1.000000
   546.19980    1.069524   1.000000
   546.21660    1.022582   1.000000
   546.23340    1.093407   1.000000
   546.25020    1.090798   1.000000
   546.28320    1.063384   1.000000
   546.30000    1.039436   1.000000
   546.31680    1.082083   1.000000
   546.33360    1.045831   1.000000
   546.36660    1.062968   1.000000
   546.38340    1.048073   1.000000
   546.40020    1.073435   1.000000
   546.43320    1.056196   1.000000
   546.45000    1.020664   1.000000
   546.46680    1.036852   1.000000
   546.48360    1.045955   1.000000
   546.51660    1.036580   1.000000
   546.53340    1.019810   1.000000
   546.55020    1.033078   1.000000
   546.58320    1.064761   1.000000
   546.60000    1.065360   1.000000
   546.61680    1.044941   1.000000
   546.63360    1.023443   1.000000
   546.66660    1.050081   1.000000
   546.68340    1.067086   1.000000
   546.70020    1.053304   1.000000
   546.73320    1.031243   1.000000
   546.75000    1.047348   1.000000
   546.76680    1.018218   1.000000
   546.78360    1.016448   1.000000
   546.81660    1.022752   1.000000
   546.83340    0.979855   1.000000
   546.85020    1.003611   1.000000
   546.86640    1.002438   1.000000
   546.90000    1.035043   1.000000
   546.91680    1.036980   1.000000
   546.93360    1.000233   1.000000
   546.96660    1.007154   1.000000
   546.98340    1.017649   1.000000
   547.00020    0.987072   1.000000
   547.01640    0.996666   1.000000
   547.05000    1.007397   1.000000
   547.06680    1.021011   1.000000
   547.08360    1.021436   1.000000
   547.11660    1.007629   1.000000
   547.13340    0.969631   1.000000
   547.15020    1.002266   1.000000
   547.16640    1.029728   1.000000
   547.20000    1.021278   1.000000
   547.21680    1.016282   1.000000
   547.23360    0.990910   1.000000
   547.26660    1.010572   1.000000
   547.28340    1.040351   1.000000
   547.30020    1.033770   1.000000
   547.31640    1.020575   1.000000
   547.35000    1.010370   1.000000
   547.36680    1.009814   1.000000
   547.38360    1.024444   1.000000
   547.39980    0.984169   1.000000
   547.43340    0.990085   1.000000
   547.45020    1.010557   1.000000
   547.46640    1.022166   1.000000
   547.50000    1.015950   1.000000
   547.51680    1.038304   1.000000
   547.53360    1.010576   1.000000
   547.54980    1.003835   1.000000
   547.58340    1.015678   1.000000
   547.60020    1.052691   1.000000
   547.61640    1.032692   1.000000
   547.65000    0.995548   1.000000
   547.66680    1.028141   1.000000
   547.68360    1.023883   1.000000
   547.69980    1.015350   1.000000
   547.73340    1.001741   1.000000
   547.75020    0.978233   1.000000
   547.76640    0.984481   1.000000
   547.80000    0.987808   1.000000
   547.81680    1.005958   1.000000
   547.83360    0.993732   1.000000
   547.84980    1.013823   1.000000
   547.88340    0.954731   1.000000
   547.90020    1.026718   1.000000
   547.91640    0.986875   1.000000
   547.93320    0.990518   1.000000
   547.96680    1.017594   1.000000
   547.98360    0.990881   1.000000
   547.99980    0.952957   1.000000
   548.03340    0.985490   1.000000
   548.05020    0.979911   1.000000
   548.06640    0.968852   1.000000
   548.08320    1.006788   1.000000
   548.11680    1.025220   1.000000
   548.13360    1.061960   1.000000
   548.14980    1.038675   1.000000
   548.18340    1.045787   1.000000
   548.20020    1.023411   1.000000
   548.21640    0.982595   1.000000
   548.23320    1.029038   1.000000
   548.26680    1.005834   1.000000
   548.28360    1.009825   1.000000
   548.29980    1.019549   1.000000
   548.33340    1.057439   1.000000
   548.35020    0.991647   1.000000
   548.36640    0.986118   1.000000
   548.38320    1.014174   1.000000
   548.41680    1.003581   1.000000
   548.43360    0.978294   1.000000
   548.44980    1.015480   1.000000
   548.46660    1.010455   1.000000
   548.50020    0.989150   1.000000
   548.51640    1.000433   1.000000
   548.53320    1.044595   1.000000
   548.56680    1.037714   1.000000
   548.58360    1.015424   1.000000
   548.59980    1.046297   1.000000
   548.61660    1.044008   1.000000
   548.65020    1.017945   1.000000
   548.66640    1.007966   1.000000
   548.68320    1.017740   1.000000
   548.71680    0.998138   1.000000
   548.73360    1.016133   1.000000
   548.74980    0.987737   1.000000
   548.76660    1.006695   1.000000
   548.80020    1.025045   1.000000
   548.81640    0.983727   1.000000
   548.83320    1.001419   1.000000
   548.86680    0.993389   1.000000
   548.88360    0.993928   1.000000
   548.89980    1.028716   1.000000
   548.91660    1.061593   1.000000
   548.95020    1.008629   1.000000
   548.96640    1.066059   1.000000
   548.98320    1.025123   1.000000
   549.00000    1.033141   1.000000
   549.03360    1.033075   1.000000
   549.04980    1.045589   1.000000
   549.06660    1.001672   1.000000
   549.10020    1.036903   1.000000
   549.11640    1.030654   1.000000
   549.13320    1.024707   1.000000
   549.15000    1.002903   1.000000
   549.18360    0.981461   1.000000
   549.19980    0.996822   1.000000
   549.21660    1.002074   1.000000
   549.25020    1.000518   1.000000
   549.26640    0.950377   1.000000
   549.28320    0.976304   1.000000
   549.30000    1.024968   1.000000
   549.33360    1.030406   1.000000
   549.34980    1.001136   1.000000
   549.36660    0.983834   1.000000
   549.40020    1.000464   1.000000
   549.41640    1.011152   1.000000
   549.43320    1.026224   1.000000
   549.45000    0.995018   1.000000
   549.48360    0.978465   1.000000
   549.49980    0.995532   1.000000
   549.51660    0.959421   1.000000
   549.53340    1.022453   1.000000
   549.56640    1.013399   1.000000
   549.58320    0.997758   1.000000
   549.60000    0.990577   1.000000
   549.63360    1.004318   1.000000
   549.64980    0.994624   1.000000
   549.66660    1.003656   1.000000
   549.68340    1.040746   1.000000
   549.71640    1.045029   1.000000
   549.73320    1.027107   1.000000
   549.75000    0.970237   1.000000
   549.78360    1.002037   1.000000
   549.79980    0.998118   1.000000
   549.81660    0.997425   1.000000
   549.83340    1.012973   1.000000
   549.86640    1.014680   1.000000
   549.88320    0.976610   1.000000
   549.90000    0.992644   1.000000
   549.93360    1.002614   1.000000
   549.94980    0.984146   1.000000
   549.96660    0.977202   1.000000
   549.98340    0.970465   1.000000
   550.01640    1.001848   1.000000
   550.03320    0.979869   1.000000
   550.05000    1.014762   1.000000
   550.06680    1.000836   1.000000
   550.09980    0.994455   1.000000
   550.11660    0.995059   1.000000
   550.13340    0.986788   1.000000
   550.16640    1.000865   1.000000
   550.18320    0.990689   0.999962
   550.20000    0.972221   0.999929
   550.21680    0.932124   0.999855
   550.24980    0.968916   0.999716
   550.26660    0.963494   0.999549
   550.28340    0.963813   0.999458
   550.31640    0.982556   0.999139
   550.33320    0.983877   0.998931
   550.35000    0.957960   0.998773
   550.36680    1.014531   0.998553
   550.39980    0.997827   0.998177
   550.41660    0.959803   0.997911
   550.43340    0.970229   0.997725
   550.46640    0.981617   0.997194
   550.48320    0.982025   0.996908
   550.50000    1.025827   0.996639
   550.51680    1.010723   0.996330
   550.54980    0.984176   0.995814
   550.56660    0.983387   0.995447
   550.58340    1.009898   0.995161
   550.60020    0.982331   0.994756
   550.63320    0.987667   0.994128
   550.65000    0.951021   0.993833
   550.66680    0.991834   0.993435
   550.69980    0.972404   0.992713
   550.71660    1.016069   0.992320
   550.73340    1.005083   0.991975
   550.75020    0.990875   0.991538
   550.78320    0.941651   0.990729
   550.80000    0.953153   0.990352
   550.81680    0.957576   0.989974
   550.84980    0.955653   0.989088
   550.86660    0.945383   0.988610
   550.88340    0.984779   0.988246
   550.90020    0.943818   0.987718
   550.93320    0.951860   0.986866
   550.95000    0.956471   0.986355
   550.96680    0.984411   0.985924
   550.99980    0.970532   0.984924
   551.01660    0.951276   0.984446
   551.03340    0.983411   0.983937
   551.05020    0.983593   0.983477
   551.08320    0.977101   0.982449
   551.10000    0.973147   0.981967
   551.11680    0.984716   0.981436
   551.13360    0.980657   0.980911
   551.16660    0.977701   0.979865
   551.18340    0.992537   0.979299
   551.20020    0.970525   0.978803
   551.23320    0.992464   0.977649
   551.25000    0.990292   0.977191
   551.26680    0.961394   0.976539
   551.28360    0.982351   0.976039
   551.31660    0.973735   0.974850
   551.33340    0.966292   0.974351
   551.35020    0.969387   0.973690
   551.38320    0.975988   0.972554
   551.40000    0.965371   0.971960
   551.41680    0.973451   0.971422
   551.43360    0.969068   0.970790
   551.46660    0.955673   0.969557
   551.48340    0.926941   0.968932
   551.50020    0.934697   0.968370
   551.53320    0.987565   0.967149
   551.55000    0.946204   0.966441
   551.56680    0.952327   0.965839
   551.58360    0.926916   0.965296
   551.61660    0.948590   0.964030
   551.63340    0.951056   0.963337
   551.65020    0.968769   0.962685
   551.66640    0.969057   0.962127
   551.70000    0.948014   0.960797
   551.71680    0.948553   0.960179
   551.73360    0.977275   0.959454
   551.76660    0.942109   0.958186
   551.78340    0.970280   0.957560
   551.80020    0.944290   0.956940
   551.81640    0.927820   0.956210
   551.85000    0.949640   0.954837
   551.86680    0.950674   0.954202
   551.88360    0.967556   0.953577
   551.91660    0.954810   0.952202
   551.93340    0.937532   0.951536
   551.95020    0.949943   0.950790
   551.96640    0.948470   0.950166
   552.00000    0.943452   0.948815
   552.01680    0.891728   0.948163
   552.03360    0.931088   0.947388
   552.06660    0.917932   0.946100
   552.08340    0.960028   0.945328
   552.10020    0.928225   0.944698
   552.11640    0.945172   0.944049
   552.15000    0.946545   0.942584
   552.16680    0.936497   0.941891
   552.18360    0.922632   0.941155
   552.19980    0.956822   0.940572
   552.23340    0.951884   0.939100
   552.25020    0.977878   0.938415
   552.26640    0.942377   0.937717
   552.30000    0.925148   0.936365
   552.31680    0.950112   0.935598
   552.33360    0.910961   0.934969
   552.34980    0.919528   0.934267
   552.38340    0.916872   0.932849
   552.40020    0.953461   0.932131
   552.41640    0.942290   0.931375
   552.45000    0.940032   0.930074
   552.46680    0.941269   0.929285
   552.48360    0.945671   0.928625
   552.49980    0.932670   0.927954
   552.53340    0.919714   0.926513
   552.55020    0.936376   0.925823
   552.56640    0.938586   0.925096
   552.60000    0.911070   0.923758
   552.61680    0.903490   0.923039
   552.63360    0.921055   0.922268
   552.64980    0.893537   0.921659
   552.68340    0.911464   0.920222
   552.70020    0.924389   0.919502
   552.71640    0.893576   0.918823
   552.73320    0.874996   0.918139
   552.76680    0.908404   0.916741
   552.78360    0.918345   0.916008
   552.79980    0.897923   0.915399
   552.83340    0.937028   0.914022
   552.85020    0.904382   0.913288
   552.86640    0.932206   0.912706
   552.88320    0.885819   0.911958
   552.91680    0.911282   0.910627
   552.93360    0.895368   0.909900
   552.94980    0.922876   0.909220
   552.98340    0.900122   0.907943
   553.00020    0.925927   0.907196
   553.01640    0.891252   0.906554
   553.03320    0.908023   0.905963
   553.06680    0.932372   0.904610
   553.08360    0.932213   0.903900
   553.09980    0.923519   0.903345
   553.13340    0.899145   0.901869
   553.15020    0.908722   0.901295
   553.16640    0.895637   0.900632
   553.18320    0.909687   0.900027
   553.21680    0.897317   0.898780
   553.23360    0.892740   0.898039
   553.24980    0.906264   0.897353
   553.26660    0.888742   0.896782
   553.30020    0.900280   0.895541
   553.31640    0.912659   0.894942
   553.33320    0.921426   0.894314
   553.36680    0.876079   0.892988
   553.38360    0.914612   0.892460
   553.39980    0.892922   0.891807
   553.41660    0.891859   0.891253
   553.45020    0.908012   0.890007
   553.46640    0.903867   0.889494
   553.48320    0.894677   0.888846
   553.51680    0.886539   0.887629
   553.53360    0.901010   0.887019
   553.54980    0.915479   0.886538
   553.56660    0.880386   0.885967
   553.60020    0.868570   0.884748
   553.61640    0.893358   0.884203
   553.63320    0.912123   0.883707
   553.66680    0.895712   0.882480
   553.68360    0.863154   0.882018
   553.69980    0.878353   0.881443
   553.71660    0.869156   0.880988
   553.75020    0.875061   0.879764
   553.76640    0.893978   0.879361
   553.78320    0.891781   0.878801
   553.80000    0.876967   0.878336
   553.83360    0.879785   0.877148
   553.84980    0.901468   0.876716
   553.86660    0.911711   0.876220
   553.90020    0.901250   0.875187
   553.91640    0.889976   0.874668
   553.93320    0.872753   0.874244
   553.95000    0.893369   0.873734
   553.98360    0.872728   0.872887
   553.99980    0.898820   0.872320
   554.01660    0.890770   0.871913
   554.05020    0.887324   0.871034
   554.06640    0.891769   0.870617
   554.08320    0.852340   0.870082
   554.10000    0.853658   0.869672
   554.13360    0.859473   0.868790
   554.14980    0.857713   0.868456
   554.16660    0.857556   0.868008
   554.20020    0.863525   0.867223
   554.21640    0.870390   0.866770
   554.23320    0.847508   0.866373
   554.25000    0.890235   0.865948
   554.28360    0.879228   0.865248
   554.29980    0.886457   0.864883
   554.31660    0.862201   0.864489
   554.33340    0.843507   0.864119
   554.36640    0.854140   0.863392
   554.38320    0.856875   0.863023
   554.40000    0.868588   0.862824
   554.43360    0.860922   0.862157
   554.44980    0.837456   0.861775
   554.46660    0.860528   0.861486
   554.48340    0.866596   0.861161
   554.51640    0.858385   0.860567
   554.53320    0.842599   0.860247
   554.55000    0.862437   0.859980
   554.58360    0.878535   0.859450
   554.59980    0.852246   0.859156
   554.61660    0.869120   0.858881
   554.63340    0.869404   0.858686
   554.66640    0.877085   0.858145
   554.68320    0.869131   0.857925
   554.70000    0.859050   0.857737
   554.73360    0.850868   0.857307
   554.74980    0.880138   0.857006
   554.76660    0.858500   0.856841
   554.78340    0.859775   0.856650
   554.81640    0.859607   0.856306
   554.83320    0.862236   0.856123
   554.85000    0.858406   0.855963
   554.86680    0.865936   0.855815
   554.89980    0.852264   0.855419
   554.91660    0.861846   0.855369
   554.93340    0.850039   0.855128
   554.96640    0.847733   0.854894
   554.98320    0.866185   0.854772
   555.00000    0.842103   0.854675
   555.01680    0.845419   0.854560
   555.04980    0.866105   0.854391
   555.06660    0.850852   0.854261
   555.08340    0.855795   0.854256
   555.11640    0.880134   0.854086
   555.13320    0.845578   0.854012
   555.15000    0.834176   0.853910
   555.16680    0.824698   0.853952
   555.19980    0.870660   0.853861
   555.21660    0.866580   0.853779
   555.23340    0.839645   0.853844
   555.26640    0.856852   0.853798
   555.28320    0.875894   0.853820
   555.30000    0.853707   0.853757
   555.31680    0.858753   0.853783
   555.34980    0.832733   0.853861
   555.36660    0.852941   0.853870
   555.38340    0.846807   0.853935
   555.40020    0.836439   0.853992
   555.43320    0.866271   0.854073
   555.45000    0.871542   0.854187
   555.46680    0.831932   0.854190
   555.49980    0.850499   0.854417
   555.51660    0.853539   0.854522
   555.53340    0.840319   0.854615
   555.55020    0.861036   0.854702
   555.58320    0.856478   0.854979
   555.60000    0.858299   0.855110
   555.61680    0.845698   0.855183
   555.64980    0.845526   0.855431
   555.66660    0.835292   0.855665
   555.68340    0.843405   0.855844
   555.70020    0.844408   0.855968
   555.73320    0.846464   0.856406
   555.75000    0.853503   0.856536
   555.76680    0.848655   0.856732
   555.79980    0.879583   0.857113
   555.81660    0.835151   0.857336
   555.83340    0.864676   0.857550
   555.85020    0.834373   0.857770
   555.88320    0.845198   0.858221
   555.90000    0.846714   0.858555
   555.91680    0.853709   0.858785
   555.93360    0.850328   0.859024
   555.96660    0.881330   0.859608
   555.98340    0.879027   0.859835
   556.00020    0.859035   0.860067
   556.03320    0.852635   0.860655
   556.05000    0.874482   0.861004
   556.06680    0.848708   0.861389
   556.08360    0.870914   0.861623
   556.11660    0.858060   0.862238
   556.13340    0.843599   0.862585
   556.15020    0.862443   0.862990
   556.18320    0.871031   0.863633
   556.20000    0.861361   0.863980
   556.21680    0.859416   0.864351
   556.23360    0.899239   0.864811
   556.26660    0.909357   0.865457
   556.28340    0.888159   0.865865
   556.30020    0.847884   0.866249
   556.33320    0.853739   0.866996
   556.35000    0.845964   0.867429
   556.36680    0.854675   0.867881
   556.38360    0.886997   0.868298
   556.41660    0.867359   0.869054
   556.43340    0.874952   0.869512
   556.45020    0.861585   0.870039
   556.46640    0.877411   0.870478
   556.50000    0.908054   0.871377
   556.51680    0.869493   0.871794
   556.53360    0.871295   0.872290
   556.56660    0.865842   0.873265
   556.58340    0.894005   0.873806
   556.60020    0.868704   0.874162
   556.61640    0.873627   0.874664
   556.65000    0.906300   0.875668
   556.66680    0.878281   0.876254
   556.68360    0.882770   0.876734
   556.71660    0.884595   0.877758
   556.73340    0.899651   0.878218
   556.75020    0.895200   0.878792
   556.76640    0.893218   0.879291
   556.80000    0.863823   0.880543
   556.81680    0.905713   0.880909
   556.83360    0.890305   0.881510
   556.86660    0.891802   0.882660
   556.88340    0.875176   0.883219
   556.90020    0.853482   0.883758
   556.91640    0.846955   0.884414
   556.95000    0.892355   0.885481
   556.96680    0.901735   0.886102
   556.98360    0.888350   0.886685
   556.99980    0.904356   0.887293
   557.03340    0.918787   0.888479
   557.05020    0.880947   0.889224
   557.06640    0.900858   0.889671
   557.10000    0.864677   0.890867
   557.11680    0.894081   0.891514
   557.13360    0.894317   0.892218
   557.14980    0.885802   0.892754
   557.18340    0.894958   0.894122
   557.20020    0.912213   0.894731
   557.21640    0.925950   0.895282
   557.25000    0.920131   0.896635
   557.26680    0.907304   0.897220
   557.28360    0.910870   0.897875
   557.29980    0.892723   0.898585
   557.33340    0.889168   0.899970
   557.35020    0.910416   0.900589
   557.36640    0.903142   0.901255
   557.40000    0.882179   0.902541
   557.41680    0.912744   0.903220
   557.43360    0.903039   0.903894
   557.44980    0.896607   0.904581
   557.48340    0.919057   0.905984
   557.50020    0.935597   0.906642
   557.51640    0.897595   0.907358
   557.53320    0.896615   0.908068
   557.56680    0.900809   0.909427
   557.58360    0.901746   0.910142
   557.59980    0.929457   0.910828
   557.63340    0.905276   0.912265
   557.65020    0.932001   0.912910
   557.66640    0.886536   0.913590
   557.68320    0.903171   0.914378
   557.71680    0.934952   0.915769
   557.73360    0.929184   0.916523
   557.74980    0.914166   0.917136
   557.78340    0.932217   0.918703
   557.80020    0.918159   0.919352
   557.81640    0.917493   0.920039
   557.83320    0.909226   0.920833
   557.86680    0.976730   0.922243
   557.88360    0.937061   0.923008
   557.89980    0.920837   0.923697
   557.93340    0.937675   0.925208
   557.95020    0.938313   0.925890
   557.96640    0.946254   0.926559
   557.98320    0.948163   0.927373
   558.01680    0.931553   0.928794
   558.03360    0.941652   0.929613
   558.04980    0.940979   0.930196
   558.06660    0.926151   0.930975
   558.10020    0.940912   0.932475
   558.11640    0.928426   0.933229
   558.13320    0.916781   0.933901
   558.16680    0.910919   0.935413
   558.18360    0.904484   0.936113
   558.19980    0.931781   0.936857
   558.21660    0.923916   0.937588
   558.25020    0.903532   0.939083
   558.26640    0.930715   0.939789
   558.28320    0.933343   0.940467
   558.31680    0.905082   0.941963
   558.33360    0.909769   0.942655
   558.34980    0.938908   0.943476
   558.36660    0.939653   0.944141
   558.40020    0.931273   0.945626
   558.41640    0.955971   0.946298
   558.43320    0.937009   0.947040
   558.46680    0.945521   0.948516
   558.48360    0.934569   0.949233
   558.49980    0.932226   0.949892
   558.51660    0.922953   0.950739
   558.55020    0.954285   0.952073
   558.56640    0.960890   0.952797
   558.58320    0.957534   0.953445
   558.60000    0.942583   0.954312
   558.63360    0.943877   0.955625
   558.64980    0.964619   0.956333
   558.66660    0.948963   0.956977
   558.70020    0.948976   0.958435
   558.71640    0.967222   0.959130
   558.73320    0.954450   0.959876
   558.75000    0.949255   0.960476
   558.78360    0.931537   0.961898
   558.79980    0.952429   0.962512
   558.81660    0.979457   0.963261
   558.85020    0.973197   0.964662
   558.86640    0.963123   0.965280
   558.88320    0.955202   0.965934
   558.90000    0.943911   0.966660
   558.93360    0.965589   0.967983
   558.94980    0.949005   0.968574
   558.96660    0.958168   0.969284
   559.00020    0.952596   0.970569
   559.01640    0.955101   0.971224
   559.03320    0.983624   0.971799
   559.05000    0.987424   0.972516
   559.08360    0.969104   0.973712
   559.09980    0.955056   0.974383
   559.11660    0.951334   0.974913
   559.13340    0.965301   0.975632
   559.16640    0.956462   0.976849
   559.18320    0.973342   0.977403
   559.20000    0.960599   0.977963
   559.23360    0.957671   0.979161
   559.24980    0.981507   0.979794
   559.26660    0.984971   0.980352
   559.28340    0.998469   0.980962
   559.31640    0.970064   0.982047
   559.33320    0.978708   0.982590
   559.35000    0.971312   0.983189
   559.38360    0.958164   0.984205
   559.39980    0.980908   0.984863
   559.41660    0.970511   0.985296
   559.43340    0.979056   0.985885
   559.46640    0.977838   0.986829
   559.48320    0.960664   0.987421
   559.50000    0.964800   0.987858
   559.53360    0.989864   0.988832
   559.54980    1.001293   0.989366
   559.56660    0.999703   0.989819
   559.58340    0.993714   0.990307
   559.61640    0.984072   0.991155
   559.63320    0.970811   0.991633
   559.65000    1.011096   0.992052
   559.66680    1.005750   0.992519
   559.69980    1.000543   0.993359
   559.71660    0.985515   0.993696
   559.73340    0.979011   0.994201
   559.76640    0.981797   0.994887
   559.78320    1.009814   0.995260
   559.80000    0.983892   0.995598
   559.81680    0.976142   0.995972
   559.84980    1.003874   0.996660
   559.86660    0.996694   0.996926
   559.88340    0.967762   0.997313
   559.91640    0.994912   0.997905
   559.93320    0.971477   0.998098
   559.95000    0.980418   0.998450
   559.96680    0.971462   0.998642
   559.99980    0.979574   0.999077
   560.01660    0.957720   0.999281
   560.03340    0.967548   0.999474
   560.06640    0.968925   0.999786
   560.08320    1.006992   0.999869
   560.10000    0.999714   1.000000
   560.11680    0.983186   1.000000
   560.14980    0.992719   1.000000
   560.16660    0.990234   1.000000
   560.18340    0.966561   1.000000
   560.20020    0.951869   1.000000
   560.23320    0.997004   1.000000
   560.25000    0.996644   1.000000
   560.26680    0.964728   1.000000
   560.29980    0.974629   1.000000
   560.31660    0.988323   1.000000
   560.33340    0.987727   1.000000
   560.35020    0.970440   1.000000
   560.38320    1.000873   1.000000
   560.40000    0.975924   1.000000
   560.41680    0.976349   1.000000
   560.44980    1.003545   1.000000
   560.46660    0.994196   1.000000
   560.48340    0.976077   1.000000
   560.50020    0.969839   1.000000
   560.53320    1.015379   1.000000
   560.55000    0.979308   1.000000
   560.56680    0.971647   1.000000
   560.59980    0.970155   1.000000
   560.61660    0.972976   1.000000
   560.63340    0.968048   1.000000
   560.65020    0.982332   1.000000
   560.68320    0.992707   1.000000
   560.70000    1.003444   1.000000
   560.71680    0.967809   1.000000
   560.73360    0.996668   1.000000
   560.76660    0.988725   1.000000
   560.78340    0.999190   1.000000
   560.80020    0.982904   1.000000
   560.83320    0.983341   1.000000
   560.85000    0.996019   1.000000
   560.86680    0.993812   1.000000
   560.88360    0.985724   1.000000
   560.91660    1.006168   1.000000
   560.93340    0.993478   1.000000
   560.95020    1.000867   1.000000
   560.98320    0.986398   1.000000
   561.00000    0.976913   1.000000
   561.01680    1.001667   1.000000
   561.03360    0.987114   1.000000
   561.06660    0.991431   1.000000
   561.08340    0.987657   1.000000
   561.10020    0.964507   1.000000
   561.13320    0.976841   1.000000
   561.15000    0.964379   1.000000
   561.16680    0.984387   1.000000
   561.18360    0.991635   1.000000
   561.21660    0.965183   1.000000
   561.23340    0.993873   1.000000
   561.25020    0.965439   1.000000
   561.26640    0.980607   1.000000
   561.30000    0.989569   1.000000
   561.31680    0.989003   1.000000
   561.33360    0.961623   1.000000
   561.36660    0.981938   1.000000
   561.38340    0.976113   1.000000
   561.40020    0.975189   1.000000
   561.41640    1.000898   1.000000
   561.45000    0.991603   1.000000
   561.46680    0.990514   1.000000
   561.48360    1.005356   1.000000
   561.51660    0.994930   1.000000
   561.53340    1.000913   1.000000
   561.55020    0.990372   1.000000
   561.56640    0.966763   1.000000
   561.60000    0.960148   1.000000
   561.61680    0.980094   1.000000
   561.63360    0.984815   1.000000
   561.66660    0.989417   1.000000
   561.68340    0.987699   1.000000
   561.70020    0.966788   1.000000
   561.71640    0.977725   1.000000
   561.75000    1.009436   1.000000
   561.76680    0.968531   1.000000
   561.78360    0.963576   1.000000
   561.79980    0.989164   1.000000
   561.83340    1.011676   1.000000
   561.85020    0.998775   1.000000
   561.86640    0.994671   1.000000
   561.90000    1.009902   1.000000
   561.91680    1.000866   1.000000
   561.93360    0.986286   1.000000
   561.94980    0.998314   1.000000
   561.98340    0.995221   1.000000
   562.00020    0.985081   1.000000
   562.01640    0.982999   1.000000
   562.05000    1.002908   1.000000
   562.06680    1.010134   1.000000
   562.08360    0.986133   1.000000
   562.09980    1.009267   1.000000
   562.13340    0.992811   1.000000
   562.15020    0.997409   1.000000
   562.16640    1.002157   1.000000
   562.20000    0.999373   1.000000
   562.21680    1.002749   1.000000
   562.23360    0.967607   1.000000
   562.24980    1.015979   1.000000
   562.28340    1.017918   1.000000
   562.30020    1.004372   1.000000
   562.31640    0.976501   1.000000
   562.33320    0.987027   1.000000
   562.36680    0.989290   1.000000
   562.38360    0.983515   1.000000
   562.39980    0.981545   1.000000
   562.43340    0.980922   1.000000
   562.45020    1.020443   1.000000
   562.46640    0.989340   1.000000
   562.48320    0.999464   1.000000
   562.51680    1.007699   1.000000
   562.53360    1.002668   1.000000
   562.54980    1.026224   1.000000
   562.58340    1.012937   1.000000
   562.60020    0.995117   1.000000
   562.61640    0.970183   1.000000
   562.63320    0.998466   1.000000
   562.66680    0.989445   1.000000
   562.68360    1.001885   1.000000
   562.69980    0.983269   1.000000
   562.73340    1.013742   1.000000
   562.75020    1.012928   1.000000
   562.76640    0.997158   1.000000
   562.78320    1.000075   1.000000
   562.81680    1.013359   1.000000
   562.83360    0.993929   1.000000
   562.84980    1.021086   1.000000
   562.86660    0.998705   1.000000
   562.90020    0.996746   1.000000
   562.91640    1.021478   1.000000
   562.93320    0.961664   1.000000
   562.96680    1.012897   1.000000
   562.98360    1.001736   1.000000
   562.99980    0.991472   1.000000
   563.01660    1.000762   1.000000
   563.05020    1.006078   1.000000
   563.06640    1.011099   1.000000
   563.08320    1.007330   1.000000
   563.11680    1.009801   1.000000
   563.13360    1.016887   1.000000
   563.14980    0.980609   1.000000
   563.16660    0.985513   1.000000
   563.20020    1.023467   1.000000
   563.21640    1.003546   1.000000
   563.23320    0.990458   1.000000
   563.26680    0.989159   1.000000
   563.28360    1.010067   1.000000
   563.29980    0.993377   1.000000
   563.31660    0.980646   1.000000
   563.35020    0.984963   1.000000
   563.36640    0.993718   1.000000
   563.38320    0.996985   1.000000
   563.40000    0.987664   1.000000
   563.43360    0.978320   1.000000
   563.44980    0.995994   1.000000
   563.46660    0.988242   1.000000
   563.50020    0.995630   1.000000
   563.51640    0.992171   1.000000
   563.53320    0.987118   1.000000
   563.55000    1.013402   1.000000
   563.58360    0.991241   1.000000
   563.59980    0.994949   1.000000
   563.61660    0.992246   1.000000
   563.65020    0.984485   1.000000
   563.66640    0.990944   1.000000
   563.68320    0.991117   1.000000
   563.70000    0.978914   1.000000
   563.73360    0.986211   1.000000
   563.74980    0.993751   1.000000
   563.76660    1.001732   1.000000
   563.80020    0.978560   1.000000
   563.81640    0.993765   1.000000
   563.83320    0.996009   1.000000
   563.85000    1.002806   1.000000
   563.88360    1.000501   1.000000
   563.89980    0.986764   1.000000
   563.91660    0.984801   1.000000
   563.93340    1.019456   1.000000
   563.96640    0.984035   1.000000
   563.98320    0.989465   1.000000
   564.00000    1.001157   1.000000
   564.03360    1.005258   1.000000
   564.04980    0.983673   1.000000
   564.06660    1.005664   1.000000
   564.08340    1.030222   1.000000
   564.11640    1.023238   1.000000
   564.13320    1.009698   1.000000
   564.15000    1.027705   1.000000
   564.18360    1.015111   1.000000
   564.19980    0.986814   1.000000
   564.21660    0.990997   1.000000
   564.23340    1.019596   1.000000
   564.26640    1.011011   1.000000
   564.28320    0.995076   1.000000
   564.30000    0.974082   1.000000
   564.33360    0.983256   1.000000
   564.34980    1.025452   1.000000
   564.36660    1.024254   1.000000
   564.38340    1.016069   1.000000
   564.41640    1.006740   1.000000
   564.43320    1.000205   1.000000
   564.45000    1.014514   1.000000
   564.46680    1.001540   1.000000
   564.49980    0.979408   1.000000
   564.51660    0.978822   1.000000
   564.53340    0.995684   1.000000
