  1329.87470    0.968656   1.000000
  1330.21670    1.012441   1.000000
  1330.59038    0.991219   1.000000
  1330.92346    1.048503   1.000000
  1331.25538    0.995795   1.000000
  1331.62560    1.005009   1.000000
  1331.98459    1.019929   1.000000
  1332.33509    0.984849   1.000000
  1332.68861    1.005009   1.000000
  1333.22789    0.965094   1.000000
  1333.59336    0.993047   1.000000
  1333.92067    1.010578   1.000000
  1334.41243    1.041765   1.000000
  1335.10954    0.993047   1.000000
  1335.47674    0.993962   1.000000
  1335.87403    0.966874   1.000000
  1336.23792    0.993047   1.000000
  1336.94122    1.008718   1.000000
  1337.45371    1.033165   1.000000
  1337.80925    0.989395   1.000000
  1338.16118    1.017114   1.000000
  1338.52666    0.964206   1.000000
  1338.87701    1.002235   1.000000
  1339.23499    0.993047   1.000000
  1339.59658    1.011509   1.000000
  1339.94794    1.022751   1.000000
  1340.30405    1.028418   1.000000
  1340.65642    0.981228   1.000000
  1341.01310    1.021809   0.999809
  1341.36662    1.027471   0.994080
  1341.71870    1.004083   0.983414
  1342.07942    0.953608   0.968821
  1342.47571    0.966874   0.949763
  1343.00304    0.900678   0.921096
  1343.39472    0.875326   0.898680
  1343.97288    0.839015   0.866220
  1344.33518    0.832856   0.847613
  1344.69634    0.838243   0.831313
  1345.05720    0.845220   0.818030
  1345.43635    0.786629   0.808105
  1345.85467    0.820672   0.802642
  1346.25859    0.828266   0.803229
  1346.65992    0.822943   0.809563
  1347.03216    0.827503   0.820074
  1347.39274    0.839015   0.834117
  1347.77405    0.864111   0.852256
  1348.13390    0.858558   0.871592
  1348.49995    0.877748   0.892781
  1348.85765    0.887503   0.914087
  1349.21952    0.931901   0.935385
  1349.61062    0.967765   0.957110
  1349.96472    0.938793   0.974563
  1350.31666    0.996712   0.988822
  1350.66845    0.998550   0.998458
  1351.02470    0.993962   1.000000
  1351.37650    0.947479   1.000000
  1351.72699    0.965094   1.000000
  1352.07749    1.005009   1.000000
  1352.43922    1.029366   1.000000
  1352.79706    1.006862   1.000000
  1353.14813    0.974024   1.000000
  1353.51187    1.037934   1.000000
  1353.86453    1.005009   1.000000
  1354.22165    0.978520   1.000000
  1354.62586    0.987574   1.000000
  1355.14166    1.029366   1.000000
  1355.51578    1.006862   1.000000
  1355.89190    1.037934   1.000000
  1356.27998    1.005009   1.000000
  1356.64574    1.006862   1.000000
  1356.99725    1.005935   1.000000
  1357.34918    1.013374   1.000000
  1357.70213    0.993962   1.000000
  1358.05594    0.983037   1.000000
  1358.44402    1.006862   1.000000
  1358.79768    1.006862   1.000000
  1359.15624    0.985757   1.000000
  1359.52186    0.962431   1.000000
  1359.87250    0.975820   1.000000
