 65843.91360    0.977109   1.000000
 65844.01440    1.015648   1.000000
 65844.11520    1.003559   1.000000
 65844.21600    1.093309   1.000000
 65844.31680    1.057653   1.000000
 65844.40320    0.946985   1.000000
 65844.50400    0.955747   1.000000
 65844.60480    1.050856   1.000000
 65844.70560    0.940899   1.000000
 65844.80640    1.020336   1.000000
 65844.90720    1.018458   1.000000
 65845.00800    0.999869   1.000000
 65845.10880    0.994359   1.000000
 65845.20960    0.904364   1.000000
 65845.31040    1.096334   1.000000
 65845.41120    0.922026   1.000000
 65845.51200    0.979813   1.000000
 65845.61280    1.008192   1.000000
 65845.71360    0.975311   1.000000
 65845.81440    1.041221   1.000000
 65845.91520    0.983429   1.000000
 65846.01600    1.035483   1.000000
 65846.10240    1.046027   1.000000
 65846.21760    1.046027   1.000000
 65846.30400    1.020336   1.000000
 65846.41920    0.969936   1.000000
 65846.50560    0.984335   1.000000
 65846.60640    1.018458   1.000000
 65846.70720    0.952233   1.000000
 65846.80800    1.009121   1.000000
 65846.90880    0.931415   1.000000
 65847.00960    0.991615   1.000000
 65847.11040    1.002635   1.000000
 65847.21120    0.922026   1.000000
 65847.31200    1.053763   1.000000
 65847.41280    0.976210   1.000000
 65847.51360    0.983429   1.000000
 65847.61440    1.015648   1.000000
 65847.71520    1.004484   0.998767
 65847.81600    0.917789   0.992724
 65847.91680    1.011913   0.982953
 65848.01760    0.946113   0.970031
 65848.11840    0.934852   0.954487
 65848.20480    0.881339   0.939161
 65848.30560    0.945242   0.919398
 65848.40640    0.898552   0.897773
 65848.50720    0.817228   0.874371
 65848.60800    0.898552   0.849394
 65848.70880    0.812724   0.823020
 65848.80960    0.750141   0.795490
 65848.91040    0.751524   0.766963
 65849.01120    0.680994   0.737587
 65849.11200    0.725676   0.707839
 65849.21280    0.669797   0.677695
 65849.31360    0.666719   0.647972
 65849.41440    0.662435   0.619141
 65849.51520    0.587683   0.596855
 65849.61600    0.566948   0.584581
 65849.71680    0.541930   0.578635
 65849.81760    0.651543   0.584063
 65849.90400    0.580154   0.603287
 65850.00480    0.618790   0.629296
 65850.10560    0.606377   0.657019
 65850.20640    0.703304   0.685482
 65850.30720    0.674750   0.714434
 65850.40800    0.759877   0.743365
 65850.50880    0.797155   0.772326
 65850.60960    0.847116   0.800698
 65850.71040    0.838577   0.828508
 65850.81120    0.837034   0.855399
 65850.91200    0.787668   0.881168
 65851.01280    0.878098   0.905475
 65851.11360    0.905197   0.928260
 65851.21440    0.947857   0.948984
 65851.31520    0.960159   0.967436
 65851.41600    0.996192   0.982968
 65851.50240    0.931415   0.993450
 65851.61760    1.008192   1.000000
 65851.70400    0.932273   1.000000
 65851.81920    1.027881   1.000000
 65851.90560    0.975311   1.000000
 65852.00640    1.006336   1.000000
 65852.10720    1.024102   1.000000
 65852.20800    0.997110   1.000000
 65852.30880    1.012845   1.000000
 65852.40960    1.044102   1.000000
 65852.51040    0.963703   1.000000
 65852.61120    0.997110   1.000000
 65852.71200    1.070392   1.000000
 65852.81280    0.992529   1.000000
 65852.91360    0.920329   1.000000
 65853.01440    1.016583   1.000000
 65853.11520    1.046027   1.000000
 65853.21600    1.043141   1.000000
 65853.31680    1.017520   1.000000
 65853.40320    0.984335   1.000000
 65853.50400    1.022217   1.000000
 65853.60480    1.058627   1.000000
 65853.70560    0.976210   1.000000
 65853.80640    0.979813   1.000000
 65853.90720    1.003559   1.000000
 65854.00800    0.955747   1.000000
 65854.10880    0.962815   1.000000
 65854.20960    0.997110   1.000000
 65854.31040    0.984335   1.000000
 65854.41120    1.003559   1.000000
 65854.51200    0.972620   1.000000
 65854.61280    0.993443   1.000000
 65854.71360    0.963703   1.000000
 65854.81440    1.002635   1.000000
 65854.91520    0.953110   1.000000
 65855.01600    1.029777   1.000000
 65855.11680    1.056679   1.000000
 65855.21760    0.991615   1.000000
 65855.31840    1.003559   1.000000
 65855.40480    0.975311   1.000000
 65855.50560    1.039305   1.000000
 65855.60640    1.007263   1.000000
 65855.70720    1.014713   1.000000
 65855.80800    0.998948   1.000000
 65855.90880    0.949605   1.000000
 65856.00960    1.028829   1.000000
 65856.11040    1.046027   1.000000
 65856.21120    1.004484   1.000000
 65856.31200    1.027881   1.000000
 65856.41280    0.951356   1.000000
 65856.51360    0.983429   1.000000
 65856.61440    1.000790   1.000000
 65856.71520    1.025990   1.000000
 65856.81600    1.030726   1.000000
 65856.91680    0.940033   1.000000
 65857.01760    1.063514   1.000000
 65857.10400    1.007263   1.000000
 65857.20480    1.092303   1.000000
 65857.30560    0.995275   1.000000
 65857.40640    1.020336   1.000000
 65857.50720    1.041221   1.000000
 65857.60800    1.075333   1.000000
 65857.70880    0.923726   1.000000
 65857.80960    0.969936   1.000000
 65857.91040    0.987968   1.000000
 65858.01120    1.036437   1.000000
 65858.11200    1.012845   1.000000
 65858.21280    1.002635   1.000000
 65858.31360    1.046991   1.000000
 65858.41440    1.025045   1.000000
 65858.51520    1.041221   1.000000
 65858.60160    0.961929   1.000000
 65858.71680    1.097345   1.000000
 65858.80320    1.002635   1.000000
