    60.50434    1.005454   1.000000
    60.60010    0.999912   1.000000
    60.69600    0.983472   1.000000
    60.79190    0.991658   1.000000
    60.88766    0.967302   1.000000
    60.98357    1.003603   1.000000
    61.07933    0.972662   1.000000
    61.17523    0.974455   1.000000
    61.27099    0.985285   1.000000
    61.36690    0.997153   1.000000
    61.46266    0.961971   1.000000
    61.55856    1.000834   1.000000
    61.65547    0.966411   1.000000
    61.75138    1.026980   1.000000
    61.84714    0.972662   1.000000
    61.94304    0.985285   1.000000
    62.03880    0.954909   1.000000
    62.13470    0.950522   1.000000
    62.23046    0.974455   1.000000
    62.32637    0.983472   1.000000
    62.42213    1.012889   1.000000
    62.51803    1.025090   1.000000
    62.61379    0.996235   1.000000
    62.70970    0.982567   1.000000
    62.80546    1.006380   1.000000
    62.90136    0.998992   1.000000
    62.99712    0.994402   1.000000
    63.09302    0.998072   1.000000
    63.18878    0.994402   1.000000
    63.28354    1.006380   1.000000
    63.37930    1.006380   1.000000
    63.47520    0.997153   1.000000
    63.57096    0.983472   1.000000
    63.66686    1.026035   1.000000
    63.76262    0.988922   1.000000
    63.85853    1.009165   1.000000
    63.95328    0.991658   1.000000
    64.04918    0.997153   1.000000
    64.14494    0.995318   1.000000
    64.24085    0.988011   1.000000
    64.33661    0.984378   1.000000
    64.43251    0.992572   1.000000
    64.52827    0.968193   1.000000
    64.62418    0.989833   1.000000
    64.71994    0.979855   1.000000
    64.81685    0.989833   1.000000
    64.91390    0.982567   1.000000
    65.00966    1.035528   1.000000
    65.10557    0.986193   1.000000
    65.20133    0.996235   1.000000
    65.29723    1.026035   1.000000
    65.39299    0.988011   1.000000
    65.48890    1.009165   1.000000
    65.58566    0.971767   1.000000
    65.68157    1.020380   1.000000
    65.77733    0.977152   1.000000
    65.87323    1.002679   1.000000
    65.96899    1.002679   1.000000
    66.06590    0.999912   1.000000
    66.16166    1.025090   1.000000
    66.25757    0.992572   1.000000
    66.35434    0.976252   1.000000
    66.45010    0.978052   1.000000
    66.54600    1.011957   1.000000
    66.64190    1.008236   1.000000
    66.73882    0.974455   1.000000
    66.83472    1.026035   1.000000
    66.93048    0.993487   1.000000
    67.02739    0.996235   1.000000
    67.12315    1.023203   1.000000
    67.21906    1.023203   1.000000
    67.31482    1.025090   1.000000
    67.41173    0.992572   1.000000
    67.50749    1.012889   1.000000
    67.60339    1.013823   1.000000
    67.69915    0.991658   1.000000
    67.79506    1.012889   1.000000
    67.89082    0.998992   1.000000
    68.40749    1.007307   1.000000
    68.54400    0.991658   1.000000
    68.64077    1.025090   1.000000
    68.73667    0.990745   1.000000
    68.83243    0.999912   1.000000
    68.92834    0.998992   1.000000
    69.02410    1.016628   1.000000
    69.12000    0.997153   1.000000
    69.21590    1.016628   1.000000
    69.31166    1.011025   1.000000
    69.40757    1.010094   1.000000
    69.50333    1.011957   1.000000
    69.59923    1.025090   1.000000
    69.69499    1.010094   1.000000
    69.79090    0.988011   1.000000
    69.88666    0.998072   1.000000
    69.98256    1.008236   1.000000
    70.07832    1.036483   1.000000
    70.17523    1.021320   1.000000
    70.27099    0.980758   1.000000
    70.36690    1.022261   1.000000
    70.46266    1.011957   1.000000
    70.55856    1.011025   1.000000
    70.65432    0.999912   1.000000
    70.75051    0.991658   1.000000
    70.84901    1.011025   1.000000
    70.94664    1.028874   1.000000
    71.04254    1.024146   1.000000
    71.13830    0.992572   1.000000
    71.23421    1.020380   1.000000
    71.33098    0.993487   1.000000
    71.42688    1.022261   1.000000
    71.52264    0.998072   1.000000
    71.61854    0.991658   1.000000
    71.71531    1.026035   1.000000
    71.81122    1.001756   1.000000
    71.90698    1.011025   1.000000
    72.00288    1.006380   1.000000
    72.09864    1.011957   1.000000
    72.19454    1.022261   1.000000
    72.29030    0.977152   1.000000
    72.38621    0.999912   1.000000
    72.48298    1.008236   1.000000
    72.57888    0.986193   1.000000
    72.67464    1.007307   1.000000
    72.77054    1.016628   1.000000
    72.86630    0.977152   1.000000
    72.96221    1.011025   1.000000
    73.29456    1.007307   1.000000
    73.41854    0.990745   1.000000
    73.51430    0.954030   1.000000
    73.61021    0.960201   1.000000
    73.70597    0.972662   1.000000
    73.80187    0.986193   0.999819
    73.89763    0.999912   0.996206
    73.99354    0.978052   0.990009
    74.08930    0.948772   0.982206
    74.18520    0.921217   0.973130
    74.28096    0.967302   0.962881
    74.37686    0.943544   0.951633
    74.47262    0.876520   0.939689
    74.56853    0.901907   0.927129
    74.66429    0.887896   0.914087
    74.76019    0.922916   0.900742
    74.85595    0.844038   0.887066
    74.95186    0.865291   0.873372
    75.04762    0.875713   0.859811
    75.14352    0.845594   0.846332
    75.23928    0.812759   0.833089
    75.33518    0.804567   0.820204
    75.43094    0.820280   0.807999
    75.52685    0.800870   0.796462
    75.62261    0.813508   0.785750
    75.71851    0.792067   0.775957
    75.81427    0.781200   0.767281
    75.91018    0.762714   0.759779
    76.00594    0.768355   0.753692
    76.10184    0.774751   0.748881
    76.19760    0.783361   0.745735
    76.29350    0.763417   0.744154
    76.38926    0.757813   0.744143
    76.48517    0.749483   0.745774
    76.58107    0.752943   0.748909
    76.67683    0.742612   0.753663
    76.77360    0.768355   0.760066
    76.86950    0.756418   0.767573
    76.96526    0.781200   0.776278
    77.06117    0.797190   0.786167
    77.15693    0.809025   0.797102
    77.25283    0.809771   0.808614
    77.34960    0.809025   0.820961
    77.44550    0.794259   0.833664
    77.54126    0.820280   0.846682
    77.63832    0.855780   0.860168
    77.73422    0.841709   0.873402
    77.83099    0.885446   0.886728
    77.92790    0.874907   0.900029
    78.02366    0.896111   0.912767
    78.11957    0.897764   0.925086
    78.21533    0.927176   0.936842
    78.31123    0.963745   0.948007
    78.40699    0.963745   0.958438
    78.50290    0.998992   0.968045
    78.59866    0.999912   0.976659
    78.69456    0.962857   0.984226
    78.79032    0.974455   0.990548
    78.88622    1.019441   0.995489
    78.98198    1.026980   0.998741
    79.07789    1.031720   1.000000
    79.17365    1.017565   1.000000
    79.26955    1.004528   1.000000
    79.36531    1.033623   1.000000
    79.46122    1.033623   1.000000
    79.55698    1.026980   1.000000
    79.65288    1.011025   1.000000
    79.74864    1.008236   1.000000
    79.84454    0.984378   1.000000
    79.94030    1.053809   1.000000
    80.03621    1.008236   1.000000
    80.13197    1.024146   1.000000
    80.22787    1.052839   1.000000
    80.32363    1.005454   1.000000
    80.41954    1.030771   1.000000
    80.51530    1.001756   1.000000
    80.61120    1.027926   1.000000
    80.70696    1.019441   1.000000
    80.80186    1.043187   1.000000
    80.89762    1.013823   1.000000
    80.99453    1.018502   1.000000
    81.09029    1.020380   1.000000
    81.18619    1.008236   1.000000
    81.28195    1.027926   1.000000
    81.37786    1.021320   1.000000
    81.47362    1.010094   1.000000
    81.56952    1.005454   1.000000
    81.66528    1.029822   1.000000
    81.76219    0.982567   1.000000
    81.85795    1.017565   1.000000
    81.95386    1.026980   1.000000
    82.04861    1.007307   1.000000
    82.14451    1.026035   1.000000
    82.24027    1.009165   1.000000
    82.33618    1.020380   1.000000
    82.43194    1.003603   1.000000
    82.52784    1.014757   1.000000
    82.62360    1.023203   1.000000
    82.71950    1.011957   1.000000
    82.81526    1.031720   1.000000
    82.91117    1.025090   1.000000
    83.00707    1.022261   1.000000
    83.10283    1.011957   1.000000
    83.19874    1.015692   1.000000
    83.29450    1.022261   1.000000
    83.39040    0.998992   1.000000
    83.48616    0.980758   1.000000
    83.58206    0.978052   1.000000
    83.67782    0.983472   1.000000
    83.77373    1.008236   1.000000
    83.86949    1.015692   1.000000
    83.96539    1.025090   1.000000
    84.33000    0.989833   1.000000
    84.46018    1.001756   1.000000
    84.55594    0.998992   1.000000
    84.65184    1.004528   1.000000
    84.74760    1.013823   1.000000
    84.84350    0.969978   1.000000
    84.93926    0.987102   1.000000
    85.03517    0.985285   1.000000
    85.13107    0.993487   1.000000
    85.22683    1.019441   1.000000
    85.32274    0.988011   1.000000
    85.41850    0.973558   1.000000
    85.51440    0.990745   1.000000
    85.61016    0.982567   1.000000
    85.70606    0.981662   1.000000
    85.80182    0.969978   1.000000
    85.89773    0.988011   1.000000
    85.99450    0.997153   1.000000
    86.09040    0.991658   1.000000
    86.18616    0.986193   1.000000
    86.28206    1.032671   1.000000
    86.37782    1.010094   1.000000
    86.47373    0.974455   1.000000
    86.56949    0.983472   1.000000
    86.66539    1.000834   1.000000
    86.76216    1.019441   1.000000
    86.85806    0.984378   1.000000
    86.95382    0.993487   1.000000
    87.04973    1.011025   1.000000
    87.14549    0.993487   1.000000
    87.24139    0.975353   1.000000
    87.33715    0.983472   1.000000
    87.43306    0.994402   1.000000
    87.52882    0.990745   1.000000
    87.62472    1.011957   1.000000
    87.72048    0.990745   1.000000
    87.81638    1.007307   1.000000
    87.91214    0.988922   1.000000
    88.00805    1.016628   1.000000
    88.10381    0.993487   1.000000
    88.19971    0.998072   1.000000
    88.29547    1.024146   1.000000
    88.39138    0.997153   1.000000
    88.48714    0.975353   1.000000
    88.58304    0.988011   1.000000
    88.67880    0.987102   1.000000
    88.77470    0.990745   1.000000
    88.87046    0.993487   1.000000
    88.96637    1.004528   1.000000
    89.06213    0.988011   1.000000
    89.15803    0.984378   1.000000
    89.25379    0.996235   1.000000
    89.34970    0.977152   1.000000
    89.44546    0.987102   1.000000
    89.54136    1.000834   1.000000
    89.63712    0.988922   1.000000
    89.73302    0.997153   1.000000
    89.82994    0.994402   1.000000
    89.92584    1.001756   1.000000
    90.02160    1.002679   1.000000
    90.11750    0.985285   1.000000
    90.21326    0.967302   1.000000
    90.30917    0.979855   1.000000
    90.40507    0.977152   1.000000
    90.50083    1.007307   1.000000
    90.59674    0.989833   1.000000
    90.69250    0.983472   1.000000
    90.78840    0.968193   1.000000
    90.88416    1.005454   1.000000
    90.98093    0.987102   1.000000
    91.07683    0.992572   1.000000
