   859.84980    0.984448   1.000000
   859.88340    0.990556   1.000000
   859.90020    0.980254   1.000000
   859.91640    0.983341   1.000000
   859.93320    0.990549   1.000000
   859.96680    0.983025   1.000000
   859.98360    0.989082   1.000000
   859.99980    0.991900   1.000000
   860.03340    0.996283   1.000000
   860.05020    1.008989   1.000000
   860.06640    1.010631   1.000000
   860.08320    1.020109   1.000000
   860.11680    1.021027   1.000000
   860.13360    0.991154   1.000000
   860.14980    1.002480   1.000000
   860.18340    0.996893   1.000000
   860.20020    0.985667   1.000000
   860.21640    1.003278   1.000000
   860.23320    1.003779   1.000000
   860.26680    1.004644   1.000000
   860.28360    1.018541   1.000000
   860.29980    1.042502   1.000000
   860.31660    1.031798   1.000000
   860.35020    1.006440   1.000000
   860.36640    0.999882   1.000000
   860.38320    1.005638   1.000000
   860.41680    1.003107   1.000000
   860.43360    1.006200   1.000000
   860.44980    1.009541   1.000000
   860.46660    1.024920   1.000000
   860.50020    1.020593   1.000000
   860.51640    1.011040   1.000000
   860.53320    0.990650   1.000000
   860.56680    0.989851   1.000000
   860.58360    1.023525   1.000000
   860.59980    1.010115   1.000000
   860.61660    0.997445   1.000000
   860.65020    1.001092   1.000000
   860.66640    0.990067   1.000000
   860.68320    1.005658   1.000000
   860.71680    1.014837   1.000000
   860.73360    0.981269   1.000000
   860.74980    0.983783   1.000000
   860.76660    1.006880   1.000000
   860.80020    1.014308   1.000000
   860.81640    1.045495   1.000000
   860.83320    1.009615   1.000000
   860.85000    0.998481   1.000000
   860.88360    1.018196   1.000000
   860.89980    1.001590   1.000000
   860.91660    0.997750   1.000000
   860.95020    0.995985   1.000000
   860.96640    0.992434   1.000000
   860.98320    1.002714   1.000000
   861.00000    1.012094   1.000000
   861.03360    1.017665   1.000000
   861.04980    1.011605   1.000000
   861.06660    1.026591   1.000000
   861.10020    1.010316   1.000000
   861.11640    1.000785   1.000000
   861.13320    1.024036   1.000000
   861.15000    1.010988   1.000000
   861.18360    1.011796   1.000000
   861.19980    1.016960   1.000000
   861.21660    1.009468   1.000000
   861.25020    0.994993   1.000000
   861.26640    0.993698   1.000000
   861.28320    0.994268   1.000000
   861.30000    1.007031   1.000000
   861.33360    0.991331   1.000000
   861.34980    0.996440   1.000000
   861.36660    1.011206   1.000000
   861.38340    0.995241   1.000000
   861.41640    1.001542   1.000000
   861.43320    0.985591   1.000000
   861.45000    0.978485   1.000000
   861.48360    1.003382   1.000000
   861.49980    0.999970   1.000000
   861.51660    0.976581   1.000000
   861.53340    0.993176   1.000000
   861.56640    0.992420   1.000000
   861.58320    0.988681   1.000000
   861.60000    0.996999   1.000000
   861.63360    0.987605   1.000000
   861.64980    1.003170   1.000000
   861.66660    0.994413   1.000000
   861.68340    0.994555   1.000000
   861.71640    1.024046   1.000000
   861.73320    1.014998   1.000000
   861.75000    0.999139   1.000000
   861.78360    0.999107   1.000000
   861.79980    1.001900   1.000000
   861.81660    1.000221   1.000000
   861.83340    1.000769   1.000000
   861.86640    0.982015   1.000000
   861.88320    0.987515   1.000000
   861.90000    1.005631   1.000000
   861.91680    0.997020   1.000000
   861.94980    0.984324   1.000000
   861.96660    0.989423   1.000000
   861.98340    0.996992   1.000000
   862.01640    1.000366   1.000000
   862.03320    0.999351   1.000000
   862.05000    0.969033   1.000000
   862.06680    0.995705   1.000000
   862.09980    1.040145   1.000000
   862.11660    1.004427   1.000000
   862.13340    1.006667   1.000000
   862.16640    0.998094   1.000000
   862.18320    1.009047   1.000000
   862.20000    1.000105   1.000000
   862.21680    1.001933   1.000000
   862.24980    1.006829   1.000000
   862.26660    1.003329   1.000000
   862.28340    1.009109   1.000000
   862.31640    1.002363   1.000000
   862.33320    0.999576   1.000000
   862.35000    1.009162   1.000000
   862.36680    1.013128   1.000000
   862.39980    0.998742   1.000000
   862.41660    1.003294   1.000000
   862.43340    1.000266   1.000000
   862.45020    0.999238   1.000000
   862.48320    0.975997   1.000000
   862.50000    0.981835   1.000000
   862.51680    1.003159   1.000000
   862.54980    1.016982   1.000000
   862.56660    0.994961   1.000000
   862.58340    1.005139   1.000000
   862.60020    1.005958   1.000000
   862.63320    1.009757   1.000000
   862.65000    1.014809   1.000000
   862.66680    1.019546   1.000000
   862.69980    1.008465   1.000000
   862.71660    1.013398   1.000000
   862.73340    0.999260   1.000000
   862.75020    1.000839   1.000000
   862.78320    0.994375   1.000000
   862.80000    1.024319   1.000000
   862.81680    1.011631   1.000000
   862.84980    1.015592   1.000000
   862.86660    1.023692   1.000000
   862.88340    1.022582   1.000000
   862.90020    0.992428   1.000000
   862.93320    1.016797   1.000000
   862.95000    1.044788   1.000000
   862.96680    1.032322   1.000000
   862.98360    1.014133   1.000000
   863.01660    1.035407   1.000000
   863.03340    1.023772   1.000000
   863.05020    1.013340   1.000000
   863.08320    1.002585   1.000000
   863.10000    0.997638   1.000000
   863.11680    1.000109   1.000000
   863.13360    1.012364   1.000000
   863.16660    0.986855   1.000000
   863.18340    1.000750   1.000000
   863.20020    0.992269   1.000000
   863.23320    0.989735   1.000000
   863.25000    0.993832   1.000000
   863.26680    0.981633   1.000000
   863.28360    1.000434   1.000000
   863.31660    1.009729   1.000000
   863.33340    0.993787   1.000000
   863.35020    1.011505   1.000000
   863.38320    1.005782   1.000000
   863.40000    1.001531   1.000000
   863.41680    1.013978   1.000000
   863.43360    1.011559   1.000000
   863.46660    0.997681   1.000000
   863.48340    1.016116   1.000000
   863.50020    0.998379   1.000000
   863.51640    1.010558   1.000000
   863.55000    1.003022   1.000000
   863.56680    0.999887   1.000000
   863.58360    1.009210   1.000000
   863.61660    0.992973   1.000000
   863.63340    1.023420   1.000000
   863.65020    1.002786   1.000000
   863.66640    1.002748   1.000000
   863.70000    1.014118   1.000000
   863.71680    0.993433   1.000000
   863.73360    0.998011   1.000000
   863.76660    0.999400   1.000000
   863.78340    1.018882   1.000000
   863.80020    0.985029   1.000000
   863.81640    1.002181   1.000000
   863.85000    0.975280   1.000000
   863.86680    0.995861   1.000000
   863.88360    1.011777   1.000000
   863.91660    1.002826   1.000000
   863.93340    0.982334   1.000000
   863.95020    0.983808   1.000000
   863.96640    1.005142   1.000000
   864.00000    0.997652   1.000000
   864.01680    0.978571   1.000000
   864.03360    0.983039   1.000000
   864.04980    1.000538   1.000000
   864.08340    1.007788   1.000000
   864.10020    1.005242   1.000000
   864.11640    0.996833   1.000000
   864.15000    0.991266   1.000000
   864.16680    1.005954   1.000000
   864.18360    0.991187   1.000000
   864.19980    1.001813   1.000000
   864.23340    1.008103   1.000000
   864.25020    0.998088   1.000000
   864.26640    1.002199   1.000000
   864.30000    0.982846   1.000000
   864.31680    1.007502   1.000000
   864.33360    1.004072   1.000000
   864.34980    1.010332   1.000000
   864.38340    1.011322   1.000000
   864.40020    0.996634   1.000000
   864.41640    1.014999   1.000000
   864.45000    1.017649   1.000000
   864.46680    0.999528   1.000000
   864.48360    1.006216   1.000000
   864.49980    0.993621   1.000000
   864.53340    1.004964   1.000000
   864.55020    0.990515   1.000000
   864.56640    1.016682   1.000000
   864.58320    1.003288   1.000000
   864.61680    0.974605   1.000000
   864.63360    0.991044   1.000000
   864.64980    0.994438   1.000000
   864.68340    1.000736   1.000000
   864.70020    1.006896   1.000000
   864.71640    1.004666   1.000000
   864.73320    0.986576   1.000000
   864.76680    1.012541   1.000000
   864.78360    1.005393   1.000000
   864.79980    1.001661   1.000000
   864.83340    0.998769   1.000000
   864.85020    1.010319   1.000000
   864.86640    1.015291   0.999955
   864.88320    0.987708   0.999910
   864.91680    0.990966   0.999864
   864.93360    1.000790   0.999846
   864.94980    0.984178   0.999828
   864.98340    0.987695   0.999694
   865.00020    1.004068   0.999647
   865.01640    0.993732   0.999608
   865.03320    0.992405   0.999570
   865.06680    1.008814   0.999473
   865.08360    0.995064   0.999394
   865.09980    1.001195   0.999335
   865.11660    1.008565   0.999296
   865.15020    0.977301   0.999208
   865.16640    0.986896   0.999130
   865.18320    0.994186   0.999039
   865.21680    0.979826   0.998900
   865.23360    1.006707   0.998840
   865.24980    0.995136   0.998782
   865.26660    1.005185   0.998721
   865.30020    1.001147   0.998530
   865.31640    0.992383   0.998450
   865.33320    1.005317   0.998390
   865.36680    0.993050   0.998250
   865.38360    0.997281   0.998137
   865.39980    0.995756   0.998016
   865.41660    1.006540   0.997945
   865.45020    0.972816   0.997803
   865.46640    0.985359   0.997734
   865.48320    1.002957   0.997580
   865.51680    1.009356   0.997407
   865.53360    0.987710   0.997316
   865.54980    0.990755   0.997245
   865.56660    0.985643   0.997173
   865.60020    0.980952   0.996897
   865.61640    0.986188   0.996835
   865.63320    0.998177   0.996733
   865.65000    0.986284   0.996641
   865.68360    0.978357   0.996427
   865.69980    0.991090   0.996314
   865.71660    0.995760   0.996180
   865.75020    0.975075   0.995996
   865.76640    0.983616   0.995914
   865.78320    1.010530   0.995780
   865.80000    0.992983   0.995645
   865.83360    0.985860   0.995410
   865.84980    0.999863   0.995308
   865.86660    1.003428   0.995225
   865.90020    0.974326   0.994948
   865.91640    0.990148   0.994823
   865.93320    1.004442   0.994720
   865.95000    0.994154   0.994586
   865.98360    0.994775   0.994410
   865.99980    1.001523   0.994246
   866.01660    1.009417   0.994091
   866.05020    0.978334   0.993853
   866.06640    0.990510   0.993760
   866.08320    0.989266   0.993625
   866.10000    0.969705   0.993482
   866.13360    0.980748   0.993192
   866.14980    0.956158   0.993089
   866.16660    0.978698   0.992944
   866.18340    0.985656   0.992850
   866.21640    0.980389   0.992531
   866.23320    0.992969   0.992386
   866.25000    0.979231   0.992250
   866.28360    0.978282   0.992013
   866.29980    0.988551   0.991919
   866.31660    1.010003   0.991735
   866.33340    0.998261   0.991558
   866.36640    1.012168   0.991269
   866.38320    0.987241   0.991186
   866.40000    1.007899   0.991040
   866.43360    1.010652   0.990698
   866.44980    0.993951   0.990575
   866.46660    0.996135   0.990440
   866.48340    0.992799   0.990255
   866.51640    1.005386   0.990026
   866.53320    1.006149   0.989810
   866.55000    0.991058   0.989674
   866.58360    0.984823   0.989397
   866.59980    0.983563   0.989210
   866.61660    0.996028   0.989117
   866.63340    0.995301   0.988951
   866.66640    0.993442   0.988568
   866.68320    0.986350   0.988464
   866.70000    0.997595   0.988320
   866.71680    0.981919   0.988154
   866.74980    0.975493   0.987836
   866.76660    1.000865   0.987651
   866.78340    0.994590   0.987474
   866.81640    0.977435   0.987195
   866.83320    0.985633   0.987071
   866.85000    0.978528   0.986905
   866.86680    0.982089   0.986699
   866.89980    0.994084   0.986351
   866.91660    0.987472   0.986195
   866.93340    0.963772   0.986041
   866.96640    0.969439   0.985742
   866.98320    0.977018   0.985514
   867.00000    0.988009   0.985371
   867.01680    0.973670   0.985196
   867.04980    0.978217   0.984887
   867.06660    0.970298   0.984722
   867.08340    0.958899   0.984519
   867.11640    0.990622   0.984179
   867.13320    0.981266   0.984025
   867.15000    0.983248   0.983849
   867.16680    0.957713   0.983695
   867.19980    0.970289   0.983296
   867.21660    0.970241   0.983111
   867.23340    0.969815   0.982948
   867.25020    0.968993   0.982794
   867.28320    0.973664   0.982486
   867.30000    0.982989   0.982323
   867.31680    0.995352   0.982058
   867.34980    0.972342   0.981720
   867.36660    0.977256   0.981587
   867.38340    0.978778   0.981371
   867.40020    0.981323   0.981238
   867.43320    0.979104   0.980812
   867.45000    0.965712   0.980618
   867.46680    1.001406   0.980486
   867.49980    0.985258   0.980086
   867.51660    0.977631   0.979975
   867.53340    0.984343   0.979723
   867.55020    0.988752   0.979488
   867.58320    0.952373   0.979194
   867.60000    0.971611   0.979011
   867.61680    0.989587   0.978858
   867.64980    0.978451   0.978473
   867.66660    0.961546   0.978219
   867.68340    0.965831   0.978006
   867.70020    0.979169   0.977876
   867.73320    0.979317   0.977519
   867.75000    0.976107   0.977357
   867.76680    0.973798   0.977107
   867.78360    0.968595   0.976914
   867.81660    0.961113   0.976553
   867.83340    0.970966   0.976288
   867.85020    0.976259   0.976207
   867.88320    0.955767   0.975765
   867.90000    0.975623   0.975555
   867.91680    0.983484   0.975385
   867.93360    0.963102   0.975202
   867.96660    0.968058   0.974839
   867.98340    0.962768   0.974678
   868.00020    0.968609   0.974339
   868.03320    0.966071   0.974020
   868.05000    0.968332   0.973827
   868.06680    0.966343   0.973657
   868.08360    0.962422   0.973537
   868.11660    0.979165   0.973059
   868.13340    0.972400   0.972829
   868.15020    0.977381   0.972629
   868.18320    0.965001   0.972230
   868.20000    0.966853   0.972111
   868.21680    0.977334   0.971888
   868.23360    0.978848   0.971654
   868.26660    0.991692   0.971259
   868.28340    0.975288   0.971089
   868.30020    0.986059   0.970859
   868.31640    0.977454   0.970720
   868.35000    0.971007   0.970255
   868.36680    0.958344   0.970080
   868.38360    0.965667   0.969810
   868.41660    0.977677   0.969465
   868.43340    0.970811   0.969306
   868.45020    0.972085   0.969097
   868.46640    0.953212   0.968923
   868.50000    0.965717   0.968440
   868.51680    0.962171   0.968204
   868.53360    0.966700   0.968058
   868.56660    0.946384   0.967653
   868.58340    0.956425   0.967485
   868.60020    0.955060   0.967213
   868.61640    0.961301   0.967028
   868.65000    0.963137   0.966618
   868.66680    0.964917   0.966421
   868.68360    0.953988   0.966213
   868.71660    0.942306   0.965754
   868.73340    0.963842   0.965563
   868.75020    0.940788   0.965390
   868.76640    0.955631   0.965143
   868.80000    0.961555   0.964786
   868.81680    0.944959   0.964590
   868.83360    0.945191   0.964441
   868.84980    0.954262   0.964156
   868.88340    0.971483   0.963692
   868.90020    0.924300   0.963516
   868.91640    0.935914   0.963363
   868.95000    0.957545   0.962980
   868.96680    0.962704   0.962735
   868.98360    0.963642   0.962503
   868.99980    0.955621   0.962284
   869.03340    0.942887   0.961879
   869.05020    0.954706   0.961675
   869.06640    0.942361   0.961498
   869.10000    0.960858   0.961002
   869.11680    0.958109   0.960812
   869.13360    0.956195   0.960605
   869.14980    0.943696   0.960391
   869.18340    0.950574   0.960047
   869.20020    0.937354   0.959824
   869.21640    0.941117   0.959672
   869.25000    0.941662   0.959145
   869.26680    0.950719   0.958915
   869.28360    0.944343   0.958735
   869.29980    0.951857   0.958536
   869.33340    0.958820   0.958151
   869.35020    0.952747   0.957980
   869.36640    0.939252   0.957691
   869.38320    0.948492   0.957506
   869.41680    0.954596   0.957090
   869.43360    0.960935   0.956870
   869.44980    0.952003   0.956730
   869.48340    0.959687   0.956297
   869.50020    0.944546   0.956033
   869.51640    0.934682   0.955800
   869.53320    0.939849   0.955562
   869.56680    0.937202   0.955197
   869.58360    0.926811   0.954980
   869.59980    0.947569   0.954788
   869.63340    0.941686   0.954356
   869.65020    0.911842   0.954145
   869.66640    0.936317   0.953931
   869.68320    0.936787   0.953734
   869.71680    0.945290   0.953301
   869.73360    0.920919   0.953139
   869.74980    0.912848   0.952935
   869.78340    0.931881   0.952481
   869.80020    0.945031   0.952229
   869.81640    0.941972   0.952063
   869.83320    0.952680   0.951841
   869.86680    0.957252   0.951422
   869.88360    0.938750   0.951261
   869.89980    0.919110   0.951081
   869.91660    0.935395   0.950818
   869.95020    0.962378   0.950416
   869.96640    0.976867   0.950156
   869.98320    0.959508   0.949980
   870.01680    0.946427   0.949649
   870.03360    0.963097   0.949407
   870.04980    0.942678   0.949169
   870.06660    0.941351   0.948924
   870.10020    0.937306   0.948551
   870.11640    0.927928   0.948359
   870.13320    0.947159   0.948144
   870.16680    0.932701   0.947801
   870.18360    0.931714   0.947591
   870.19980    0.949139   0.947302
   870.21660    0.953953   0.947116
   870.25020    0.943423   0.946653
   870.26640    0.925388   0.946488
   870.28320    0.956691   0.946262
   870.31680    0.938702   0.945883
   870.33360    0.949831   0.945633
   870.34980    0.947767   0.945435
   870.36660    0.946659   0.945203
   870.40020    0.963416   0.944826
   870.41640    0.947228   0.944658
   870.43320    0.932552   0.944493
   870.45000    0.939583   0.944267
   870.48360    0.942341   0.943850
   870.49980    0.942924   0.943620
   870.51660    0.951693   0.943428
   870.55020    0.951483   0.943040
   870.56640    0.960860   0.942806
   870.58320    0.962301   0.942610
   870.60000    0.939027   0.942424
   870.63360    0.947739   0.942021
   870.64980    0.962031   0.941818
   870.66660    0.950708   0.941612
   870.70020    0.939416   0.941219
   870.71640    0.924288   0.941029
   870.73320    0.934329   0.940805
   870.75000    0.933540   0.940647
   870.78360    0.940226   0.940243
   870.79980    0.915444   0.940039
   870.81660    0.946757   0.939845
   870.85020    0.936428   0.939407
   870.86640    0.927736   0.939251
   870.88320    0.923401   0.939056
   870.90000    0.920869   0.938834
   870.93360    0.910541   0.938495
   870.94980    0.937618   0.938261
   870.96660    0.946910   0.938039
   870.98340    0.943340   0.937845
   871.01640    0.926380   0.937428
   871.03320    0.923371   0.937286
   871.05000    0.947165   0.937053
   871.08360    0.962180   0.936747
   871.09980    0.930755   0.936551
   871.11660    0.944371   0.936279
   871.13340    0.952509   0.936095
   871.16640    0.940797   0.935694
   871.18320    0.911462   0.935516
   871.20000    0.923482   0.935335
   871.23360    0.931120   0.934977
   871.24980    0.935818   0.934855
   871.26660    0.925860   0.934662
   871.28340    0.944535   0.934411
   871.31640    0.938230   0.934016
   871.33320    0.930959   0.933804
   871.35000    0.941877   0.933628
   871.38360    0.935963   0.933244
   871.39980    0.942799   0.933103
   871.41660    0.934691   0.932930
   871.43340    0.928844   0.932766
   871.46640    0.940875   0.932346
   871.48320    0.936500   0.932146
   871.50000    0.924144   0.931939
   871.51680    0.930193   0.931755
   871.54980    0.917015   0.931395
   871.56660    0.945868   0.931230
   871.58340    0.938010   0.931011
   871.61640    0.927236   0.930712
   871.63320    0.926384   0.930537
   871.65000    0.925159   0.930277
   871.66680    0.937520   0.930100
   871.69980    0.943238   0.929784
   871.71660    0.938749   0.929585
   871.73340    0.931980   0.929408
   871.76640    0.929513   0.929063
   871.78320    0.932184   0.928929
   871.80000    0.933418   0.928761
   871.81680    0.916453   0.928582
   871.84980    0.943442   0.928152
   871.86660    0.954805   0.928006
   871.88340    0.949998   0.927775
   871.91640    0.940812   0.927466
   871.93320    0.943849   0.927291
   871.95000    0.936700   0.927158
   871.96680    0.929149   0.926990
   871.99980    0.926173   0.926672
   872.01660    0.936265   0.926515
   872.03340    0.929428   0.926305
   872.05020    0.920255   0.926096
   872.08320    0.920622   0.925749
   872.10000    0.939834   0.925606
   872.11680    0.937140   0.925425
   872.14980    0.922584   0.925124
   872.16660    0.917788   0.924927
   872.18340    0.915059   0.924803
   872.20020    0.930101   0.924681
   872.23320    0.923282   0.924299
   872.25000    0.947207   0.924111
   872.26680    0.913418   0.923957
   872.29980    0.919340   0.923584
   872.31660    0.937425   0.923457
   872.33340    0.935974   0.923288
   872.35020    0.927315   0.923145
   872.38320    0.916913   0.922870
   872.40000    0.899025   0.922699
   872.41680    0.901694   0.922569
   872.44980    0.909804   0.922226
   872.46660    0.930430   0.922034
   872.48340    0.927195   0.921835
   872.50020    0.926999   0.921738
   872.53320    0.917334   0.921376
   872.55000    0.938205   0.921263
   872.56680    0.921540   0.921141
   872.58360    0.918064   0.920968
   872.61660    0.931054   0.920699
   872.63340    0.924899   0.920509
   872.65020    0.960860   0.920395
   872.68320    0.918522   0.920057
   872.70000    0.924910   0.919892
   872.71680    0.937605   0.919748
   872.73360    0.915833   0.919622
   872.76660    0.936956   0.919371
   872.78340    0.959474   0.919167
   872.80020    0.935622   0.919075
   872.83320    0.948660   0.918771
   872.85000    0.945776   0.918642
   872.86680    0.923400   0.918479
   872.88360    0.923643   0.918365
   872.91660    0.917560   0.918131
   872.93340    0.940341   0.917925
   872.95020    0.942431   0.917770
   872.98320    0.922766   0.917496
   873.00000    0.926692   0.917384
   873.01680    0.905980   0.917213
   873.03360    0.938249   0.917077
   873.06660    0.920136   0.916836
   873.08340    0.906006   0.916770
   873.10020    0.910104   0.916596
   873.11640    0.929649   0.916440
   873.15000    0.910278   0.916228
   873.16680    0.897282   0.916088
   873.18360    0.922858   0.915875
   873.21660    0.904282   0.915646
   873.23340    0.915661   0.915527
   873.25020    0.919407   0.915396
   873.26640    0.921196   0.915269
   873.30000    0.927949   0.914981
   873.31680    0.929018   0.914897
   873.33360    0.910042   0.914789
   873.36660    0.912813   0.914547
   873.38340    0.919034   0.914460
   873.40020    0.922552   0.914381
   873.41640    0.921561   0.914264
   873.45000    0.903919   0.913993
   873.46680    0.918109   0.913844
   873.48360    0.899669   0.913727
   873.51660    0.896333   0.913420
   873.53340    0.916218   0.913397
   873.55020    0.917794   0.913258
   873.56640    0.895162   0.913144
   873.60000    0.917701   0.912865
   873.61680    0.906326   0.912756
   873.63360    0.913043   0.912674
   873.64980    0.920050   0.912585
   873.68340    0.935486   0.912418
   873.70020    0.910830   0.912252
   873.71640    0.916346   0.912181
   873.75000    0.917077   0.912023
   873.76680    0.936180   0.911850
   873.78360    0.921691   0.911756
   873.79980    0.923932   0.911627
   873.83340    0.918842   0.911482
   873.85020    0.924701   0.911319
   873.86640    0.897240   0.911211
   873.90000    0.917664   0.911032
   873.91680    0.921299   0.910973
   873.93360    0.908116   0.910835
   873.94980    0.907257   0.910747
   873.98340    0.910631   0.910588
   874.00020    0.928514   0.910519
   874.01640    0.909189   0.910341
   874.05000    0.925123   0.910173
   874.06680    0.938643   0.910119
   874.08360    0.924802   0.910126
   874.09980    0.926576   0.909983
   874.13340    0.914128   0.909778
   874.15020    0.931437   0.909752
   874.16640    0.926499   0.909659
   874.18320    0.940780   0.909497
   874.21680    0.924132   0.909356
   874.23360    0.929089   0.909271
   874.24980    0.922672   0.909176
   874.28340    0.924128   0.908986
   874.30020    0.919683   0.908912
   874.31640    0.915099   0.908873
   874.33320    0.901281   0.908844
   874.36680    0.924938   0.908588
   874.38360    0.933783   0.908529
   874.39980    0.917614   0.908440
   874.43340    0.904778   0.908382
   874.45020    0.945831   0.908279
   874.46640    0.917547   0.908246
   874.48320    0.922294   0.908163
   874.51680    0.930628   0.908046
   874.53360    0.895266   0.907910
   874.54980    0.908057   0.907861
   874.58340    0.906448   0.907830
   874.60020    0.900526   0.907755
   874.61640    0.921002   0.907697
   874.63320    0.889955   0.907522
   874.66680    0.898762   0.907468
   874.68360    0.910747   0.907437
   874.69980    0.905847   0.907420
   874.71660    0.904839   0.907254
   874.75020    0.896649   0.907123
   874.76640    0.916507   0.907068
   874.78320    0.893109   0.907041
   874.81680    0.904598   0.906913
   874.83360    0.918356   0.906850
   874.84980    0.901852   0.906763
   874.86660    0.906140   0.906782
   874.90020    0.909800   0.906600
   874.91640    0.912472   0.906655
   874.93320    0.912615   0.906593
   874.96680    0.917166   0.906547
   874.98360    0.899270   0.906411
   874.99980    0.892412   0.906306
   875.01660    0.897132   0.906334
   875.05020    0.900770   0.906357
   875.06640    0.901881   0.906303
   875.08320    0.914880   0.906141
   875.11680    0.919185   0.906082
   875.13360    0.895982   0.906165
   875.14980    0.895309   0.906138
   875.16660    0.909259   0.906060
   875.20020    0.930193   0.905919
   875.21640    0.903801   0.905943
   875.23320    0.898631   0.905920
   875.25000    0.913408   0.905963
   875.28360    0.914287   0.905842
   875.29980    0.910292   0.905767
   875.31660    0.908289   0.905731
   875.35020    0.903706   0.905823
   875.36640    0.889699   0.905695
   875.38320    0.913431   0.905645
   875.40000    0.919695   0.905696
   875.43360    0.916330   0.905664
   875.44980    0.926429   0.905691
   875.46660    0.927033   0.905594
   875.50020    0.898397   0.905584
   875.51640    0.917455   0.905533
   875.53320    0.899873   0.905566
   875.55000    0.903755   0.905564
   875.58360    0.906723   0.905511
   875.59980    0.904370   0.905488
   875.61660    0.919138   0.905494
   875.65020    0.914799   0.905524
   875.66640    0.912269   0.905483
   875.68320    0.922964   0.905474
   875.70000    0.910341   0.905453
   875.73360    0.910915   0.905491
   875.74980    0.918169   0.905489
   875.76660    0.907604   0.905451
   875.78340    0.921780   0.905463
   875.81640    0.918227   0.905460
   875.83320    0.912366   0.905485
   875.85000    0.909344   0.905521
   875.88360    0.908475   0.905470
   875.89980    0.895912   0.905480
   875.91660    0.891276   0.905464
   875.93340    0.921493   0.905542
   875.96640    0.920706   0.905497
   875.98320    0.908817   0.905511
   876.00000    0.918542   0.905517
   876.03360    0.906640   0.905579
   876.04980    0.882124   0.905599
   876.06660    0.900838   0.905554
   876.08340    0.894342   0.905592
   876.11640    0.915789   0.905609
   876.13320    0.908509   0.905718
   876.15000    0.922982   0.905713
   876.18360    0.924030   0.905690
   876.19980    0.909383   0.905722
   876.21660    0.917468   0.905727
   876.23340    0.913957   0.905844
   876.26640    0.920936   0.905836
   876.28320    0.901543   0.905792
   876.30000    0.914728   0.905829
   876.31680    0.901025   0.905938
   876.34980    0.913742   0.906041
   876.36660    0.901722   0.905951
   876.38340    0.910123   0.905974
   876.41640    0.924653   0.906149
   876.43320    0.912776   0.906196
   876.45000    0.893517   0.906241
   876.46680    0.902241   0.906182
   876.49980    0.906581   0.906238
   876.51660    0.909172   0.906378
   876.53340    0.897958   0.906382
   876.56640    0.921040   0.906502
   876.58320    0.926471   0.906446
   876.60000    0.911942   0.906580
   876.61680    0.910931   0.906577
   876.64980    0.912680   0.906652
   876.66660    0.942751   0.906747
   876.68340    0.921862   0.906894
   876.71640    0.899731   0.906852
   876.73320    0.894000   0.906941
   876.75000    0.898909   0.907001
   876.76680    0.908573   0.907061
   876.79980    0.909442   0.907225
   876.81660    0.912932   0.907250
   876.83340    0.919657   0.907287
   876.85020    0.914683   0.907301
   876.88320    0.911740   0.907530
   876.90000    0.904843   0.907590
   876.91680    0.891229   0.907568
   876.94980    0.910380   0.907744
   876.96660    0.895386   0.907806
   876.98340    0.923115   0.907829
   877.00020    0.902028   0.907941
   877.03320    0.911154   0.908028
   877.05000    0.893515   0.908089
   877.06680    0.903100   0.908126
   877.09980    0.893280   0.908261
   877.11660    0.913606   0.908432
   877.13340    0.919387   0.908533
   877.15020    0.913477   0.908573
   877.18320    0.912857   0.908647
   877.20000    0.910161   0.908756
   877.21680    0.905011   0.908860
   877.24980    0.900495   0.909030
   877.26660    0.909958   0.909146
   877.28340    0.908945   0.909168
   877.30020    0.908031   0.909291
   877.33320    0.913615   0.909446
   877.35000    0.900973   0.909492
   877.36680    0.910580   0.909653
   877.38360    0.912896   0.909779
   877.41660    0.921205   0.909844
   877.43340    0.898439   0.909907
   877.45020    0.918225   0.909987
   877.48320    0.914859   0.910222
   877.50000    0.899902   0.910330
   877.51680    0.899447   0.910411
   877.53360    0.904398   0.910482
   877.56660    0.907880   0.910674
   877.58340    0.907731   0.910746
   877.60020    0.908462   0.910863
   877.63320    0.922728   0.911116
   877.65000    0.883985   0.911279
   877.66680    0.926020   0.911320
   877.68360    0.910459   0.911396
   877.71660    0.900495   0.911679
   877.73340    0.883731   0.911726
   877.75020    0.911176   0.911814
   877.78320    0.915863   0.912085
   877.80000    0.905448   0.912153
   877.81680    0.901193   0.912281
   877.83360    0.900816   0.912311
   877.86660    0.887130   0.912553
   877.88340    0.890301   0.912710
   877.90020    0.912281   0.912795
   877.91640    0.906108   0.912937
   877.95000    0.912956   0.913154
   877.96680    0.913927   0.913290
   877.98360    0.916581   0.913436
   878.01660    0.921048   0.913644
   878.03340    0.916865   0.913844
   878.05020    0.907819   0.913923
   878.06640    0.902634   0.913993
   878.10000    0.914029   0.914204
   878.11680    0.923709   0.914361
   878.13360    0.911515   0.914472
   878.16660    0.927022   0.914689
   878.18340    0.912030   0.914843
   878.20020    0.915162   0.914997
   878.21640    0.913494   0.915120
   878.25000    0.924832   0.915353
   878.26680    0.921831   0.915538
   878.28360    0.910120   0.915691
   878.31660    0.907027   0.915905
   878.33340    0.919130   0.916071
   878.35020    0.917219   0.916213
   878.36640    0.914430   0.916295
   878.40000    0.894509   0.916498
   878.41680    0.895263   0.916666
   878.43360    0.929761   0.916853
   878.44980    0.898282   0.916991
   878.48340    0.910142   0.917276
   878.50020    0.938007   0.917462
   878.51640    0.924261   0.917651
   878.55000    0.922493   0.917875
   878.56680    0.909175   0.918054
   878.58360    0.927855   0.918173
   878.59980    0.925125   0.918282
   878.63340    0.918058   0.918580
   878.65020    0.912671   0.918737
   878.66640    0.938008   0.918910
   878.70000    0.932184   0.919163
   878.71680    0.920167   0.919287
   878.73360    0.926724   0.919500
   878.74980    0.923500   0.919693
   878.78340    0.911921   0.919952
   878.80020    0.911278   0.920106
   878.81640    0.925334   0.920274
   878.85000    0.937736   0.920580
   878.86680    0.929580   0.920697
   878.88360    0.898660   0.920882
   878.89980    0.899360   0.921045
   878.93340    0.901158   0.921377
   878.95020    0.925771   0.921510
   878.96640    0.919738   0.921774
   878.98320    0.916524   0.921919
   879.01680    0.919607   0.922215
   879.03360    0.921294   0.922358
   879.04980    0.911806   0.922498
   879.08340    0.923280   0.922813
   879.10020    0.925522   0.922981
   879.11640    0.922603   0.923164
   879.13320    0.922631   0.923345
   879.16680    0.926388   0.923769
   879.18360    0.915817   0.923930
   879.19980    0.919763   0.924091
   879.23340    0.923895   0.924415
   879.25020    0.923234   0.924546
   879.26640    0.919198   0.924687
   879.28320    0.920250   0.924859
   879.31680    0.924443   0.925197
   879.33360    0.922360   0.925426
   879.34980    0.905236   0.925629
   879.38340    0.933103   0.925998
   879.40020    0.932637   0.926194
   879.41640    0.935358   0.926337
   879.43320    0.926243   0.926507
   879.46680    0.945357   0.926835
   879.48360    0.950888   0.926984
   879.49980    0.931301   0.927222
   879.51660    0.931506   0.927385
   879.55020    0.929918   0.927837
   879.56640    0.933578   0.928018
   879.58320    0.929128   0.928196
   879.61680    0.922338   0.928524
   879.63360    0.917602   0.928711
   879.64980    0.937003   0.928882
   879.66660    0.910689   0.929081
   879.70020    0.911112   0.929478
   879.71640    0.936939   0.929699
   879.73320    0.940288   0.929885
   879.76680    0.924279   0.930228
   879.78360    0.922317   0.930417
   879.79980    0.940211   0.930578
   879.81660    0.937647   0.930845
   879.85020    0.931078   0.931207
   879.86640    0.951371   0.931410
   879.88320    0.953239   0.931626
   879.91680    0.928068   0.932063
   879.93360    0.937715   0.932228
   879.94980    0.939870   0.932424
   879.96660    0.929754   0.932574
   880.00020    0.931491   0.932973
   880.01640    0.913986   0.933193
   880.03320    0.909444   0.933413
   880.05000    0.944053   0.933615
   880.08360    0.926622   0.934035
   880.09980    0.910808   0.934176
   880.11660    0.910659   0.934378
   880.15020    0.915820   0.934788
   880.16640    0.928614   0.934935
   880.18320    0.932383   0.935195
   880.20000    0.913184   0.935394
   880.23360    0.914055   0.935833
   880.24980    0.933924   0.936021
   880.26660    0.923406   0.936256
   880.30020    0.925984   0.936626
   880.31640    0.945574   0.936814
   880.33320    0.947301   0.937060
   880.35000    0.934208   0.937273
   880.38360    0.928696   0.937773
   880.39980    0.941724   0.937961
   880.41660    0.962428   0.938129
   880.45020    0.969235   0.938523
   880.46640    0.945843   0.938750
   880.48320    0.943089   0.938973
   880.50000    0.946225   0.939186
   880.53360    0.941823   0.939649
   880.54980    0.938267   0.939825
   880.56660    0.946955   0.939994
   880.58340    0.952174   0.940227
   880.61640    0.953017   0.940695
   880.63320    0.944905   0.940862
   880.65000    0.948530   0.941126
   880.68360    0.951105   0.941591
   880.69980    0.940583   0.941779
   880.71660    0.953026   0.941981
   880.73340    0.957228   0.942206
   880.76640    0.940396   0.942639
   880.78320    0.957629   0.942809
   880.80000    0.956659   0.943173
   880.83360    0.944126   0.943546
   880.84980    0.956447   0.943728
   880.86660    0.949171   0.943917
   880.88340    0.933434   0.944151
   880.91640    0.940623   0.944571
   880.93320    0.951115   0.944842
   880.95000    0.960648   0.945098
   880.98360    0.931140   0.945486
   880.99980    0.958581   0.945715
   881.01660    0.946787   0.945933
   881.03340    0.945846   0.946168
   881.06640    0.935693   0.946589
   881.08320    0.926727   0.946854
   881.10000    0.933576   0.947116
   881.11680    0.955085   0.947296
   881.14980    0.951994   0.947720
   881.16660    0.952752   0.947929
   881.18340    0.943938   0.948149
   881.21640    0.961039   0.948678
   881.23320    0.938400   0.948849
   881.25000    0.931057   0.949118
   881.26680    0.943745   0.949312
   881.29980    0.946601   0.949767
   881.31660    0.939446   0.950004
   881.33340    0.935183   0.950262
   881.36640    0.960611   0.950697
   881.38320    0.943744   0.950903
   881.40000    0.938389   0.951097
   881.41680    0.946858   0.951321
   881.44980    0.945242   0.951812
   881.46660    0.943832   0.952063
   881.48340    0.954378   0.952290
   881.51640    0.967609   0.952752
   881.53320    0.961609   0.952925
   881.55000    0.941766   0.953175
   881.56680    0.935006   0.953371
   881.59980    0.943297   0.953936
   881.61660    0.943448   0.954088
   881.63340    0.957308   0.954311
   881.65020    0.946587   0.954541
   881.68320    0.934286   0.954999
   881.70000    0.949017   0.955288
   881.71680    0.924166   0.955567
   881.74980    0.950265   0.955994
   881.76660    0.945824   0.956166
   881.78340    0.960356   0.956376
   881.80020    0.936046   0.956671
   881.83320    0.926650   0.957155
   881.85000    0.955208   0.957347
   881.86680    0.926326   0.957559
   881.89980    0.929817   0.957972
   881.91660    0.948875   0.958261
   881.93340    0.930945   0.958500
   881.95020    0.948027   0.958770
   881.98320    0.956956   0.959225
   882.00000    0.956341   0.959405
   882.01680    0.962045   0.959612
   882.04980    0.973724   0.960073
   882.06660    0.971244   0.960328
   882.08340    0.953089   0.960629
   882.10020    0.941997   0.960834
   882.13320    0.974808   0.961300
   882.15000    0.970285   0.961446
   882.16680    0.948727   0.961716
   882.18360    0.962045   0.961995
   882.21660    0.946491   0.962370
   882.23340    0.930100   0.962647
   882.25020    0.951671   0.962810
   882.28320    0.978883   0.963362
   882.30000    0.948199   0.963628
   882.31680    0.972648   0.963814
   882.33360    0.957541   0.964032
   882.36660    0.956965   0.964463
   882.38340    0.954715   0.964702
   882.40020    0.954002   0.964917
   882.43320    0.959451   0.965426
   882.45000    0.965905   0.965673
   882.46680    0.965314   0.965851
   882.48360    0.955975   0.966101
   882.51660    0.958955   0.966531
   882.53340    0.964043   0.966805
   882.55020    0.963454   0.967032
   882.58320    0.960935   0.967443
   882.60000    0.962598   0.967672
   882.61680    0.969315   0.967901
   882.63360    0.969749   0.968236
   882.66660    0.966022   0.968605
   882.68340    0.946018   0.968815
   882.70020    0.973976   0.969025
   882.71640    0.971859   0.969255
   882.75000    0.970041   0.969730
   882.76680    0.957314   0.969972
   882.78360    0.982498   0.970217
   882.81660    0.976711   0.970617
   882.83340    0.963062   0.970829
   882.85020    0.979741   0.971115
   882.86640    1.001282   0.971327
   882.90000    0.983397   0.971732
   882.91680    0.976595   0.971935
   882.93360    0.983553   0.972229
   882.96660    0.970262   0.972701
   882.98340    0.976856   0.972904
   883.00020    0.963072   0.973055
   883.01640    0.957404   0.973279
   883.05000    0.964800   0.973725
   883.06680    0.972360   0.974049
   883.08360    0.948990   0.974275
   883.11660    0.948974   0.974683
   883.13340    0.966641   0.974794
   883.15020    0.961159   0.975068
   883.16640    0.969614   0.975353
   883.20000    0.984639   0.975710
   883.21680    0.987187   0.975989
   883.23360    0.969291   0.976174
   883.24980    0.972914   0.976389
   883.28340    0.966984   0.976878
   883.30020    0.977167   0.977021
   883.31640    0.995842   0.977239
   883.35000    0.999429   0.977671
   883.36680    0.985528   0.977908
   883.38360    0.979171   0.978174
   883.39980    0.984181   0.978318
   883.43340    0.977586   0.978732
   883.45020    0.981151   0.978906
   883.46640    0.980048   0.979186
   883.50000    0.996971   0.979577
   883.51680    0.990110   0.979828
   883.53360    0.983975   0.980015
   883.54980    0.980332   0.980180
   883.58340    0.993301   0.980675
   883.60020    0.986481   0.980833
   883.61640    0.975745   0.981030
   883.65000    0.989260   0.981448
   883.66680    0.968386   0.981697
   883.68360    0.974613   0.981904
   883.69980    0.995478   0.982060
   883.73340    0.993357   0.982457
   883.75020    0.983612   0.982634
   883.76640    0.974005   0.982885
   883.78320    0.971843   0.983146
   883.81680    0.987713   0.983492
   883.83360    0.997540   0.983659
   883.84980    0.983901   0.983837
   883.88340    0.984761   0.984266
   883.90020    0.997624   0.984507
   883.91640    0.998152   0.984697
   883.93320    0.999558   0.984865
   883.96680    0.988537   0.985285
   883.98360    0.986758   0.985442
   883.99980    0.985704   0.985621
   884.03340    0.979166   0.985969
   884.05020    0.996024   0.986201
   884.06640    0.997905   0.986452
   884.08320    0.979842   0.986622
   884.11680    0.985924   0.986959
   884.13360    0.962084   0.987129
   884.14980    0.972200   0.987308
   884.18340    0.980770   0.987751
   884.20020    0.980322   0.987910
   884.21640    1.001868   0.988068
   884.23320    0.998842   0.988227
   884.26680    1.007708   0.988650
   884.28360    0.988713   0.988809
   884.29980    0.969482   0.989000
   884.31660    1.000027   0.989137
   884.35020    0.977619   0.989530
   884.36640    0.972248   0.989699
   884.38320    0.978050   0.989826
   884.41680    0.973829   0.990208
   884.43360    0.983791   0.990368
   884.44980    0.987487   0.990580
   884.46660    0.974320   0.990707
   884.50020    0.967492   0.991047
   884.51640    0.969727   0.991196
   884.53320    1.002506   0.991377
   884.56680    0.988279   0.991685
   884.58360    0.974634   0.991888
   884.59980    0.977146   0.991993
   884.61660    0.980973   0.992174
   884.65020    0.973799   0.992547
   884.66640    0.983691   0.992653
   884.68320    1.017867   0.992813
   884.71680    1.001993   0.993132
   884.73360    0.988961   0.993313
   884.74980    0.991595   0.993452
   884.76660    0.986046   0.993569
   884.80020    0.980099   0.993888
   884.81640    0.990565   0.994091
   884.83320    0.993147   0.994187
   884.85000    0.993221   0.994347
   884.88360    0.984094   0.994602
   884.89980    0.981290   0.994772
   884.91660    0.983663   0.994933
   884.95020    0.977481   0.995177
   884.96640    0.983470   0.995294
   884.98320    0.990889   0.995432
   885.00000    0.978648   0.995636
   885.03360    0.975584   0.995858
   885.04980    0.986366   0.995965
   885.06660    0.990749   0.996114
   885.10020    0.996369   0.996391
   885.11640    0.959704   0.996497
   885.13320    0.991599   0.996614
   885.15000    0.987211   0.996710
   885.18360    0.967988   0.997019
   885.19980    0.983700   0.997083
   885.21660    0.964414   0.997199
   885.25020    0.984007   0.997411
   885.26640    0.989825   0.997582
   885.28320    0.974304   0.997666
   885.30000    0.991398   0.997773
   885.33360    1.000989   0.997953
   885.34980    0.992687   0.998091
   885.36660    1.006379   0.998207
   885.38340    1.007849   0.998271
   885.41640    1.002653   0.998450
   885.43320    1.004117   0.998566
   885.45000    1.009098   0.998662
   885.48360    1.001862   0.998809
   885.49980    0.996573   0.998894
   885.51660    0.995731   0.998978
   885.53340    1.004616   0.999105
   885.56640    0.988753   0.999220
   885.58320    0.999888   0.999272
   885.60000    1.004786   0.999356
   885.63360    0.993865   0.999524
   885.64980    1.000317   0.999565
   885.66660    0.998790   0.999617
   885.68340    0.995348   0.999670
   885.71640    0.993785   0.999805
   885.73320    1.000908   0.999825
   885.75000    1.007614   0.999867
   885.78360    0.996257   0.999969
   885.79980    0.983563   1.000000
   885.81660    1.013911   1.000000
   885.83340    0.998460   1.000000
   885.86640    1.004198   1.000000
   885.88320    0.988199   1.000000
   885.90000    1.004887   1.000000
   885.91680    1.017112   1.000000
   885.94980    1.002285   1.000000
   885.96660    0.995177   1.000000
   885.98340    1.018956   1.000000
   886.01640    0.990366   1.000000
   886.03320    0.977467   1.000000
   886.05000    1.006467   1.000000
   886.06680    1.000594   1.000000
   886.09980    0.997149   1.000000
   886.11660    1.017146   1.000000
   886.13340    0.991459   1.000000
   886.16640    0.970350   1.000000
   886.18320    1.001296   1.000000
   886.20000    1.008731   1.000000
   886.21680    0.997552   1.000000
   886.24980    0.999116   1.000000
   886.26660    1.006136   1.000000
   886.28340    1.007529   1.000000
   886.31640    0.992094   1.000000
   886.33320    1.004237   1.000000
   886.35000    0.994163   1.000000
   886.36680    1.005643   1.000000
   886.39980    1.013283   1.000000
   886.41660    1.019857   1.000000
   886.43340    0.998805   1.000000
   886.45020    1.002998   1.000000
   886.48320    1.007675   1.000000
   886.50000    1.011847   1.000000
   886.51680    1.012587   1.000000
   886.54980    1.015430   1.000000
   886.56660    1.005744   1.000000
   886.58340    1.007606   1.000000
   886.60020    1.001846   1.000000
   886.63320    1.014951   1.000000
   886.65000    1.001796   1.000000
   886.66680    0.993853   1.000000
   886.69980    0.997743   1.000000
   886.71660    1.012607   1.000000
   886.73340    0.993865   1.000000
   886.75020    0.991764   1.000000
   886.78320    1.007406   1.000000
   886.80000    0.999202   1.000000
   886.81680    0.993728   1.000000
   886.84980    1.014258   1.000000
   886.86660    1.017263   1.000000
   886.88340    1.000606   1.000000
   886.90020    1.020594   1.000000
   886.93320    1.009135   1.000000
   886.95000    1.001248   1.000000
   886.96680    1.002347   1.000000
   886.98360    0.997406   1.000000
   887.01660    0.979198   1.000000
   887.03340    1.001675   1.000000
   887.05020    0.992621   1.000000
   887.08320    0.987652   1.000000
   887.10000    0.995825   1.000000
   887.11680    1.018813   1.000000
   887.13360    1.004481   1.000000
   887.16660    0.991386   1.000000
   887.18340    1.005251   1.000000
   887.20020    1.028309   1.000000
   887.23320    1.001189   1.000000
   887.25000    1.006220   1.000000
   887.26680    1.012512   1.000000
   887.28360    1.003003   1.000000
   887.31660    0.987228   1.000000
   887.33340    1.000016   1.000000
   887.35020    0.992299   1.000000
   887.38320    1.007622   1.000000
   887.40000    1.002270   1.000000
   887.41680    0.982491   1.000000
   887.43360    0.981494   1.000000
   887.46660    0.978599   1.000000
   887.48340    0.973371   1.000000
   887.50020    0.989413   1.000000
   887.51640    0.991353   1.000000
   887.55000    0.984428   1.000000
   887.56680    1.007633   1.000000
   887.58360    1.004034   1.000000
   887.61660    0.989327   1.000000
   887.63340    0.995741   1.000000
   887.65020    1.013561   1.000000
   887.66640    1.020685   1.000000
   887.70000    1.005346   1.000000
   887.71680    1.006031   1.000000
   887.73360    0.994748   1.000000
   887.76660    1.012658   1.000000
   887.78340    1.004613   1.000000
   887.80020    0.993801   1.000000
   887.81640    1.010569   1.000000
   887.85000    1.028605   1.000000
   887.86680    1.020965   1.000000
   887.88360    1.012920   1.000000
   887.91660    1.004641   1.000000
   887.93340    0.994451   1.000000
   887.95020    1.014153   1.000000
   887.96640    1.031153   1.000000
   888.00000    1.022981   1.000000
   888.01680    1.023262   1.000000
   888.03360    1.031759   1.000000
   888.04980    1.019606   1.000000
   888.08340    0.997810   1.000000
   888.10020    0.988555   1.000000
   888.11640    1.004917   1.000000
   888.15000    1.002397   1.000000
   888.16680    1.015397   1.000000
   888.18360    0.993237   1.000000
   888.19980    1.014445   1.000000
   888.23340    1.000053   1.000000
   888.25020    0.964090   1.000000
   888.26640    1.003914   1.000000
   888.30000    1.016520   1.000000
   888.31680    1.011756   1.000000
   888.33360    1.018382   1.000000
   888.34980    1.011028   1.000000
   888.38340    0.992359   1.000000
   888.40020    1.009787   1.000000
   888.41640    1.005122   1.000000
   888.45000    1.014026   1.000000
   888.46680    1.016380   1.000000
   888.48360    1.012697   1.000000
   888.49980    1.010845   1.000000
   888.53340    1.002240   1.000000
   888.55020    1.006199   1.000000
   888.56640    1.003870   1.000000
   888.58320    1.009760   1.000000
   888.61680    1.003751   1.000000
   888.63360    1.000651   1.000000
   888.64980    1.007715   1.000000
   888.68340    1.002697   1.000000
   888.70020    0.993051   1.000000
   888.71640    0.999701   1.000000
   888.73320    1.017847   1.000000
   888.76680    1.026911   1.000000
   888.78360    1.016894   1.000000
   888.79980    1.030437   1.000000
   888.83340    1.005668   1.000000
   888.85020    1.004056   1.000000
   888.86640    1.010884   1.000000
   888.88320    0.994681   1.000000
   888.91680    1.002337   1.000000
   888.93360    0.997398   1.000000
   888.94980    0.987135   1.000000
   888.98340    0.993534   1.000000
   889.00020    1.017359   1.000000
   889.01640    0.999515   1.000000
   889.03320    1.006852   1.000000
   889.06680    1.001063   1.000000
   889.08360    0.994300   1.000000
   889.09980    0.996376   1.000000
   889.11660    0.991544   1.000000
   889.15020    0.967713   1.000000
   889.16640    0.986905   1.000000
   889.18320    1.008626   1.000000
   889.21680    1.003277   1.000000
   889.23360    1.006091   1.000000
   889.24980    0.987472   1.000000
   889.26660    1.010759   1.000000
   889.30020    1.007596   1.000000
   889.31640    1.020887   1.000000
   889.33320    0.982689   1.000000
   889.36680    1.018588   1.000000
   889.38360    1.009950   1.000000
   889.39980    1.008521   1.000000
   889.41660    0.990514   1.000000
   889.45020    0.983483   1.000000
