   712.48860    1.000420   0.999933
   712.49940    0.993916   0.999912
   712.50960    1.036423   0.999888
   712.52040    1.069406   0.999859
   712.53120    1.116326   0.999824
   712.54200    1.038978   0.999785
   712.55220    1.000187   0.999742
   712.56300    0.941421   0.999691
   712.57380    0.666869   0.999633
   712.58460    0.629705   0.999568
   712.59540    0.563273   0.999495
   712.60560    0.864073   0.999420
   712.61640    0.836199   0.999332
   712.62720    0.936311   0.999235
   712.63800    0.835038   0.999130
   712.64820    0.945834   0.999021
   712.65900    0.942582   0.998897
   712.66980    0.879403   0.998762
   712.68060    1.058489   0.998617
   712.69140    0.831089   0.998461
   712.70160    0.838754   0.998302
   712.71240    0.929110   0.998123
   712.72320    0.787189   0.997932
   712.73400    0.771394   0.997728
   712.74420    1.006459   0.997523
   712.75500    1.033635   0.997294
   712.76580    0.953732   0.997050
   712.77660    0.928181   0.996792
   712.78740    1.113074   0.996520
   712.79760    0.956751   0.996249
   712.80840    0.950480   0.995947
   712.81920    0.968830   0.995629
   712.83000    1.031777   0.995296
   712.84020    1.007620   0.994966
   712.85100    0.870112   0.994600
   712.86180    0.942350   0.994217
   712.87260    1.017376   0.993817
   712.88340    0.987644   0.993399
   712.89360    0.917961   0.992988
   712.90440    0.918426   0.992535
   712.91520    0.880100   0.992064
   712.92600    0.845258   0.991573
   712.93620    1.064993   0.991092
   712.94700    0.934685   0.990564
   712.95780    0.965810   0.990016
   712.96860    0.960932   0.989448
   712.97940    0.922374   0.988860
   712.98960    1.179970   0.988285
   713.00040    0.969527   0.987656
   713.01120    0.938401   0.987007
   713.02200    1.005762   0.986336
   713.03220    0.910993   0.985682
   713.04300    0.950015   0.984969
   713.05380    1.051288   0.984233
   713.06460    1.089150   0.983476
   713.07540    1.129101   0.982696
   713.08560    1.038745   0.981938
   713.09640    0.998794   0.981114
   713.10720    1.158833   0.980267
   713.11800    1.063599   0.979397
   713.12820    0.915406   0.978553
   713.13900    0.991361   0.977637
   713.14980    1.095189   0.976698
   713.16060    1.036887   0.975735
   713.17140    1.110519   0.974747
   713.18160    1.016679   0.973793
   713.19240    1.022254   0.972759
   713.20320    0.964881   0.971701
   713.21400    0.965578   0.970618
   713.22420    0.949086   0.969574
   713.23500    1.221548   0.968444
   713.24580    0.971153   0.967289
   713.25660    0.988341   0.966110
   713.26740    1.099602   0.964907
   713.27760    1.050824   0.963747
   713.28840    1.013659   0.962496
   713.29920    0.962094   0.961220
   713.31000    1.042230   0.959919
   713.32020    1.057095   0.958668
   713.33100    0.979050   0.957319
   713.34180    0.986948   0.955945
   713.35260    1.091008   0.954547
   713.36340    1.007156   0.953125
   713.37360    1.001581   0.951759
   713.38440    0.969991   0.950288
   713.39520    1.015053   0.948794
   713.40600    0.902863   0.947275
   713.41620    1.047340   0.945818
   713.42700    0.942582   0.944252
   713.43780    1.125850   0.942662
   713.44860    1.067316   0.941048
   713.45940    1.032009   0.939410
   713.46960    1.025041   0.937841
   713.48040    0.941653   0.936158
   713.49120    0.937705   0.934451
   713.50200    1.000420   0.932721
   713.51220    1.024576   0.931066
   713.52300    0.976263   0.929291
   713.53380    0.920052   0.927494
   713.54460    0.954429   0.925675
   713.55540    0.982767   0.923833
   713.56560    0.829696   0.922074
   713.57640    0.948389   0.920190
   713.58720    0.892643   0.918284
   713.59800    0.868718   0.916358
   713.60820    0.918658   0.914519
   713.61900    0.978586   0.912553
   713.62980    0.902166   0.910566
   713.64060    1.094027   0.908559
   713.65140    0.979050   0.906533
   713.66160    0.915638   0.904601
   713.67240    0.998097   0.902537
   713.68320    0.897056   0.900455
   713.69400    0.963720   0.898354
   713.70420    1.028293   0.896354
   713.71500    1.051056   0.894219
   713.72580    1.011104   0.892067
   713.73660    0.936543   0.889899
   713.74740    1.113307   0.887714
   713.75760    0.950480   0.885636
   713.76840    0.999258   0.883421
   713.77920    0.981373   0.881190
   713.79000    0.968365   0.878946
   713.80020    0.979747   0.876813
   713.81100    0.930504   0.874542
   713.82180    0.977656   0.872258
   713.83260    1.053147   0.869961
   713.84340    0.955358   0.867653
   713.85360    1.004833   0.865462
   713.86440    0.939563   0.863132
   713.87520    0.927252   0.860792
   713.88600    0.950015   0.858443
   713.89620    0.633421   0.856215
   713.90700    0.762567   0.853848
   713.91780    0.861285   0.851473
   713.92860    0.803216   0.849091
   713.93940    0.754205   0.846701
   713.94960    0.822727   0.844437
   713.96040    0.746772   0.842034
   713.97120    0.840613   0.839625
   713.98200    0.924929   0.837210
   713.99220    0.911457   0.834925
   714.00300    0.873828   0.832500
   714.01380    0.950944   0.830071
   714.02460    0.879868   0.827638
   714.03540    1.013195   0.825201
   714.04560    0.941189   0.822897
   714.05640    0.770000   0.820454
   714.06720    1.003671   0.818008
   714.07800    0.823656   0.815560
   714.08820    0.792067   0.813247
   714.09900    0.729352   0.810796
   714.10980    0.941886   0.808343
   714.12060    0.910064   0.805890
   714.13140    0.803216   0.803437
   714.14160    0.782543   0.801119
   714.15240    0.897753   0.798666
   714.16320    0.819708   0.796213
   714.17400    0.868486   0.793761
   714.18420    0.797874   0.791447
   714.19500    0.817385   0.788998
   714.20580    0.927252   0.786551
   714.21660    1.000187   0.784106
   714.22740    0.931898   0.781664
   714.23760    0.436914   0.779361
   714.24840    0.482208   0.776925
   714.25920    0.510546   0.774493
   714.27000    0.582088   0.772064
   714.28020    0.698226   0.769775
   714.29100    0.671747   0.767356
   714.30180    0.617858   0.764941
   714.31260    0.501720   0.762532
   714.32340    0.602760   0.760128
   714.33360    0.649216   0.757864
   714.34440    0.571867   0.755473
   714.35520    0.600902   0.753088
   714.36600    0.696136   0.750709
   714.37620    0.683128   0.748470
   714.38700    0.716112   0.746107
   714.39780    0.751418   0.743751
   714.40860    0.756296   0.741404
   714.41940    0.670353   0.739065
   714.42960    0.701246   0.736864
   714.44040    0.701014   0.734543
   714.45120    0.771394   0.732231
   714.46200    0.727029   0.729929
   714.47220    0.718899   0.727764
   714.48300    0.687309   0.725482
   714.49380    0.878009   0.723211
   714.50460    0.802055   0.720951
   714.51540    0.746540   0.718702
   714.52560    0.770697   0.716589
   714.53640    0.734694   0.714363
   714.54720    0.725403   0.712149
   714.55800    0.624130   0.709948
   714.56820    0.704033   0.707881
   714.57900    0.747469   0.705705
   714.58980    0.805306   0.703543
   714.60060    0.710305   0.701394
   714.61140    0.842006   0.699260
   714.62160    0.717273   0.697257
   714.63240    0.740036   0.695150
   714.64320    0.783240   0.693059
   714.65400    0.789512   0.690983
   714.66420    0.681967   0.689036
   714.67500    0.654791   0.686991
   714.68580    0.639693   0.684961
   714.69660    0.699852   0.682948
   714.70740    0.670585   0.680951
   714.71760    0.693116   0.679081
   714.72840    0.569545   0.677118
   714.73920    0.663849   0.675172
   714.75000    0.687077   0.673244
   714.76020    0.637602   0.671440
   714.77100    0.656184   0.669547
   714.78180    0.633421   0.667673
   714.79260    0.509849   0.665818
   714.80340    0.579300   0.663982
   714.81360    0.695439   0.662265
   714.82440    0.706821   0.660467
   714.83520    0.627150   0.658689
   714.84600    0.665475   0.656931
   714.85620    0.723777   0.655289
   714.86700    0.634815   0.653571
   714.87780    0.566990   0.651874
   714.88860    0.667798   0.650198
   714.89940    0.583249   0.648544
   714.90960    0.589985   0.647001
   714.92040    0.653165   0.645389
   714.93120    0.640389   0.643799
   714.94200    0.633653   0.642231
   714.95220    0.714486   0.640772
   714.96300    0.559789   0.639249
   714.97380    0.666404   0.637749
   714.98460    0.697762   0.636272
   714.99540    0.769303   0.634818
   715.00560    0.560718   0.633468
   715.01640    0.621575   0.632061
   715.02720    0.587895   0.630678
   715.03800    0.606709   0.629320
   715.04820    0.789744   0.628060
   715.05900    0.624130   0.626750
   715.06980    0.618091   0.625465
   715.08060    0.526341   0.624205
   715.09140    0.653165   0.622971
   715.10160    0.627846   0.621829
   715.11240    0.741895   0.620645
   715.12320    0.625059   0.619487
   715.13400    0.530987   0.618355
   715.14420    0.675696   0.617310
   715.15500    0.550498   0.616229
   715.16580    0.614839   0.615176
   715.17660    0.587662   0.614149
   715.18740    0.634815   0.613149
   715.19760    0.623898   0.612230
   715.20840    0.734462   0.611283
   715.21920    0.594398   0.610364
   715.23000    0.608567   0.609472
   715.24020    0.626220   0.608656
   715.25100    0.630866   0.607819
   715.26180    0.622969   0.607010
   715.27260    0.640622   0.606229
   715.28340    0.696368   0.605476
   715.29360    0.615303   0.604792
   715.30440    0.524483   0.604095
   715.31520    0.422745   0.603427
   715.32600    0.432269   0.602787
   715.33620    0.571171   0.602210
   715.34700    0.509849   0.601627
   715.35780    0.337732   0.601073
   715.36860    0.590450   0.600549
   715.37940    0.581159   0.600053
   715.38960    0.508456   0.599613
   715.40040    0.540045   0.599175
   715.41120    0.597418   0.598766
   715.42200    0.523321   0.598387
   715.43220    0.557931   0.598057
   715.44300    0.573493   0.597736
   715.45380    0.567454   0.597445
   715.46460    0.637602   0.597184
   715.47540    0.576513   0.596952
   715.48560    0.488248   0.596761
   715.49640    0.518676   0.596588
   715.50720    0.403234   0.596445
   715.51800    0.446438   0.596332
   715.52820    0.501487   0.596253
   715.53900    0.417635   0.596198
   715.54980    0.577210   0.596173
   715.56060    0.705892   0.596179
   715.57140    0.551427   0.596215
   715.58160    0.566990   0.596276
   715.59240    0.719131   0.596370
   715.60320    0.655952   0.596494
   715.61400    0.703337   0.596648
   715.62420    0.573029   0.596821
   715.63500    0.564899   0.597034
   715.64580    0.640622   0.597276
   715.65660    0.579068   0.597548
   715.66740    0.600902   0.597850
   715.67760    0.596953   0.598163
   715.68840    0.670121   0.598523
   715.69920    0.547943   0.598913
   715.71000    0.626685   0.599332
   715.72020    0.544691   0.599755
   715.73100    0.487086   0.600231
   715.74180    0.405557   0.600737
   715.75260    0.607406   0.601272
   715.76340    0.580694   0.601837
   715.77360    0.625756   0.602396
   715.78440    0.656881   0.603017
   715.79520    0.533774   0.603667
   715.80600    0.589056   0.604345
   715.81620    0.534471   0.605012
   715.82700    0.631563   0.605746
   715.83780    0.609729   0.606508
   715.84860    0.650842   0.607299
   715.85940    0.696601   0.608118
   715.86960    0.569312   0.608917
   715.88040    0.683825   0.609790
   715.89120    0.573261   0.610690
   715.90200    0.535168   0.611619
   715.91220    0.510082   0.612520
   715.92300    0.544923   0.613502
   715.93380    0.600438   0.614510
   715.94460    0.621343   0.615545
   715.95540    0.585572   0.616607
   715.96560    0.655952   0.617634
   715.97640    0.673140   0.618747
   715.98720    0.614374   0.619887
   715.99800    0.650145   0.621052
   716.00820    0.589521   0.622176
   716.01900    0.600670   0.623392
   716.02980    0.573726   0.624632
   716.04060    0.664082   0.625898
   716.05140    0.632260   0.627188
   716.06160    0.487783   0.628430
   716.07240    0.544459   0.629768
   716.08320    0.617858   0.631131
   716.09400    0.535632   0.632518
   716.10420    0.592076   0.633849
   716.11500    0.558395   0.635282
   716.12580    0.688935   0.636738
   716.13660    0.636905   0.638217
   716.14740    0.492893   0.639719
   716.15760    0.643641   0.641159
   716.16840    0.657113   0.642704
   716.17920    0.788118   0.644272
   716.19000    0.711931   0.645862
   716.20020    0.714254   0.647383
   716.21100    0.686845   0.649015
   716.22180    0.688703   0.650668
   716.23260    0.578836   0.652341
   716.24340    0.549337   0.654035
   716.25360    0.633653   0.655653
   716.26440    0.575584   0.657387
   716.27520    0.539581   0.659139
   716.28600    0.622272   0.660912
   716.29620    0.599741   0.662603
   716.30700    0.675696   0.664413
   716.31780    0.592308   0.666241
   716.32860    0.667566   0.668087
   716.33940    0.608567   0.669951
   716.34960    0.612516   0.671728
   716.36040    0.617162   0.673627
   716.37120    0.605780   0.675543
   716.38200    0.666637   0.677475
   716.39220    0.640157   0.679316
   716.40300    0.663849   0.681281
   716.41380    0.604386   0.683261
   716.42460    0.650842   0.685258
   716.43540    0.739107   0.687269
   716.44560    0.631795   0.689183
   716.45640    0.720061   0.691224
   716.46720    0.614839   0.693279
   716.47800    0.707518   0.695348
   716.48820    0.644338   0.697316
   716.49900    0.689632   0.699412
   716.50980    0.620646   0.701521
   716.52060    0.635976   0.703643
   716.53140    0.848278   0.705778
   716.54160    0.779291   0.707806
   716.55240    0.797641   0.709965
   716.56320    0.814598   0.712135
   716.57400    0.795086   0.714316
   716.58420    0.677321   0.716387
   716.59500    0.847581   0.718590
   716.60580    0.824121   0.720803
   716.61660    0.763961   0.723027
   716.62740    0.730048   0.725260
   716.63760    0.713325   0.727378
   716.64840    0.760245   0.729629
   716.65920    0.870809   0.731889
   716.67000    0.868718   0.734158
   716.68020    0.723080   0.736308
   716.69100    0.759083   0.738593
   716.70180    0.897753   0.740885
   716.71260    0.814830   0.743184
   716.72340    0.786260   0.745490
   716.73360    0.777665   0.747674
   716.74440    0.818314   0.749993
   716.75520    0.927484   0.752317
   716.76600    0.866860   0.754648
   716.77620    0.760245   0.756853
   716.78700    0.873596   0.759194
   716.79780    0.753741   0.761539
   716.80860    0.782776   0.763888
   716.81940    0.865931   0.766241
   716.82960    0.868021   0.768468
   716.84040    0.816688   0.770828
   716.85120    0.874061   0.773191
   716.86200    0.872667   0.775557
   716.87220    0.789976   0.777794
   716.88300    0.881029   0.780165
   716.89380    0.829463   0.782537
   716.90460    0.883352   0.784911
   716.91540    0.882655   0.787285
   716.92560    0.904954   0.789529
   716.93640    0.878938   0.791905
   716.94720    0.840148   0.794281
   716.95800    0.958377   0.796658
   716.96820    0.830625   0.798901
   716.97900    0.864537   0.801276
   716.98980    0.950248   0.803650
   717.00060    0.897985   0.806022
   717.01140    0.902863   0.808392
   717.02160    0.865002   0.810629
   717.03240    0.936079   0.812995
   717.04320    0.853620   0.815359
   717.05400    0.747469   0.817719
   717.06420    0.916567   0.819945
   717.07500    0.947925   0.822298
   717.08580    0.832483   0.824647
   717.09660    0.861750   0.826992
   717.10740    0.866395   0.829332
   717.11760    0.889623   0.831538
   717.12840    0.784401   0.833868
   717.13920    0.966043   0.836192
   717.15000    0.865002   0.838511
   717.16020    0.852923   0.840695
   717.17100    0.856872   0.843000
   717.18180    0.934685   0.845299
   717.19260    0.973940   0.847590
   717.20340    0.763496   0.849874
   717.21360    0.941653   0.852024
   717.22440    0.892411   0.854292
   717.23520    0.910064   0.856551
   717.24600    0.812507   0.858801
   717.25620    0.926323   0.860918
   717.26700    0.772091   0.863150
   717.27780    0.890552   0.865372
   717.28860    0.723080   0.867583
   717.29940    0.927484   0.869784
   717.30960    0.791834   0.871853
   717.32040    0.831554   0.874032
   717.33120    0.828302   0.876199
   717.34200    0.760941   0.878355
   717.35220    0.969527   0.880379
   717.36300    0.883352   0.882510
   717.37380    0.967436   0.884627
   717.38460    0.840845   0.886731
   717.39540    0.984857   0.888822
   717.40560    0.888694   0.890783
   717.41640    0.954661   0.892845
   717.42720    0.949086   0.894892
   717.43800    0.859427   0.896923
   717.44820    0.918426   0.898827
   717.45900    0.904489   0.900828
   717.46980    0.800893   0.902811
   717.48060    0.820869   0.904778
   717.49140    0.791834   0.906727
   717.50160    0.793693   0.908552
   717.51240    0.787421   0.910467
   717.52320    0.887068   0.912364
   717.53400    0.895430   0.914242
   717.54420    0.880332   0.915998
   717.55500    0.931201   0.917839
   717.56580    0.929110   0.919661
   717.57660    0.811810   0.921463
   717.58740    0.929575   0.923245
   717.59760    0.807861   0.924910
   717.60840    0.756528   0.926653
   717.61920    0.948622   0.928375
   717.63000    0.881261   0.930077
   717.64020    0.860124   0.931665
   717.65100    0.928181   0.933326
   717.66180    0.925162   0.934966
   717.67260    0.865234   0.936585
   717.68340    0.999258   0.938182
   717.69360    0.933988   0.939670
   717.70440    0.875919   0.941225
   717.71520    1.022486   0.942757
   717.72600    0.926555   0.944268
   717.73620    0.907509   0.945675
   717.74700    0.955822   0.947142
   717.75780    0.991593   0.948588
   717.76860    0.931898   0.950011
   717.77940    0.921910   0.951411
   717.78960    0.916103   0.952714
   717.80040    0.942118   0.954070
   717.81120    0.805306   0.955405
   717.82200    0.868950   0.956716
   717.83220    0.903560   0.957934
   717.84300    0.979979   0.959202
   717.85380    0.874293   0.960447
   717.86460    0.994845   0.961670
   717.87540    0.938401   0.962870
   717.88560    1.011801   0.963982
   717.89640    0.889391   0.965138
   717.90720    1.060115   0.966272
   717.91800    0.954196   0.967383
   717.92820    0.850136   0.968412
   717.93900    1.011801   0.969480
   717.94980    0.954661   0.970525
   717.96060    0.838290   0.971548
   717.97140    0.939098   0.972550
   717.98160    0.879868   0.973475
   717.99240    0.976030   0.974434
   718.00320    0.933988   0.975370
   718.01400    0.929343   0.976286
   718.02420    1.015053   0.977130
   718.03500    1.013659   0.978004
   718.04580    1.051056   0.978856
   718.05660    0.991129   0.979687
   718.06740    1.057792   0.980497
   718.07760    1.044088   0.981243
   718.08840    0.987644   0.982013
   718.09920    1.054540   0.982762
   718.11000    0.992058   0.983491
   718.12020    0.976030   0.984161
   718.13100    1.007620   0.984852
   718.14180    0.941421   0.985522
   718.15260    0.870576   0.986173
   718.16340    0.824585   0.986805
   718.17360    0.952570   0.987384
   718.18440    1.024344   0.987978
   718.19520    0.922607   0.988555
   718.20600    1.029222   0.989112
   718.21620    0.883584   0.989622
   718.22700    0.880332   0.990145
   718.23780    0.908205   0.990650
   718.24860    1.017840   0.991138
   718.25940    1.007620   0.991608
   718.26960    0.992290   0.992037
   718.28040    1.009014   0.992475
   718.29120    1.127011   0.992897
   718.30200    0.991593   0.993302
   718.31220    1.064528   0.993671
   718.32300    1.115629   0.994046
   718.33380    1.099138   0.994406
   718.34460    1.078465   0.994751
   718.35540    0.897753   0.995081
   718.36560    1.170679   0.995380
   718.37640    0.921678   0.995683
   718.38720    1.133515   0.995972
   718.39800    1.022486   0.996247
   718.40820    1.085433   0.996496
   718.41900    0.975566   0.996746
   718.42980    0.992290   0.996984
   718.44060    1.033171   0.997210
   718.45140    1.022254   0.997424
   718.46160    1.124688   0.997615
   718.47240    1.079394   0.997807
   718.48320    1.047107   0.997988
   718.49400    0.977889   0.998158
   718.50420    0.985322   0.998310
   718.51500    1.103319   0.998461
   718.52580    1.100764   0.998602
   718.53660    1.087988   0.998734
   718.54740    1.100067   0.998857
   718.55760    0.985089   0.998965
   718.56840    0.972546   0.999072
   718.57920    1.071032   0.999171
   718.59000    0.985089   0.999262
   718.60020    1.035029   0.999342
   718.61100    1.081717   0.999419
   718.62180    0.962326   0.999490
   718.63260    1.040836   0.999555
   718.64340    1.002975   0.999613
   718.65360    1.179738   0.999663
   718.66440    1.068012   0.999711
   718.67520    1.063367   0.999754
   718.68600    1.072890   0.999792
   718.69620    1.045481   0.999824
   718.70700    1.032706   0.999854
   718.71780    1.017144   0.999880
   718.72860    1.164640   0.999903
   718.73940    1.079162   0.999922
   718.74960    1.071264   0.999938
   718.76040    1.014821   0.999952
   718.77120    1.083110   0.999963
   718.78200    0.963487   0.999973
   718.79220    0.980676   0.999980
   718.80300    0.992290   0.999986
   718.81380    1.071032   0.999991
   718.82460    1.081020   0.999994
   718.83540    1.044785   0.999996
   718.84560    1.057792   0.999998
   718.85640    1.020395   0.999999
   718.86720    0.904024   1.000000
   718.87800    0.887765   1.000000
   718.88820    0.946763   1.000000
   718.89900    0.955358   1.000000
   718.90980    0.729352   1.000000
   718.92060    1.004368   1.000000
   718.93140    1.022021   1.000000
   718.94160    1.092634   1.000000
   718.95240    0.964417   1.000000
   718.96320    1.008085   1.000000
   718.97400    1.071729   1.000000
   718.98420    1.162549   1.000000
   718.99500    0.935846   1.000000
   719.00580    0.951177   1.000000
   719.01660    0.948157   1.000000
   719.02740    0.915638   1.000000
   719.03760    0.921910   1.000000
   719.04840    0.861982   1.000000
   719.05920    0.971617   1.000000
   719.07000    0.741662   1.000000
   719.08020    0.816688   1.000000
   719.09100    0.832251   1.000000
   719.10180    0.708911   1.000000
   719.11260    0.672908   1.000000
   719.12340    0.913780   1.000000
   719.13360    0.930969   1.000000
   719.14440    0.948389   1.000000
   719.15520    0.862911   1.000000
   719.16600    0.902166   1.000000
   719.17620    0.779291   1.000000
   719.18700    1.033868   1.000000
   719.19780    0.851530   1.000000
   719.20860    1.010175   1.000000
   719.21940    0.937937   1.000000
   719.22960    1.104712   1.000000
   719.24040    0.930969   1.000000
   719.25120    1.033868   1.000000
   719.26200    1.232697   1.000000
   719.27220    1.064296   1.000000
   719.28300    1.062902   1.000000
   719.29380    1.129334   1.000000
   719.30460    1.009014   1.000000
   719.31540    1.019466   1.000000
   719.32560    1.119578   1.000000
   719.33640    1.000187   1.000000
   719.34720    0.954893   1.000000
   719.35800    1.120739   1.000000
   719.36820    1.024112   1.000000
   719.37900    1.064064   1.000000
   719.38980    1.065457   1.000000
   719.40060    1.052218   1.000000
   719.41140    1.162549   1.000000
   719.42160    1.042230   1.000000
   719.43240    0.929575   1.000000
   719.44320    1.065457   1.000000
   719.45400    1.066851   1.000000
   719.46420    0.972082   1.000000
   719.47500    1.028293   1.000000
   719.48580    0.851065   1.000000
   719.49660    1.041300   1.000000
   719.50740    1.033635   1.000000
   719.51760    1.094492   1.000000
   719.52840    1.002975   1.000000
   719.53920    1.081020   1.000000
   719.55000    1.027364   1.000000
   719.56020    1.033635   1.000000
   719.57100    1.110055   1.000000
   719.58180    0.973011   1.000000
   719.59260    1.048501   1.000000
   719.60340    1.105874   1.000000
   719.61360    1.083110   1.000000
   719.62440    1.004833   1.000000
   719.63520    1.075910   1.000000
   719.64600    0.902863   1.000000
   719.65620    0.981605   1.000000
   719.66700    0.973243   1.000000
   719.67780    1.040139   1.000000
   719.68860    0.992290   1.000000
   719.69940    1.033635   1.000000
   719.70960    0.902863   1.000000
   719.72040    0.875687   1.000000
   719.73120    1.137231   1.000000
   719.74200    1.069174   1.000000
   719.75220    1.051985   1.000000
   719.76300    1.013659   1.000000
   719.77380    1.006227   1.000000
   719.78460    0.976263   1.000000
   719.79540    0.891946   1.000000
   719.80560    1.124688   1.000000
   719.81640    0.918426   1.000000
   719.82720    0.812275   1.000000
   719.83800    0.897288   1.000000
   719.84820    0.691490   1.000000
   719.85900    0.991361   1.000000
   719.86980    0.921445   1.000000
   719.88060    0.902398   1.000000
   719.89140    0.966043   1.000000
   719.90160    1.009943   1.000000
   719.91240    0.917264   1.000000
   719.92320    0.844329   1.000000
   719.93400    0.837825   1.000000
   719.94420    0.887997   1.000000
   719.95500    1.029919   1.000000
   719.96580    1.011104   1.000000
   719.97660    1.051288   1.000000
   719.98740    1.039442   1.000000
   719.99760    1.143735   1.000000
   720.00840    1.035261   1.000000
   720.01920    0.954893   1.000000
   720.03000    0.886371   1.000000
   720.04020    0.727726   1.000000
   720.05100    0.989503   1.000000
   720.06180    0.837361   1.000000
   720.07260    0.805306   1.000000
   720.08340    0.712628   1.000000
   720.09360    0.765122   1.000000
   720.10440    0.959306   1.000000
   720.11520    1.059650   1.000000
   720.12600    0.752812   1.000000
   720.13620    0.808558   1.000000
   720.14700    0.921910   1.000000
   720.15780    0.938169   1.000000
   720.16860    1.014124   1.000000
   720.17940    0.978121   1.000000
   720.18960    0.884513   1.000000
   720.20040    0.989735   1.000000
   720.21120    0.898682   1.000000
   720.22200    1.038745   1.000000
   720.23220    0.910296   1.000000
   720.24300    0.923768   1.000000
   720.25380    1.090311   1.000000
   720.26460    1.106106   1.000000
   720.27540    1.069174   1.000000
   720.28560    0.947693   1.000000
   720.29640    1.031313   1.000000
   720.30720    1.057792   1.000000
   720.31800    1.136767   1.000000
   720.32820    1.233162   1.000000
   720.33900    0.945602   1.000000
   720.34980    1.074981   1.000000
   720.36060    0.886371   1.000000
   720.37140    1.024809   1.000000
   720.38160    1.027364   1.000000
   720.39240    0.960932   1.000000
   720.40320    1.228748   1.000000
   720.41400    0.937937   1.000000
   720.42420    0.932130   1.000000
   720.43500    0.970920   1.000000
   720.44580    1.065690   1.000000
   720.45660    1.013892   1.000000
   720.46740    1.058721   1.000000
   720.47760    1.070335   1.000000
   720.48840    1.033403   1.000000
   720.49920    1.047804   1.000000
   720.51000    1.055469   1.000000
   720.52020    1.017840   1.000000
   720.53100    0.918890   1.000000
   720.54180    1.059883   1.000000
   720.55260    1.061741   1.000000
   720.56340    1.002742   1.000000
   720.57360    1.056166   1.000000
   720.58440    0.911922   1.000000
   720.59520    1.075678   1.000000
   720.60600    1.077768   1.000000
   720.61620    1.009014   1.000000
   720.62700    0.949551   1.000000
   720.63780    0.994148   1.000000
   720.64860    0.956519   1.000000
   720.65940    0.906579   1.000000
   720.66960    1.069174   1.000000
   720.68040    1.110519   1.000000
   720.69120    1.144432   1.000000
   720.70200    1.040604   1.000000
   720.71220    1.139322   1.000000
   720.72300    1.040371   1.000000
   720.73380    1.100067   1.000000
   720.74460    0.951409   1.000000
   720.75540    1.029919   1.000000
   720.76560    1.037352   1.000000
   720.77640    1.008549   1.000000
   720.78720    0.985786   1.000000
   720.79800    1.035726   1.000000
   720.80820    1.089614   1.000000
   720.81900    1.068245   1.000000
   720.82980    0.880100   1.000000
   720.84060    1.000652   1.000000
   720.85140    0.942582   1.000000
   720.86160    0.913316   1.000000
   720.87240    1.114932   1.000000
   720.88320    1.154187   1.000000
   720.89400    1.109358   1.000000
   720.90420    1.035958   1.000000
   720.91500    0.988109   1.000000
   720.92580    0.871506   1.000000
   720.93660    1.117952   1.000000
   720.94740    1.113771   1.000000
   720.95760    0.924697   1.000000
   720.96840    1.015285   1.000000
   720.97920    1.052450   1.000000
   720.99000    1.084040   1.000000
   721.00020    1.100531   1.000000
   721.01100    1.008317   1.000000
   721.02180    0.887533   1.000000
   721.03260    0.972546   1.000000
   721.04340    1.175789   1.000000
   721.05360    1.019931   1.000000
   721.06440    1.034564   1.000000
   721.07520    0.964881   1.000000
   721.08600    1.010175   1.000000
   721.09620    1.047804   1.000000
   721.10700    0.881261   1.000000
   721.11780    1.104712   1.000000
   721.12860    0.910296   1.000000
   721.13940    0.942118   1.000000
   721.14960    1.007388   1.000000
   721.16040    0.975566   1.000000
   721.17120    0.941421   1.000000
   721.18200    1.001116   1.000000
   721.19220    1.040371   1.000000
   721.20300    0.865002   1.000000
   721.21380    1.055934   1.000000
   721.22460    0.954196   1.000000
   721.23540    0.799964   1.000000
   721.24560    1.028525   1.000000
   721.25640    0.866163   1.000000
   721.26720    0.912154   1.000000
   721.27800    0.909135   1.000000
   721.28820    0.993451   1.000000
   721.29900    0.927252   1.000000
   721.30980    1.081252   1.000000
   721.32060    1.070103   1.000000
   721.33140    0.991129   1.000000
   721.34160    0.994845   1.000000
   721.35240    0.851065   1.000000
   721.36320    1.087524   1.000000
   721.37400    0.981141   1.000000
   721.38420    0.981837   1.000000
   721.39500    0.962558   1.000000
   721.40580    0.921213   1.000000
   721.41660    0.923071   1.000000
   721.42740    0.851065   1.000000
   721.43760    1.110984   1.000000
   721.44840    1.081717   1.000000
   721.45920    0.953267   1.000000
   721.47000    0.865234   1.000000
   721.48020    0.997865   1.000000
   721.49100    0.970688   1.000000
   721.50180    1.049895   1.000000
   721.51260    1.170679   1.000000
