    60.24960    0.989339   1.000000
    60.39360    0.979099   1.000000
    60.52320    1.011876   1.000000
    60.63840    0.988617   1.000000
    60.76800    1.019848   1.000000
    60.91200    1.052054   1.000000
    61.02720    0.977021   1.000000
    61.15680    1.003268   1.000000
    61.28640    0.945502   1.000000
    61.40160    1.055033   1.000000
    61.54560    1.019346   1.000000
    61.67520    1.004159   1.000000
    61.79040    0.963070   1.000000
    61.92000    1.028105   1.000000
    62.04960    0.976928   1.000000
    62.17920    1.011604   1.000000
    62.30880    1.044622   1.000000
    62.43840    1.021461   1.000000
    62.56800    0.981399   1.000000
    62.68320    1.013478   1.000000
    62.82720    0.955822   1.000000
    62.95680    0.983405   1.000000
    63.07200    1.006214   1.000000
    63.20160    0.967594   1.000000
    63.33120    0.997384   1.000000
    63.46080    0.997143   1.000000
    63.59040    1.046114   1.000000
    63.72000    1.027619   1.000000
    63.83520    1.051491   1.000000
    63.96480    0.939659   1.000000
    64.10880    0.965015   1.000000
    64.22400    0.981053   1.000000
    64.35360    1.018852   1.000000
    64.48320    0.990637   1.000000
    64.59840    1.025037   1.000000
    64.74240    1.048834   1.000000
    64.85760    0.977150   1.000000
    64.98720    1.007329   1.000000
    65.11680    1.004285   1.000000
    65.23200    1.038233   1.000000
    65.37600    0.939660   1.000000
    65.50560    0.963319   1.000000
    65.62080    0.992212   1.000000
    65.75040    0.931997   1.000000
    65.88000    1.016019   1.000000
    66.02400    0.970457   1.000000
    66.13920    0.961248   1.000000
    66.26880    0.960112   1.000000
    66.38400    0.975226   1.000000
    66.51360    1.014844   1.000000
    66.65760    1.010802   1.000000
    66.77280    0.943207   1.000000
    66.90240    1.059532   1.000000
    67.03200    0.955124   1.000000
    67.16160    0.962041   1.000000
    67.29120    0.996524   1.000000
    67.42080    1.019800   1.000000
    67.53600    1.003536   1.000000
    67.66560    1.009874   1.000000
    67.80960    1.079790   1.000000
    67.92480    0.965124   1.000000
    68.05440    1.011985   1.000000
    68.18400    0.991155   1.000000
    68.29920    0.992795   1.000000
    68.44320    1.013156   1.000000
    68.57280    0.938988   1.000000
    68.68800    1.031820   1.000000
    68.81760    1.001158   1.000000
    68.94720    1.013168   1.000000
    69.06240    0.997897   1.000000
    69.20640    1.011740   1.000000
    69.32160    0.993687   1.000000
    69.45120    1.054803   1.000000
    69.59520    1.027247   1.000000
    69.71040    0.971784   1.000000
    69.84000    1.107703   0.999510
    69.96960    0.946115   0.996156
    70.09920    0.990384   0.991097
    70.21440    0.993893   0.985582
    70.35840    0.976064   0.977347
    70.48800    0.969430   0.969124
    70.60320    0.978362   0.961107
    70.73280    0.937621   0.951465
    70.87680    0.974186   0.940144
    70.99200    0.902521   0.930729
    71.12160    0.917701   0.919856
    71.25120    0.896957   0.908700
    71.36640    0.860309   0.898787
    71.51040    0.874769   0.886052
    71.62560    0.873730   0.876159
    71.75520    0.871843   0.864949
    71.88480    0.878208   0.854153
    72.00000    0.770597   0.844735
    72.14400    0.796290   0.833496
    72.27360    0.790042   0.824001
    72.38880    0.844726   0.816065
    72.51840    0.797105   0.807853
    72.64800    0.831559   0.800507
    72.77760    0.818817   0.794064
    72.90720    0.792616   0.788678
    73.03680    0.782662   0.784397
    73.15200    0.796684   0.781462
    73.28160    0.778503   0.779347
    73.42560    0.767952   0.778452
    73.54080    0.836222   0.778876
    73.67040    0.857658   0.780467
    73.78560    0.797779   0.782875
    73.91520    0.822934   0.786778
    74.05920    0.738115   0.792325
    74.17440    0.841413   0.797766
    74.30400    0.793791   0.804759
    74.43360    0.789784   0.812561
    74.54880    0.755716   0.820192
    74.69280    0.791561   0.830435
    74.82240    0.876911   0.840248
    74.93760    0.842397   0.849371
    75.06720    0.781126   0.859894
    75.19680    0.859717   0.870784
    75.32640    0.950488   0.881774
    75.45600    0.917465   0.892736
    75.58560    0.917225   0.903857
    75.70080    0.962492   0.913554
    75.83040    0.867578   0.924182
    75.97440    0.951993   0.935720
    76.08960    0.917161   0.944590
    76.21920    0.971623   0.954153
    76.34880    0.950395   0.963132
    76.46400    0.928751   0.970549
    76.60800    0.954439   0.978925
    76.73760    0.950577   0.985647
    76.85280    0.929797   0.990730
    76.98240    1.037871   0.995416
    77.12640    1.027804   0.998919
    77.24160    1.025641   1.000000
    77.37120    0.970408   1.000000
    77.50080    1.031998   1.000000
    77.61600    0.995189   1.000000
    77.76000    0.964164   1.000000
    77.88960    1.035203   1.000000
    78.00480    0.969233   1.000000
    78.13440    1.105870   1.000000
    78.27840    1.020800   1.000000
    78.39360    1.102246   1.000000
    78.52320    1.034028   1.000000
    78.65280    0.968030   1.000000
    78.76800    1.002557   1.000000
    78.89760    1.067305   1.000000
    79.01280    1.031154   1.000000
    79.15680    0.999928   1.000000
    79.28640    1.072689   1.000000
    79.40160    0.951980   1.000000
    79.53120    0.990689   1.000000
    79.67520    1.029925   1.000000
    79.79040    1.067680   1.000000
    79.92000    0.994705   1.000000
    80.04960    1.027268   1.000000
    80.16480    0.996152   1.000000
    80.30880    0.945760   1.000000
    80.43840    0.961031   1.000000
    80.55360    0.970985   1.000000
    80.68320    0.983835   1.000000
    80.82720    1.018987   1.000000
    80.94240    1.023653   1.000000
    81.07200    1.011739   1.000000
    81.18720    0.941417   1.000000
    81.31680    0.999740   1.000000
    81.46080    1.011986   1.000000
    81.57600    0.991633   1.000000
    81.70560    1.028123   1.000000
    81.83520    0.938411   1.000000
    81.95040    0.978664   1.000000
    82.09440    0.923617   1.000000
    82.22400    0.934990   1.000000
    82.33920    1.019107   1.000000
    82.46880    1.047563   1.000000
    82.59840    1.011813   1.000000
    82.71360    1.032170   1.000000
    82.85760    0.948300   1.000000
    82.97280    1.039631   1.000000
    83.10240    1.062551   1.000000
    83.23200    1.017450   1.000000
    83.36160    1.027019   1.000000
    83.49120    0.989029   1.000000
    83.62080    1.036438   1.000000
    83.73600    1.044209   1.000000
    83.86560    1.117481   1.000000
    84.00960    0.988067   1.000000
    84.12480    1.004142   1.000000
    84.25440    0.959484   1.000000
    84.38400    1.022170   1.000000
    84.49920    0.984311   1.000000
    84.64320    1.000287   1.000000
    84.77280    1.133038   1.000000
    84.88800    0.948187   1.000000
    85.01760    1.020994   1.000000
    85.16160    0.895978   1.000000
    85.29120    1.007787   1.000000
    85.40640    0.951813   1.000000
    85.53600    0.950653   1.000000
    85.65120    0.915242   1.000000
    85.78080    1.045436   1.000000
    85.92480    0.938059   1.000000
    86.04000    0.897826   1.000000
    86.16960    0.968960   1.000000
    86.29920    0.931932   1.000000
    86.41440    0.941700   1.000000
    86.55840    0.970114   1.000000
    86.68800    0.985000   1.000000
    86.80320    1.000138   1.000000
    86.93280    0.971298   1.000000
    87.07680    1.069517   1.000000
    87.19200    0.975529   1.000000
    87.32160    0.996280   1.000000
    87.45120    1.114041   1.000000
    87.56640    0.973890   1.000000
    87.71040    0.989792   1.000000
    87.82560    0.980036   1.000000
    87.95520    1.041402   1.000000
    88.08480    0.999695   1.000000
    88.20000    1.070530   1.000000
