  1175.99640    0.951045   0.968783
  1176.00720    0.922372   0.968477
  1176.01800    0.995111   0.968216
  1176.02880    0.982736   0.967806
  1176.03900    0.993904   0.967477
  1176.04980    0.954063   0.967155
  1176.06060    0.996318   0.966842
  1176.07140    0.988773   0.966533
  1176.08160    0.970965   0.966172
  1176.09240    0.976398   0.965852
  1176.10320    0.904564   0.965516
  1176.11400    0.946518   0.965247
  1176.12480    1.072076   0.964829
  1176.13500    0.961609   0.964534
  1176.14580    0.957987   0.964159
  1176.15660    1.016842   0.963895
  1176.16740    0.941387   0.963500
  1176.17760    0.947725   0.963193
  1176.18840    0.942292   0.962834
  1176.19920    0.874985   0.962570
  1176.21000    0.899131   0.962207
  1176.22080    0.861705   0.961842
  1176.23100    0.926899   0.961489
  1176.24180    0.891586   0.961195
  1176.25260    0.964627   0.960854
  1176.26340    0.968249   0.960556
  1176.27360    0.960100   0.960132
  1176.28440    0.976700   0.959852
  1176.29520    0.952554   0.959532
  1176.30600    0.955572   0.959192
  1176.31680    0.919052   0.958835
  1176.32700    0.894906   0.958458
  1176.33780    0.885247   0.958131
  1176.34860    0.858083   0.957851
  1176.35940    0.880720   0.957569
  1176.36960    0.942896   0.957174
  1176.38040    0.888568   0.956859
  1176.39120    0.929012   0.956445
  1176.40200    0.971267   0.956147
  1176.41280    0.952856   0.955850
  1176.42300    0.907281   0.955485
  1176.43380    0.919354   0.955166
  1176.44460    0.941990   0.954792
  1176.45540    0.888266   0.954454
  1176.46560    0.910902   0.954184
  1176.47640    0.943198   0.953776
  1176.48720    0.931125   0.953440
  1176.49800    0.925692   0.953147
  1176.50880    0.894604   0.952817
  1176.51900    0.940481   0.952471
  1176.52980    0.879513   0.952111
  1176.54060    0.886757   0.951741
  1176.55140    0.941085   0.951420
  1176.56160    0.914524   0.951166
  1176.57240    0.883135   0.950778
  1176.58320    0.924183   0.950408
  1176.59400    0.976700   0.950105
  1176.60480    0.984547   0.949777
  1176.61500    0.965834   0.949471
  1176.62580    0.942292   0.949144
  1176.63660    0.962212   0.948731
  1176.64740    0.926295   0.948410
  1176.65760    0.901848   0.948136
  1176.66840    0.917844   0.947816
  1176.67920    0.945310   0.947481
  1176.69000    0.914524   0.947127
  1176.70080    0.973078   0.946738
  1176.71100    0.941688   0.946441
  1176.72180    0.932936   0.946154
  1176.73260    1.034348   0.945825
  1176.74340    0.989678   0.945423
  1176.75360    0.922674   0.945150
  1176.76440    0.970060   0.944815
  1176.77520    0.936256   0.944488
  1176.78600    0.908790   0.944194
  1176.79680    1.024086   0.943789
  1176.80700    0.908488   0.943451
  1176.81780    0.865025   0.943159
  1176.82860    0.898830   0.942860
  1176.83940    0.964929   0.942569
  1176.84960    1.007486   0.942246
  1176.86040    0.977002   0.941828
  1176.87120    0.941688   0.941552
  1176.88200    0.978511   0.941203
  1176.89280    0.948630   0.940918
  1176.90300    0.986962   0.940600
  1176.91380    0.949234   0.940248
  1176.92460    0.935350   0.939898
  1176.93540    0.940481   0.939576
  1176.94560    0.871364   0.939256
  1176.95640    0.912110   0.938975
  1176.96720    0.933841   0.938613
  1176.97800    0.950139   0.938298
  1176.98880    0.995413   0.937962
  1176.99900    0.939274   0.937685
  1177.00980    0.933841   0.937367
  1177.02060    0.945310   0.937091
  1177.03140    0.884342   0.936700
  1177.04160    0.863214   0.936348
  1177.05240    0.941688   0.936122
  1177.06320    0.878909   0.935799
  1177.07400    0.913619   0.935525
  1177.08480    0.895509   0.935163
  1177.09500    0.862611   0.934838
  1177.10580    0.917543   0.934546
  1177.11660    0.919354   0.934214
  1177.12740    0.928408   0.933849
  1177.13760    0.899131   0.933622
  1177.14840    0.924786   0.933290
  1177.15920    0.970060   0.932981
  1177.17000    0.999035   0.932632
  1177.18080    0.937463   0.932316
  1177.19100    0.967343   0.932036
  1177.20180    0.983944   0.931771
  1177.21260    0.871967   0.931459
  1177.22340    0.860196   0.931108
  1177.23360    0.926597   0.930848
  1177.24440    0.910601   0.930564
  1177.25520    0.935048   0.930301
  1177.26600    0.902150   0.929977
  1177.27680    0.902753   0.929686
  1177.28700    0.993300   0.929343
  1177.29780    0.955270   0.929045
  1177.30860    0.926295   0.928716
  1177.31940    0.996620   0.928414
  1177.32960    1.031330   0.928171
  1177.34040    0.973380   0.927907
  1177.35120    0.926899   0.927575
  1177.36200    0.948630   0.927275
  1177.37280    0.955874   0.926982
  1177.38300    0.985453   0.926695
  1177.39380    0.981529   0.926420
  1177.40460    0.979416   0.926114
  1177.41540    0.992395   0.925840
  1177.42560    1.015333   0.925549
  1177.43640    0.980322   0.925296
  1177.44720    0.991791   0.924966
  1177.45800    0.904866   0.924718
  1177.46880    0.951045   0.924446
  1177.47900    0.963118   0.924191
  1177.48980    0.910601   0.923888
  1177.50060    0.935652   0.923537
  1177.51140    0.922975   0.923282
  1177.52160    0.899131   0.923001
  1177.53240    0.960100   0.922742
  1177.54320    0.892491   0.922485
  1177.55400    0.932936   0.922225
  1177.56480    0.904866   0.921921
  1177.57500    0.897924   0.921644
  1177.58580    0.930823   0.921422
  1177.59660    0.883135   0.921100
  1177.60740    0.873778   0.920880
  1177.61760    0.887360   0.920608
  1177.62840    0.964325   0.920358
  1177.63920    0.985453   0.920079
  1177.65000    0.954365   0.919751
  1177.66080    0.902150   0.919464
  1177.67100    0.852651   0.919232
  1177.68180    0.919957   0.919041
  1177.69260    0.908186   0.918779
  1177.70340    0.887662   0.918532
  1177.71360    0.916033   0.918238
  1177.72440    0.943801   0.917999
  1177.73520    0.926597   0.917728
  1177.74600    0.932936   0.917499
  1177.75680    0.936256   0.917219
  1177.76700    0.918750   0.916985
  1177.77780    0.958289   0.916767
  1177.78860    0.900339   0.916501
  1177.79940    0.906677   0.916213
  1177.80960    0.915430   0.916006
  1177.82040    0.899433   0.915736
  1177.83120    0.891284   0.915461
  1177.84200    0.942896   0.915243
  1177.85280    0.957685   0.915038
  1177.86300    0.960100   0.914782
  1177.87380    0.945914   0.914571
  1177.88460    0.908488   0.914288
  1177.89540    0.902753   0.914061
  1177.90560    0.887662   0.913825
  1177.91640    0.855971   0.913598
  1177.92720    0.938067   0.913417
  1177.93800    0.867440   0.913148
  1177.94880    0.925692   0.912921
  1177.95900    0.919354   0.912717
  1177.96980    0.963118   0.912500
  1177.98060    0.899433   0.912226
  1177.99140    0.922975   0.912031
  1178.00160    0.891586   0.911812
  1178.01240    0.896717   0.911565
  1178.02320    0.906375   0.911363
  1178.03400    0.957685   0.911137
  1178.04480    0.944707   0.910931
  1178.05500    0.946216   0.910730
  1178.06580    0.977605   0.910539
  1178.07660    0.882531   0.910266
  1178.08740    0.941387   0.910028
  1178.09760    0.901546   0.909824
  1178.10840    0.884342   0.909656
  1178.11920    0.864724   0.909401
  1178.13000    0.910299   0.909218
  1178.14080    0.870156   0.909039
  1178.15100    0.875287   0.908856
  1178.16180    0.874080   0.908634
  1178.17260    0.900339   0.908448
  1178.18340    0.958591   0.908273
  1178.19360    0.932332   0.908026
  1178.20440    0.878607   0.907811
  1178.21520    0.872873   0.907648
  1178.22600    0.866836   0.907466
  1178.23680    0.899433   0.907267
  1178.24700    0.941085   0.907073
  1178.25780    0.907884   0.906931
  1178.26860    0.950743   0.906737
  1178.27940    0.966438   0.906559
  1178.28960    0.890077   0.906379
  1178.30040    0.976398   0.906162
  1178.31120    0.941387   0.905997
  1178.32200    0.974587   0.905837
  1178.33280    0.915430   0.905625
  1178.34300    0.884342   0.905472
  1178.35380    0.913921   0.905319
  1178.36460    0.858083   0.905122
  1178.37540    0.896113   0.904973
  1178.38560    0.856272   0.904779
  1178.39640    0.899735   0.904670
  1178.40720    0.896113   0.904497
  1178.41800    0.893699   0.904292
  1178.42880    0.901848   0.904086
  1178.43900    0.893397   0.903948
  1178.44980    0.851141   0.903829
  1178.46060    0.881927   0.903636
  1178.47140    0.906375   0.903468
  1178.48160    0.879513   0.903378
  1178.49240    0.930823   0.903252
  1178.50320    0.931728   0.903084
  1178.51400    0.974587   0.902970
  1178.52480    0.967947   0.902778
  1178.53500    0.914524   0.902649
  1178.54580    0.888568   0.902439
  1178.55660    0.937463   0.902304
  1178.56740    0.916637   0.902211
  1178.57760    0.922674   0.902047
  1178.58840    0.874080   0.901885
  1178.59920    0.842690   0.901741
  1178.61000    0.895811   0.901621
  1178.62080    0.847821   0.901461
  1178.63100    0.927503   0.901352
  1178.64180    0.955874   0.901291
  1178.65260    0.883135   0.901144
  1178.66340    0.871062   0.901012
  1178.67360    0.874080   0.900913
  1178.68440    0.916939   0.900803
  1178.69520    0.898830   0.900670
  1178.70600    0.937765   0.900504
  1178.71680    0.928408   0.900428
  1178.72700    0.910601   0.900299
  1178.73780    0.913317   0.900131
  1178.74860    0.853254   0.899999
  1178.75940    0.848123   0.899908
  1178.76960    0.838767   0.899855
  1178.78040    0.854160   0.899746
  1178.79120    0.892793   0.899634
  1178.80200    0.835145   0.899505
  1178.81280    0.876495   0.899443
  1178.82300    0.871062   0.899350
  1178.83380    0.919655   0.899183
  1178.84460    0.862309   0.899170
  1178.85540    0.869251   0.899094
  1178.86560    0.915732   0.898983
  1178.87640    0.881324   0.898823
  1178.88720    0.871364   0.898775
  1178.89800    0.896717   0.898678
  1178.90880    0.898830   0.898563
  1178.91900    0.961307   0.898523
  1178.92980    0.934143   0.898418
  1178.94060    0.892793   0.898336
  1178.95140    0.934143   0.898227
  1178.96160    0.956478   0.898148
  1178.97240    0.876796   0.898076
  1178.98320    0.865931   0.898084
  1178.99400    0.874684   0.897954
  1179.00480    0.925088   0.897867
  1179.01500    0.897924   0.897817
  1179.02580    0.955572   0.897760
  1179.03660    0.913015   0.897736
  1179.04740    0.918146   0.897634
  1179.05760    0.944103   0.897563
  1179.06840    0.865025   0.897515
  1179.07920    0.854763   0.897445
  1179.09000    0.868647   0.897391
  1179.10080    0.865025   0.897392
  1179.11100    0.855065   0.897365
  1179.12180    0.888568   0.897313
  1179.13260    0.823072   0.897164
  1179.14340    0.937161   0.897139
  1179.15360    0.899735   0.897179
  1179.16440    0.930823   0.897156
  1179.17520    0.916939   0.897026
  1179.18600    0.960100   0.896988
  1179.19680    0.954667   0.896943
  1179.20700    0.859894   0.896926
  1179.21780    0.868345   0.896891
  1179.22860    0.886757   0.896846
  1179.23940    0.881324   0.896817
  1179.24960    0.901848   0.896778
  1179.26040    0.894302   0.896751
  1179.27120    0.900339   0.896723
  1179.28200    0.923579   0.896673
  1179.29280    0.869553   0.896650
  1179.30300    0.883135   0.896634
  1179.31380    0.847821   0.896583
  1179.32460    0.845407   0.896646
  1179.33540    0.865327   0.896606
  1179.34560    0.872873   0.896590
  1179.35640    0.881626   0.896593
  1179.36720    0.845709   0.896540
  1179.37800    0.839370   0.896570
  1179.38880    0.924786   0.896574
  1179.39900    0.954969   0.896566
  1179.40980    0.855065   0.896505
  1179.42060    0.909092   0.896508
  1179.43140    0.869251   0.896564
  1179.44160    0.922674   0.896588
  1179.45240    0.853556   0.896572
  1179.46320    0.916335   0.896529
  1179.47400    0.869854   0.896509
  1179.48480    0.960703   0.896621
  1179.49500    0.885247   0.896617
  1179.50580    0.942292   0.896631
  1179.51660    0.909695   0.896600
  1179.52740    0.938368   0.896613
  1179.53760    0.925994   0.896696
  1179.54840    0.890378   0.896686
  1179.55920    0.951950   0.896708
  1179.57000    0.868044   0.896702
  1179.58080    0.932030   0.896772
  1179.59100    0.890077   0.896810
  1179.60180    0.921466   0.896809
  1179.61260    0.890378   0.896869
  1179.62340    0.934143   0.896832
  1179.63360    0.910902   0.896941
  1179.64440    0.979718   0.896941
  1179.65520    0.861705   0.896995
  1179.66600    0.959496   0.897068
  1179.67680    0.958892   0.897111
  1179.68700    0.906677   0.897120
  1179.69780    0.942292   0.897148
  1179.70860    0.906073   0.897224
  1179.71940    0.846312   0.897295
  1179.72960    0.869251   0.897329
  1179.74040    0.904564   0.897409
  1179.75120    0.900640   0.897449
  1179.76200    0.902451   0.897527
  1179.77280    0.948027   0.897651
  1179.78300    0.927805   0.897651
  1179.79380    0.938670   0.897670
  1179.80460    0.923277   0.897708
  1179.81540    0.953460   0.897886
  1179.82560    0.951950   0.897941
  1179.83640    0.935048   0.897994
  1179.84720    0.933841   0.897957
  1179.85800    0.953761   0.898068
  1179.86880    0.891284   0.898182
  1179.87900    0.902451   0.898245
  1179.88980    0.947121   0.898302
  1179.90060    0.941990   0.898404
  1179.91140    0.986358   0.898500
  1179.92160    0.936859   0.898535
  1179.93240    0.918750   0.898608
  1179.94320    0.927805   0.898732
  1179.95400    0.892491   0.898857
  1179.96480    0.943499   0.898896
  1179.97500    0.894906   0.898966
  1179.98580    0.905168   0.899042
  1179.99660    0.963722   0.899206
  1180.00740    0.898830   0.899298
  1180.01760    0.912110   0.899373
  1180.02840    0.914223   0.899430
  1180.03920    0.884644   0.899610
  1180.05000    0.920863   0.899696
  1180.06080    0.964325   0.899815
  1180.07100    0.918448   0.899917
  1180.08180    0.896717   0.900151
  1180.09260    0.929012   0.900175
  1180.10340    0.906677   0.900237
  1180.11360    0.952856   0.900348
  1180.12440    0.931125   0.900516
  1180.13520    0.934143   0.900589
  1180.14600    0.869854   0.900718
  1180.15680    0.874382   0.900787
  1180.16700    0.852047   0.900957
  1180.17780    0.856876   0.901066
  1180.18860    0.894604   0.901208
  1180.19940    0.934746   0.901306
  1180.20960    0.886757   0.901478
  1180.22040    0.912110   0.901561
  1180.23120    0.885851   0.901674
  1180.24200    0.933539   0.901796
  1180.25280    0.944405   0.901993
  1180.26300    0.897924   0.902128
  1180.27380    0.889171   0.902304
  1180.28460    0.927805   0.902454
  1180.29540    0.860800   0.902550
  1180.30560    0.901244   0.902697
  1180.31640    0.913317   0.902808
  1180.32720    0.872269   0.902968
  1180.33800    0.915128   0.903172
  1180.34880    0.883738   0.903282
  1180.35900    0.928408   0.903425
  1180.36980    0.947725   0.903564
  1180.38060    0.992697   0.903718
  1180.39140    0.936859   0.903863
  1180.40160    0.905168   0.903990
  1180.41240    0.928106   0.904208
  1180.42320    0.935048   0.904369
  1180.43400    0.845407   0.904571
  1180.44480    0.903055   0.904714
  1180.45500    0.883135   0.904890
  1180.46580    0.888266   0.905025
  1180.47660    0.882833   0.905178
  1180.48740    0.843898   0.905356
  1180.49760    0.889775   0.905526
  1180.50840    0.938067   0.905685
  1180.51920    0.928408   0.905871
  1180.53000    0.895509   0.906056
  1180.54080    0.925088   0.906228
  1180.55100    0.889171   0.906380
  1180.56180    0.879211   0.906608
  1180.57260    0.858687   0.906839
  1180.58340    0.876193   0.907026
  1180.59360    0.854763   0.907163
  1180.60440    0.950441   0.907362
  1180.61520    0.893699   0.907539
  1180.62600    0.919052   0.907733
  1180.63680    0.913015   0.907883
  1180.64700    0.867440   0.908106
  1180.65780    0.882229   0.908328
  1180.66860    0.901244   0.908477
  1180.67940    0.970060   0.908696
  1180.68960    0.926295   0.908957
  1180.70040    0.951649   0.909109
  1180.71120    0.983038   0.909332
  1180.72200    0.927201   0.909532
  1180.73280    0.873175   0.909678
  1180.74300    0.894000   0.909888
  1180.75380    0.919354   0.910088
  1180.76460    0.943499   0.910371
  1180.77540    0.916335   0.910533
  1180.78560    0.898528   0.910735
  1180.79640    0.930521   0.910998
  1180.80720    0.938972   0.911194
  1180.81800    0.923579   0.911413
  1180.82880    0.926597   0.911602
  1180.83900    0.897924   0.911817
  1180.84980    0.959496   0.912050
  1180.86060    0.935652   0.912233
  1180.87140    0.908488   0.912503
  1180.88160    0.919957   0.912682
  1180.89240    0.886153   0.912912
  1180.90320    0.915732   0.913189
  1180.91400    0.885549   0.913412
  1180.92480    0.856272   0.913647
  1180.93500    0.904564   0.913835
  1180.94580    0.933539   0.914040
  1180.95660    0.923579   0.914262
  1180.96740    0.945612   0.914529
  1180.97760    0.941085   0.914755
  1180.98840    0.956478   0.915010
  1180.99920    0.979115   0.915282
  1181.01000    0.967645   0.915523
  1181.02080    0.886455   0.915717
  1181.03100    0.906073   0.915954
  1181.04180    0.904262   0.916158
  1181.05260    0.880116   0.916460
  1181.06340    0.848425   0.916689
  1181.07360    0.854160   0.916909
  1181.08440    0.915732   0.917199
  1181.09520    0.918448   0.917498
  1181.10600    0.900942   0.917719
  1181.11680    0.950441   0.917937
  1181.12700    0.985755   0.918219
  1181.13780    0.920561   0.918445
  1181.14860    0.903357   0.918701
  1181.15940    0.894604   0.918958
  1181.16960    0.865327   0.919234
  1181.18040    0.861705   0.919509
  1181.19120    0.935048   0.919720
  1181.20200    0.926295   0.919999
  1181.21280    0.936557   0.920222
  1181.22300    0.944103   0.920473
  1181.23380    0.985151   0.920722
  1181.24460    0.895811   0.921059
  1181.25540    0.935048   0.921351
  1181.26560    0.926597   0.921579
  1181.27640    0.919957   0.921873
  1181.28720    0.879513   0.922120
  1181.29800    0.876796   0.922414
  1181.30880    0.929012   0.922653
  1181.31900    0.922674   0.922906
  1181.32980    0.973380   0.923170
  1181.34060    0.941990   0.923501
  1181.35140    0.915732   0.923749
  1181.36160    0.916033   0.923980
  1181.37240    0.893699   0.924277
  1181.38320    1.012013   0.924522
  1181.39400    0.951347   0.924854
  1181.40480    0.905771   0.925127
  1181.41500    0.925390   0.925454
  1181.42580    0.927805   0.925724
  1181.43660    0.896717   0.925999
  1181.44740    0.907884   0.926275
  1181.45760    0.904564   0.926540
  1181.46840    0.919052   0.926840
  1181.47920    0.926295   0.927107
  1181.49000    0.921768   0.927446
  1181.50080    0.902451   0.927741
  1181.51100    0.892793   0.927959
  1181.52180    0.942594   0.928225
  1181.53260    0.887964   0.928508
  1181.54340    0.925390   0.928833
  1181.55360    0.860498   0.929149
  1181.56440    0.856574   0.929476
  1181.57520    0.892189   0.929736
  1181.58600    0.912110   0.930032
  1181.59680    0.922975   0.930308
  1181.60700    0.890077   0.930588
  1181.61780    0.880720   0.930865
  1181.62860    0.906677   0.931248
  1181.63940    0.906375   0.931522
  1181.64960    0.910299   0.931807
  1181.66040    0.931728   0.932098
  1181.67120    0.909092   0.932382
  1181.68200    0.929314   0.932727
  1181.69280    0.913015   0.933045
  1181.70300    0.894906   0.933350
  1181.71380    0.897019   0.933601
  1181.72460    0.962816   0.933945
  1181.73540    0.975191   0.934180
  1181.74560    0.966438   0.934525
  1181.75640    0.946819   0.934842
  1181.76720    0.933237   0.935194
  1181.77800    0.987264   0.935465
  1181.78880    0.928408   0.935751
  1181.79900    1.003864   0.936038
  1181.80980    0.943499   0.936350
  1181.82060    0.887662   0.936702
  1181.83140    0.917844   0.937001
  1181.84160    0.932936   0.937315
  1181.85240    0.941990   0.937615
  1181.86320    0.899131   0.937913
  1181.87400    0.910902   0.938224
  1181.88480    0.926295   0.938601
  1181.89500    0.933539   0.938878
  1181.90580    0.892189   0.939189
  1181.91660    0.970965   0.939461
  1181.92740    0.984245   0.939849
  1181.93760    0.968853   0.940121
  1181.94840    0.957081   0.940509
  1181.95920    0.985755   0.940773
  1181.97000    0.968551   0.941068
  1181.98080    0.910601   0.941395
  1181.99100    0.986358   0.941705
  1182.00180    0.986358   0.942054
  1182.01260    0.935652   0.942386
  1182.02340    0.920259   0.942710
  1182.03360    0.998431   0.943005
  1182.04440    0.982736   0.943315
  1182.05520    0.964627   0.943577
  1182.06600    0.975493   0.943991
  1182.07680    0.941990   0.944322
  1182.08700    0.877400   0.944610
  1182.09780    0.879211   0.944918
  1182.10860    0.876495   0.945264
  1182.11940    0.886153   0.945550
  1182.12960    0.873175   0.945928
  1182.14040    0.914223   0.946218
  1182.15120    0.934746   0.946505
  1182.16200    0.920863   0.946848
  1182.17280    0.946819   0.947206
  1182.18300    0.920259   0.947515
  1182.19380    0.954667   0.947839
  1182.20460    0.913015   0.948200
  1182.21540    0.946819   0.948473
  1182.22560    0.939576   0.948811
  1182.23640    0.905470   0.949142
  1182.24720    0.924183   0.949542
  1182.25800    0.956176   0.949815
  1182.26880    0.938067   0.950154
  1182.27900    0.968249   0.950413
  1182.28980    0.970060   0.950765
  1182.30060    0.912713   0.951137
  1182.31140    0.933237   0.951494
  1182.32160    0.922975   0.951729
  1182.33240    0.909092   0.952049
  1182.34320    0.930823   0.952383
  1182.35400    0.941085   0.952775
  1182.36480    0.948932   0.953064
  1182.37500    0.926295   0.953375
  1182.38580    0.962816   0.953709
  1182.39660    0.947423   0.954044
  1182.40740    0.937765   0.954422
  1182.41760    0.957987   0.954677
  1182.42840    0.989075   0.955037
  1182.43920    0.907884   0.955338
  1182.45000    0.917241   0.955709
  1182.46080    0.918448   0.956064
  1182.47100    0.962212   0.956375
  1182.48180    1.003260   0.956623
  1182.49260    0.983038   0.956981
  1182.50340    1.060607   0.957311
  1182.51360    1.024690   0.957666
  1182.52440    0.964325   0.957997
  1182.53520    0.967343   0.958302
  1182.54600    0.986056   0.958607
  1182.55680    0.945008   0.958936
  1182.56700    0.949536   0.959316
  1182.57780    0.943198   0.959617
  1182.58860    0.941990   0.959923
  1182.59940    0.974285   0.960241
  1182.60960    0.989980   0.960603
  1182.62040    0.958289   0.960938
  1182.63120    0.967645   0.961250
  1182.64200    0.911808   0.961582
  1182.65280    0.955572   0.961878
  1182.66300    0.928408   0.962248
  1182.67380    0.919052   0.962521
  1182.68460    0.951045   0.962807
  1182.69540    0.961609   0.963202
  1182.70560    0.965834   0.963508
  1182.71640    0.976096   0.963871
  1182.72720    0.966136   0.964143
  1182.73800    1.005071   0.964471
  1182.74880    0.965532   0.964767
  1182.75900    0.976398   0.965152
  1182.76980    0.937463   0.965437
  1182.78060    0.998129   0.965770
  1182.79140    0.949838   0.966066
  1182.80160    0.953158   0.966344
  1182.81240    0.906073   0.966761
  1182.82320    0.897320   0.967041
  1182.83400    0.979718   0.967343
  1182.84480    0.960401   0.967631
  1182.85500    0.979416   0.967979
  1182.86580    0.919052   0.968281
  1182.87660    0.961307   0.968635
  1182.88740    0.946518   0.968926
  1182.89760    0.914524   0.969245
  1182.90840    0.942292   0.969570
  1182.91920    0.939877   0.969925
  1182.93000    0.919655   0.970202
  1182.94080    0.957987   0.970510
  1182.95100    0.949536   0.970791
  1182.96180    0.954969   0.971122
  1182.97260    0.941387   0.971425
  1182.98340    1.024690   0.971761
  1182.99360    0.954063   0.972042
  1183.00440    0.949838   0.972397
  1183.01520    1.025595   0.972686
  1183.02600    0.959194   0.972957
  1183.03680    0.944103   0.973275
  1183.04700    0.938670   0.973592
  1183.05780    0.947725   0.973939
  1183.06860    0.894302   0.974174
  1183.07940    0.931728   0.974488
  1183.08960    0.915732   0.974802
  1183.10040    0.981227   0.975165
  1183.11120    0.994809   0.975419
  1183.12200    1.014730   0.975734
  1183.13280    1.004468   0.976003
  1183.14300    1.011108   0.976366
  1183.15380    0.986358   0.976620
  1183.16460    1.020162   0.976929
  1183.17540    0.952252   0.977195
  1183.18560    0.962816   0.977525
  1183.19640    0.964023   0.977812
  1183.20720    0.954365   0.978094
  1183.21800    0.985151   0.978385
  1183.22880    1.010806   0.978665
  1183.23900    1.020162   0.978980
  1183.24980    0.999337   0.979236
  1183.26060    0.993602   0.979550
  1183.27140    0.976398   0.979811
  1183.28160    1.029217   0.980111
  1183.29240    1.040686   0.980376
  1183.30320    0.966136   0.980676
  1183.31400    1.002959   0.980965
  1183.32480    1.014730   0.981322
  1183.33500    1.047025   0.981519
  1183.34580    0.991187   0.981793
  1183.35660    0.963722   0.982066
  1183.36740    0.981227   0.982460
  1183.37760    0.904262   0.982615
  1183.38840    0.888869   0.982913
  1183.39920    0.884342   0.983153
  1183.41000    0.957987   0.983509
  1183.42080    0.908488   0.983752
  1183.43100    0.910299   0.983977
  1183.44180    1.013824   0.984236
  1183.45260    0.944707   0.984566
  1183.46340    0.923277   0.984856
  1183.47360    0.937463   0.985029
  1183.48440    0.954063   0.985323
  1183.49520    0.941085   0.985642
  1183.50600    0.980925   0.985862
  1183.51680    0.984849   0.986125
  1183.52700    1.016239   0.986359
  1183.53780    0.971267   0.986696
  1183.54860    1.009297   0.986903
  1183.55940    0.996318   0.987110
  1183.56960    1.092600   0.987363
  1183.58040    0.993300   0.987656
  1183.59120    0.995111   0.987881
  1183.60200    0.955572   0.988113
  1183.61280    0.978813   0.988383
  1183.62300    1.034348   0.988658
  1183.63380    1.008090   0.988866
  1183.64460    0.996318   0.989108
  1183.65540    0.986358   0.989313
  1183.66560    0.988471   0.989636
  1183.67640    0.995715   0.989801
  1183.68720    0.912412   0.990015
  1183.69800    0.903961   0.990246
  1183.70880    0.963118   0.990552
  1183.71900    0.964627   0.990700
  1183.72980    0.972474   0.990957
  1183.74060    1.026199   0.991162
  1183.75140    1.014126   0.991433
  1183.76160    0.978209   0.991614
  1183.77240    0.988773   0.991811
  1183.78320    0.959798   0.992051
  1183.79400    0.990282   0.992313
  1183.80480    0.981529   0.992491
  1183.81500    1.005977   0.992688
  1183.82580    1.019559   0.992898
  1183.83660    1.073283   0.993155
  1183.84740    1.087771   0.993327
  1183.85760    1.088978   0.993479
  1183.86840    1.076603   0.993696
  1183.87920    1.095920   0.993920
  1183.89000    1.025897   0.994105
  1183.90080    1.018955   0.994279
  1183.91100    1.076302   0.994484
  1183.92180    1.056079   0.994679
  1183.93260    1.012315   0.994861
  1183.94340    1.032537   0.995040
  1183.95360    0.970362   0.995259
  1183.96440    1.041592   0.995431
  1183.97520    0.992697   0.995566
  1183.98600    1.018955   0.995759
  1183.99680    1.011410   0.995969
  1184.00700    0.993904   0.996116
  1184.01780    0.994809   0.996247
  1184.02860    0.971569   0.996438
  1184.03940    1.002355   0.996640
  1184.04960    0.973380   0.996753
  1184.06040    0.954063   0.996893
  1184.07120    0.988169   0.997089
  1184.08200    0.961307   0.997231
  1184.09280    0.954063   0.997353
  1184.10300    0.965231   0.997505
  1184.11380    1.009599   0.997687
  1184.12460    1.034046   0.997790
  1184.13540    0.982133   0.997918
  1184.14560    0.988471   0.998036
  1184.15640    1.001449   0.998209
  1184.16720    1.039781   0.998309
  1184.17800    1.018352   0.998421
  1184.18880    1.029821   0.998553
  1184.19900    1.075094   0.998687
  1184.20980    1.078716   0.998766
  1184.22060    1.088073   0.998872
  1184.23140    1.053061   0.999036
  1184.24160    1.012617   0.999097
  1184.25240    0.983642   0.999169
  1184.26320    1.017748   0.999266
  1184.27400    1.032235   0.999397
  1184.28480    1.062418   0.999453
  1184.29500    1.019257   0.999517
  1184.30580    1.056985   0.999611
  1184.31660    1.014428   0.999695
  1184.32740    1.005675   0.999735
  1184.33760    0.952554   0.999774
  1184.34840    1.031934   0.999881
  1184.35920    1.017446   0.999898
  1184.37000    0.996318   0.999919
  1184.38080    1.029821   0.999957
  1184.39100    1.036159   1.000000
  1184.40180    0.976096   1.000000
  1184.41260    0.960401   1.000000
  1184.42340    0.938972   1.000000
  1184.43360    0.992998   1.000000
  1184.44440    0.973984   1.000000
  1184.45520    0.995413   1.000000
  1184.46600    1.001449   1.000000
  1184.47680    1.005977   1.000000
  1184.48700    0.969154   1.000000
  1184.49780    0.992998   1.000000
  1184.50860    0.922674   1.000000
  1184.51940    0.977907   1.000000
  1184.52960    1.017748   1.000000
  1184.54040    0.968249   1.000000
  1184.55120    0.975794   1.000000
  1184.56200    0.978209   1.000000
  1184.57280    0.948630   1.000000
  1184.58300    0.989376   1.000000
  1184.59380    0.985151   1.000000
  1184.60460    0.953460   1.000000
  1184.61540    0.955270   1.000000
  1184.62560    0.958289   1.000000
  1184.63640    0.986962   1.000000
  1184.64720    1.040083   1.000000
  1184.65800    0.973078   1.000000
  1184.66880    1.061814   1.000000
  1184.67900    1.024690   1.000000
  1184.68980    1.063625   1.000000
  1184.70060    0.953460   1.000000
  1184.71140    0.981529   1.000000
  1184.72160    0.983642   1.000000
  1184.73240    0.978813   1.000000
  1184.74320    1.008693   1.000000
  1184.75400    1.013522   1.000000
  1184.76480    1.101655   1.000000
  1184.77500    1.029821   1.000000
  1184.78580    1.025293   1.000000
  1184.79660    1.043705   1.000000
  1184.80740    1.048534   1.000000
  1184.81760    0.983340   1.000000
  1184.82840    1.054872   1.000000
  1184.83920    1.038574   1.000000
  1184.85000    0.993300   1.000000
  1184.86080    0.976096   1.000000
  1184.87100    1.002657   1.000000
  1184.88180    0.990886   1.000000
  1184.89260    0.958289   1.000000
  1184.90340    1.024690   1.000000
  1184.91360    1.032537   1.000000
  1184.92440    0.927201   1.000000
  1184.93520    1.021973   1.000000
  1184.94600    1.026501   1.000000
  1184.95680    1.060305   1.000000
  1184.96700    1.076302   1.000000
  1184.97780    1.086865   1.000000
  1184.98860    1.017144   1.000000
