  1371.11443    1.005875   1.000000
  1371.20746    1.034055   1.000000
  1371.29645    1.011449   1.000000
  1371.38659    1.012381   1.000000
  1371.47630    1.044585   1.000000
  1371.56630    0.996653   1.000000
  1371.65530    0.981169   1.000000
  1371.74314    1.031202   1.000000
  1371.83112    1.004023   1.000000
  1371.92112    1.076822   1.000000
  1372.00968    0.994818   1.000000
  1372.09824    0.994818   1.000000
  1372.18522    0.962374   1.000000
  1372.27406    1.010517   1.000000
  1372.36205    1.010517   1.000000
  1372.45176    0.976661   1.000000
  1372.53845    0.979363   1.000000
  1372.62715    0.992988   1.000000
  1372.71744    1.005875   1.000000
  1372.80715    1.045548   1.000000
  1372.89629    0.981169   1.000000
  1372.97981    1.008658   1.000000
  1373.06290    1.020807   1.000000
  1373.14555    0.979363   1.000000
  1373.22907    0.971279   1.000000
  1373.31331    0.965037   1.000000
  1373.39669    0.977561   1.000000
  1373.47834    0.987515   1.000000
  1373.56171    0.981169   1.000000
  1373.65128    1.001253   1.000000
  1373.74258    1.004023   1.000000
  1373.83186    0.978462   1.000000
  1373.92027    0.961488   1.000000
  1374.00883    1.040744   1.000000
  1374.09797    0.966816   1.000000
  1374.18754    1.009587   1.000000
  1374.27854    0.992073   1.000000
  1374.36739    0.998490   1.000000
  1374.45624    0.965037   1.000000
  1374.54494    0.975762   1.000000
  1374.63494    0.963261   1.000000
  1374.72451    0.955309   1.000000
  1374.81307    0.992073   1.000000
  1374.89947    0.972174   1.000000
  1374.98789    0.961488   1.000000
  1375.07659    1.004023   1.000000
  1375.16688    0.978462   1.000000
  1375.25602    0.982073   1.000000
  1375.34414    0.968599   1.000000
  1375.43242    0.978462   1.000000
  1375.52069    0.968599   1.000000
  1375.60968    1.014247   1.000000
  1375.69594    0.964148   1.000000
  1375.78406    0.982978   1.000000
  1375.87205    1.001253   1.000000
  1375.96032    0.966816   1.000000
  1376.04888    1.034055   1.000000
  1376.13802    0.978462   1.000000
  1376.22614    0.966816   1.000000
  1376.31499    0.986606   1.000000
  1376.40139    0.951796   1.000000
  1376.48909    1.040744   1.000000
  1376.57736    0.937009   1.000000
  1376.66506    0.945679   1.000000
  1376.75405    1.013314   1.000000
  1376.84218    0.972174   1.000000
  1376.93059    0.975762   1.000000
  1377.01829    0.973069   1.000000
  1377.10368    0.978462   1.000000
  1377.19584    0.991160   1.000000
  1377.28872    0.972174   1.000000
  1377.38131    0.951796   1.000000
  1377.47102    0.969491   1.000000
  1377.55901    0.978462   1.000000
  1377.64771    0.969491   1.000000
  1377.73613    0.965926   1.000000
  1377.82670    0.995735   1.000000
  1377.91584    1.000331   1.000000
  1379.36722    0.984790   1.000000
  1379.45549    1.029304   1.000000
  1379.54606    1.070887   1.000000
  1379.63693    0.981169   1.000000
  1379.72635    1.006801   1.000000
  1379.81664    1.037872   1.000000
  1379.90592    1.018929   1.000000
  1380.04560    1.004949   1.000000
  1380.13387    0.962374   1.000000
  1380.22459    0.974864   1.000000
  1380.31315    0.984790   1.000000
  1380.40128    0.951796   1.000000
  1380.49186    1.014247   1.000000
  1380.58790    0.970384   1.000000
  1380.67949    0.993903   1.000000
  1380.76776    0.952673   1.000000
  1380.85762    0.964148   1.000000
  1380.94834    0.953551   1.000000
  1381.03632    0.982978   1.000000
  1381.12502    1.010517   1.000000
  1381.21344    1.002176   1.000000
  1381.30862    0.967707   1.000000
  1381.39920    0.943070   1.000000
  1381.49525    0.928419   1.000000
  1381.58554    0.961488   1.000000
  1381.67309    0.990248   1.000000
  1381.76266    0.983884   1.000000
  1381.85525    0.957952   1.000000
  1381.95000    1.024575   1.000000
  1382.04302    0.992073   1.000000
  1382.13115    1.012381   1.000000
  1382.21899    1.064986   1.000000
  1382.30842    0.973966   1.000000
  1382.39770    0.986606   1.000000
  1382.48554    0.966816   1.000000
  1382.57424    1.026464   1.000000
  1382.66251    0.985698   1.000000
  1382.75165    0.976661   1.000000
  1382.83963    1.042663   1.000000
  1382.92589    1.036917   1.000000
  1383.01430    0.987515   1.000000
  1383.10258    1.024575   1.000000
  1383.19229    0.957952   1.000000
  1383.28459    0.973966   1.000000
  1383.37618    0.984790   1.000000
  1383.46157    0.978462   1.000000
  1383.54466    0.919060   1.000000
  1383.63523    0.943939   1.000000
  1383.72408    0.993903   1.000000
  1383.80530    0.999410   1.000000
  1383.88637    0.959718   1.000000
  1383.96888    0.977561   1.000000
  1384.05931    1.028357   1.000000
  1384.14370    0.973069   1.000000
  1384.22578    0.976661   1.000000
  1384.31146    0.998490   1.000000
  1384.40088    1.020807   1.000000
  1384.48930    1.000331   1.000000
  1384.57685    1.007729   1.000000
  1385.39606    0.975762   1.000000
  1385.46792    1.002176   1.000000
  1385.53992    1.021748   1.000000
  1385.61120    0.920754   1.000000
  1385.68262    1.072862   1.000000
  1385.75117    1.004949   1.000000
  1385.82216    1.029304   1.000000
  1385.89416    0.970384   1.000000
  1385.96688    1.013314   1.000000
  1386.03902    0.977561   1.000000
  1386.10987    1.004949   1.000000
  1386.18158    1.028357   1.000000
  1386.25373    1.039786   1.000000
  1386.32573    1.046511   1.000000
  1386.39398    0.992073   1.000000
  1386.46627    1.035962   1.000000
  1386.53294    0.973069   1.000000
  1386.59976    1.002176   1.000000
  1386.66715    1.036917   1.000000
  1386.73382    1.038828   1.000000
  1386.80078    1.079801   1.000000
  1386.87235    1.008658   1.000000
  1386.94478    0.995735   1.000000
  1387.01707    1.013314   1.000000
  1387.08965    1.016117   1.000000
  1387.15805    0.984790   1.000000
  1387.23106    0.965926   1.000000
  1387.30421    0.983884   1.000000
  1387.37765    0.982978   1.000000
  1387.44706    1.017991   1.000000
  1387.52021    1.043623   1.000000
  1387.59149    0.977561   1.000000
  1387.66118    0.951796   1.000000
  1387.73448    1.045548   1.000000
  1387.80850    0.996653   1.000000
  1387.88381    1.015182   1.000000
  1387.95768    0.975762   1.000000
  1388.03026    1.056194   1.000000
  1388.10528    0.943939   1.000000
  1388.17685    0.957070   1.000000
  1388.24914    1.014247   1.000000
  1388.32099    0.991160   1.000000
  1388.39371    1.013314   1.000000
  1388.46542    1.011449   1.000000
  1388.53354    1.012381   1.000000
  1388.60510    0.987515   1.000000
  1388.67610    0.967707   1.000000
  1388.74766    0.974864   1.000000
  1388.81909    1.024575   1.000000
  1388.89066    0.963261   1.000000
  1388.96194    0.985698   1.000000
  1389.03379    1.012381   1.000000
  1389.10291    1.007729   1.000000
  1389.17434    1.035962   1.000000
  1389.24288    0.993903   1.000000
  1389.31128    1.008658   1.000000
  1389.37594    0.950920   1.000000
  1389.44722    0.990248   1.000000
  1389.51821    1.060093   1.000000
  1389.59078    1.006801   1.000000
  1389.66322    1.039786   1.000000
  1389.73464    0.995735   1.000000
  1389.80390    1.012381   1.000000
  1389.87734    1.036917   1.000000
  1389.94819    1.043623   1.000000
  1390.02019    1.008658   1.000000
  1390.09118    1.026464   1.000000
  1390.16246    1.003099   1.000000
  1390.23360    0.986606   1.000000
  1390.30632    1.045548   1.000000
  1390.38062    0.919907   1.000000
  1390.45464    0.982978   1.000000
  1390.52693    0.957952   1.000000
  1390.59979    1.000331   1.000000
  1390.67237    0.970384   1.000000
  1390.74638    0.931845   1.000000
  1390.81954    0.982978   1.000000
  1390.88966    0.937873   1.000000
  1390.96325    0.919907   1.000000
  1391.03568    0.930130   1.000000
  1391.10826    1.027410   1.000000
  1391.18126    0.923302   1.000000
  1391.25442    1.050374   1.000000
  1391.32397    1.027410   1.000000
  1391.39698    1.002176   1.000000
  1391.46998    0.986606   1.000000
  1391.54054    0.983884   1.000000
  1391.64682    1.005875   1.000000
  1391.71882    1.002176   1.000000
  1391.79024    0.978462   1.000000
  1391.86267    0.971279   1.000000
  1391.93510    1.076822   1.000000
  1392.00350    1.013314   1.000000
  1392.07450    1.039786   1.000000
  1392.14534    1.017991   1.000000
  1392.21778    1.026464   1.000000
  1392.28762    1.012381   1.000000
  1392.35702    0.968599   1.000000
  1392.43003    1.014247   1.000000
  1392.50218    0.900625   1.000000
  1392.57418    1.029304   1.000000
  1392.64589    0.956189   1.000000
  1392.71832    0.983884   1.000000
  1392.78586    0.979363   1.000000
  1392.85152    0.997571   1.000000
  1392.92122    0.946551   1.000000
  1392.99221    1.079801   1.000000
  1393.06349    0.946551   1.000000
  1393.13491    0.972174   1.000000
  1393.20720    1.011449   1.000000
  1393.27546    0.982073   1.000000
  1393.34386    0.976661   1.000000
  1393.41643    0.955309   1.000000
  1393.48656    0.994818   1.000000
  1393.55827    1.017991   1.000000
  1393.62667    1.017991   1.000000
  1393.69478    0.996653   1.000000
  1393.76304    0.970384   1.000000
  1393.83490    0.968599   1.000000
  1393.90373    1.000331   1.000000
  1393.97616    1.047475   1.000000
  1394.05018    0.968599   1.000000
  1394.12405    0.999410   1.000000
  1394.19691    0.993903   1.000000
  1394.27093    0.980266   1.000000
  1394.34394    0.980266   1.000000
  1394.41752    0.992988   1.000000
  1394.49125    1.007729   1.000000
  1394.56426    0.971279   1.000000
  1394.63626    0.979363   1.000000
  1394.70696    0.982978   1.000000
  1394.77925    0.973966   1.000000
  1394.84866    0.948296   1.000000
  1394.92224    0.957070   1.000000
  1394.99237    0.977561   1.000000
  1395.06250    0.952673   1.000000
  1395.13550    0.980266   0.999998
  1395.20923    1.018929   0.999991
  1395.28339    1.050374   0.999974
  1395.35323    0.987515   0.999944
  1395.42293    0.932704   0.999893
  1395.49565    0.983884   0.999813
  1395.56894    0.989336   0.999696
  1395.64138    0.999410   0.999538
  1395.71266    1.000331   0.999333
  1395.78408    1.008658   0.999070
  1395.85550    0.973966   0.998742
  1395.92462    0.997571   0.998355
  1395.99691    1.017991   0.997869
  1396.06546    1.006801   0.997323
  1396.13659    1.051342   0.996662
  1396.20154    1.026464   0.995966
  1396.27325    0.947423   0.995088
  1396.34050    0.970384   0.994152
  1396.40962    0.991160   0.993070
  1396.47874    0.986606   0.991858
  1396.54786    0.996653   0.990509
  1396.61928    0.981169   0.988962
  1396.68768    0.953551   0.987328
  1396.75608    0.995735   0.985537
  1396.82563    1.006801   0.983548
  1396.89734    0.945679   0.981313
  1396.96891    0.944809   0.978888
  1397.03803    0.980266   0.976355
  1397.10874    0.969491   0.973562
  1397.18117    0.943070   0.970483
  1397.25374    0.971279   0.967168
  1397.32459    0.945679   0.963705
  1397.38939    0.983884   0.960334
  1397.45837    0.971279   0.956529
  1397.52230    0.936147   0.952797
  1397.59128    0.955309   0.948544
  1397.65968    0.930130   0.944092
  1397.72837    0.901455   0.939379
  1397.79302    0.939602   0.934720
  1397.86128    0.906450   0.929562
  1397.93011    0.926710   0.924108
  1398.00110    0.900625   0.918216
  1398.07037    0.936147   0.912202
  1398.14381    0.913995   0.905538
  1398.21638    0.894837   0.898660
  1398.28896    0.876887   0.891490
  1398.36067    0.816853   0.884119
  1398.42994    0.864856   0.876728
  1398.49978    0.888268   0.869007
  1398.57307    0.825171   0.860614
  1398.64522    0.860882   0.852067
  1398.71794    0.835880   0.843168
  1398.79051    0.825171   0.834007
  1398.86338    0.823652   0.824533
  1398.93754    0.768677   0.814615
  1399.01155    0.795324   0.804446
  1399.08427    0.862470   0.794204
  1399.15483    0.776504   0.784038
  1399.22784    0.744979   0.773297
  1399.29869    0.793129   0.762673
  1399.37126    0.756735   0.751603
  1399.44485    0.790212   0.740212
  1399.51786    0.744979   0.728769
  1399.58798    0.715392   0.717673
  1399.66214    0.672580   0.705859
  1399.73630    0.714075   0.694000
  1399.80859    0.683823   0.682439
  1399.88232    0.686347   0.670686
  1399.95590    0.619076   0.659034
  1400.02560    0.683194   0.648106
  1400.09947    0.616231   0.636674
  1400.17349    0.619076   0.625410
  1400.24707    0.591758   0.614433
  1400.32152    0.615664   0.603584
  1400.39395    0.607776   0.593303
  1400.46710    0.576161   0.583224
  1400.53910    0.570353   0.573624
  1400.60923    0.561492   0.564602
  1400.67835    0.555321   0.556047
  1400.74848    0.531305   0.547728
  1400.81746    0.560975   0.539917
  1400.88413    0.523533   0.532732
  1400.94835    0.528377   0.526162
  1401.01243    0.517302   0.519963
  1401.07896    0.510204   0.513914
  1401.14664    0.514925   0.508177
  1401.21101    0.501353   0.503120
  1401.27350    0.513977   0.498591
  1401.33974    0.496757   0.494207
  1401.41549    0.478348   0.489730
  1401.48518    0.489039   0.486125
  1401.55546    0.473526   0.482997
  1401.62602    0.482774   0.480374
  1401.69082    0.473526   0.478427
  1401.75576    0.475712   0.476924
  1401.81970    0.504596   0.475886
  1401.88219    0.463174   0.475295
  1401.94742    0.461470   0.475129
  1402.00992    0.486792   0.475401
  1402.08422    0.489039   0.476275
  1402.15579    0.479671   0.477679
  1402.22808    0.474399   0.479658
  1402.30037    0.503667   0.482195
  1402.36891    0.499510   0.485112
  1402.43688    0.510674   0.488493
  1402.50917    0.494930   0.492617
  1402.57454    0.513977   0.496808
  1402.64654    0.514925   0.501923
  1402.71883    0.518733   0.507577
  1402.79040    0.528377   0.513674
  1402.85909    0.518733   0.519983
  1402.93066    0.519211   0.527021
  1403.00237    0.543180   0.534535
  1403.07235    0.541681   0.542297
  1403.14349    0.543180   0.550605
  1403.21520    0.569303   0.559390
  1403.28778    0.570353   0.568677
  1403.35618    0.572458   0.577778
  1403.42458    0.576161   0.587194
  1403.49629    0.622506   0.597382
  1403.56843    0.595585   0.607931
  1403.64130    0.578288   0.618859
  1403.71142    0.637593   0.629607
  1403.78400    0.632330   0.640928
  1403.85787    0.617936   0.652616
  1403.93189    0.656060   0.664451
  1404.00518    0.700396   0.676251
  1404.07819    0.670106   0.688045
  1404.14875    0.716711   0.699444
  1404.22147    0.688246   0.711159
  1404.29088    0.680681   0.722276
  1404.36014    0.718694   0.733277
  1404.43330    0.733405   0.744764
  1404.50486    0.806388   0.755849
  1404.57672    0.767969   0.766806
  1404.65030    0.753952   0.777827
  1404.72043    0.835110   0.788127
  1404.79070    0.812351   0.798238
  1404.85982    0.798995   0.807966
  1404.92808    0.794591   0.817351
  1404.99763    0.788758   0.826681
  1405.07712    0.848289   0.837045
  1405.14797    0.838193   0.846006
  1405.22040    0.836650   0.854894
  1405.29355    0.820623   0.863583
  1405.35864    0.883372   0.871070
  1405.42762    0.864060   0.878749
  1405.49818    0.872858   0.886331
  1405.56758    0.876080   0.893519
  1405.64045    0.913995   0.900775
  1405.71317    0.927564   0.907720
  1405.78661    0.898140   0.914434
  1405.85990    0.917369   0.920834
  1405.93219    0.896487   0.926855
  1406.00606    0.930987   0.932711
  1406.07605    0.950044   0.937984
  1406.14085    0.964148   0.942632
  1406.21328    0.955309   0.947563
  1406.27909    0.961488   0.951805
  1406.35037    0.960603   0.956148
  1406.42150    0.936147   0.960227
  1406.49451    0.960603   0.964153
  1406.56306    0.973966   0.967605
  1406.63246    0.992073   0.970875
  1406.70360    0.997571   0.973997
  1406.77589    0.928419   0.976938
  1406.84472    1.006801   0.979530
  1406.91312    1.016117   0.981909
  1406.98498    1.016117   0.984204
  1407.05525    1.043623   0.986255
  1407.12682    1.001253   0.988154
  1407.19781    1.000331   0.989857
  1407.26866    1.019868   0.991386
  1407.33792    0.998490   0.992724
  1407.41006    0.970384   0.993961
  1407.47789    1.025519   0.994987
  1407.54931    1.040744   0.995934
  1407.84970    1.044585   0.998618
  1407.91234    0.973966   0.998957
  1407.97584    1.004023   0.999238
  1408.03934    0.901455   0.999462
  1408.10256    0.980266   0.999635
  1408.16664    1.035008   0.999767
  1408.22683    1.024575   0.999858
  1408.28976    1.049407   0.999923
  1408.35874    1.073851   0.999966
  1408.42008    1.006801   0.999988
  1408.48214    0.965037   0.999997
  1408.54550    1.054251   1.000000
  1408.62010    1.096841   1.000000
  1408.68403    1.047475   1.000000
  1408.74509    0.972174   1.000000
  1408.80859    0.971279   1.000000
  1408.86806    1.015182   1.000000
  1408.92797    1.014247   1.000000
  1408.98874    1.022690   1.000000
  1409.04576    0.982978   1.000000
  1409.10250    1.068917   1.000000
  1409.16269    1.036917   1.000000
  1409.22619    1.025519   1.000000
  1409.28883    1.004949   1.000000
  1409.34946    0.967707   1.000000
  1409.40979    1.007729   1.000000
  1409.47229    1.030253   1.000000
  1409.53608    0.987515   1.000000
  1409.59958    0.947423   1.000000
  1409.66568    1.019868   1.000000
  1409.72990    0.930130   1.000000
  1409.79298    1.006801   1.000000
  1409.85317    1.010517   1.000000
  1409.91696    0.982073   1.000000
  1409.98032    1.050374   1.000000
  1410.04022    1.003099   1.000000
  1410.10085    1.009587   1.000000
  1410.16118    1.034055   1.000000
  1410.22613    0.980266   1.000000
  1410.29064    1.071874   1.000000
  1410.34795    1.104953   1.000000
  1410.41261    0.959718   1.000000
  1410.47338    1.020807   1.000000
  1410.53443    1.016117   1.000000
  1410.59578    1.001253   1.000000
  1410.66115    1.012381   1.000000
  1410.72653    1.038828   1.000000
  1410.79162    0.969491   1.000000
  1410.85109    0.963261   1.000000
  1410.91229    1.009587   1.000000
  1410.97781    1.015182   1.000000
  1411.04102    1.032152   1.000000
  1411.10165    1.026464   1.000000
  1411.15781    0.964148   1.000000
  1411.21800    0.981169   1.000000
  1411.28122    0.962374   1.000000
  1411.34371    1.072862   1.000000
  1411.40290    1.057168   1.000000
  1411.46539    1.000331   1.000000
  1411.52803    1.043623   1.000000
  1411.59125    1.042663   1.000000
  1411.65418    1.037872   1.000000
  1411.71595    1.075830   1.000000
  1411.77960    0.963261   1.000000
  1411.84080    1.024575   1.000000
  1411.90229    0.972174   1.000000
  1411.96378    1.029304   1.000000
  1412.02786    1.006801   1.000000
  1412.09352    0.981169   1.000000
  1412.15774    0.988425   1.000000
  1412.22211    1.035008   1.000000
  1412.28317    1.007729   1.000000
  1412.34566    1.001253   1.000000
  1412.40298    1.102920   1.000000
  1412.46043    0.984790   1.000000
  1412.52221    1.023632   1.000000
  1412.58370    1.040744   1.000000
  1412.64547    1.050374   1.000000
  1412.70797    0.997571   1.000000
  1412.76802    1.010517   1.000000
  1412.83051    0.992988   1.000000
  1412.89070    0.996653   1.000000
  1412.95190    1.004023   1.000000
  1413.01483    1.033103   1.000000
  1413.07502    1.047475   1.000000
  1413.13781    1.024575   1.000000
  1413.19901    1.001253   1.000000
  1413.25949    0.990248   1.000000
  1413.31968    1.017054   1.000000
  1413.38318    1.028357   1.000000
  1413.43963    1.035962   1.000000
  1413.50314    0.982073   1.000000
  1413.56405    0.950920   1.000000
  1413.62251    1.006801   1.000000
  1413.68544    1.033103   1.000000
  1413.75038    1.065967   1.000000
  1413.81043    1.016117   1.000000
  1413.87250    1.004949   1.000000
  1413.93600    0.986606   1.000000
  1413.99562    1.113125   1.000000
  1414.05883    0.987515   1.000000
  1414.11917    1.025519   1.000000
  1414.18152    1.060093   1.000000
  1414.24445    0.987515   1.000000
  1414.30810    1.071874   1.000000
  1414.37347    0.982073   1.000000
  1414.43510    1.008658   1.000000
  1414.49774    1.046511   1.000000
  1414.56211    1.112100   1.000000
  1414.62331    1.035962   1.000000
  1414.68710    1.066949   1.000000
  1414.74787    1.009587   1.000000
  1414.81152    1.039786   1.000000
  1414.87589    1.032152   1.000000
  1414.94184    1.061069   1.000000
  1415.00722    0.998490   1.000000
  1415.07288    1.032152   1.000000
  1415.13610    1.029304   1.000000
  1415.19384    1.019868   1.000000
  1415.25634    1.021748   1.000000
  1415.32042    1.012381   1.000000
  1415.37672    0.959718   1.000000
  1415.43922    0.989336   1.000000
  1415.50229    0.989336   1.000000
  1415.56219    1.001253   1.000000
  1415.62166    1.029304   1.000000
  1415.68157    0.992073   1.000000
  1415.74579    1.053280   1.000000
  1415.81146    1.041703   1.000000
  1415.87453    1.064005   1.000000
  1415.93846    1.007729   1.000000
  1416.00341    0.973966   1.000000
  1416.06922    1.004949   1.000000
  1416.13301    0.974864   1.000000
  1416.19781    1.029304   1.000000
  1416.25987    1.017054   1.000000
  1416.32539    0.994818   1.000000
  1416.38990    0.989336   1.000000
  1416.45125    1.046511   1.000000
  1416.51187    1.012381   1.000000
  1416.57365    1.028357   1.000000
  1416.63874    1.004949   1.000000
  1416.70325    0.978462   1.000000
  1416.76459    1.016117   1.000000
  1416.82910    1.026464   1.000000
  1416.89390    1.025519   1.000000
  1416.95842    1.007729   1.000000
  1417.01861    0.992988   1.000000
  1417.08096    1.017991   1.000000
  1417.14432    1.017054   1.000000
  1417.20926    1.014247   1.000000
  1417.27810    0.959718   1.000000
  1417.34304    0.995735   1.000000
  1417.39920    0.991160   1.000000
  1417.45896    1.014247   1.000000
  1417.51872    1.001253   1.000000
  1417.58122    1.030253   1.000000
  1417.64443    1.039786   1.000000
  1417.70419    0.993903   1.000000
  1417.76683    1.027410   1.000000
  1417.83106    1.025519   1.000000
  1417.89658    1.068917   1.000000
  1417.95720    1.030253   1.000000
  1418.01984    0.976661   1.000000
  1418.08032    1.012381   1.000000
  1418.14037    1.025519   1.000000
  1418.20114    1.022690   1.000000
  1418.26392    0.998490   1.000000
  1418.32728    1.045548   1.000000
  1418.38790    1.020807   1.000000
  1418.44939    1.023632   1.000000
  1418.50944    1.068917   1.000000
  1418.56618    0.983884   1.000000
  1418.62824    0.993903   1.000000
  1418.69102    1.068917   1.000000
  1418.74790    1.002176   1.000000
  1418.80795    1.075830   1.000000
  1418.87261    0.973069   1.000000
  1418.94072    1.018929   1.000000
  1418.99904    1.022690   1.000000
  1419.06298    0.989336   1.000000
  1419.12490    0.976661   1.000000
  1419.18926    1.020807   1.000000
  1419.25579    1.005875   1.000000
  1419.32002    0.987515   1.000000
  1419.38194    1.018929   1.000000
  1419.44616    0.984790   1.000000
  1419.50722    0.959718   1.000000
  1419.56914    0.969491   1.000000
  1419.63264    0.981169   1.000000
  1419.69787    1.035008   1.000000
  1419.76123    0.972174   1.000000
  1419.82618    0.992073   1.000000
  1419.88752    1.026464   1.000000
  1419.95232    1.049407   1.000000
  1420.00992    1.013314   1.000000
  1420.07098    0.961488   1.000000
  1461.58848    0.916524   1.000000
  1461.65054    1.004949   1.000000
  1461.71117    1.009587   1.000000
  1461.77194    0.944809   1.000000
  1461.82838    0.955309   1.000000
  1461.88915    0.952673   1.000000
  1461.95251    0.991160   1.000000
  1462.01314    1.021748   1.000000
  1462.07736    0.950044   1.000000
  1462.13870    0.969491   1.000000
  1462.19443    0.978462   1.000000
  1462.25506    0.992988   1.000000
  1462.31669    0.987515   1.000000
  1462.37746    0.982978   1.000000
  1462.44197    1.016117   1.000000
  1462.50547    0.946551   1.000000
  1462.56869    0.967707   1.000000
  1462.62557    1.022690   1.000000
  1462.68245    0.989336   1.000000
  1462.74624    0.984790   1.000000
  1462.80715    0.982978   1.000000
  1462.86922    1.006801   1.000000
  1462.93358    0.973069   1.000000
  1462.99406    0.964148   1.000000
  1463.05958    1.027410   1.000000
  1463.12050    1.001253   1.000000
  1463.18501    0.992988   1.000000
  1463.25010    0.970384   1.000000
  1463.30611    0.973069   1.000000
  1463.36904    1.002176   1.000000
  1463.43067    1.067933   1.000000
  1463.49173    0.973069   1.000000
  1463.54861    1.000331   1.000000
  1463.60981    0.987515   1.000000
  1463.66698    0.941334   1.000000
  1463.72731    0.993903   1.000000
  1463.79168    1.002176   1.000000
  1463.85230    0.980266   1.000000
  1463.91278    0.992073   1.000000
  1463.97730    0.979363   1.000000
  1464.04152    0.988425   1.000000
  1464.10488    0.998490   1.000000
  1464.16594    0.955309   1.000000
  1464.22195    0.999410   1.000000
  1464.28330    0.965037   1.000000
  1464.34752    1.017054   1.000000
  1464.41275    1.012381   1.000000
  1464.47410    1.013314   1.000000
  1464.53861    0.994818   1.000000
  1464.60168    0.971279   1.000000
