  1214.91086    1.056656   1.000000
  1215.05371    1.044079   1.000000
  1215.19714    1.009099   1.000000
  1215.33826    0.993422   1.000000
  1215.47995    0.990680   1.000000
  1215.61906    1.018436   1.000000
  1215.75859    0.973495   1.000000
  1215.89914    1.042158   1.000000
  1216.03896    1.007241   1.000000
  1216.18022    1.020313   1.000000
  1216.32163    1.021254   1.000000
  1216.46318    0.925409   1.000000
  1216.61986    1.002614   1.000000
  1216.76270    1.007241   1.000000
  1216.91146    0.989768   1.000000
  1217.05258    0.933971   1.000000
  1217.21544    1.004462   1.000000
  1217.38133    1.057630   1.000000
  1217.52835    0.970808   1.000000
  1217.67624    0.989768   1.000000
  1217.82312    1.034507   1.000000
  1217.97965    1.025967   1.000000
  1218.12638    0.982502   1.000000
  1218.27384    0.936556   1.000000
  1218.41856    1.004462   1.000000
  1218.56530    0.964570   1.000000
  1218.86510    1.041199   1.000000
  1219.00853    1.062511   1.000000
  1219.15368    0.951335   1.000000
  1219.30142    0.941746   1.000000
  1219.45075    0.988857   1.000000
  1220.18213    1.034507   1.000000
  1220.32786    0.988857   1.000000
  1220.47430    0.998007   1.000000
  1220.62162    0.957488   1.000000
  1220.76662    0.955726   1.000000
  1220.92214    1.025023   1.000000
  1221.35702    0.928824   1.000000
  1221.49901    0.891115   1.000000
  1221.64186    0.965458   1.000000
  1221.78830    0.971703   1.000000
  1221.93965    0.983408   1.000000
  1222.08466    0.969022   1.000000
  1222.22880    0.968130   1.000000
  1222.37424    0.964570   1.000000
  1222.51882    1.012823   1.000000
  1222.66642    1.013756   1.000000
  1222.81603    1.019374   1.000000
  1222.96046    0.957488   1.000000
  1223.10547    0.990680   1.000000
  1223.25091    0.961908   1.000000
  1223.39448    0.980694   1.000000
  1223.54194    0.908518   1.000000
  1223.70120    0.931394   1.000000
  1223.84851    0.949584   1.000000
  1223.99352    1.002614   1.000000
  1224.13896    1.027859   1.000000
  1224.28541    0.996170   1.000000
  1224.44064    1.012823   1.000000
  1224.59026    0.961023   1.000000
  1224.73670    1.042158   1.000000
  1224.88171    1.019374   1.000000
  1225.02643    1.033555   1.000000
  1225.17202    1.028806   1.000000
  1225.31818    0.972598   1.000000
  1225.46246    1.042158   1.000000
  1225.60934    1.078285   1.000000
  1225.75651    1.024079   1.000000
  1225.89907    0.971703   1.000000
  1226.04566    0.970808   1.000000
  1226.18736    0.976188   1.000000
  1226.33165    1.029754   1.000000
  1226.47666    0.973495   1.000000
  1226.62094    1.034507   1.000000
  1226.76826    0.991593   1.000000
  1226.91456    0.949584   1.000000
  1227.05885    1.049865   1.000000
  1227.20630    1.027859   1.000000
  1227.35909    0.983408   1.000000
  1227.50453    1.019374   1.000000
  1227.64939    1.014690   1.000000
  1227.79541    0.951335   0.999646
  1227.94013    1.010028   0.997068
  1228.08672    0.992507   0.992735
  1228.23504    0.975290   0.987283
  1228.38192    1.003537   0.981263
  1228.52549    0.990680   0.975291
  1228.67194    0.960138   0.969105
  1228.81752    0.995253   0.963321
  1228.96210    0.938282   0.958123
  1229.10811    0.938282   0.953604
  1229.26464    0.939147   0.949760
  1229.42578    0.953089   0.947030
  1229.59166    0.939147   0.945555
  1229.74934    0.962794   0.945647
  1229.91077    0.929680   0.947113
  1230.22973    0.912712   0.953997
  1230.37474    1.015625   0.958698
  1230.52133    0.933971   0.964236
  1230.96514    1.010959   0.983616
  1231.26120    1.005388   0.995579
  1231.40722    1.016561   0.999463
  1232.05349    0.953967   1.000000
  1232.37662    0.973495   1.000000
  1232.53891    0.968130   1.000000
  1232.70365    0.968130   1.000000
  1232.85902    0.957488   1.000000
  1233.01958    0.966348   1.000000
  1233.17813    0.984314   1.000000
  1233.33221    0.973495   1.000000
  1233.49450    0.988857   1.000000
  1233.65880    0.964570   1.000000
  1233.80899    0.945221   1.000000
  1233.96581    0.957488   1.000000
  1234.12234    0.987947   1.000000
  1234.28045    1.002614   1.000000
  1234.43554    0.914394   1.000000
  1234.74370    1.041199   1.000000
  1234.88698    0.997088   1.000000
  1235.03558    0.986129   1.000000
  1235.18160    0.965458   1.000000
  1235.32459    1.021254   1.000000
  1235.47334    1.029754   1.000000
  1235.61907    1.030703   1.000000
  1235.76494    1.026913   1.000000
  1235.91082    1.013756   1.000000
  1236.05798    0.988857   1.000000
  1236.19954    1.087260   1.000000
  1236.34843    1.101371   1.000000
  1236.49776    1.066433   1.000000
  1236.66509    1.033555   1.000000
  1236.82147    1.079279   1.000000
  1236.97958    1.029754   1.000000
  1237.12834    1.005388   1.000000
  1237.27450    1.043118   1.000000
  1237.41778    0.949584   1.000000
  1237.56610    1.003537   1.000000
  1237.71326    1.004462   1.000000
  1237.85986    1.015625   1.000000
  1238.15347    1.111562   1.000000
  1238.31821    1.100357   1.000000
  1238.46394    1.006314   1.000000
  1238.60966    0.993422   1.000000
  1238.75424    0.926261   1.000000
  1238.90299    0.993422   1.000000
  1239.04901    1.064470   1.000000
  1239.19517    1.064470   1.000000
  1239.34061    1.050833   1.000000
  1239.48648    0.973495   1.000000
  1239.63566    1.015625   1.000000
  1239.78110    0.972598   1.000000
  1239.92698    1.020313   1.000000
  1240.07501    0.938282   1.000000
  1240.24579    0.940012   1.000000
  1240.39037    1.054711   1.000000
  1240.53509    1.066433   1.000000
  1240.68298    1.074320   1.000000
  1240.83000    0.992507   1.000000
  1240.98581    1.026913   1.000000
  1241.13341    1.147978   1.000000
  1241.28115    1.064470   1.000000
  1241.45971    1.077292   1.000000
  1241.60659    1.067416   1.000000
  1241.75246    1.025023   1.000000
  1241.89891    1.009099   1.000000
  1242.04334    0.963682   1.000000
  1242.18763    1.015625   1.000000
  1242.33221    1.022195   1.000000
  1242.47650    1.067416   1.000000
  1242.62107    1.120814   1.000000
  1242.76507    0.977088   1.000000
  1242.90893    0.928824   1.000000
  1243.05480    1.059580   1.000000
  1243.19981    1.058604   1.000000
  1243.34582    1.062511   1.000000
  1243.49573    1.147978   1.000000
  1243.64174    1.085259   1.000000
  1243.78733    1.038326   1.000000
  1243.93579    1.021254   1.000000
  1244.08224    1.022195   1.000000
  1244.22638    0.968130   1.000000
  1244.37024    0.976188   1.000000
  1244.51539    0.995253   1.000000
  1244.66213    0.927115   1.000000
  1244.80685    0.931394   1.000000
  1244.95229    0.984314   1.000000
  1245.09902    0.929680   1.000000
  1245.24662    0.978889   1.000000
  1245.38962    0.960138   1.000000
  1245.53506    1.010028   1.000000
  1245.68222    0.928824   1.000000
  1245.82565    0.948710   1.000000
  1245.96994    0.981598   1.000000
  1246.11898    1.014690   1.000000
  1246.26312    0.975290   1.000000
  1246.40784    0.993422   1.000000
  1246.55587    0.919462   1.000000
  1246.70304    0.961908   1.000000
  1246.84862    1.000768   1.000000
  1246.99493    0.948710   1.000000
  1247.13922    0.929680   1.000000
  1247.28624    0.940879   1.000000
  1247.43182    0.917769   1.000000
  1247.57597    0.978889   1.000000
  1247.72170    0.974392   1.000000
  1247.86570    0.974392   1.000000
  1248.01099    1.028806   1.000000
  1248.15658    1.019374   1.000000
  1248.30274    1.046968   1.000000
  1248.44818    0.926261   1.000000
  1248.59232    0.999847   1.000000
  1248.73862    0.944351   1.000000
  1248.88349    1.023136   1.000000
  1249.02792    0.971703   1.000000
  1249.17250    0.970808   1.000000
  1249.31866    0.967238   1.000000
  1249.46597    0.962794   1.000000
  1249.61083    0.947837   1.000000
  1249.75397    0.968130   1.000000
  1249.89840    1.006314   1.000000
  1250.04859    0.882132   1.000000
  1250.19288    0.941746   1.000000
  1250.33674    0.971703   1.000000
  1250.48074    0.906011   1.000000
  1250.62186    0.953089   1.000000
  1250.76686    1.024079   1.000000
  1250.91446    0.997088   1.000000
  1251.20722    1.021254   1.000000
  1251.35438    0.926261   1.000000
  1251.49939    1.079279   1.000000
  1251.64598    0.996170   1.000000
  1251.79157    1.054711   1.000000
  1251.93672    1.012823   1.000000
  1252.08274    1.006314   1.000000
  1252.23034    1.143756   1.000000
  1252.37794    1.031653   1.000000
  1252.52496    1.036415   1.000000
  1252.66954    1.162876   1.000000
  1252.81512    1.098332   1.000000
  1252.95970    1.099344   1.000000
  1253.10672    1.052770   1.000000
  1253.25590    1.015625   1.000000
  1253.40163    1.043118   1.000000
  1253.54765    1.058604   1.000000
  1253.69093    1.035461   1.000000
  1253.83594    0.980694   1.000000
  1253.97950    1.030703   1.000000
  1254.12523    0.979791   1.000000
  1254.27298    1.055683   1.000000
  1254.41510    0.959254   1.000000
  1254.55838    0.979791   1.000000
  1254.70555    1.042158   1.000000
  1254.84998    0.908518   1.000000
  1254.99658    1.006314   1.000000
  1255.13870    0.996170   1.000000
  1255.28602    0.997088   1.000000
  1255.43304    0.986129   1.000000
  1255.57733    0.987037   1.000000
  1255.72162    1.006314   1.000000
  1255.86374    0.946964   1.000000
  1256.01019    1.042158   1.000000
  1256.15549    1.081269   1.000000
  1256.30035    0.975290   1.000000
  1256.44493    0.940012   1.000000
  1256.58778    0.980694   1.000000
  1256.73264    0.934832   1.000000
  1256.87808    0.993422   1.000000
  1257.02222    0.897705   1.000000
  1257.16680    0.917769   1.000000
  1257.31368    0.969022   1.000000
  1257.60456    0.954847   1.000000
  1257.74971    0.928824   1.000000
  1257.89126    0.975290   1.000000
  1258.03901    0.941746   1.000000
  1258.18229    0.931394   1.000000
  1258.32701    0.927115   1.000000
  1258.47072    0.974392   1.000000
  1258.61515    1.003537   1.000000
  1258.75915    1.017498   1.000000
  1258.90344    0.976188   1.000000
  1259.04701    0.944351   1.000000
  1259.19418    0.972598   1.000000
  1259.33962    1.134315   1.000000
  1259.48722    1.027859   1.000000
  1259.63683    0.995253   1.000000
  1259.78098    1.056656   1.000000
  1259.92498    1.139550   1.000000
  1260.06667    0.978889   1.000000
  1260.20952    0.962794   1.000000
  1260.35510    0.998927   1.000000
  1260.50026    1.005388   1.000000
  1260.64627    1.044079   1.000000
  1260.79099    1.001691   1.000000
  1260.93542    0.932253   1.000000
  1261.07899    0.911032   1.000000
  1261.22630    0.982502   1.000000
  1261.37059    1.079279   1.000000
  1261.51618    0.992507   1.000000
  1261.66162    1.050833   1.000000
  1261.80619    1.027859   1.000000
  1261.95437    0.948710   1.000000
  1262.10312    1.087260   1.000000
  1262.41070    1.006314   1.000000
  1262.55557    0.969915   1.000000
  1262.70072    1.005388   1.000000
  1262.84515    1.021254   1.000000
  1262.99117    0.969915   1.000000
  1263.13402    1.074320   1.000000
  1263.28075    1.019374   1.000000
  1263.42734    1.012823   1.000000
  1263.57120    0.998007   1.000000
  1263.71405    0.950459   1.000000
  1263.86669    0.920309   1.000000
  1264.01198    0.985221   1.000000
  1264.15872    0.942613   1.000000
  1264.30142    1.008170   1.000000
  1264.44816    1.025023   1.000000
  1264.59518    0.950459   1.000000
  1264.74206    0.996170   1.000000
  1264.88909    1.012823   1.000000
  1265.03597    1.103401   1.000000
  1265.18126    1.058604   1.000000
  1265.32728    0.998007   1.000000
  1265.47272    0.986129   1.000000
  1265.62262    1.051801   1.000000
  1265.76749    0.970808   1.000000
  1265.91192    1.038326   1.000000
  1266.05722    0.958371   1.000000
  1266.20309    1.061533   1.000000
  1266.34666    1.041199   1.000000
  1266.49138    1.097321   1.000000
  1266.63523    1.046005   1.000000
  1266.78226    1.031653   1.000000
  1266.92611    1.014690   1.000000
  1267.07386    1.032603   1.000000
  1267.22275    0.953967   1.000000
  1267.36790    1.003537   1.000000
  1267.51334    0.975290   1.000000
  1267.65936    1.018436   1.000000
  1267.80581    1.156468   1.000000
  1267.96752    0.955726   1.000000
  1268.11440    1.119782   1.000000
  1268.26502    0.980694   1.000000
  1268.41262    0.963682   1.000000
  1268.56238    0.951335   1.000000
  1268.70797    1.032603   1.000000
  1268.85182    0.972598   1.000000
  1268.99683    1.034507   1.000000
  1269.14285    0.957488   1.000000
  1269.28757    0.977088   1.000000
  1269.43243    0.977088   1.000000
  1269.57643    1.037370   1.000000
  1269.72346    1.008170   1.000000
  1269.87106    0.998927   1.000000
  1270.01707    0.936556   1.000000
  1270.16222    1.031653   1.000000
  1270.30536    0.869228   1.000000
  1270.45296    0.896878   1.000000
  1270.59926    0.956607   1.000000
  1270.74672    0.978889   1.000000
  1270.89259    0.965458   1.000000
  1271.03904    1.021254   1.000000
  1271.32949    1.002614   1.000000
  1271.47435    1.054711   1.000000
  1271.61706    1.139550   1.000000
  1271.76106    1.028806   1.000000
  1271.90534    1.031653   1.000000
  1272.05194    1.076301   1.000000
  1272.19694    1.087260   1.000000
  1272.34267    0.987037   1.000000
  1272.48926    0.960138   1.000000
  1272.63341    0.910193   1.000000
  1272.77309    1.041199   1.000000
  1272.91954    0.950459   1.000000
  1273.06555    0.990680   1.000000
  1273.21085    0.916080   1.000000
  1273.35802    0.890294   1.000000
