   967.55875    0.983952   1.000000
   967.61880    1.021819   1.000000
   967.68058    0.966883   1.000000
   967.74106    1.069976   1.000000
   967.80110    1.000401   1.000000
   967.86302    0.971346   1.000000
   967.92394    0.909859   1.000000
   967.98470    1.014318   1.000000
   968.04590    1.019939   1.000000
   968.51405    1.012451   1.000000
   968.57467    0.995805   1.000000
   968.69275    1.055296   1.000000
   968.75410    0.924217   1.000000
   968.81616    0.984859   1.000000
   968.87693    0.942267   1.000000
   968.93798    1.050447   1.000000
   968.99846    0.983952   1.000000
   969.05952    1.095908   1.000000
   969.12130    1.001323   1.000000
   969.18293    0.966883   1.000000
   969.24341    1.049480   1.000000
   969.30490    1.006872   1.000000
   969.36552    0.984859   1.000000
   969.42542    1.034128   1.000000
   969.48662    0.965104   1.000000
   969.54854    1.037944   1.000000
   969.60874    1.052384   1.000000
   969.67008    0.931910   1.000000
   968.63198    0.997641   1.000000
   996.21734    0.940533   1.000000
   996.27898    0.983952   1.000000
   996.33917    0.982142   1.000000
   996.39965    1.014318   1.000000
   996.46056    1.007799   1.000000
   996.52075    0.986675   1.000000
   996.57878    1.022761   1.000000
   996.63941    1.004093   1.000000
   996.70046    1.004093   1.000000
   996.76181    1.025591   1.000000
   996.81955    0.964215   1.000000
   996.87686    0.955376   1.000000
   996.93461    0.906513   1.000000
   996.99134    0.940533   1.000000
   997.04837    0.993972   1.000000
   997.10597    0.909021   1.000000
   997.16328    1.040816   1.000000
   997.22059    1.016188   1.000000
   997.27790    0.985767   1.000000
   997.33939    0.999480   1.000000
   997.40002    0.983952   1.000000
   997.46021    1.012451   1.000000
   997.52112    1.005945   1.000000
   997.58246    1.055296   1.000000
   997.64266    1.002245   1.000000
   997.70299    0.936212   1.000000
   997.76376    0.962441   1.000000
   997.82482    1.036034   1.000000
   997.88630    0.957137   1.000000
   997.94678    0.945745   1.000000
   998.00784    0.982142   1.000000
   998.06861    0.995805   1.000000
   998.12909    0.964215   1.000000
   998.18683    0.967774   1.000000
   998.24861    0.983047   1.000000
   998.30952    0.940533   1.000000
   998.37058    1.002245   1.000000
   998.43163    1.034128   1.000000
   998.49197    0.982142   1.000000
   998.55403    0.996722   1.000000
   998.61494    0.936212   1.000000
   998.67614    1.044658   1.000000
   998.73677    1.021819   1.000000
   998.79840    1.013384   1.000000
   998.85888    0.971346   1.000000
   998.92008    1.019000   1.000000
   998.98070    1.017124   1.000000
   999.04133    1.017124   1.000000
   999.10210    0.883434   1.000000
   999.16402    1.099953   1.000000
   999.22536    1.074915   1.000000
   999.28757    1.005945   1.000000
   999.34834    1.011519   1.000000
   999.40853    1.032224   1.000000
   999.46944    1.003169   1.000000
   999.52920    0.931910   1.000000
   999.58968    1.032224   1.000000
   999.65074    1.088865   1.000000
   999.71035    1.056268   1.000000
   999.77112    1.058215   1.000000
   999.83318    1.064080   1.000000
   999.89453    1.019000   1.000000
   999.95573    0.897375   1.000000
  1000.01678    0.978530   1.000000
  1000.07712    0.999480   1.000000
  1000.13486    1.034128   1.000000
  1000.19462    0.985767   1.000000
  1000.25482    0.971346   1.000000
  1000.31616    1.019939   1.000000
  1000.37693    1.128688   1.000000
  1000.43755    1.032224   1.000000
  1000.49746    0.925069   1.000000
  1000.55794    0.964215   1.000000
  1000.61971    1.019000   1.000000
  1000.74283    0.942267   1.000000
  1000.86638    0.975830   1.000000
  1000.98878    0.978530   1.000000
  1001.04869    0.950986   1.000000
  1001.11061    1.002245   1.000000
  1001.17325    1.067024   1.000000
  1001.23416    0.982142   1.000000
  1001.29637    1.003169   1.000000
  1001.35670    0.971346   1.000000
  1001.41747    0.948362   1.000000
  1001.47810    1.069976   1.000000
  1001.53973    0.984859   1.000000
  1001.60093    1.064080   1.000000
  1001.66112    1.033176   1.000000
  1001.72304    1.038901   1.000000
  1001.78165    0.985767   1.000000
  1001.84054    0.971346   1.000000
  1001.90146    0.980334   1.000000
  1001.96165    1.060167   1.000000
  1002.02242    1.118341   1.000000
  1002.08376    0.933628   1.000000
  1002.14525    1.023703   1.000000
  1002.20659    0.997641   1.000000
  1002.26722    0.989405   1.000000
  1002.32856    1.073925   1.000000
  1002.38976    1.041775   1.000000
  1002.45197    0.956256   1.000000
  1002.51374    0.946617   1.000000
  1002.57437    0.914059   1.000000
  1002.63586    0.949236   1.000000
  1002.69734    0.994888   1.000000
  1002.75869    1.058215   1.000000
  1002.82003    1.075905   1.000000
  1002.88181    0.965104   1.000000
  1002.94301    0.954496   1.000000
  1003.00406    0.944874   1.000000
  1003.06382    1.006872   1.000000
  1003.12632    1.033176   1.000000
  1003.18666    0.937074   1.000000
  1003.24843    1.098940   1.000000
  1003.31078    1.034128   1.000000
  1003.37227    1.061143   1.000000
  1003.43318    1.039858   1.000000
  1003.49424    0.929339   1.000000
  1003.55558    1.022761   1.000000
  1003.61606    1.026536   1.000000
  1003.67770    1.094899   1.000000
  1003.73933    1.087863   1.000000
  1003.86115    1.005019   1.000000
  1003.92278    1.122468   1.000000
  1003.98370    1.014318   1.000000
  1004.04446    0.984859   1.000000
  1004.10538    0.905679   1.000000
  1004.16643    1.054324   1.000000
  1004.22734    1.030325   1.000000
  1004.28926    1.084861   1.000000
  1004.35046    1.057241   1.000000
  1004.41152    1.029376   1.000000
  1004.46941    0.991229   1.000000
  1004.52859    0.996722   1.000000
  1004.59037    1.044658   1.000000
  1004.65214    1.076897   1.000000
  1004.71277    0.986675   1.000000
  1004.77411    1.026536   1.000000
  1004.83445    0.974034   1.000000
  1004.89622    0.919124   1.000000
  1004.95714    1.053353   1.000000
  1005.01848    0.934489   1.000000
  1005.07954    1.092884   1.000000
  1005.14131    0.993057   1.000000
  1005.20165    1.032224   1.000000
  1005.26328    1.001323   1.000000
  1005.32333    0.957137   1.000000
  1005.38366    1.087863   1.000000
  1005.44587    0.965993   1.000000
  1005.50736    1.068991   1.000000
  1005.56870    1.127649   1.000000
  1005.62976    1.106048   1.000000
  1005.69024    1.048514   1.000000
  1005.75158    1.019939   1.000000
  1005.81221    1.042735   1.000000
  1005.87283    1.093891   1.000000
  1005.93288    1.021819   1.000000
  1005.99264    0.983047   1.000000
  1006.05298    1.047548   1.000000
  1006.11230    0.983047   1.000000
  1006.17178    0.947489   1.000000
  1006.23168    1.031274   1.000000
  1006.29130    0.995805   1.000000
  1006.35163    1.035080   1.000000
  1006.41110    0.973137   1.000000
  1006.47072    1.012451   1.000000
  1006.53034    1.011519   1.000000
  1006.58952    1.055296   0.999955
  1006.64957    0.985767   0.999229
  1006.70861    0.994888   0.997675
  1006.76851    1.045621   0.995425
  1006.82813    1.016188   0.992658
  1006.88832    1.014318   0.989255
  1006.94822    0.958902   0.985353
  1007.00798    0.992143   0.981133
  1007.06774    0.979432   0.976429
  1007.12722    0.958902   0.971472
  1007.18726    0.964215   0.965947
  1007.24933    0.915744   0.960071
  1007.30722    0.963328   0.954253
  1007.36712    0.930195   0.948060
  1007.42702    0.980334   0.941589
  1007.48750    0.934489   0.934988
  1007.54827    0.905679   0.927996
  1007.60846    0.945745   0.921046
  1007.66880    0.902348   0.914028
  1007.72870    0.888330   0.906935
  1007.78875    0.852264   0.899920
  1007.84606    0.899858   0.893116
  1007.90683    0.880996   0.885986
  1007.96702    0.906513   0.879068
  1008.02376    0.895724   0.872475
  1008.08366    0.880185   0.865661
  1008.14285    0.856198   0.859219
  1008.20189    0.884248   0.852958
  1008.25891    0.880996   0.847034
  1008.31954    0.815406   0.840992
  1008.38016    0.832864   0.835279
  1008.43978    0.841345   0.829987
  1008.49954    0.829037   0.825032
  1008.55944    0.831331   0.820419
  1008.61690    0.803478   0.816343
  1008.67637    0.859358   0.812603
  1008.73267    0.821437   0.809422
  1008.79171    0.810913   0.806545
  1008.85133    0.796845   0.804073
  1008.91051    0.799050   0.802106
  1008.97013    0.780143   0.800817
  1009.03032    0.822194   0.799898
  1009.09094    0.790996   0.799288
  1009.14854    0.754700   0.799575
  1009.20730    0.772990   0.800210
  1009.26734    0.825228   0.801430
  1009.32638    0.767316   0.803068
  1009.38629    0.806444   0.805292
  1009.44259    0.793184   0.807805
  1009.50221    0.825228   0.810902
  1009.56197    0.786637   0.814532
  1009.62158    0.836708   0.818554
  1009.68149    0.739561   0.823074
  1009.74082    0.844450   0.827873
  1009.80086    0.859358   0.833083
  1009.86062    0.822194   0.838654
  1009.92082    0.853835   0.844738
  1009.98072    0.842896   0.850851
  1010.03832    0.827512   0.857028
  1010.09794    0.788087   0.863631
  1010.15842    0.936212   0.870708
  1010.21933    0.895724   0.877850
  1010.28010    0.914901   0.885146
  1010.34072    0.863325   0.892552
  1010.39746    0.919124   0.899579
  1010.45866    0.879375   0.907149
  1010.51827    0.946617   0.914602
  1010.57731    0.982142   0.921827
  1010.63664    0.955376   0.929144
  1010.69669    0.962441   0.936385
  1010.75587    0.953617   0.943462
  1010.81549    0.971346   0.950349
  1010.87496    0.956256   0.957074
  1010.93429    0.954496   0.963498
  1010.99304    0.937074   0.969626
  1011.05251    0.997641   0.975363
  1011.11098    1.015253   0.980829
  1011.17002    0.974034   0.985768
  1011.22920    0.962441   0.990272
  1011.28795    0.944005   0.994171
  1011.34642    1.005019   0.997326
  1011.40502    0.992143   0.999468
  1011.46450    1.009658   1.000000
  1011.52339    1.006872   1.000000
  1011.58258    0.993972   1.000000
  1011.64306    1.012451   1.000000
  1011.70224    1.066041   1.000000
  1011.76114    0.978530   1.000000
  1011.82046    1.045621   1.000000
  1011.87878    0.949236   1.000000
  1011.93854    0.995805   1.000000
  1011.99744    0.974931   1.000000
  1012.05259    1.026536   1.000000
  1012.11048    0.925921   1.000000
  1012.16750    1.071949   1.000000
  1012.22597    0.943136   1.000000
  1012.28328    1.010588   1.000000
  1012.34059    0.993057   1.000000
  1012.39718    0.979432   1.000000
  1012.45622    1.062121   1.000000
  1012.51498    1.011519   1.000000
  1012.57200    1.018062   1.000000
  1012.63018    1.066041   1.000000
  1012.68864    0.955376   1.000000
  1012.74768    1.030325   1.000000
  1012.80629    1.015253   1.000000
  1012.86490    1.015253   1.000000
  1012.92394    0.919971   1.000000
  1012.98226    0.968666   1.000000
  1013.04101    0.994888   1.000000
  1013.10062    0.972241   1.000000
  1013.15981    0.919124   1.000000
  1013.21726    1.019939   1.000000
  1013.27573    1.033176   1.000000
  1013.33419    1.024647   1.000000
  1013.39338    0.981237   1.000000
  1013.45213    1.042735   1.000000
  1013.51102    0.942267   1.000000
  1013.56978    0.994888   1.000000
  1013.62867    0.993057   1.000000
  1013.68858    1.033176   1.000000
  1013.74733    0.970452   1.000000
  1013.80579    0.931052   1.000000
  1013.86498    0.961555   1.000000
  1013.92416    1.013384   1.000000
  1013.98291    1.019939   1.000000
  1014.04166    0.959785   1.000000
  1014.10027    1.047548   1.000000
  1014.15902    1.005019   1.000000
  1014.21518    0.977629   1.000000
  1014.27480    0.927629   1.000000
  1014.33326    0.989405   1.000000
  1014.39144    0.997641   1.000000
  1014.45048    0.993972   1.000000
  1014.50981    0.937938   1.000000
  1014.56885    0.958019   1.000000
  1014.62774    1.022761   1.000000
  1014.68606    0.975830   1.000000
  1014.74568    0.995805   1.000000
  1014.80371    1.047548   1.000000
  1014.86261    0.968666   1.000000
  1014.92064    1.022761   1.000000
  1014.97910    0.996722   1.000000
  1015.03786    0.989405   1.000000
  1015.09632    0.972241   1.000000
  1015.15464    0.931910   1.000000
  1015.21368    0.997641   1.000000
  1015.27171    1.010588   1.000000
  1015.33046    0.928483   1.000000
  1015.39037    0.964215   1.000000
  1015.44710    0.992143   1.000000
  1015.50643    0.952739   1.000000
  1015.56576    1.038901   1.000000
  1015.62595    1.059191   1.000000
  1015.68571    0.967774   1.000000
  1015.74648    1.004093   1.000000
  1015.80581    0.956256   1.000000
  1015.86557    0.992143   1.000000
  1015.92504    1.001323   1.000000
  1015.98365    0.985767   1.000000
  1016.04298    1.001323   1.000000
  1016.10245    0.995805   1.000000
  1016.16091    1.005945   1.000000
  1016.22038    0.993057   1.000000
  1016.27885    0.946617   1.000000
  1016.33774    0.966883   1.000000
  1016.39678    0.976729   1.000000
  1016.45525    1.011519   1.000000
  1016.51357    0.981237   1.000000
  1016.57203    1.009658   1.000000
  1016.63107    0.995805   1.000000
  1016.68723    1.005019   1.000000
  1016.74570    0.981237   1.000000
  1016.80243    0.949236   1.000000
  1016.86162    0.988494   1.000000
  1016.91965    0.994888   1.000000
  1016.97854    0.965993   1.000000
  1017.03672    0.971346   1.000000
  1017.09317    1.008728   1.000000
  1017.15221    0.961555   1.000000
  1017.20880    1.083862   1.000000
  1017.26798    0.972241   1.000000
  1017.32602    1.045621   1.000000
  1017.38174    0.969559   1.000000
  1017.43978    1.042735   1.000000
  1017.49594    0.973137   1.000000
  1017.55426    0.986675   1.000000
  1017.61056    1.033176   1.000000
  1017.66845    1.039858   1.000000
  1017.72706    0.993972   1.000000
  1017.78595    1.013384   1.000000
  1017.84456    0.978530   1.000000
  1017.90317    0.983952   1.000000
  1017.96163    1.009658   1.000000
  1018.01995    0.987584   1.000000
  1018.07755    0.993057   1.000000
  1018.13558    0.945745   1.000000
  1018.19160    0.993972   1.000000
  1018.25122    0.940533   1.000000
  1018.30896    1.027482   1.000000
  1018.36728    0.969559   1.000000
  1018.42704    0.965104   1.000000
  1018.48622    1.005019   1.000000
  1018.54814    0.914901   1.000000
  1018.60690    0.962441   1.000000
  1018.66694    0.948362   1.000000
  1018.72570    0.948362   1.000000
  1018.78301    0.993057   1.000000
  1018.84046    0.951862   1.000000
  1018.89835    0.958019   1.000000
  1018.95350    0.959785   1.000000
  1019.01110    1.001323   1.000000
  1019.06942    1.021819   1.000000
  1019.12702    1.044658   1.000000
  1019.18520    1.012451   1.000000
  1019.24280    0.969559   1.000000
  1019.30126    0.965104   1.000000
  1019.35901    0.954496   1.000000
  1019.41733    0.974034   1.000000
  1019.47637    0.944874   1.000000
  1019.53627    1.046584   1.000000
  1019.59589    1.049480   1.000000
  1019.65579    0.976729   1.000000
  1019.71570    1.041775   1.000000
  1019.77517    1.026536   1.000000
  1019.83392    1.008728   1.000000
  1019.89310    1.010588   1.000000
  1019.94955    0.994888   1.000000
  1020.00888    0.969559   1.000000
