  1328.31360    0.946477   1.000000
  1328.40000    0.943866   1.000000
  1328.48640    1.112014   1.000000
  1328.57280    0.952599   1.000000
  1328.65920    0.830444   1.000000
  1328.74560    0.990171   1.000000
  1328.81760    0.993826   1.000000
  1328.90400    0.812288   1.000000
  1328.99040    0.908051   1.000000
  1329.07680    1.169796   1.000000
  1329.14880    1.072779   1.000000
  1329.23520    1.260405   1.000000
  1329.32160    0.873595   1.000000
  1329.40800    1.119207   1.000000
  1329.49440    0.974788   1.000000
  1329.56640    1.161209   1.000000
  1329.65280    0.971204   1.000000
  1329.73920    1.056113   1.000000
  1329.82560    0.972994   1.000000
  1329.91200    1.040663   1.000000
  1329.98400    0.913924   1.000000
  1330.07040    0.805583   1.000000
  1330.15680    1.029225   1.000000
  1330.24320    0.975686   1.000000
  1330.32960    0.917298   1.000000
  1330.40160    1.002098   1.000000
  1330.48800    0.899726   1.000000
  1330.57440    0.893121   1.000000
  1330.66080    1.062944   1.000000
  1330.73280    1.043543   1.000000
  1330.81920    1.310118   1.000000
  1330.90560    1.083703   1.000000
  1330.99200    0.853710   1.000000
  1331.07840    0.912242   1.000000
  1331.15040    1.152684   1.000000
  1331.23680    1.046430   1.000000
  1331.32320    0.930059   1.000000
  1331.40960    1.200357   1.000000
  1331.49600    1.003022   1.000000
  1331.56800    0.981997   1.000000
  1331.65440    1.028277   1.000000
  1331.74080    0.969416   1.000000
  1331.82720    0.983808   1.000000
  1331.91360    0.984714   1.000000
  1331.98560    0.845104   1.000000
  1332.07200    1.003022   1.000000
  1332.15840    0.993826   1.000000
  1332.24480    0.842772   1.000000
  1332.31680    1.082705   1.000000
  1332.40320    0.967632   1.000000
  1332.48960    0.974788   1.000000
  1332.57600    0.865586   1.000000
  1332.64800    1.009509   1.000000
  1332.73440    1.086702   1.000000
  1332.82080    0.956996   1.000000
  1332.90720    1.093730   1.000000
  1332.99360    1.052229   1.000000
  1333.08000    0.936937   1.000000
  1333.15200    0.978386   1.000000
  1333.23840    1.039705   1.000000
  1333.32480    0.923231   1.000000
  1333.41120    1.143169   1.000000
  1333.48320    1.077731   1.000000
  1333.56960    0.970309   1.000000
  1333.65600    1.007651   1.000000
  1333.74240    0.801143   1.000000
  1333.82880    1.060011   1.000000
  1333.90080    1.036837   1.000000
  1333.98720    1.150563   1.000000
  1334.07360    0.903879   1.000000
  1334.17440    1.194841   1.000000
  1334.26080    1.011370   1.000000
  1334.36160    0.903047   1.000000
  1334.43360    1.010439   1.000000
  1334.52000    0.825107   1.000000
  1334.62080    0.934351   1.000000
  1334.70720    1.029225   1.000000
  1334.79360    1.118176   1.000000
  1334.89440    1.054169   1.000000
  1334.96640    0.879246   1.000000
  1335.05280    0.927492   1.000000
  1335.13920    0.923231   1.000000
  1335.22560    0.949971   1.000000
  1335.31200    0.943866   1.000000
  1335.38400    1.213697   1.000000
  1335.47040    1.004871   1.000000
  1335.55680    1.020729   1.000000
  1335.64320    0.902215   1.000000
  1335.72960    1.084702   1.000000
  1335.80160    1.010439   1.000000
  1335.88800    1.121270   1.000000
  1335.97440    1.059035   1.000000
  1336.06080    0.831209   1.000000
  1336.14720    0.847443   1.000000
  1336.21920    0.974788   1.000000
  1336.30560    1.142116   1.000000
  1336.39200    0.945606   1.000000
  1336.47840    1.074757   1.000000
  1336.55040    1.147388   1.000000
  1336.63680    1.163350   1.000000
  1336.72320    1.049326   1.000000
  1336.80960    1.023553   1.000000
  1336.89600    0.991084   1.000000
  1336.96800    1.028277   1.000000
  1337.05440    0.770744   1.000000
  1337.14080    0.927492   1.000000
  1337.22720    1.054169   1.000000
  1337.29920    0.946477   1.000000
  1337.38560    0.884118   1.000000
  1337.47200    1.168719   1.000000
  1337.55840    0.991084   1.000000
  1337.64480    1.027331   1.000000
  1337.71680    0.921532   1.000000
  1337.80320    0.932632   1.000000
  1337.88960    1.070805   1.000000
  1337.97600    0.817542   1.000000
  1338.04800    1.039705   1.000000
  1338.13440    1.060011   1.000000
  1338.22080    1.220423   1.000000
  1338.30720    0.885748   1.000000
  1338.39360    1.024496   1.000000
  1338.49440    0.954356   1.000000
  1338.56640    1.023553   1.000000
  1338.65280    0.912242   1.000000
  1338.73920    1.141065   1.000000
  1338.82560    1.040663   1.000000
  1338.91200    0.912242   1.000000
  1338.98400    1.107925   1.000000
  1339.07040    1.214815   1.000000
  1339.15680    1.036837   1.000000
  1339.24320    0.903879   1.000000
  1339.32960    0.915609   1.000000
  1339.40160    0.814536   1.000000
  1339.48800    0.975686   1.000000
  1339.57440    0.988349   1.000000
  1339.66080    1.136869   1.000000
  1339.73280    1.100805   1.000000
  1339.81920    1.021669   1.000000
  1339.90560    0.777160   1.000000
  1339.99200    0.823589   1.000000
  1340.07840    1.387108   1.000000
  1340.15040    0.753894   1.000000
  1340.23680    0.863993   1.000000
  1340.32320    1.119207   1.000000
  1340.40960    1.197044   1.000000
  1340.49600    0.947350   1.000000
  1340.56800    1.114064   1.000000
  1340.65440    1.193741   1.000000
  1340.74080    1.169796   1.000000
  1340.82720    0.746982   1.000000
  1340.91360    0.957878   1.000000
  1340.98560    1.142116   0.999981
  1341.07200    1.039705   0.999553
  1341.15840    1.044504   0.998504
  1341.24480    0.920683   0.997055
  1341.31680    1.074757   0.995581
  1341.40320    1.044504   0.993445
  1341.48960    0.927492   0.991095
  1341.57600    1.086702   0.988547
  1341.66240    1.105886   0.985568
  1341.73440    1.040663   0.983016
  1341.82080    0.902215   0.979682
  1341.90720    0.810047   0.976112
  1341.99360    1.117147   0.972417
  1342.08000    1.118176   0.968518
  1342.15200    0.878436   0.965078
  1342.23840    0.925785   0.960857
  1342.33920    0.887381   0.955777
  1342.42560    0.791608   0.951247
  1342.51200    1.167644   0.946580
  1342.58400    1.294525   0.942604
  1342.67040    0.838128   0.937816
  1342.75680    1.018850   0.932791
  1342.90080    0.896417   0.924397
  1343.00160    0.801882   0.918330
  1343.10240    0.893944   0.912238
  1343.18880    0.931773   0.906945
  1343.28960    0.908051   0.900879
  1343.37600    0.793799   0.895335
  1343.46240    0.990171   0.890056
  1343.53440    0.898070   0.885548
  1343.63520    0.819804   0.879405
  1343.72160    0.880867   0.874024
  1343.80800    0.885748   0.868837
  1343.89440    0.682512   0.863533
  1343.98080    0.876012   0.858451
  1344.05280    0.873595   0.854172
  1344.13920    0.880867   0.849156
  1344.22560    0.825107   0.844166
  1344.29760    0.871988   0.840118
  1344.38400    1.080713   0.835425
  1344.47040    0.799669   0.830785
  1344.55680    0.884933   0.826324
  1344.64320    0.736733   0.822008
  1344.71520    0.955235   0.818509
  1344.80160    0.816038   0.814357
  1344.88800    0.767910   0.810678
  1344.97440    0.822830   0.807071
  1345.06080    0.807068   0.803622
  1345.13280    0.652394   0.800890
  1345.21920    0.863198   0.797882
  1345.32000    0.713363   0.794672
  1345.40640    0.710085   0.792157
  1345.50720    0.661470   0.789563
  1345.60800    0.671290   0.787325
  1345.69440    0.762273   0.785652
  1345.76640    0.764382   0.784497
  1345.85280    0.708778   0.783419
  1345.95360    0.930059   0.782376
  1346.04000    0.813786   0.781869
  1346.12640    0.704223   0.781672
  1346.21280    0.795262   0.781847
  1346.28480    0.804100   0.782084
  1346.37120    0.780028   0.782699
  1346.45760    0.683770   0.783624
  1346.54400    0.746982   0.784791
  1346.61600    0.947350   0.786033
  1346.70240    0.835815   0.787664
  1346.78880    0.554767   0.789644
  1346.87520    0.884933   0.791928
  1346.96160    0.880056   0.794367
  1347.03360    0.785073   0.796667
  1347.12000    0.912242   0.799624
  1347.20640    0.845883   0.802773
  1347.29280    0.788697   0.806191
  1347.36480    1.040663   0.809203
  1347.45120    0.984714   0.812988
  1347.53760    0.805583   0.816998
  1347.62400    0.903047   0.821169
  1347.71040    0.746982   0.825471
  1347.79680    0.718638   0.830027
  1347.86880    0.857650   0.833840
  1347.95520    0.712050   0.838658
  1348.04160    0.638720   0.843580
  1348.12800    0.765791   0.848614
  1348.20000    0.860816   0.852805
  1348.28640    0.744235   0.857992
  1348.37280    0.999333   0.863364
  1348.45920    0.863198   0.868830
  1348.54560    0.905546   0.874113
  1348.61760    0.772877   0.878750
  1348.70400    0.656010   0.884195
  1348.79040    0.785073   0.889765
  1348.87680    0.977485   0.895247
  1348.94880    0.815287   0.899908
  1349.03520    0.960529   0.905485
  1349.12160    1.031123   0.910914
  1349.20800    1.023553   0.916533
  1349.30880    1.039705   0.922879
  1349.40960    1.092723   0.929131
  1349.48160    0.859232   0.933543
  1349.58240    1.151623   0.939619
  1349.66880    0.996576   0.944725
  1349.75520    0.850570   0.949809
  1349.84160    0.838900   0.954662
  1349.92800    0.992911   0.959340
  1350.00000    1.050293   0.963219
  1350.08640    0.916453   0.967689
  1350.17280    0.924933   0.972015
  1350.25920    0.852924   0.976152
  1350.34560    1.156939   0.979913
  1350.41760    1.069819   0.983085
  1350.50400    0.964962   0.986458
  1350.59040    1.244258   0.989620
  1350.67680    1.005797   0.992551
  1350.76320    0.734024   0.995032
  1350.83520    0.867981   0.996876
  1350.93600    1.000254   0.998927
  1351.03680    0.845883   1.000000
  1351.13760    1.388386   1.000000
  1351.22400    0.964074   1.000000
  1351.31040    0.867981   1.000000
  1351.41120    0.856072   1.000000
  1351.48320    1.047394   1.000000
  1351.56960    0.954356   1.000000
  1351.65600    1.033024   1.000000
  1351.74240    0.804841   1.000000
  1351.82880    1.009509   1.000000
  1351.90080    0.787246   1.000000
  1351.98720    1.370599   1.000000
  1352.07360    1.006724   1.000000
  1352.16000    0.850570   1.000000
  1352.26080    0.887381   1.000000
  1352.36160    0.840447   1.000000
  1352.43360    1.023553   1.000000
  1352.52000    1.197044   1.000000
  1352.60640    0.903047   1.000000
  1352.70720    0.898898   1.000000
  1352.79360    1.098779   1.000000
  1352.86560    1.039705   1.000000
  1352.95200    0.772877   1.000000
  1353.03840    0.860023   1.000000
  1353.12480    0.913924   1.000000
  1353.21120    1.298106   1.000000
  1353.28320    1.033024   1.000000
  1353.36960    1.084702   1.000000
  1353.45600    1.114064   1.000000
  1353.54240    1.143169   1.000000
  1353.62880    0.884118   1.000000
  1353.70080    1.022611   1.000000
  1353.78720    0.998413   1.000000
  1353.87360    1.041622   1.000000
  1353.96000    0.759469   1.000000
  1354.06080    1.020729   1.000000
  1354.13280    0.855284   1.000000
  1354.23360    0.721291   1.000000
  1354.32000    0.965851   1.000000
  1354.42080    0.897243   1.000000
  1354.50720    1.195942   1.000000
  1354.59360    0.865586   1.000000
  1354.66560    0.967632   1.000000
  1354.75200    0.993826   1.000000
  1354.85280    0.892299   1.000000
  1354.93920    1.062944   1.000000
  1355.04000    0.883304   1.000000
  1355.12640    0.893944   1.000000
  1355.21280    0.899726   1.000000
  1355.28480    1.211463   1.000000
  1355.37120    0.870383   1.000000
  1355.45760    1.085701   1.000000
  1355.54400    1.105886   1.000000
  1355.63040    0.945606   1.000000
  1355.70240    0.916453   1.000000
  1355.78880    0.961414   1.000000
  1355.87520    1.131645   1.000000
  1355.96160    0.939529   1.000000
  1356.03360    0.966741   1.000000
  1356.12000    0.940395   1.000000
  1356.20640    0.781466   1.000000
  1356.29280    1.010439   1.000000
  1356.36480    0.940395   1.000000
  1356.45120    1.114064   1.000000
  1356.53760    1.142116   1.000000
  1356.62400    1.093730   1.000000
  1356.71040    0.955235   1.000000
  1356.78240    0.941261   1.000000
  1356.86880    0.953477   1.000000
  1356.95520    0.965851   1.000000
  1357.04160    0.893944   1.000000
  1357.12800    1.039705   1.000000
  1357.20000    1.058060   1.000000
  1357.28640    0.731325   1.000000
  1357.37280    0.893944   1.000000
  1357.45920    1.186070   1.000000
  1357.54560    0.974788   1.000000
  1357.61760    0.984714   1.000000
  1357.70400    0.885748   1.000000
  1357.80480    0.951722   1.000000
  1357.89120    1.095747   1.000000
  1357.97760    1.016975   1.000000
  1358.04960    1.072779   1.000000
  1358.13600    0.872791   1.000000
  1358.22240    1.058060   1.000000
  1358.30880    1.134776   1.000000
  1358.42400    1.020729   1.000000
  1358.51040    0.796728   1.000000
  1358.59680    0.863198   1.000000
  1358.66880    1.012302   1.000000
  1358.75520    0.852924   1.000000
  1358.84160    0.956996   1.000000
  1358.92800    0.930059   1.000000
  1359.00000    1.038748   1.000000
  1359.08640    1.270897   1.000000
  1359.17280    0.895592   1.000000
  1359.25920    0.995658   1.000000
  1359.33120    0.952599   1.000000
  1359.41760    0.964962   1.000000
  1359.50400    1.057086   1.000000
  1359.59040    0.972994   1.000000
  1359.67680    0.952599   1.000000
  1359.76320    1.129563   1.000000
  1359.83520    1.067850   1.000000
  1359.92160    1.131645   1.000000
  1360.00800    0.875206   1.000000
  1360.09440    0.906380   1.000000
  1360.16640    0.914767   1.000000
  1360.25280    1.077731   1.000000
  1360.33920    1.071791   1.000000
  1360.42560    0.867182   1.000000
  1360.51200    1.056113   1.000000
  1360.58400    0.941261   1.000000
  1360.67040    1.031123   1.000000
  1360.75680    1.176279   1.000000
  1360.84320    1.013235   1.000000
  1360.91520    1.040663   1.000000
  1361.00160    1.008580   1.000000
  1361.08800    1.044504   1.000000
  1361.17440    0.954356   1.000000
  1361.26080    1.215935   1.000000
  1361.34720    0.817542   1.000000
  1361.41920    0.960529   1.000000
  1361.50560    0.903047   1.000000
  1361.59200    1.015103   1.000000
  1361.67840    0.915609   1.000000
  1361.75040    0.983808   1.000000
  1361.83680    0.908888   1.000000
  1361.92320    0.898898   1.000000
  1362.00960    1.017912   1.000000
  1362.08160    1.183887   1.000000
  1362.16800    1.049326   1.000000
  1362.25440    1.155873   1.000000
  1362.34080    1.156939   1.000000
  1362.42720    0.935212   1.000000
  1362.49920    1.090712   1.000000
  1362.58560    1.028277   1.000000
  1362.67200    1.313743   1.000000
  1362.75840    1.321023   1.000000
  1362.84480    0.908051   1.000000
  1362.91680    0.961414   1.000000
  1363.00320    0.919836   1.000000
  1363.08960    0.838128   1.000000
  1363.17600    0.786521   1.000000
  1363.26240    0.986530   1.000000
  1363.33440    0.959644   1.000000
  1363.42080    0.972994   1.000000
  1363.50720    1.208121   1.000000
  1363.59360    1.026385   1.000000
  1363.66560    0.980190   1.000000
  1363.75200    0.861609   1.000000
  1363.83840    0.928347   1.000000
  1363.92480    1.053199   1.000000
  1364.01120    0.960529   1.000000
  1364.08320    1.065885   1.000000
  1364.16960    1.207008   1.000000
  1364.25600    0.937800   1.000000
  1364.34240    1.017912   1.000000
  1364.42880    0.786521   1.000000
  1364.50080    0.999333   1.000000
  1364.58720    1.119207   1.000000
  1364.67360    1.200357   1.000000
  1364.76000    0.900555   1.000000
  1364.84640    0.860023   1.000000
  1364.91840    1.025440   1.000000
  1365.00480    1.126446   1.000000
  1365.10560    0.903047   1.000000
  1365.19200    0.725288   1.000000
  1365.27840    1.082705   1.000000
  1365.40800    0.742866   1.000000
  1365.49440    0.937800   1.000000
  1365.56640    1.314953   1.000000
  1365.65280    1.027331   1.000000
  1365.73920    0.994742   1.000000
  1365.82560    1.053199   1.000000
  1365.91200    1.074757   1.000000
  1365.98400    1.197044   1.000000
  1366.07040    0.940395   1.000000
  1366.15680    1.195942   1.000000
  1366.24320    1.184978   1.000000
  1366.31520    0.926638   1.000000
