  1360.47744    1.067356   1.000000
  1360.51618    1.039224   1.000000
  1360.55462    1.029697   1.000000
  1360.59322    1.029697   1.000000
  1360.63166    0.984259   1.000000
  1360.67126    0.971649   1.000000
  1360.70986    1.016504   1.000000
  1360.74946    1.023079   1.000000
  1360.78805    1.042100   1.000000
  1360.82750    0.975235   1.000000
  1360.86710    1.048840   1.000000
  1360.90570    1.021196   1.000000
  1360.94530    1.039224   1.000000
  1360.98490    1.022137   1.000000
  1361.02450    1.029697   1.000000
  1361.06395    0.927917   1.000000
  1361.10370    1.057570   1.000000
  1361.14315    1.022137   1.000000
  1361.18160    0.976134   1.000000
  1361.22134    1.000712   1.000000
  1361.25979    1.035403   1.000000
  1361.29838    1.012766   1.000000
  1361.33698    1.025910   1.000000
  1361.37557    0.979736   1.000000
  1361.41402    0.956554   1.000000
  1361.45362    1.021196   1.000000
  1361.49322    1.019317   1.000000
  1361.53282    0.998871   1.000000
  1361.57126    0.989713   1.000000
  1361.61086    1.094232   1.000000
  1361.65046    1.015569   1.000000
  1361.69006    0.984259   1.000000
  1361.72966    0.997951   1.000000
  1361.76912    1.019317   1.000000
  1361.80886    1.019317   1.000000
  1361.84832    0.978835   1.000000
  1361.88706    1.004406   1.000000
  1361.92550    1.059520   1.000000
  1361.96395    0.992451   1.000000
  1362.00254    0.977033   1.000000
  1362.04214    1.024022   1.000000
  1362.08074    0.950406   1.000000
  1362.12034    1.065392   1.000000
  1362.15878    1.028749   1.000000
  1362.19838    0.994281   1.000000
  1362.23698    1.008113   1.000000
  1362.27557    0.987892   1.000000
  1362.31502    1.028749   1.000000
  1362.35362    1.061474   1.000000
  1362.39322    0.946911   1.000000
  1362.43166    0.976134   1.000000
  1362.47126    1.085199   1.000000
  1362.50986    0.995198   1.000000
  1362.54946    0.986073   1.000000
  1362.58819    1.036357   1.000000
  1362.62750    0.984259   1.000000
  1362.66710    1.028749   1.000000
  1362.70670    0.967184   1.000000
  1362.74630    1.015569   1.000000
  1362.78490    1.043060   1.000000
  1362.82450    0.990625   1.000000
  1362.86294    0.966294   1.000000
  1362.90254    1.027802   1.000000
  1362.94114    1.056597   1.000000
  1362.98074    1.026855   1.000000
  1363.01918    0.946040   1.000000
  1363.05878    1.052711   1.000000
  1363.09738    0.987892   1.000000
  1363.13582    1.028749   1.000000
  1363.17456    1.016504   1.000000
  1363.21402    1.062452   1.000000
  1363.25246    0.984259   1.000000
  1363.29221    1.017441   1.000000
  1363.33066    0.938230   1.000000
  1363.37040    1.004406   1.000000
  1363.40986    0.992451   1.000000
  1363.44946    0.978835   1.000000
  1363.48906    1.044983   1.000000
  1363.52750    0.972544   1.000000
  1363.56710    0.917718   1.000000
  1363.60570    1.038268   1.000000
  1363.64530    1.031595   1.000000
  1363.68389    0.998871   1.000000
  1363.72334    1.045946   1.000000
  1363.76194    1.028749   1.000000
  1363.80154    0.997032   1.000000
  1363.84114    1.024966   1.000000
  1363.88074    0.983353   1.000000
  1363.92034    1.053681   1.000000
  1363.95979    0.976134   1.000000
  1363.99838    1.028749   1.000000
  1364.03698    0.965404   1.000000
  1364.07643    1.013700   1.000000
  1364.11618    1.047875   1.000000
  1364.15462    0.988802   1.000000
  1364.19422    0.975235   1.000000
  1364.23282    1.028749   1.000000
  1364.27227    0.941693   1.000000
  1364.31086    1.040182   1.000000
  1364.35046    0.992451   1.000000
  1364.39006    1.019317   1.000000
  1364.42966    0.998871   1.000000
  1364.46811    1.015569   1.000000
  1364.50786    0.974337   1.000000
  1364.54630    1.044983   1.000000
  1364.58590    0.995198   1.000000
  1364.62450    0.995198   1.000000
  1364.66395    1.020256   1.000000
  1364.70370    1.052711   1.000000
  1364.74214    0.999791   1.000000
  1364.78160    0.986982   1.000000
  1364.82134    1.000712   1.000000
  1364.86080    1.000712   1.000000
  1364.90054    1.083202   1.000000
  1364.94000    0.987892   1.000000
  1364.97960    0.935641   1.000000
  1365.01819    1.009042   1.000000
  1365.05779    1.000712   1.000000
  1365.09638    1.064411   1.000000
  1365.13584    1.011834   1.000000
  1365.17544    1.003481   1.000000
  1365.21504    0.960084   1.000000
  1365.25464    0.995198   1.000000
  1365.29410    0.970754   1.000000
  1365.33384    1.058545   1.000000
  1365.37330    0.993366   1.000000
  1365.41203    1.035403   1.000000
  1365.45149    1.027802   1.000000
  1365.49123    0.985166   1.000000
  1365.53170    0.946911   1.000000
  1365.57029    1.032546   1.000000
  1365.60888    0.998871   1.000000
  1365.64834    1.004406   1.000000
  1365.68707    1.010903   1.000000
  1365.72552    0.979736   1.000000
  1365.76397    1.044983   1.000000
  1365.80371    1.024966   1.000000
  1365.84216    0.983353   1.000000
  1365.88162    0.980639   1.000000
  1365.92035    1.015569   1.000000
  1365.95880    1.008113   1.000000
  1365.99840    1.044983   1.000000
  1366.03699    0.986073   1.000000
  1366.07645    0.969861   1.000000
  1366.11619    0.997032   1.000000
  1366.15565    0.971649   1.000000
  1366.19539    0.999791   1.000000
  1366.23384    0.998871   1.000000
  1366.27330    1.017441   1.000000
  1366.31304    0.982447   1.000000
  1366.35250    1.100295   1.000000
  1366.39210    0.969861   1.000000
  1366.43069    0.962741   1.000000
  1366.47029    0.931342   1.000000
  1366.50888    0.978835   1.000000
  1366.54834    0.986073   1.000000
  1366.58794    0.950406   1.000000
  1366.62754    1.088201   1.000000
  1366.66714    0.980639   1.000000
  1366.70573    1.025910   1.000000
  1366.74533    0.997032   1.000000
  1366.78478    0.964516   1.000000
  1366.82453    1.036357   1.000000
  1366.86398    0.977033   1.000000
  1366.90373    1.029697   1.000000
  1366.94318    1.036357   1.000000
  1366.98163    0.979736   1.000000
  1367.02037    0.992451   1.000000
  1367.05982    0.984259   1.000000
  1367.09827    1.031595   1.000000
  1367.13802    1.028749   1.000000
  1367.17646    0.986982   1.000000
  1367.21621    0.974337   1.000000
  1367.25566    0.968968   1.000000
  1367.29526    1.030645   1.000000
  1367.33486    0.988802   1.000000
  1367.37446    1.022137   1.000000
  1367.41406    0.989713   1.000000
  1367.45251    1.025910   1.000000
  1367.49211    0.992451   1.000000
  1367.53171    0.992451   1.000000
  1367.57131    0.991538   1.000000
  1367.60990    0.993366   1.000000
  1367.64950    0.951282   1.000000
  1367.68896    0.960084   1.000000
  1367.72755    0.977933   1.000000
  1367.76816    0.992451   1.000000
  1367.80661    0.948657   1.000000
  1367.84635    1.006258   1.000000
  1367.88480    1.025910   1.000000
  1367.92339    1.001635   1.000000
  1367.96198    0.981543   1.000000
  1368.00144    0.960969   1.000000
  1368.04003    1.009042   1.000000
  1368.07862    1.026855   0.999823
  1368.11722    1.030645   0.999573
  1368.15667    0.940826   0.999275
  1368.19526    0.981543   0.998941
  1368.23486    1.000712   0.998569
  1368.27331    0.997032   0.998188
  1368.31306    0.999791   0.997797
  1368.35150    0.953914   0.997296
  1368.38995    0.979736   0.996795
  1368.42869    0.976134   0.996276
  1368.46814    1.005331   0.995721
  1368.50674    1.009042   0.995248
  1368.54533    1.004406   0.994628
  1368.58378    0.981543   0.994019
  1368.62338    0.997951   0.993346
  1368.66197    0.973440   0.992702
  1368.70157    0.948657   0.992094
  1368.74002    0.937366   0.991414
  1368.77990    1.003481   0.990681
  1368.81821    0.941693   0.989959
  1368.85666    1.015569   0.989265
  1368.89539    0.949531   0.988571
  1368.93485    1.033497   0.987763
  1368.97330    0.991538   0.987055
  1369.01203    0.937366   0.986250
  1369.05048    0.954793   0.985517
  1369.08994    0.989713   0.984655
  1369.12968    1.020256   0.983846
  1369.16813    1.018379   0.983041
  1369.20672    0.958317   0.982244
  1369.24632    1.020256   0.981383
  1369.28578    0.969861   0.980506
  1369.32552    1.012766   0.979719
  1369.36498    0.993366   0.978818
  1369.40371    0.969861   0.977960
  1369.44216    0.916029   0.977083
  1369.48061    0.992451   0.976307
  1369.51920    0.977933   0.975350
  1369.55779    0.962741   0.974532
  1369.59739    1.024966   0.973620
  1369.63584    0.956554   0.972783
  1369.67443    0.939094   0.971839
  1369.71403    0.963628   0.970985
  1369.75248    0.986073   0.970060
  1369.79122    1.012766   0.969190
  1369.82966    0.953036   0.968329
  1369.86912    0.942561   0.967391
  1369.90786    0.946040   0.966512
  1369.94630    0.962741   0.965613
  1369.98490    0.920257   0.964723
  1370.02450    0.961854   0.963864
  1370.06395    0.919410   0.962944
  1370.10254    0.977033   0.962031
  1370.14114    0.995198   0.961151
  1370.17973    0.945169   0.960325
  1370.21918    0.921954   0.959387
  1370.25778    0.965404   0.958470
  1370.29637    0.981543   0.957668
  1370.33482    0.926210   0.956737
  1370.37326    0.889425   0.955913
  1370.41301    0.939094   0.955036
  1370.45246    0.951282   0.954167
  1370.49221    0.946911   0.953279
  1370.53066    0.953914   0.952460
  1370.57040    0.959200   0.951649
  1370.60986    0.986982   0.950723
  1370.64946    0.908467   0.949942
  1370.68906    0.927063   0.949070
  1370.72750    0.960969   0.948288
  1370.76710    0.963628   0.947444
  1370.80670    0.910981   0.946662
  1370.84630    0.917718   0.945823
  1370.88490    0.950406   0.945081
  1370.92450    0.957435   0.944251
  1370.96395    0.901798   0.943482
  1371.00254    0.905127   0.942756
  1371.04214    0.916029   0.941988
  1371.08160    0.957435   0.941289
  1371.12034    0.986073   0.940551
  1371.15979    0.955673   0.939835
  1371.19954    0.955673   0.939054
  1371.23798    0.973440   0.938398
  1371.27744    0.975235   0.937728
  1371.31618    0.978835   0.937037
  1371.35462    0.919410   0.936384
  1371.39422    0.876414   0.935704
  1371.43282    0.938230   0.935064
  1371.47126    0.905961   0.934473
  1371.51086    0.896003   0.933823
  1371.54946    0.970754   0.933243
  1371.58805    0.912661   0.932724
  1371.62750    0.958317   0.932070
  1371.66710    0.938230   0.931500
  1371.70670    0.937366   0.930973
  1371.74630    0.924505   0.930444
  1371.78590    0.932200   0.929898
  1371.82450    0.916029   0.929437
  1371.86395    0.915186   0.928950
  1371.90370    1.010903   0.928415
  1371.94315    0.936503   0.927921
  1371.98160    0.916029   0.927512
  1372.02134    0.946911   0.927086
  1372.06080    0.956554   0.926623
  1372.10054    0.936503   0.926210
  1372.14000    0.888606   0.925803
  1372.17960    0.913502   0.925456
  1372.21819    0.939960   0.925125
  1372.25664    0.889425   0.924739
  1372.29638    0.911820   0.924402
  1372.33584    0.985166   0.924144
  1372.37443    0.886971   0.923789
  1372.41403    0.960084   0.923560
  1372.45248    0.982447   0.923274
  1372.49222    0.942561   0.922995
  1372.53168    0.947784   0.922763
  1372.57128    0.931342   0.922543
  1372.61088    0.969861   0.922338
  1372.65048    0.894354   0.922191
  1372.68907    0.934780   0.922003
  1372.72867    0.937366   0.921896
  1372.76712    0.896003   0.921728
  1372.80672    0.950406   0.921633
  1372.84632    0.926210   0.921534
  1372.88578    0.900968   0.921410
  1372.92552    0.882895   0.921365
  1372.96498    0.953914   0.921301
  1373.00371    0.960084   0.921313
  1373.04317    0.921105   0.921206
  1373.08277    0.913502   0.921232
  1373.12136    0.933919   0.921277
  1373.16082    0.933919   0.921287
  1373.20056    0.928772   0.921337
  1373.24002    0.927917   0.921457
  1373.27962    0.891886   0.921513
  1373.31821    0.905127   0.921599
  1373.35781    0.977033   0.921729
  1373.39726    0.902629   0.921939
  1373.43701    0.925357   0.922069
  1373.47646    0.967184   0.922204
  1373.51506    0.907631   0.922401
  1373.55365    0.905961   0.922609
  1373.59310    0.956554   0.922798
  1373.63285    0.933919   0.923018
  1373.67230    0.975235   0.923252
  1373.71205    0.875607   0.923526
  1373.75150    0.887788   0.923856
  1373.79110    0.890244   0.924162
  1373.83070    0.939960   0.924466
  1373.87030    0.931342   0.924755
  1373.90990    0.931342   0.925100
  1373.94950    0.940826   0.925480
  1373.98896    0.883709   0.925860
  1374.02870    0.912661   0.926265
  1374.06715    0.933919   0.926664
  1374.10661    0.944298   0.927084
  1374.14635    0.983353   0.927502
  1374.18581    0.961854   0.927982
  1374.22555    0.931342   0.928425
  1374.26501    0.954793   0.928906
  1374.30360    0.891886   0.929395
  1374.34219    0.928772   0.929961
  1374.38165    0.964516   0.930432
  1374.42038    0.936503   0.930957
  1374.45984    0.914343   0.931500
  1374.49829    0.955673   0.932067
  1374.53803    0.924505   0.932599
  1374.57648    0.906795   0.933183
  1374.61622    0.882895   0.933883
  1374.65467    0.905127   0.934385
  1374.69413    0.901798   0.935022
  1374.73286    0.953914   0.935704
  1374.77131    0.912661   0.936293
  1374.81077    1.004406   0.936964
  1374.85051    0.911820   0.937663
  1374.88896    0.960084   0.938311
  1374.92755    0.926210   0.939003
  1374.96614    0.923654   0.939703
  1375.00474    0.935641   0.940361
  1375.04419    0.902629   0.941109
  1375.08379    0.907631   0.941865
  1375.12238    1.011834   0.942591
  1375.16198    0.895178   0.943353
  1375.20360    0.928772   0.944131
  1375.24320    0.944298   0.944930
  1375.28165    0.949531   0.945620
  1375.32139    0.903461   0.946473
  1375.36085    0.912661   0.947257
  1375.40045    0.939960   0.948063
  1375.44005    0.938230   0.948854
  1375.47965    0.946911   0.949735
  1375.51910    0.971649   0.950508
  1375.55885    0.918564   0.951392
  1375.59830    0.968076   0.952168
  1375.63704    0.942561   0.953034
  1375.67549    0.930485   0.953842
  1375.71394    1.019317   0.954740
  1375.75368    0.969861   0.955557
  1375.79314    1.005331   0.956422
  1375.83288    1.025910   0.957278
  1375.87133    0.941693   0.958127
  1375.91078    0.983353   0.958996
  1375.95053    0.956554   0.959926
  1375.98998    1.012766   0.960814
  1376.02973    0.997032   0.961748
  1376.06918    0.957435   0.962563
  1376.10778    0.932200   0.963389
  1376.14738    1.004406   0.964331
  1376.18582    0.968076   0.965202
  1376.22456    0.971649   0.966042
  1376.26402    0.987892   0.966939
  1376.30246    0.958317   0.967795
  1376.34120    0.953036   0.968668
  1376.37965    0.933919   0.969562
  1376.41910    0.963628   0.970432
  1376.45885    0.997951   0.971268
  1376.49730    0.927063   0.972225
  1376.53589    0.946911   0.973007
  1376.57448    0.953914   0.973886
  1376.61307    0.984259   0.974733
  1376.65152    0.967184   0.975560
  1376.69112    1.011834   0.976465
  1376.72971    1.000712   0.977302
  1376.76816    0.909304   0.978153
  1376.80661    0.983353   0.978911
  1376.84635    0.953914   0.979855
  1376.88480    0.955673   0.980567
  1376.92454    0.938230   0.981440
  1376.96299    1.021196   0.982245
  1377.00245    0.958317   0.983031
  1377.04219    1.018379   0.983837
  1377.08165    1.001635   0.984633
  1377.12038    0.964516   0.985451
  1377.15883    1.012766   0.986105
  1377.19829    0.955673   0.986915
  1377.23702    0.968076   0.987637
  1377.27547    0.982447   0.988407
  1377.31406    0.971649   0.989041
  1377.35366    0.967184   0.989755
  1377.39211    1.017441   0.990450
  1377.43070    1.026855   0.991172
  1377.46915    0.987892   0.991772
  1377.50890    0.923654   0.992422
  1377.54835    0.921954   0.993046
  1377.58694    0.938230   0.993696
  1377.62554    1.007185   0.994242
  1377.66499    0.939960   0.994804
  1377.70373    1.004406   0.995365
  1377.74218    0.976134   0.995883
  1377.78062    0.954793   0.996400
  1377.82037    1.000712   0.996896
  1377.85882    0.977933   0.997323
  1377.89726    0.997951   0.997754
  1377.93586    0.983353   0.998162
  1377.97546    1.002557   0.998556
  1378.01405    0.990625   0.998938
  1378.05250    0.982447   0.999201
  1378.09210    1.023079   0.999461
  1378.13170    0.966294   0.999699
  1378.17029    0.987892   0.999884
  1378.20989    1.051742   1.000000
  1378.24949    0.943429   1.000000
  1378.28794    0.953036   1.000000
  1378.32653    0.977933   1.000000
  1378.36613    0.992451   1.000000
  1378.40472    0.957435   1.000000
  1378.44317    0.941693   1.000000
  1378.48162    1.037312   1.000000
  1378.52035    0.981543   1.000000
  1378.55981    0.975235   1.000000
  1378.59840    0.965404   1.000000
  1378.63699    0.992451   1.000000
  1378.67544    0.977033   1.000000
  1378.71504    0.946911   1.000000
  1378.75363    1.012766   1.000000
  1378.79222    1.084200   1.000000
  1378.83067    1.010903   1.000000
  1378.87027    1.020256   1.000000
  1378.90886    1.016504   1.000000
  1378.94731    1.013700   1.000000
  1378.98590    1.006258   1.000000
  1379.02550    0.893530   1.000000
  1379.06496    1.075250   1.000000
  1379.10370    1.018379   1.000000
  1379.14315    1.039224   1.000000
  1379.18290    0.960969   1.000000
  1379.22134    1.024022   1.000000
  1379.26080    0.953914   1.000000
  1379.30054    0.988802   1.000000
  1379.34000    0.946911   1.000000
  1379.37874    0.946911   1.000000
  1379.41819    1.022137   1.000000
  1379.45779    0.950406   1.000000
  1379.49638    0.979736   1.000000
  1379.53483    1.049807   1.000000
  1379.57328    1.034449   1.000000
  1379.61302    0.898482   1.000000
  1379.65248    1.030645   1.000000
  1379.69222    0.939960   1.000000
  1379.73168    0.968968   1.000000
  1379.77027    1.020256   1.000000
  1379.80886    1.020256   1.000000
  1379.84731    1.014634   1.000000
  1379.88706    1.015569   1.000000
  1379.92651    0.863593   1.000000
  1379.96496    1.009042   1.000000
  1380.00370    1.015569   1.000000
  1380.04214    1.041140   1.000000
