     0.95328    1.032698   1.000000
     0.98482    1.006406   1.000000
     1.01578    1.037464   1.000000
     1.04702    0.995344   1.000000
     1.07827    0.962882   1.000000
     1.10952    1.008261   1.000000
     1.14077    0.991684   1.000000
     1.17202    1.043213   1.000000
     1.20326    1.016654   1.000000
     1.23451    1.028900   1.000000
     1.26590    1.011983   1.000000
     1.29701    0.987127   1.000000
     1.32840    0.950546   1.000000
     1.35950    1.039377   1.000000
     1.39090    1.012915   1.000000
     1.42200    1.056752   1.000000
     1.45210    0.993512   1.000000
     1.48349    0.993512   1.000000
     1.51474    0.981687   1.000000
     1.54598    0.952299   1.000000
     1.57723    0.974481   1.000000
     1.60848    0.943568   1.000000
     1.63973    1.025116   1.000000
     1.67098    1.029848   1.000000
     1.70122    1.014783   1.000000
     1.73246    0.943568   1.000000
     1.76371    0.987127   1.000000
     1.79381    1.004554   1.000000
     1.82419    0.950546   1.000000
     1.85530    0.977177   1.000000
     1.88669    1.053836   1.000000
     1.91779    0.973583   1.000000
     1.94918    0.989859   1.000000
     1.98029    0.960225   1.000000
     2.01168    0.981687   1.000000
     2.04278    0.998098   1.000000
     2.07418    0.991684   1.000000
     2.10528    0.989859   1.000000
     2.13667    1.071453   1.000000
     2.16778    1.048029   1.000000
     2.19917    0.927199   1.000000
     2.23027    1.000860   1.000000
     2.26166    1.000860   1.000000
     2.29277    0.946179   1.000000
     2.32416    0.913636   1.000000
     2.35526    0.991684   1.000000
     2.38666    1.056752   1.000000
     2.41790    0.976277   1.000000
     2.44915    1.027006   1.000000
     2.48040    1.039377   1.000000
     2.51165    1.074418   1.000000
     2.54290    1.000860   1.000000
     2.57414    0.988037   1.000000
     2.60539    1.042253   1.000000
     2.63664    0.990771   1.000000
     2.66789    1.010120   1.000000
     2.69914    1.024173   1.000000
     2.73038    1.025116   1.000000
     2.76163    1.098432   1.000000
     2.79288    1.026061   1.000000
     2.82413    0.953176   1.000000
     2.85538    0.978978   1.000000
     2.88547    0.969110   1.000000
     2.91686    1.022288   1.000000
     2.94797    0.947051   1.000000
     2.97936    1.050928   1.000000
     3.01046    1.064567   1.000000
     3.04186    0.959341   1.000000
     3.07296    1.023230   1.000000
     3.10435    0.988037   1.000000
     3.13546    0.997179   1.000000
     3.16685    1.061630   1.000000
     3.19795    0.953176   1.000000
     3.22934    1.062608   1.000000
     3.26045    1.052866   1.000000
     3.29184    1.038420   1.000000
     3.32294    0.967327   1.000000
     3.35434    1.010120   1.000000
     3.38544    1.047064   1.000000
     3.41683    0.986219   1.000000
     3.44794    0.958458   1.000000
     3.47933    0.990771   1.000000
     3.51043    1.025116   1.000000
     3.54182    1.023230   1.000000
     3.57307    1.124018   1.000000
     3.60432    1.009191   1.000000
     3.63557    0.978978   1.000000
     3.66682    1.059676   1.000000
     3.69806    1.009191   1.000000
     3.72931    0.985311   1.000000
     3.76056    1.058701   1.000000
     3.79181    1.025116   1.000000
     3.82306    0.988037   1.000000
     3.85430    0.950546   1.000000
     3.88555    0.976277   1.000000
     3.91579    1.011051   1.000000
     3.94704    1.013849   1.000000
     3.97829    1.003629   1.000000
     4.00954    1.027006   1.000000
     4.04078    0.996261   1.000000
     4.07102    0.968218   1.000000
     4.10213    0.968218   1.000000
     4.13352    1.036509   1.000000
     4.16462    1.002705   1.000000
     4.19602    0.979881   1.000000
     4.22712    1.015718   1.000000
     4.25851    1.074418   1.000000
     4.28962    0.961110   1.000000
     4.32101    1.011983   1.000000
     4.35211    0.965546   1.000000
     4.38350    0.968218   1.000000
     4.41461    1.027953   1.000000
     4.44600    0.999018   1.000000
     4.47710    0.933197   1.000000
     4.50749    1.013849   1.000000
     4.53874    1.006406   1.000000
     4.56998    1.001782   1.000000
     4.60123    0.992597   1.000000
     4.63248    1.007333   1.000000
     4.66373    1.030797   1.000000
     4.69498    0.975378   1.000000
     4.72622    0.968218   1.000000
     4.75747    1.027006   1.000000
     4.78771    0.978978   1.000000
     4.81882    0.980784   1.000000
     4.85021    1.023230   1.000000
     4.88131    1.026061   1.000000
     4.91270    1.000860   1.000000
     4.94381    0.971792   1.000000
     4.97520    0.967327   1.000000
     5.00630    1.048029   1.000000
     5.03669    0.974481   0.999999
     5.06779    0.934057   0.999998
     5.09918    0.970897   0.999996
     5.12827    0.985311   0.999993
     5.15952    1.000860   0.999988
     5.19077    1.023230   0.999981
     5.22202    1.063587   0.999972
     5.25427    0.944437   0.999960
     5.28552    1.016654   0.999945
     5.31677    0.935779   0.999927
     5.34802    0.930622   0.999905
     5.37926    0.922939   0.999880
     5.41051    0.978077   0.999849
     5.44190    1.049961   0.999814
     5.47301    1.017591   0.999774
     5.50440    0.975378   0.999729
     5.53450    0.990771   0.999679
     5.56589    1.018528   0.999622
     5.59699    0.989859   0.999559
     5.62723    0.966436   0.999491
     5.65848    0.946179   0.999413
     5.68973    1.047064   0.999329
     5.72098    1.001782   0.999236
     5.75222    1.048994   0.999136
     5.78347    1.027006   0.999027
     5.81472    0.986219   0.998909
     5.84597    1.030797   0.998783
     5.87722    0.988947   0.998647
     5.90846    1.013849   0.998502
     5.93971    0.936641   0.998346
     5.97096    1.057726   0.998181
     6.00221    0.982592   0.998005
     6.03346    1.034602   0.997819
     6.06470    1.022288   0.997622
     6.09595    0.990771   0.997413
     6.12619    0.972687   0.997200
     6.15744    0.978978   0.996969
     6.18869    1.002705   0.996726
     6.21994    1.107575   0.996471
     6.25118    0.934917   0.996204
     6.28243    0.954934   0.995924
     6.31368    1.005479   0.995631
     6.34507    0.995344   0.995324
     6.37517    1.005479   0.995018
     6.40627    0.984404   0.994688
     6.43766    0.931479   0.994342
     6.46877    0.986219   0.993985
     6.50016    1.026061   0.993612
     6.53040    0.963769   0.993239
     6.56165    1.086358   0.992840
     6.59290    0.914478   0.992427
     6.62414    1.080372   0.992001
     6.65539    1.026061   0.991560
     6.68664    0.947051   0.991104
     6.71789    0.975378   0.990635
     6.74914    1.000860   0.990151
     6.77938    0.954934   0.989670
     6.81048    0.906929   0.989160
     6.84187    0.989859   0.988632
     6.87298    1.017591   0.988094
     6.90437    0.965546   0.987536
     6.93547    1.006406   0.986970
     6.96686    0.948797   0.986384
     6.99797    0.991684   0.985789
     7.02936    0.992597   0.985175
     7.06046    1.078383   0.984552
     7.09186    1.032698   0.983910
     7.12296    0.936641   0.983259
     7.15435    0.952299   0.982589
     7.18546    0.984404   0.981912
     7.21685    1.005479   0.981216
     7.24694    0.989859   0.980535
     7.27618    0.882212   0.979863
     7.30757    1.047064   0.979129
     7.33867    0.934917   0.978389
     7.37006    0.975378   0.977631
     7.40117    0.980784   0.976868
     7.43256    0.939233   0.976086
     7.46366    0.982592   0.975301
     7.49506    0.979881   0.974499
     7.52616    1.007333   0.973693
     7.55640    0.949671   0.972901
     7.58765    0.947051   0.972072
     7.61890    0.896134   0.971235
     7.65014    1.019467   0.970388
     7.68139    0.961996   0.969532
     7.71264    0.914478   0.968667
     7.74389    0.938368   0.967794
     7.77514    0.922939   0.966912
     7.80638    0.991684   0.966022
     7.83763    0.960225   0.965124
     7.86888    0.993512   0.964219
     7.90013    1.017591   0.963305
     7.93138    1.028900   0.962384
     7.96262    1.071453   0.961456
     7.99387    0.923790   0.960521
     8.02512    0.986219   0.959579
     8.05536    0.845616   0.958661
     8.08661    0.976277   0.957705
     8.11786    0.978978   0.956744
     8.14910    1.048029   0.955776
     8.18035    0.904426   0.954801
     8.21160    1.017591   0.953821
     8.24184    0.995344   0.952867
     8.27294    1.058701   0.951880
     8.30434    0.906094   0.950878
     8.33544    0.940964   0.949880
     8.36683    0.870910   0.948868
     8.39794    0.923790   0.947860
     8.42933    0.906094   0.946837
     8.46043    0.926346   0.945819
     8.49082    0.900271   0.944820
     8.52206    0.887919   0.943789
     8.55331    0.907764   0.942753
     8.58456    0.907764   0.941713
     8.61581    0.961110   0.940668
     8.64706    0.948797   0.939620
     8.67830    0.916164   0.938568
     8.70955    0.913636   0.937512
     8.74080    0.985311   0.936453
     8.77205    1.000860   0.935390
     8.80330    0.860544   0.934324
     8.83454    0.970897   0.933255
     8.86579    0.874124   0.932183
     8.89704    0.867707   0.931108
     8.92829    0.931479   0.930030
     8.95954    0.999018   0.928950
     8.99078    0.973583   0.927868
     9.02203    0.919545   0.926783
     9.05328    0.939233   0.925696
     9.08453    0.950546   0.924606
     9.11578    0.917008   0.923515
     9.14602    0.915320   0.922458
     9.17712    0.880589   0.921368
     9.20851    0.933197   0.920267
     9.23962    0.900271   0.919175
     9.27101    0.886284   0.918071
     9.30211    0.954054   0.916976
     9.33350    0.848737   0.915871
     9.36360    0.931479   0.914810
     9.39499    0.894485   0.913702
     9.42610    0.899442   0.912605
     9.45749    0.962882   0.911496
     9.48874    0.894485   0.910392
     9.51998    0.920393   0.909288
     9.55123    0.878968   0.908184
     9.58248    0.866908   0.907080
     9.61373    0.842506   0.905977
     9.64498    0.904426   0.904873
     9.67522    0.943568   0.903805
     9.70632    0.905260   0.902708
     9.73771    0.901931   0.901601
     9.76882    0.838635   0.900505
     9.80021    0.863720   0.899400
     9.83131    0.912795   0.898306
     9.86270    0.874124   0.897203
     9.89381    0.857380   0.896111
     9.92419    0.946179   0.895046
     9.95429    0.914478   0.893993
     9.98554    0.917853   0.892901
    10.01678    0.869307   0.891811
    10.04803    0.982592   0.890723
    10.07928    0.901100   0.889637
    10.11053    0.837863   0.888553
    10.14178    0.856590   0.887471
    10.17302    0.824847   0.886392
    10.20427    0.925493   0.885316
    10.23552    0.881400   0.884242
    10.26590    0.874930   0.883201
    10.29701    0.937504   0.882137
    10.32840    0.839408   0.881067
    10.35950    0.875736   0.880010
    10.39090    0.858960   0.878947
    10.42200    0.935779   0.877897
    10.45339    0.844060   0.876841
    10.48450    0.878968   0.875798
    10.51589    0.846395   0.874749
    10.54699    0.855014   0.873714
    10.57838    0.838635   0.872674
    10.60949    0.863720   0.871647
    10.64088    0.825607   0.870615
    10.67198    0.898614   0.869597
    10.70338    0.830182   0.868574
    10.73448    0.836321   0.867565
    10.76587    0.870910   0.866552
    10.79698    0.823329   0.865553
    10.82837    0.806071   0.864550
    10.85947    0.906929   0.863561
    10.88971    0.828654   0.862605
    10.92096    0.849519   0.861622
    10.95221    0.922939   0.860645
    10.98346    0.827129   0.859673
    11.01370    0.851870   0.858739
    11.04494    0.836321   0.857779
    11.07518    0.901100   0.856856
    11.10629    0.845616   0.855913
    11.13768    0.924641   0.854967
    11.16878    0.877351   0.854036
    11.20018    0.849519   0.853103
    11.23128    0.818037   0.852185
    11.26267    0.862131   0.851266
    11.29378    0.847956   0.850362
    11.32517    0.825607   0.849457
    11.35627    0.829417   0.848567
    11.38766    0.849519   0.847676
    11.41877    0.862925   0.846801
    11.45016    0.877351   0.845925
    11.48126    0.841731   0.845065
    11.51165    0.772633   0.844232
    11.54290    0.818791   0.843383
    11.57414    0.872516   0.842542
    11.60539    0.889556   0.841709
    11.63664    0.911115   0.840884
    11.66789    0.911115   0.840068
    11.69914    0.801629   0.839259
    11.73038    0.878159   0.838460
    11.76163    0.841731   0.837669
    11.79288    0.809791   0.836887
    11.82413    0.874124   0.836114
    11.85538    0.903594   0.835349
    11.88662    0.869307   0.834594
    11.91787    0.834782   0.833848
    11.94912    0.828654   0.833111
    11.98037    0.930622   0.832383
    12.01162    0.838635   0.831665
    12.04286    0.780500   0.830957
    12.07296    0.924641   0.830284
    12.10435    0.873319   0.829592
    12.13445    0.806813   0.828937
    12.16584    0.820301   0.828264
    12.19694    0.851085   0.827608
    12.22834    0.780500   0.826955
    12.25944    0.875736   0.826319
    12.29083    0.806813   0.825687
    12.32194    0.844837   0.825072
    12.35333    0.807557   0.824461
    12.38443    0.830182   0.823866
    12.41582    0.845616   0.823277
    12.44707    0.788448   0.822702
    12.47832    0.809791   0.822137
    12.50957    0.834782   0.821583
    12.54082    0.836321   0.821040
    12.57206    0.810538   0.820509
    12.60331    0.847956   0.819988
    12.63456    0.813529   0.819479
    12.66581    0.858960   0.818982
    12.69706    0.818791   0.818496
    12.72830    0.837863   0.818021
    12.75955    0.812780   0.817558
    12.79080    0.766961   0.817107
    12.82205    0.764845   0.816667
    12.85330    0.814279   0.816239
    12.88454    0.829417   0.815823
    12.91579    0.778347   0.815419
    12.94704    0.774771   0.815027
    12.97829    0.802367   0.814647
    13.00954    0.725727   0.814280
    13.04078    0.826367   0.813924
    13.07203    0.814279   0.813581
    13.10328    0.789902   0.813250
    13.13453    0.887919   0.812931
    13.16578    0.810538   0.812624
    13.19602    0.847175   0.812340
    13.22712    0.782660   0.812059
    13.25851    0.894485   0.811789
    13.28861    0.818037   0.811541
    13.32000    0.830182   0.811295
    13.35110    0.778347   0.811064
    13.38250    0.880589   0.810844
    13.41360    0.781220   0.810638
    13.44499    0.796477   0.810443
    13.47610    0.811284   0.810263
    13.50749    0.786997   0.810094
    13.53874    0.757135   0.809938
    13.56998    0.837092   0.809795
    13.60123    0.812032   0.809666
    13.63248    0.801629   0.809548
    13.66373    0.815029   0.809444
    13.69498    0.755741   0.809353
    13.72622    0.833246   0.809275
    13.75747    0.752269   0.809209
    13.78872    0.752962   0.809156
    13.81997    0.694342   0.809117
    13.85122    0.797211   0.809090
    13.88246    0.863720   0.809076
    13.91371    0.873319   0.809075
    13.94381    0.781940   0.809086
    13.97520    0.817284   0.809111
    14.00630    0.867707   0.809148
    14.03770    0.866908   0.809198
    14.06880    0.784103   0.809261
    14.10019    0.809046   0.809337
    14.13130    0.836321   0.809426
    14.16269    0.803107   0.809528
    14.19278    0.812032   0.809637
    14.22418    0.820301   0.809764
    14.25528    0.773345   0.809903
    14.28667    0.821813   0.810056
    14.31778    0.798681   0.810220
    14.34917    0.809046   0.810398
    14.38027    0.815780   0.810587
    14.41166    0.776199   0.810790
    14.44277    0.781940   0.811004
    14.47416    0.888737   0.811233
    14.50526    0.803847   0.811471
    14.53666    0.869307   0.811725
    14.56790    0.840182   0.811989
    14.59915    0.821057   0.812266
    14.63040    0.802367   0.812555
    14.66165    0.786997   0.812856
    14.69290    0.786997   0.813169
    14.72414    0.820301   0.813495
    14.75539    0.822571   0.813832
    14.78664    0.779064   0.814181
    14.81789    0.840182   0.814543
    14.84914    0.883025   0.814916
    14.88038    0.869307   0.815300
    14.91163    0.824847   0.815697
    14.94288    0.912795   0.816105
    14.97413    0.714452   0.816524
    15.00538    0.825607   0.816955
    15.03662    0.800153   0.817397
    15.06787    0.808301   0.817851
    15.09912    0.901931   0.818316
    15.13037    0.835551   0.818792
    15.16162    0.750885   0.819279
    15.19286    0.777630   0.819777
    15.22411    0.793548   0.820285
    15.25536    0.848737   0.820805
    15.28661    0.902762   0.821335
    15.31685    0.834782   0.821859
    15.34795    0.801629   0.822407
    15.37934    0.813529   0.822971
    15.41045    0.795011   0.823541
    15.44083    0.864516   0.824107
    15.47194    0.885469   0.824696
    15.50434    0.817284   0.825320
    15.53544    0.827129   0.825930
    15.56683    0.873319   0.826555
    15.59794    0.851870   0.827184
    15.62933    0.811284   0.827829
    15.66043    0.825607   0.828477
    15.69182    0.748813   0.829140
    15.72307    0.830947   0.829810
    15.75432    0.771211   0.830490
    15.78456    0.913636   0.831156
    15.81581    0.857380   0.831853
    15.84806    0.835551   0.832582
    15.87931    0.806071   0.833298
    15.91171    0.862131   0.834048
    15.94282    0.762032   0.834778
    15.97421    0.908601   0.835523
    16.00531    0.812780   0.836269
    16.03555    0.806813   0.837002
    16.06781    0.883025   0.837793
    16.09920    0.841731   0.838571
    16.13131    0.827891   0.839375
    16.16270    0.799417   0.840169
    16.19381    0.797211   0.840964
    16.22621    0.847956   0.841799
    16.25746    0.874124   0.842612
    16.28870    0.856590   0.843433
    16.32096    0.804587   0.844288
    16.35221    0.847175   0.845123
    16.38446    0.831712   0.845993
    16.41686    0.853440   0.846874
    16.44797    0.894485   0.847726
    16.47936    0.855014   0.848594
    16.51046    0.844837   0.849459
    16.54286    0.825607   0.850368
    16.57512    0.870910   0.851279
    16.60752    0.849519   0.852201
    16.63862    0.785549   0.853092
    16.67102    0.822571   0.854027
    16.70328    0.839408   0.854963
    16.73453    0.874124   0.855876
    16.76578    0.879778   0.856795
    16.79702    0.821057   0.857719
    16.82928    0.797211   0.858679
    16.86168    0.837863   0.859648
    16.89278    0.837092   0.860584
    16.92418    0.883025   0.861534
    16.95528    0.877351   0.862479
    16.98667    0.879778   0.863439
    17.01878    0.845616   0.864425
    17.05118    0.838635   0.865424
    17.08243    0.838635   0.866393
    17.11267    0.927199   0.867334
    17.14507    0.897787   0.868347
    17.17618    0.910276   0.869324
    17.20843    0.821813   0.870340
    17.23968    0.831712   0.871329
    17.27194    0.892017   0.872354
    17.30434    0.880589   0.873387
    17.33674    0.848737   0.874423
    17.36885    0.835551   0.875454
    17.40110    0.851085   0.876493
    17.43250    0.816532   0.877508
    17.46461    0.897787   0.878548
    17.49499    0.906929   0.879535
    17.52610    0.960225   0.880549
    17.55850    0.864516   0.881607
    17.58773    0.877351   0.882564
    17.61883    0.842506   0.883585
    17.65123    0.857380   0.884650
    17.68349    0.870910   0.885714
    17.71474    0.977177   0.886746
    17.74598    0.886284   0.887779
    17.77723    0.915320   0.888815
    17.80949    0.901100   0.889886
    17.84189    0.954054   0.890963
    17.87299    0.950546   0.891998
    17.90438    0.955813   0.893045
    17.93664    0.911954   0.894121
    17.96789    0.908601   0.895165
    18.00014    0.947051   0.896244
    18.03139    0.881400   0.897290
    18.06365    0.868507   0.898370
    18.09504    0.919545   0.899422
    18.12614    0.832479   0.900465
    18.15754    0.894485   0.901518
    18.18864    0.869307   0.902562
    18.22104    0.886284   0.903649
    18.25214    0.921241   0.904693
    18.28354    0.862131   0.905746
    18.31579    0.887101   0.906828
    18.34704    0.898614   0.907876
    18.37829    0.813529   0.908924
    18.41054    0.937504   0.910005
    18.44179    0.934917   0.911052
    18.47304    0.866110   0.912097
    18.50429    0.948797   0.913142
    18.53669    0.892839   0.914225
    18.56779    0.904426   0.915263
    18.59918    0.918699   0.916309
    18.63130    0.906094   0.917379
    18.66269    0.806813   0.918423
    18.69379    0.901100   0.919455
    18.72619    0.920393   0.920529
    18.75744    0.923790   0.921563
    18.78869    0.961996   0.922596
    18.82094    0.951422   0.923659
    18.85334    0.928909   0.924725
    18.88445    0.940098   0.925746
    18.91584    0.944437   0.926774
    18.94694    0.932338   0.927791
    18.97834    0.895309   0.928814
    19.00944    0.922090   0.929826
    19.04083    0.912795   0.930844
    19.07107    0.988037   0.931822
    19.10218    0.945308   0.932824
    19.13357    0.918699   0.933834
    19.16366    0.951422   0.934798
    19.19390    0.895309   0.935764
    19.22515    0.993512   0.936759
    19.25640    1.015718   0.937751
    19.28664    1.079377   0.938707
    19.31688    0.922939   0.939659
    19.34798    0.897787   0.940635
    19.38038    0.906929   0.941648
    19.41163    0.940964   0.942620
    19.44389    0.944437   0.943619
    19.47413    0.878159   0.944552
    19.50538    1.009191   0.945512
    19.53763    1.011051   0.946498
    19.56888    1.015718   0.947448
    19.60013    0.987127   0.948394
    19.63138    0.916164   0.949335
    19.66262    1.013849   0.950271
    19.69387    0.958458   0.951201
    19.72613    0.944437   0.952157
    19.75752    0.883839   0.953081
    19.78862    0.926346   0.953992
    19.82102    1.001782   0.954935
    19.85112    0.992597   0.955805
    19.88251    0.981687   0.956707
    19.91362    0.907764   0.957595
    19.94501    0.926346   0.958485
    19.97712    0.998098   0.959389
    20.00851    0.915320   0.960266
    20.03962    0.988037   0.961129
    20.07000    0.893662   0.961966
    20.10110    0.908601   0.962817
    20.13350    0.901100   0.963695
    20.16461    0.973583   0.964532
    20.19701    0.961110   0.965396
    20.22926    0.980784   0.966248
    20.26051    0.962882   0.967067
    20.29190    0.936641   0.967882
    20.32301    0.923790   0.968682
    20.35440    0.992597   0.969482
    20.38550    0.915320   0.970266
    20.41690    0.946179   0.971050
    20.44915    0.969110   0.971847
    20.48126    0.995344   0.972632
    20.51266    0.986219   0.973390
    20.54506    0.947051   0.974164
    20.57616    0.945308   0.974899
    20.60755    1.006406   0.975630
    20.63866    0.999018   0.976347
    20.67106    1.000860   0.977083
    20.70216    0.947923   0.977780
    20.73355    0.969110   0.978475
    20.76466    0.945308   0.979152
    20.79706    1.011983   0.979848
    20.82830    0.907764   0.980508
    20.85955    0.930622   0.981157
    20.89080    0.931479   0.981796
    20.92104    1.015718   0.982403
    20.95214    0.880589   0.983016
    20.98354    1.030797   0.983624
    21.01363    0.964658   0.984195
    21.04502    1.004554   0.984780
    21.07512    0.997179   0.985329
    21.10637    0.972687   0.985888
    21.13762    0.961110   0.986435
    21.17002    0.957576   0.986989
    21.20112    0.966436   0.987508
    21.23251    0.916164   0.988021
    21.26362    0.989859   0.988516
    21.29602    0.991684   0.989020
    21.32712    0.999938   0.989491
    21.35851    0.990771   0.989954
    21.38962    1.010120   0.990401
    21.42202    0.960225   0.990854
    21.45326    1.062608   0.991278
    21.48350    1.039377   0.991677
    21.51461    1.000860   0.992076
    21.54701    0.967327   0.992478
    21.57840    0.958458   0.992857
    21.60950    1.006406   0.993220
    21.64090    1.024173   0.993574
    21.67200    0.996261   0.993914
    21.70339    0.983497   0.994245
    21.73450    1.015718   0.994562
    21.76589    0.954934   0.994871
    21.79800    1.058701   0.995175
    21.82939    0.978978   0.995461
    21.86050    0.979881   0.995733
    21.89189    0.954054   0.995998
    21.92299    0.965546   0.996249
    21.95438    1.033649   0.996492
    21.98549    0.963769   0.996723
    22.01688    0.966436   0.996945
    22.04914    0.970003   0.997164
    22.08038    0.997179   0.997365
    22.11163    1.040335   0.997558
    22.14288    0.934917   0.997740
    22.17298    0.985311   0.997908
    22.20437    0.935779   0.998073
    22.23547    1.034602   0.998229
    22.26686    1.038420   0.998377
    22.29912    0.984404   0.998520
    22.33037    1.042253   0.998651
    22.36162    1.019467   0.998774
    22.39286    0.962882   0.998889
    22.42512    1.030797   0.999001
    22.45637    1.020406   0.999101
    22.48762    1.008261   0.999194
    22.51886    0.933197   0.999281
    22.55112    0.997179   0.999364
    22.58251    1.046100   0.999438
    22.61362    0.956694   0.999505
    22.64501    1.036509   0.999568
    22.67712    1.026061   0.999626
    22.70851    1.098432   0.999677
    22.73962    1.001782   0.999723
    22.77000    0.970897   0.999764
    22.80110    1.005479   0.999801
    22.83250    0.971792   0.999834
    22.86360    1.023230   0.999863
    22.89499    1.024173   0.999888
    22.92610    1.039377   0.999910
    22.95749    1.083361   0.999929
    22.98874    1.026061   0.999945
    23.01998    1.007333   0.999958
    23.05210    0.985311   0.999969
    23.08349    0.990771   0.999978
    23.11474    1.020406   0.999985
    23.14598    1.040335   0.999990
    23.17838    1.036509   0.999994
    23.20949    0.944437   0.999997
    23.24606    0.918699   0.999999
    23.27717    0.990771   0.999999
    23.30957    0.943568   1.000000
    23.34082    1.045137   1.000000
    23.37206    1.036509   1.000000
    23.40432    0.928054   1.000000
    23.43557    0.993512   1.000000
    23.46682    1.009191   1.000000
    23.49806    0.981687   1.000000
    23.53032    0.947923   1.000000
    23.56171    0.952299   1.000000
    23.59282    1.010120   1.000000
    23.62522    1.029848   1.000000
    23.65531    1.003629   1.000000
    23.68670    0.987127   1.000000
    23.71781    1.077391   1.000000
    23.75021    0.979881   1.000000
    23.78030    1.022288   1.000000
    23.81170    1.039377   1.000000
    23.84280    0.967327   1.000000
    23.87520    0.968218   1.000000
    23.90630    0.989859   1.000000
    23.93770    1.000860   1.000000
    23.96880    0.996261   1.000000
    24.00120    1.017591   1.000000
    24.03130    0.987127   1.000000
    24.06269    1.002705   1.000000
    24.09379    0.999938   1.000000
    24.12619    0.921241   1.000000
    24.15744    1.026061   1.000000
    24.18869    0.988037   1.000000
    24.21994    1.052866   1.000000
    24.25219    0.961996   1.000000
    24.28344    1.017591   1.000000
    24.31469    0.979881   1.000000
    24.34594    1.003629   1.000000
    24.37834    0.997179   1.000000
    24.40944    0.976277   1.000000
    24.44083    1.020406   1.000000
    24.47194    0.963769   1.000000
    24.50333    1.054807   1.000000
    24.53357    0.961110   1.000000
    24.56366    1.000860   1.000000
    24.59506    1.009191   1.000000
    24.62717    0.970897   1.000000
    24.65856    0.901100   1.000000
    24.68966    1.012915   1.000000
    24.72106    0.991684   1.000000
    24.75331    1.043213   1.000000
    24.78456    1.021347   1.000000
    24.81581    0.937504   1.000000
    24.84706    0.922939   1.000000
    24.87931    1.063587   1.000000
    24.91056    1.005479   1.000000
    24.94181    0.982592   1.000000
    24.97306    1.030797   1.000000
    25.00531    1.013849   1.000000
    25.03670    1.062608   1.000000
    25.06781    1.046100   1.000000
    25.09920    0.970003   1.000000
    25.13131    0.957576   1.000000
    25.16270    0.951422   1.000000
    25.19381    1.050928   1.000000
    25.22621    0.970003   1.000000
    25.25846    1.004554   1.000000
    25.28971    1.021347   1.000000
    25.32096    0.962882   1.000000
    25.35336    0.928054   1.000000
    25.38446    0.949671   1.000000
    25.41470    1.050928   1.000000
    25.44595    1.101471   1.000000
    25.47835    0.997179   1.000000
    25.50946    0.978077   1.000000
    25.54085    1.015718   1.000000
    25.57195    0.972687   1.000000
    25.60435    0.980784   1.000000
    25.63546    0.995344   1.000000
    25.66685    1.041293   1.000000
    25.69795    0.991684   1.000000
    25.73035    0.967327   1.000000
    25.76160    1.008261   1.000000
    25.79285    0.989859   1.000000
    25.82510    1.024173   1.000000
    25.85635    1.058701   1.000000
    25.88760    1.058701   1.000000
    25.91885    1.018528   1.000000
    25.95010    1.035555   1.000000
    25.98250    0.917008   1.000000
    26.01360    0.999938   1.000000
    26.04499    0.934917   1.000000
    26.07710    1.015718   1.000000
    26.10850    0.992597   1.000000
    26.13960    1.005479   1.000000
    26.17099    0.985311   1.000000
    26.20339    1.023230   1.000000
    26.23450    1.074418   1.000000
    26.26690    1.019467   1.000000
    26.29915    0.990771   1.000000
    26.33040    1.024173   1.000000
    26.36165    1.011051   1.000000
    26.39189    0.970897   1.000000
    26.42299    1.013849   1.000000
    26.45438    1.022288   1.000000
    26.48549    0.976277   1.000000
    26.51688    1.037464   1.000000
    26.54914    0.993512   1.000000
    26.58038    1.018528   1.000000
    26.61048    1.009191   1.000000
    26.64187    1.005479   1.000000
    26.67298    1.069481   1.000000
    26.70437    0.953176   1.000000
    26.73547    0.938368   1.000000
    26.76686    0.978077   1.000000
    26.79912    0.997179   1.000000
    26.83037    1.021347   1.000000
    26.86046    1.031747   1.000000
    26.89186    0.972687   1.000000
    26.92296    1.017591   1.000000
    26.95435    0.987127   1.000000
    26.98546    0.994428   1.000000
    27.01685    1.064567   1.000000
    27.04910    1.035555   1.000000
    27.08035    0.988037   1.000000
    27.11160    0.970897   1.000000
    27.14285    0.938368   1.000000
    27.17410    1.007333   1.000000
    27.20534    0.989859   1.000000
    27.23674    0.993512   1.000000
    27.26885    0.984404   1.000000
    27.30110    0.961996   1.000000
    27.33250    1.026061   1.000000
    27.36360    0.956694   1.000000
    27.39384    0.969110   1.000000
    27.42610    1.102486   1.000000
    27.45634    1.038420   1.000000
    27.48672    1.044175   1.000000
    27.51782    1.095401   1.000000
    27.55022    0.975378   1.000000
    27.58133    0.998098   1.000000
    27.61272    1.066530   1.000000
    27.64382    0.961996   1.000000
    27.67622    1.016654   1.000000
    27.70747    0.987127   1.000000
    27.73872    1.061630   1.000000
    27.77098    1.021347   1.000000
    27.80338    1.011051   1.000000
    27.83448    0.918699   1.000000
    27.86587    0.965546   1.000000
    27.89698    0.992597   1.000000
    27.92938    1.034602   1.000000
