   453.40834    1.040937   1.000000
   453.50827    0.938479   1.000000
   453.60835    0.978283   1.000000
   453.70829    1.033962   1.000000
   453.80837    0.994728   1.000000
   453.90830    0.946639   1.000000
   454.00838    1.075238   1.000000
   454.10832    0.968868   1.000000
   454.19170    1.160124   1.000000
   454.30834    0.931761   1.000000
   454.39171    1.052118   1.000000
   454.49165    0.860408   1.000000
   454.59173    0.949608   1.000000
   454.69166    0.928334   1.000000
   454.79160    0.997481   1.000000
   454.89168    1.127988   1.000000
   454.97506    0.933393   1.000000
   455.07499    1.005135   1.000000
   455.17493    1.019400   1.000000
   455.27501    0.849776   1.000000
   455.37494    1.059021   1.000000
   455.47502    0.971101   1.000000
   455.57496    0.921859   1.000000
   455.67504    1.055126   1.000000
   455.77498    0.896818   1.000000
   455.85835    0.857086   1.000000
   455.95829    0.951009   1.000000
   456.05837    1.031679   1.000000
   456.15830    0.933307   1.000000
   456.25838    1.100384   1.000000
   456.35832    1.058046   1.000000
   456.45840    1.081196   1.000000
   456.54163    0.968332   1.000000
   456.64171    0.920925   1.000000
   456.74165    0.875920   1.000000
   456.84173    0.867091   1.000000
   456.94166    0.952148   1.000000
   457.04160    0.970654   1.000000
   457.14168    1.030065   1.000000
   457.24162    1.030159   1.000000
   457.32499    1.089092   1.000000
   457.42507    0.985518   1.000000
   457.52501    0.895745   1.000000
   457.62494    0.932619   1.000000
   457.72502    0.983704   1.000000
   457.82496    0.962375   1.000000
   457.90834    0.878829   1.000000
   458.00827    0.950221   1.000000
   458.10835    0.942984   1.000000
   458.20829    0.978553   1.000000
   458.30837    0.853698   1.000000
   458.40830    1.034914   1.000000
   458.50838    1.092306   1.000000
   458.60832    0.970386   1.000000
   458.69170    1.026749   1.000000
   458.79163    0.980087   1.000000
   458.89171    0.983613   1.000000
   458.99165    0.976303   1.000000
   459.09173    1.079703   1.000000
   459.19166    1.059313   1.000000
   459.29174    1.054349   1.000000
   459.39168    1.037014   1.000000
   459.49162    0.960162   1.000000
   459.59170    1.094522   1.000000
   459.67507    0.938392   1.000000
   459.77501    0.898472   1.000000
   459.87494    1.037874   1.000000
   459.97502    0.949433   1.000000
   460.07496    0.983976   1.000000
   460.15834    0.922538   1.000000
   460.25827    0.997113   1.000000
   460.35835    1.053864   1.000000
   460.44173    1.031774   1.000000
   460.54166    1.079803   1.000000
   460.64174    0.973519   1.000000
   460.74168    1.062440   1.000000
   460.82506    0.926285   1.000000
   460.92499    0.989246   1.000000
   461.02507    1.027695   1.000000
   461.12501    0.992349   1.000000
   461.20838    0.856218   1.000000
   461.30832    1.039213   1.000000
   461.40840    1.154581   1.000000
   461.50834    1.056390   1.000000
   461.59171    1.043817   1.000000
   461.69165    0.952236   1.000000
   461.79173    1.100790   1.000000
   461.89166    0.959543   1.000000
   461.99160    0.828141   1.000000
   462.09168    0.951622   1.000000
   462.19162    0.924154   1.000000
   462.29170    0.953025   0.999998
   462.37507    1.010891   0.999993
   462.67502    1.122598   0.999935
   462.77496    0.961135   0.999893
   462.87504    0.998124   0.999836
   462.97498    0.975673   0.999760
   463.07506    0.967619   0.999665
   463.17499    0.950746   0.999547
   463.27507    0.988154   0.999403
   463.35830    1.038734   0.999262
   463.45838    1.022597   0.999066
   463.55832    0.910551   0.998839
   463.65840    1.114768   0.998577
   463.75834    1.001070   0.998279
   463.85827    1.054641   0.997943
   463.95835    0.980628   0.997566
   464.05829    0.836805   0.997147
   464.17493    0.989155   0.996602
   464.32498    0.955134   0.995808
   464.42506    1.013688   0.995217
   464.52499    1.027601   0.994576
   464.60837    1.012755   0.994002
   464.70830    0.958218   0.993265
   464.80838    1.118058   0.992472
   464.89162    0.906702   0.991769
   464.99170    0.994637   0.990872
   465.09163    1.005876   0.989918
   465.19171    0.936407   0.988903
   465.27494    1.002454   0.988013
   465.37502    1.082890   0.986886
   465.47496    1.061560   0.985700
   465.55834    1.112614   0.984662
   465.65827    1.170966   0.983360
   465.75835    1.019024   0.981993
   465.85829    1.036918   0.980564
   465.94166    0.946726   0.979323
   466.04160    1.004117   0.977776
   466.14168    0.976482   0.976163
   466.24162    0.848837   0.974488
   466.32499    1.004487   0.973041
   466.42493    0.989246   0.971248
   466.52501    0.874791   0.969388
   466.60838    0.946203   0.967791
   466.70832    0.980267   0.965818
   466.80840    0.909546   0.963781
   466.90834    0.888433   0.961685
   466.99171    0.992075   0.959890
   467.09165    0.934511   0.957683
   467.19173    0.991618   0.955416
   467.29166    1.027506   0.953094
   467.37504    0.923984   0.951114
   467.47498    0.900460   0.948691
   467.57506    1.055612   0.946212
   467.65829    0.940036   0.944111
   467.75837    0.924239   0.941541
   467.85830    0.983795   0.938926
   467.95838    0.945245   0.936264
   468.04162    0.847822   0.934018
   468.14170    1.008938   0.931283
   468.24163    0.897810   0.928515
   468.32501    0.940382   0.926180
   468.42494    0.882804   0.923353
   468.52502    0.935631   0.920493
   468.62496    0.900128   0.917609
   468.70834    0.889169   0.915183
   468.80827    0.804016   0.912253
   468.90835    0.862789   0.909297
   468.99173    0.907203   0.906817
   469.09166    0.836651   0.903828
   469.19174    0.931332   0.900815
   469.29168    1.031774   0.897790
   469.37506    0.969850   0.895254
   469.47499    0.824109   0.892202
   469.57507    0.836189   0.889132
   469.65830    0.777078   0.886570
   469.75838    0.864539   0.883480
   469.85832    0.774434   0.880385
   469.95840    0.824336   0.877278
   470.05834    0.828370   0.874168
   470.15827    0.801428   0.871053
   470.25835    0.756945   0.867929
   470.34173    0.781096   0.865324
   470.44166    0.808397   0.862200
   470.54174    0.788541   0.859070
   470.62498    0.753051   0.856467
   470.70835    0.887206   0.853861
   470.80829    0.905867   0.850739
   470.90837    0.789413   0.847616
   471.00830    0.883374   0.844502
   471.09168    0.858508   0.841908
   471.19162    0.892040   0.838805
   471.29170    0.778797   0.835706
   471.37493    0.843382   0.833135
   471.47501    0.745735   0.830052
   471.57494    0.814750   0.826986
   471.65832    0.845249   0.824436
   471.75840    0.793130   0.821388
   471.85834    0.907370   0.818359
   471.95827    0.794519   0.815344
   472.04165    0.866771   0.812842
   472.14173    0.745048   0.809855
   472.24166    0.771089   0.806890
   472.32504    0.821381   0.804431
   472.42498    0.904033   0.801504
   472.52506    0.719622   0.798593
   472.62499    0.784268   0.795710
   472.70837    0.830356   0.793322
   472.80830    0.955838   0.790483
   472.90838    0.705317   0.787666
   472.99162    0.810708   0.785344
   473.09170    0.882886   0.782578
   473.19163    0.734149   0.779844
   473.27501    0.754579   0.777587
   473.37494    0.860487   0.774909
   473.47502    0.752566   0.772260
   473.57496    0.738422   0.769648
   473.65834    0.810559   0.767495
   473.75827    0.809216   0.764947
   473.85835    0.889005   0.762431
   473.94173    0.683572   0.760364
   474.04166    0.785352   0.757921
   474.14174    0.857402   0.755513
   474.22498    0.765358   0.753542
   474.32506    0.758271   0.751210
   474.42499    0.649807   0.748922
   474.52507    0.767334   0.746675
   474.60830    0.663597   0.744840
   474.70838    0.763316   0.742674
   474.80832    0.635308   0.740557
   474.89170    0.744774   0.738827
   474.99163    0.676557   0.736797
   475.09171    0.682314   0.734812
   475.17494    0.762684   0.733199
   475.27502    0.737199   0.731306
   475.37496    0.749315   0.729466
   475.47504    0.787018   0.727675
   475.55827    0.727352   0.726226
   475.65835    0.736859   0.724532
   475.75829    0.764442   0.722895
   475.84166    0.633847   0.721571
   475.94160    0.725211   0.720034
   476.04168    0.826161   0.718552
   476.14162    0.727955   0.717128
   476.22499    0.761140   0.715984
   476.32493    0.807578   0.714665
   476.42501    0.804460   0.713403
   476.50838    0.768678   0.712397
   476.60832    0.732393   0.711245
   476.70840    0.668135   0.710152
   476.80834    0.737742   0.709120
   476.89171    0.779802   0.708306
   476.99165    0.750213   0.707386
   477.09173    0.609908   0.706526
   477.19166    0.724610   0.705730
   477.27504    0.774862   0.705112
   477.37498    0.707399   0.704429
   477.47506    0.762754   0.703808
   477.55829    0.701753   0.703339
   477.65837    0.674752   0.702832
   477.75830    0.716712   0.702390
   477.84168    0.645393   0.702068
   477.94162    0.631400   0.701741
   478.04170    0.630180   0.701476
   478.14163    0.627111   0.701275
   478.22501    0.610358   0.701155
   478.32494    0.770734   0.701069
   478.42502    0.764301   0.701046
   478.50826    0.807132   0.701074
   478.60834    0.688311   0.701166
   478.70827    0.658301   0.701319
   478.79165    0.716118   0.701495
   478.89173    0.739919   0.701762
   478.97496    0.684896   0.702031
   479.07504    0.736249   0.702410
   479.17498    0.734961   0.702850
   479.25835    0.670416   0.703262
   479.35829    0.668012   0.703812
   479.45837    0.690724   0.704422
   479.55830    0.793788   0.705090
   479.64168    0.585685   0.705692
   479.74162    0.702853   0.706466
   479.84170    0.709226   0.707299
   479.92507    0.723077   0.708036
   480.02501    0.629600   0.708971
   480.12494    0.762052   0.709962
   480.20832    0.742514   0.710830
   480.30840    0.760229   0.711922
   487.70827    1.097247   0.880042
   487.80835    0.893932   0.882649
   487.90829    0.812577   0.885241
   488.00837    0.748005   0.887824
   488.09174    1.037778   0.889967
   488.19168    0.744157   0.892523
   488.29162    0.786148   0.895065
   488.37499    0.856455   0.897175
   488.47507    0.909043   0.899693
   488.57501    0.979004   0.902192
   488.67494    0.992349   0.904674
   488.75832    0.882967   0.906732
   488.85840    0.913912   0.909185
   488.95834    0.822895   0.911615
   489.04171    0.880206   0.913628
   489.14165    0.865973   0.916023
   489.24173    1.009217   0.918400
   489.32496    0.967352   0.920360
   489.42504    0.940036   0.922696
   489.52498    0.850794   0.925006
   489.62506    0.838503   0.927295
   489.70829    0.830509   0.929180
   489.80837    0.878425   0.931423
   489.90830    0.912482   0.933636
   489.99168    0.864141   0.935461
   490.09162    1.471989   0.937623
   490.19170    1.011171   0.939759
   490.27493    0.756457   0.941511
   490.37501    1.056293   0.943589
   490.47494    0.960604   0.945632
   490.57502    0.937960   0.947642
   490.67496    0.897893   0.949615
   490.77504    1.166445   0.951553
   490.87498    0.958218   0.953452
   490.95835    0.760229   0.955007
   491.05829    0.733541   0.956835
   491.15837    0.821229   0.958626
   491.24174    0.779946   0.960088
   491.34168    0.737470   0.961803
   491.44162    1.000425   0.963477
   491.54170    0.911139   0.965113
   491.62493    0.871013   0.966442
   491.72501    0.841210   0.968001
   491.82494    0.753329   0.969517
   491.90832    0.981261   0.970749
   492.00826    1.088189   0.972188
   492.10834    0.860487   0.973586
   492.19171    1.083289   0.974719
   492.29165    0.977202   0.976039
   492.39173    1.030539   0.977318
   492.47496    0.923899   0.978350
   492.57504    1.045068   0.979553
   492.67498    0.945506   0.980713
   492.77506    0.888433   0.981833
   492.85829    0.827303   0.982734
   492.95837    1.293554   0.983779
   493.05830    0.853148   0.984784
   493.14168    0.970207   0.985591
   493.24162    1.145577   0.986523
   493.34170    0.908876   0.987417
   493.42507    1.075931   0.988132
   493.52501    1.136435   0.988955
   493.62494    0.906702   0.989741
   493.72502    1.097550   0.990490
   493.80840    1.064007   0.991088
   493.90834    1.236472   0.991771
   494.00827    1.140209   0.992419
   494.09165    0.992806   0.992934
   494.19173    0.961844   0.993521
   494.29166    1.141996   0.994074
   494.37504    0.970833   0.994512
   494.47498    0.837268   0.995007
   494.57506    1.029780   0.995473
   494.65829    0.945332   0.995838
   494.75837    0.810783   0.996250
   494.85830    1.044587   0.996633
   494.95838    1.274866   0.996990
   495.04162    1.268190   0.997267
   495.14170    1.012755   0.997577
   495.24163    0.982889   0.997862
   495.32501    0.889087   0.998082
   495.42494    1.108931   0.998324
   495.52502    1.080400   0.998546
   495.60826    1.033390   0.998714
   495.70834    1.000425   0.998898
   495.80827    1.064595   0.999063
   495.90835    1.073852   0.999211
   495.99173    0.734758   0.999321
   496.09166    0.518973   0.999439
   496.19174    1.644767   0.999542
   496.27498    1.375766   0.999617
   496.37506    1.100587   0.999696
   496.47499    1.216030   0.999762
   496.55837    1.070495   0.999810
   496.65830    1.074743   0.999857
   496.75838    0.953201   0.999896
   496.84162    0.714602   0.999922
   496.94170    0.955398   0.999947
   497.04163    1.067934   0.999966
   497.14171    1.043625   0.999979
   497.22494    0.868289   0.999987
   497.32502    1.078411   0.999994
   497.42496    1.045549   0.999997
   497.50834    1.070593   0.999999
   497.60827    1.159483   1.000000
   497.70835    1.334702   1.000000
   497.80829    0.736927   1.000000
