  1241.23234    1.077513   1.000000
  1241.28115    0.941071   1.000000
  1241.32464    0.980895   1.000000
  1241.36784    0.965656   1.000000
  1241.41147    1.012098   1.000000
  1241.45467    0.993625   1.000000
  1241.49758    0.958567   1.000000
  1241.54136    1.022404   1.000000
  1241.58427    1.034719   1.000000
  1241.62805    1.014898   1.000000
  1241.67110    1.085482   1.000000
  1241.71474    0.966546   1.000000
  1241.75779    1.123111   1.000000
  1241.80128    1.030914   1.000000
  1241.84448    1.010235   1.000000
  1241.88768    0.971007   1.000000
  1241.93074    1.094517   1.000000
  1241.97451    0.977288   1.000000
  1242.01742    0.978189   1.000000
  1242.06120    1.091497   1.000000
  1242.10440    0.978189   1.000000
  1242.14731    0.935024   1.000000
  1242.19109    1.041412   1.000000
  1242.23414    1.029017   1.000000
  1242.27778    1.142938   1.000000
  1242.32083    0.996374   1.000000
  1242.36461    1.020522   1.000000
  1242.40752    0.998211   1.000000
  1242.45072    1.130375   1.000000
  1242.49421    1.073551   1.000000
  1242.53741    0.895411   1.000000
  1242.58118    1.076521   1.000000
  1242.62424    1.107701   1.000000
  1242.66787    1.007448   1.000000
  1242.71093    1.056872   1.000000
  1242.75413    0.969220   1.000000
  1242.79790    1.077513   1.000000
  1242.84096    0.955922   1.000000
  1242.88416    0.911219   1.000000
  1242.92794    1.052986   1.000000
  1242.97114    1.052986   1.000000
  1243.01434    0.960335   1.000000
  1243.05782    1.007448   1.000000
  1243.10117    1.005594   1.000000
  1243.14408    0.906197   1.000000
  1243.18786    1.077513   1.000000
  1243.23077    1.100582   1.000000
  1243.27454    1.120012   1.000000
  1243.31774    0.998211   1.000000
  1243.36080    0.982704   1.000000
  1243.40443    0.949779   1.000000
  1243.44749    0.863023   1.000000
  1243.49126    0.953285   1.000000
  1243.53418    0.975489   1.000000
  1243.57795    0.988149   1.000000
  1243.62086    1.080495   1.000000
  1243.66406    1.068618   1.000000
  1243.70784    0.935885   1.000000
  1243.75090    1.001896   1.000000
  1243.79467    1.050080   1.000000
  1243.83744    1.092503   1.000000
  1243.88064    1.047183   1.000000
  1243.92413    1.143991   1.000000
  1243.96747    1.075530   1.000000
  1244.01096    1.057846   1.000000
  1244.05416    1.009305   1.000000
  1244.09794    1.036627   1.000000
  1244.14085    1.143991   1.000000
  1244.18462    1.065670   1.000000
  1244.22754    0.935885   1.000000
  1244.27074    1.070588   1.000000
  1244.31437    1.021463   1.000000
  1244.35757    1.053956   1.000000
  1244.40106    1.056872   1.000000
  1244.44426    1.052986   1.000000
  1244.48717    0.995457   1.000000
  1244.53094    1.060773   1.000000
  1244.57400    1.041412   1.000000
  1244.61763    0.979090   1.000000
  1244.66098    0.999131   1.000000
  1244.70446    1.025233   1.000000
  1244.74766    1.074540   1.000000
  1244.79058    0.935885   1.000000
  1244.83435    1.009305   1.000000
  1244.87741    1.052017   1.000000
  1244.92104    0.991796   1.000000
  1244.96424    1.067634   1.000000
  1245.00715    1.129334   1.000000
  1245.05093    1.024289   1.000000
  1245.09384    1.021463   1.000000
  1245.13762    1.005594   1.000000
  1245.18067    0.979992   1.000000
  1245.22430    1.124146   1.000000
  1245.26736    0.915425   1.000000
  1245.31056    1.102612   1.000000
  1245.35434    1.070588   1.000000
  1245.39725    0.966546   1.000000
  1245.44102    1.117950   1.000000
  1245.48394    1.001896   1.000000
  1245.52728    1.024289   1.000000
  1245.57077    0.981799   1.000000
  1245.61397    0.902864   1.000000
  1245.65774    1.088485   1.000000
  1245.70066    1.012098   1.000000
  1245.74443    1.019583   1.000000
  1245.78734    1.013964   1.000000
  1245.83083    1.137686   1.000000
  1245.87418    0.954163   1.000000
  1245.91738    1.106681   1.000000
  1245.96115    1.103628   1.000000
  1246.00421    0.981799   1.000000
  1246.04741    1.084483   1.000000
  1246.09090    1.068618   1.000000
  1246.13410    0.954163   1.000000
  1246.17758    1.047183   1.000000
  1246.22078    1.099569   1.000000
  1246.26384    1.020522   1.000000
  1246.30747    0.954163   1.000000
  1246.35082    1.029965   1.000000
  1246.39430    1.052017   1.000000
  1246.43750    0.994541   1.000000
  1246.48099    1.137686   1.000000
  1246.52419    1.147156   1.000000
  1246.56710    1.046219   1.000000
  1246.61088    1.100582   1.000000
  1246.65394    1.077513   1.000000
  1246.69757    0.959450   1.000000
  1246.74062    1.043332   1.000000
  1246.78440    1.132459   1.000000
  1246.82760    0.928159   1.000000
  1246.87066    1.055899   1.000000
  1246.91443    1.051048   1.000000
  1246.95734    1.123111   1.000000
  1247.00112    1.059797   1.000000
  1247.04403    0.975489   1.000000
  1247.08738    0.988149   1.000000
  1247.13115    1.029965   1.000000
  1247.17406    1.000973   1.000000
  1247.21784    1.020522   1.000000
  1247.26075    1.024289   1.000000
  1247.30395    1.050080   1.000000
  1247.34773    1.044293   1.000000
  1247.39078    1.085482   1.000000
  1247.43442    1.084483   1.000000
  1247.47747    0.910380   1.000000
  1247.52125    1.090492   1.000000
  1247.56416    1.039495   1.000000
  1247.60736    1.072562   1.000000
  1247.65085    0.906197   1.000000
  1247.69405    1.116921   1.000000
  1247.73782    1.086482   1.000000
  1247.78088    1.136639   1.000000
  1247.82408    1.029965   1.000000
  1247.86742    1.056872   1.000000
  1247.91062    1.069603   1.000000
  1247.95411    1.029017   1.000000
  1247.99746    1.021463   1.000000
  1248.04094    1.024289   1.000000
  1248.08414    1.028070   1.000000
  1248.12706    1.226938   1.000000
  1248.17083    1.105662   1.000000
  1248.21403    1.099569   1.000000
  1248.25752    1.061751   1.000000
  1248.30072    1.120012   1.000000
  1248.34421    1.027123   1.000000
  1248.38755    0.971007   1.000000
  1248.43046    0.983609   1.000000
  1248.47424    1.064689   1.000000
  1248.51744    1.025233   1.000000
  1248.56093    0.966546   1.000000
  1248.60413    1.031864   1.000000
  1248.64718    1.106681   1.000000
  1248.69082    1.204544   1.000000
  1248.73387    1.062729   1.000000
  1248.77765    1.095526   1.000000
  1248.82085    1.026178   1.000000
  1248.86419    0.993625   1.000000
  1248.90739    1.034719   1.000000
  1248.95045    1.037582   1.000000
  1248.99422    1.090492   1.000000
  1249.03714    1.089488   1.000000
  1249.08091    1.031864   1.000000
  1249.12382    0.983609   1.000000
  1249.16702    1.008376   1.000000
  1249.21080    1.135593   1.000000
  1249.25386    0.955042   1.000000
  1249.29749    1.041412   1.000000
  1249.34054    0.942806   1.000000
  1249.38432    0.960335   1.000000
  1249.42723    1.062729   1.000000
  1249.47043    1.007448   1.000000
  1249.51421    0.936748   1.000000
  1249.55712    1.026178   1.000000
  1249.60090    0.992710   1.000000
  1249.64395    1.033767   1.000000
  1249.68715    1.054927   1.000000
  1249.73064    0.981799   1.000000
  1249.77384    1.038538   1.000000
  1249.81762    0.965656   1.000000
  1249.86067    0.969220   1.000000
  1249.90373    0.961219   1.000000
  1249.94750    1.055899   1.000000
  1249.99070    0.957685   1.000000
  1250.03362    1.001896   1.000000
  1250.07739    0.965656   1.000000
  1250.12030    0.883126   1.000000
  1250.16408    0.978189   1.000000
  1250.20714    1.021463   1.000000
  1250.25034    1.000052   1.000000
  1250.29411    1.092503   1.000000
  1250.33702    1.080495   1.000000
  1250.38080    0.986331   1.000000
  1250.42371    0.996374   1.000000
  1250.46706    1.032815   1.000000
  1250.51040    1.044293   1.000000
  1250.55374    0.898716   1.000000
  1250.59723    0.962105   1.000000
  1250.64043    0.986331   1.000000
  1250.68392    0.989060   1.000000
  1250.72712    0.948905   1.000000
  1250.77003    0.978189   1.000000
  1250.81381    0.996374   1.000000
  1250.85730    0.929871   1.000000
  1250.90078    0.948031   1.000000
  1250.94398    0.935024   1.000000
  1250.98747    1.016770   1.000000
  1251.03067    0.932444   1.000000
  1251.07416    0.995457   1.000000
  1251.11736    1.088485   1.000000
  1251.16042    1.107701   1.000000
  1251.20419    0.951530   1.000000
  1251.24710    0.985423   1.000000
  1251.29088    0.973694   1.000000
  1251.33408    1.090492   1.000000
  1251.37714    0.880689   1.000000
  1251.42077    0.912899   1.000000
  1251.46382    1.054927   1.000000
  1251.50760    0.973694   1.000000
  1251.55051    0.979992   1.000000
  1251.59371    0.977288   1.000000
  1251.63749    1.088485   1.000000
  1251.68040    0.998211   1.000000
  1251.72418    0.972798   1.000000
  1251.76723    0.965656   1.000000
  1251.81043    0.948905   1.000000
  1251.85435    1.015834   1.000000
  1251.89726    0.902864   1.000000
  1251.94104    1.118981   1.000000
  1251.98395    0.941939   1.000000
  1252.02730    0.984516   1.000000
  1252.07093    1.002819   1.000000
  1252.11398    0.960335   1.000000
  1252.15776    0.928159   1.000000
  1252.20067    1.013964   1.000000
  1252.24445    1.015834   1.000000
  1252.28736    1.016770   1.000000
  1252.33056    1.024289   1.000000
  1252.37434    1.004668   1.000000
  1252.41739    1.029965   1.000000
  1252.46117    0.906197   1.000000
  1252.50408    1.060773   1.000000
  1252.54728    0.836416   1.000000
  1252.59077    0.891297   1.000000
  1252.63397    0.871811   1.000000
  1252.67774    0.981799   1.000000
  1252.72080    1.016770   1.000000
  1252.76443    1.032815   1.000000
  1252.80749    1.041412   1.000000
  1252.85083    0.979090   1.000000
  1252.89432    0.954163   1.000000
  1252.94069    1.020522   1.000000
  1252.98446    0.856688   1.000000
  1253.02766    0.964767   1.000000
  1253.07086    0.947158   1.000000
  1253.11421    0.929871   1.000000
  1253.15813    0.866209   1.000000
  1253.20118    0.879878   1.000000
  1253.24438    0.968328   1.000000
  1253.28730    1.049114   1.000000
  1253.33107    1.016770   1.000000
  1253.37398    0.893763   1.000000
  1253.41776    1.034719   1.000000
  1253.46082    1.036627   1.000000
  1253.50445    0.922195   1.000000
  1253.54750    0.990883   1.000000
  1253.59070    1.110766   1.000000
  1253.63448    0.855111   1.000000
  1253.67739    1.003743   1.000000
  1253.72117    0.971902   1.000000
  1253.76408    0.955922   1.000000
  1253.80786    0.860642   1.000000
  1253.85062    1.078506   1.000000
  1253.89382    1.086482   1.000000
  1253.93731    0.924746   1.000000
  1253.98051    0.918803   1.000000
  1254.02400    1.001896   1.000000
  1254.06720    0.913740   1.000000
  1254.11069    1.026178   1.000000
  1254.15389    0.961219   1.000000
  1254.19738    0.857477   1.000000
  1254.24072    1.011166   1.000000
  1254.28363    0.941939   1.000000
  1254.32741    0.948905   1.000000
  1254.37032    0.899544   1.000000
  1254.41410    1.053956   1.000000
  1254.45730    0.942806   1.000000
  1254.50078    0.955042   1.000000
  1254.54398    0.957685   1.000000
  1254.58704    0.991796   1.000000
  1254.63082    0.855899   1.000000
  1254.67373    0.879068   1.000000
  1254.71750    0.896236   1.000000
  1254.76042    1.000973   1.000000
  1254.80419    0.845712   1.000000
  1254.84739    0.950654   1.000000
  1254.89030    0.927305   1.000000
  1254.93408    0.924746   1.000000
  1254.97714    0.914582   1.000000
  1255.02077    0.964767   1.000000
  1255.06382    0.976388   1.000000
  1255.10702    0.852752   1.000000
  1255.15051    0.982704   1.000000
  1255.19371    0.824181   1.000000
  1255.23720    0.901203   1.000000
  1255.28054    0.983609   1.000000
  1255.32403    0.897889   1.000000
  1255.36723    1.047183   1.000000
  1255.41072    0.963879   1.000000
  1255.45392    0.859058   1.000000
  1255.49683    0.890477   1.000000
  1255.54061    0.813622   1.000000
  1255.58381    0.945415   1.000000
  1255.62730    1.017707   1.000000
  1255.67064    0.890477   1.000000
  1255.71413    0.855111   1.000000
  1255.75733    1.013031   1.000000
  1255.80024    1.050080   1.000000
  1255.84402    0.960335   1.000000
  1255.88693    0.894587   1.000000
  1255.93070    0.911219   1.000000
  1255.97362    0.812873   1.000000
  1256.01739    0.987240   1.000000
  1256.06045    1.012098   1.000000
  1256.10422    0.975489   1.000000
  1256.14714    0.974591   1.000000
  1256.19034    0.915425   1.000000
  1256.23382    0.875836   1.000000
  1256.27702    0.950654   1.000000
  1256.32051    0.973694   1.000000
  1256.36386    0.981799   1.000000
  1256.40749    0.884754   1.000000
  1256.45054    0.879068   1.000000
  1256.49374    0.947158   1.000000
  1256.53723    0.929015   1.000000
  1256.58043    1.018644   1.000000
  1256.62392    0.855111   1.000000
  1256.66712    0.910380   1.000000
  1256.71061    0.914582   1.000000
  1256.75395    1.031864   1.000000
  1256.79686    0.880689   1.000000
  1256.84064    0.903696   1.000000
  1256.88355    0.887202   1.000000
  1256.92733    0.914582   1.000000
  1256.97024    0.874224   1.000000
  1257.01402    0.880689   1.000000
  1257.05722    0.917957   1.000000
  1257.10027    0.938475   1.000000
  1257.14390    0.859058   1.000000
  1257.18696    1.001896   1.000000
  1257.23074    0.909542   1.000000
  1257.27365    0.859850   1.000000
  1257.31742    0.962992   1.000000
  1257.36034    0.908704   1.000000
  1257.40354    0.870207   1.000000
  1257.44702    0.931585   1.000000
  1257.49037    0.968328   1.000000
  1257.53386    0.924746   1.000000
  1257.57706    0.875836   1.000000
  1257.62054    0.870207   1.000000
  1257.66374    0.826461   1.000000
  1257.70666    0.955922   1.000000
  1257.75043    0.812124   1.000000
  1257.79363    0.870207   1.000000
  1257.83726    0.827985   1.000000
  1257.88046    0.951530   1.000000
  1257.92395    0.800244   1.000000
  1257.96715    0.964767   0.999904
  1258.01006    0.940205   0.999588
  1258.05384    0.909542   0.999025
  1258.09690    0.907032   0.998416
  1258.14067    0.962105   0.997596
  1258.18358    0.854324   0.996781
  1258.22736    0.851967   0.995767
  1258.27027    0.954163   0.994769
  1258.31405    0.958567   0.993563
  1258.35696    0.883940   0.992386
  1258.40030    0.873419   0.991032
  1258.44379    0.789264   0.989698
  1258.48699    0.940205   0.988209
  1258.53077    0.887202   0.986674
  1258.57368    0.890477   0.985105
  1258.61746    0.867007   0.983461
  1258.66037    0.962105   0.981721
  1258.70357    0.924746   0.979968
  1258.74706    0.850399   0.978091
  1258.79040    0.915425   0.976251
  1258.83389    0.814371   0.974178
  1258.87709    0.909542   0.972240
  1258.92058    0.865411   0.970113
  1258.96378    0.857477   0.967987
  1259.00669    0.889657   0.965833
  1259.05046    1.066652   0.963522
  1259.09381    0.869406   0.961230
  1259.13715    0.827223   0.958985
  1259.18050    0.871811   0.956454
  1259.22398    0.952407   0.954070
  1259.26718    0.837959   0.951604
  1259.31010    0.903696   0.949081
  1259.35387    0.915425   0.946452
  1259.39678    0.852752   0.943847
  1259.44056    0.742032   0.941159
  1259.48362    0.857477   0.938478
  1259.52725    0.834877   0.935667
  1259.57030    0.898716   0.932935
  1259.61350    0.793638   0.930037
  1259.65699    0.850399   0.927196
  1259.70019    0.900373   0.924340
  1259.74397    0.840277   0.921354
  1259.78702    0.915425   0.918370
  1259.83066    0.806905   0.915274
  1259.87371    0.812873   0.912268
  1259.91691    0.817377   0.909192
  1259.96040    0.718493   0.906055
  1260.00360    0.896236   0.903021
  1260.04709    0.950654   0.899672
  1260.09029    0.722475   0.896603
  1260.13378    0.810630   0.893220
  1260.17712    0.804679   0.889950
  1260.22003    0.882313   0.886696
  1260.26381    0.824181   0.883342
  1260.30672    0.913740   0.879975
  1260.35050    0.779871   0.876560
  1260.39370    0.792908   0.873167
  1260.43718    0.808393   0.869646
  1260.48038    0.834877   0.866201
  1260.52344    0.814371   0.862706
  1260.56722    0.833341   0.859149
  1260.61013    0.849616   0.855639
  1260.65390    0.795834   0.852066
  1260.69682    0.765636   0.848466
  1260.74059    0.806905   0.844832
  1260.78379    0.733200   0.841199
  1260.82685    0.804679   0.837609
  1260.87062    0.789992   0.833843
  1260.91354    0.766342   0.830236
  1260.95731    0.676118   0.826492
  1261.00022    0.814371   0.822823
  1261.04342    0.743400   0.819077
  1261.08691    0.790720   0.815326
  1261.13026    0.774145   0.811575
  1261.17374    0.722475   0.807799
  1261.21694    0.845712   0.804003
  1261.26043    0.782749   0.800199
  1261.30363    0.809138   0.796354
  1261.34741    0.764227   0.792516
  1261.39032    0.701492   0.788678
  1261.43352    0.697626   0.784892
  1261.47701    0.755827   0.780990
  1261.52035    0.711250   0.777135
  1261.56326    0.825701   0.773331
  1261.60704    0.741349   0.769433
  1261.64995    0.739303   0.765522
  1261.69373    0.698269   0.761658
  1261.73693    0.715192   0.757671
  1261.78042    0.750279   0.753866
  1261.82362    0.821907   0.749920
  1261.86710    0.697626   0.746061
  1261.91045    0.704730   0.742166
  1261.95336    0.742716   0.738301
  1261.99714    0.677989   0.734404
  1262.04005    0.729831   0.730539
  1262.08382    0.712562   0.726595
  1262.12674    0.750279   0.722776
  1262.17008    0.607607   0.718914
  1262.21386    0.722475   0.715012
  1262.25677    0.734552   0.711191
  1262.30054    0.682374   0.707222
  1262.34346    0.712562   0.703487
  1262.38723    0.654067   0.699556
  1262.43014    0.690594   0.695806
  1262.47349    0.666228   0.691970
  1262.51712    0.641538   0.688227
  1262.56018    0.667456   0.684482
  1262.60395    0.628091   0.680717
  1262.64686    0.586709   0.677020
  1262.69006    0.610974   0.673286
  1262.73355    0.672392   0.669644
  1262.77675    0.666228   0.665957
  1262.82024    0.673012   0.662365
  1262.86358    0.695060   0.658689
  1262.90707    0.685524   0.655174
  1262.95027    0.655273   0.651625
  1262.99347    0.636829   0.648244
  1263.03696    0.698912   0.644682
  1263.08030    0.633903   0.641370
  1263.12379    0.671155   0.638022
  1263.16699    0.640948   0.634688
  1263.21048    0.611537   0.631497
  1263.25368    0.717171   0.628236
  1263.29659    0.647474   0.625255
  1263.34037    0.549569   0.622063
  1263.38342    0.689323   0.619250
  1263.42706    0.691867   0.616371
  1263.47011    0.561336   0.613621
  1263.51389    0.666841   0.611034
  1263.55680    0.587249   0.608375
  1263.66350    0.655273   0.603027
  1263.70714    0.578659   0.601176
  1263.75034    0.531157   0.599424
  1263.79382    0.567052   0.598326
  1263.83702    0.594871   0.597753
  1263.88051    0.582938   0.597748
  1263.92371    0.603146   0.597743
  1263.96677    0.603702   0.597739
  1264.01040    0.598718   0.597734
  1264.05346    0.613229   0.597730
  1264.09723    0.585629   0.597725
  1264.14014    0.527743   0.597720
  1264.18392    0.657692   0.597716
  1264.22712    0.591592   0.597711
  1264.27003    0.617195   0.597706
  1264.31381    0.639768   0.597702
  1264.35686    0.644499   0.597697
  1264.40064    0.636829   0.597692
  1264.44355    0.545535   0.597688
  1264.48675    0.603702   0.597683
  1264.53053    0.532626   0.597678
  1264.57344    0.673012   0.597674
  1264.61722    0.623480   0.597669
  1264.66027    0.605930   0.597665
  1264.70347    0.599822   0.598601
  1264.74696    0.607047   0.599869
  1264.79016    0.604815   0.601389
  1264.83365    0.611537   0.603307
  1264.87685    0.704081   0.605398
  1264.92062    0.606488   0.607520
  1264.96354    0.627513   0.610010
  1265.00688    0.614926   0.612455
  1265.05037    0.682374   0.615074
  1265.09357    0.617195   0.617904
  1265.13706    0.580260   0.620636
  1265.18026    0.641538   0.623662
  1265.22374    0.690594   0.626597
  1265.26694    0.563407   0.629654
  1265.31014    0.629249   0.632811
  1265.35363    0.611537   0.635863
  1265.39698    0.642129   0.639268
  1265.44046    0.632736   0.642508
  1265.48366    0.718493   0.645901
  1265.52658    0.617195   0.649213
  1265.57035    0.680491   0.652693
  1265.61341    0.654670   0.656112
  1265.65704    0.635657   0.659543
  1265.70010    0.626358   0.663187
  1265.74387    0.633319   0.666686
  1265.78678    0.658905   0.670332
  1265.82998    0.613229   0.673850
  1265.87347    0.693143   0.677522
  1265.91667    0.658298   0.681152
  1265.96045    0.696342   0.684874
  1266.00350    0.681746   0.688564
  1266.04714    0.643906   0.692221
  1266.09019    0.714533   0.696049
  1266.13339    0.764227   0.699651
  1266.17688    0.781309   0.703526
  1266.22008    0.652864   0.707197
  1266.26386    0.719155   0.710981
  1266.30677    0.750279   0.714750
  1266.35011    0.696342   0.718585
  1266.39360    0.719818   0.722350
  1266.43680    0.707983   0.726075
  1266.48029    0.813622   0.730005
  1266.52349    0.786362   0.733755
  1266.56698    0.715192   0.737592
  1266.61018    0.696342   0.741345
  1266.65366    0.739984   0.745212
  1266.69686    0.748898   0.749010
  1266.73992    0.709288   0.752811
  1266.78370    0.649266   0.756709
  1266.82661    0.767755   0.760384
  1266.87038    0.790720   0.764274
  1266.91358    0.748898   0.768029
  1266.95707    0.726478   0.771878
  1267.00042    0.865411   0.775644
  1267.04333    0.813622   0.779451
  1267.08710    0.700201   0.783162
  1267.13002    0.757919   0.786940
  1267.17379    0.812873   0.790745
  1267.21670    0.792908   0.794421
  1267.26048    0.829512   0.798216
  1267.30354    0.719155   0.801852
  1267.34674    0.717171   0.805606
  1267.39022    0.713876   0.809273
  1267.43342    0.907868   0.813009
  1267.47691    0.812873   0.816667
  1267.52011    0.810630   0.820284
  1267.56389    0.727818   0.823992
  1267.60680    0.764227   0.827602
  1267.65014    0.842602   0.831181
  1267.69363    0.841826   0.834818
  1267.73683    0.812124   0.838346
  1267.78032    0.804679   0.841895
  1267.82352    0.855899   0.845478
  1267.86658    0.762119   0.848972
  1267.91035    0.797301   0.852518
  1267.95355    0.705379   0.855921
  1267.99704    0.731177   0.859425
  1268.04024    0.793638   0.862816
  1268.08373    0.877450   0.866292
  1268.12693    0.780589   0.869614
  1268.16998    0.809884   0.872969
  1268.21362    0.771299   0.876306
  1268.25667    0.851182   0.879637
  1268.30045    0.839504   0.882928
  1268.34365    0.737943   0.886197
  1268.38714    0.807649   0.889479
  1268.43034    0.780589   0.892599
  1268.47339    0.823422   0.895769
  1268.51702    0.801720   0.899026
  1268.56008    0.742032   0.902016
  1268.60386    0.750970   0.905186
  1268.64677    0.800982   0.908141
  1268.69054    0.806905   0.911244
  1268.73346    0.801720   0.914166
  1268.77666    0.810630   0.917213
  1268.82014    0.871009   0.920034
  1268.86349    0.844156   0.922931
  1268.90698    0.736584   0.925797
  1268.95018    0.895411   0.928652
  1268.99366    0.871811   0.931380
  1269.03686    0.937611   0.934126
  1269.07992    0.924746   0.936829
  1269.12370    0.862229   0.939466
  1269.16690    0.842602   0.942132
  1269.21038    0.753742   0.944723
  1269.25358    0.952407   0.947302
  1269.29707    0.916268   0.949696
  1269.34027    0.795834   0.952243
  1269.38333    0.970114   0.954604
  1269.42696    0.828748   0.956944
  1269.47002    0.799508   0.959259
  1269.51379    0.876643   0.961552
  1269.55670    0.815122   0.963765
  1269.60048    0.873419   0.965933
  1269.64339    0.848834   0.968072
  1269.68717    0.874224   0.970155
  1269.73022    0.875836   0.972173
  1269.77342    0.832573   0.974176
  1269.81720    0.868605   0.976089
  1269.86011    0.926451   0.977932
  1269.90389    0.852752   0.979769
  1269.94680    0.838731   0.981505
  1269.99014    0.909542   0.983122
  1270.03363    0.907032   0.984836
  1270.07683    0.914582   0.986338
  1270.12032    0.824181   0.987854
  1270.16352    0.839504   0.989264
  1270.20730    0.905363   0.990637
  1270.25021    0.857477   0.991952
  1270.29355    0.910380   0.993137
  1270.33704    0.818884   0.994344
  1270.38024    0.894587   0.995366
  1270.42373    0.891297   0.996369
  1270.46693    0.877450   0.997248
  1270.51042    0.866209   0.998014
  1270.55362    0.831041   0.998778
  1270.59667    1.032815   0.999316
  1270.64030    0.826461   0.999801
  1270.68336    0.889657   1.000000
  1270.72714    0.925598   1.000000
  1270.77034    0.893763   1.000000
  1270.81382    0.858267   1.000000
  1270.85688    0.842602   1.000000
  1270.89979    0.804679   1.000000
  1270.94357    0.856688   1.000000
  1270.98648    0.805420   1.000000
  1271.03026    0.886385   1.000000
  1271.07317    0.798772   1.000000
  1271.11694    0.975489   1.000000
  1271.16000    0.833341   1.000000
  1271.20363    0.827223   1.000000
  1271.24669    0.924746   1.000000
  1271.28989    0.876643   1.000000
  1271.33338    0.904529   1.000000
  1271.37658    0.913740   1.000000
  1271.42006    0.880689   1.000000
  1271.46326    0.882313   1.000000
  1271.50704    0.832573   1.000000
  1271.55010    0.833341   1.000000
  1271.59301    0.882313   1.000000
  1271.63678    0.879068   1.000000
  1271.67970    0.875029   1.000000
  1271.72347    0.963879   1.000000
  1271.76667    0.850399   1.000000
  1271.81016    0.859850   1.000000
  1271.85350    0.930728   1.000000
  1271.89642    0.851967   1.000000
  1271.94019    0.836416   1.000000
  1271.98310    0.908704   1.000000
  1279.82635    1.039495   1.000000
  1279.86970    0.997293   1.000000
  1279.91347    0.926451   1.000000
  1279.95638    1.027123   1.000000
  1280.00016    0.972798   1.000000
  1280.04307    0.895411   1.000000
  1280.08642    1.052017   1.000000
  1280.12990    1.131417   1.000000
  1280.17310    0.935885   1.000000
  1280.21659    0.951530   1.000000
  1280.25979    1.061751   1.000000
  1280.30357    0.970114   1.000000
  1280.34648    1.042372   1.000000
  1280.38968    1.063708   1.000000
  1280.43317    0.936748   1.000000
  1280.47651    1.085482   1.000000
  1280.52000    0.951530   1.000000
  1280.56320    0.863819   1.000000
  1280.60669    1.053956   1.000000
  1280.64989    0.981799   1.000000
  1280.69280    0.989971   1.000000
  1280.73658    0.961219   1.000000
  1280.77963    1.094517   1.000000
  1280.82341    1.017707   1.000000
  1280.86661    1.113839   1.000000
  1280.91010    1.010235   1.000000
  1280.95330    1.025233   1.000000
  1280.99635    1.135593   1.000000
  1281.03998    1.006520   1.000000
  1281.08304    1.042372   1.000000
  1281.12682    1.006520   1.000000
  1281.16973    1.085482   1.000000
  1281.21350    1.051048   1.000000
  1281.25642    0.940205   1.000000
  1281.29962    0.981799   1.000000
  1281.34310    0.962105   1.000000
  1281.38645    0.995457   1.000000
  1281.42994    1.034719   1.000000
  1281.47314    1.027123   1.000000
  1281.51662    1.082487   1.000000
  1281.55982    1.010235   1.000000
  1281.60274    1.040453   1.000000
  1281.64651    1.018644   1.000000
  1281.68971    1.101597   1.000000
  1281.73320    1.074540   1.000000
  1281.77654    1.094517   1.000000
  1281.82003    1.094517   1.000000
  1281.86352    0.959450   1.000000
  1281.90643    1.035673   1.000000
  1281.94963    0.946286   1.000000
  1281.99312    1.088485   1.000000
  1282.03646    0.900373   1.000000
  1282.07995    1.039495   1.000000
  1282.12315    1.026178   1.000000
  1282.16635    1.162044   1.000000
  1282.20984    1.007448   1.000000
  1282.25304    1.033767   1.000000
  1282.29653    1.111789   1.000000
  1282.33987    1.246300   1.000000
  1282.38322    1.058821   1.000000
  1282.42656    1.012098   1.000000
  1282.47005    0.995457   1.000000
  1282.51325    1.091497   1.000000
  1282.55616    1.106681   1.000000
  1282.59994    1.085482   1.000000
  1282.64314    1.141886   1.000000
  1282.68662    1.123111   1.000000
  1282.72997    0.992710   1.000000
  1282.77288    0.937611   1.000000
  1282.81666    1.091497   1.000000
  1282.85957    1.004668   1.000000
  1282.90334    0.985423   1.000000
  1282.94640    0.973694   1.000000
  1282.99003    0.985423   1.000000
  1283.03338    1.178210   1.000000
  1283.07629    1.085482   1.000000
  1283.12006    0.999131   1.000000
  1283.16298    1.100582   1.000000
  1283.20675    1.048148   1.000000
  1283.24966    1.080495   1.000000
  1283.29301    1.131417   1.000000
  1283.33650    1.043332   1.000000
  1283.37970    1.122077   1.000000
  1283.42290    1.002819   1.000000
  1283.46667    1.076521   1.000000
  1283.50958    1.062729   1.000000
  1283.55336    1.123111   1.000000
  1283.59656    1.027123   1.000000
  1283.63962    1.040453   1.000000
  1283.68325    1.000973   1.000000
  1283.72630    1.035673   1.000000
  1283.77008    1.128295   1.000000
  1283.81299    1.032815   1.000000
  1283.85605    0.974591   1.000000
  1283.89982    1.141886   1.000000
  1283.94274    1.043332   1.000000
  1283.98651    1.157771   1.000000
  1284.02957    1.108722   1.000000
  1284.07320    1.096535   1.000000
  1284.11626    1.079500   1.000000
  1284.15946    0.996374   1.000000
  1284.20323    0.999131   1.000000
  1284.24614    1.032815   1.000000
  1284.28992    1.035673   1.000000
  1284.33298    1.048148   1.000000
  1284.37618    1.105662   1.000000
  1284.41966    1.052986   1.000000
  1284.46286    1.060773   1.000000
  1284.50635    0.946286   1.000000
  1284.54955    1.085482   1.000000
  1284.59304    1.050080   1.000000
  1284.63624    0.887202   1.000000
  1284.67973    1.077513   1.000000
  1284.72307    0.985423   1.000000
  1284.76598    1.028070   1.000000
  1284.80976    1.084483   1.000000
  1284.85282    1.043332   1.000000
  1284.89573    1.083484   1.000000
  1284.93950    1.033767   1.000000
  1284.98270    1.040453   1.000000
  1285.02619    0.989971   1.000000
  1285.06954    0.935024   1.000000
  1285.11302    0.958567   1.000000
  1285.15622    1.053956   1.000000
  1285.19914    1.182558   1.000000
  1285.24291    1.133503   1.000000
  1285.28582    1.073551   1.000000
  1285.32960    1.086482   1.000000
  1285.37266    0.964767   1.000000
  1285.41643    0.949779   1.000000
  1285.45963    1.182558   1.000000
  1285.50254    1.049114   1.000000
  1285.54632    0.985423   1.000000
  1285.58923    0.989971   1.000000
  1285.63301    1.088485   1.000000
  1285.67606    1.041412   1.000000
  1285.71926    1.044293   1.000000
  1285.76275    1.024289   1.000000
  1285.80595    0.921346   1.000000
  1285.84973    1.022404   1.000000
  1285.89264    1.160974   1.000000
  1285.93598    1.185830   1.000000
  1285.97962    1.157771   1.000000
  1286.02267    1.052986   1.000000
  1286.06645    1.006520   1.000000
  1286.10936    0.955922   1.000000
  1286.15256    1.146100   1.000000
  1286.19634    1.201220   1.000000
  1286.23925    1.150330   1.000000
  1286.28302    1.059797   1.000000
  1286.32608    0.991796   1.000000
  1286.36928    1.055899   1.000000
  1286.41277    1.015834   1.000000
  1286.45597    1.013964   1.000000
  1286.49946    1.037582   1.000000
  1286.54266    1.123111   1.000000
  1286.58643    1.109743   1.000000
  1286.62949    1.004668   1.000000
  1286.67269    1.077513   1.000000
  1286.71618    1.194600   1.000000
  1286.75938    0.990883   1.000000
  1286.80286    1.139784   1.000000
  1286.84606    1.051048   1.000000
  1286.88970    1.030914   1.000000
  1286.93290    1.214570   1.000000
  1286.97581    1.097546   1.000000
  1287.01958    1.033767   1.000000
  1287.06250    1.072562   1.000000
  1287.10627    1.021463   1.000000
  1287.14947    1.101597   1.000000
  1287.19296    1.039495   1.000000
  1287.23630    1.138735   1.000000
  1287.27922    1.241717   1.000000
  1287.32299    1.051048   1.000000
  1287.36619    1.015834   1.000000
  1287.40968    1.150330   1.000000
  1287.45288    1.052986   1.000000
  1287.49594    0.988149   1.000000
  1287.53957    1.054927   1.000000
  1287.58262    1.054927   1.000000
  1287.62640    0.943675   1.000000
  1287.66931    0.977288   1.000000
  1287.71309    0.955042   1.000000
  1287.75600    1.096535   1.000000
  1287.79920    1.001896   1.000000
  1287.84283    0.981799   1.000000
  1287.88603    1.036627   1.000000
  1287.92981    1.126218   1.000000
  1287.97272    0.979090   1.000000
  1288.01650    0.941939   1.000000
  1288.05941    0.951530   1.000000
  1288.10275    0.886385   1.000000
  1288.14624    0.964767   1.000000
  1288.18944    1.061751   1.000000
  1288.23293    1.075530   1.000000
  1288.27613    0.941071   1.000000
  1288.31990    1.049114   1.000000
  1288.36282    1.054927   1.000000
  1288.40602    1.092503   1.000000
  1288.44950    1.074540   1.000000
  1288.49285    1.067634   1.000000
  1288.53634    1.082487   1.000000
  1288.57954    1.076521   1.000000
  1288.62245    1.117950   1.000000
  1288.66622    1.096535   1.000000
  1288.70914    1.039495   1.000000
  1288.75291    0.952407   1.000000
  1288.79626    0.955922   1.000000
  1288.83931    1.083484   1.000000
  1288.88280    1.001896   1.000000
  1288.92586    1.091497   1.000000
  1288.96963    1.000052   1.000000
  1289.01283    0.931585   1.000000
  1289.05632    0.999131   1.000000
  1289.09952    1.085482   1.000000
  1289.14243    1.002819   1.000000
  1289.18621    1.123111   1.000000
  1289.22926    0.995457   1.000000
  1289.27290    0.995457   1.000000
  1289.31624    1.074540   1.000000
  1289.35915    1.056872   1.000000
  1289.40293    1.131417   1.000000
  1289.44584    0.995457   1.000000
  1289.48962    1.129334   1.000000
  1289.53253    1.014898   1.000000
  1289.57587    1.000973   1.000000
  1289.61950    1.088485   1.000000
  1289.66256    0.923044   1.000000
  1289.70634    1.080495   1.000000
  1289.74925    1.031864   1.000000
  1289.79302    1.078506   1.000000
  1289.83594    0.979992   1.000000
  1289.87914    1.089488   1.000000
  1289.92291    0.978189   1.000000
  1289.96582    1.039495   1.000000
  1290.00960    0.971007   1.000000
  1290.05266    0.912058   1.000000
  1290.09629    1.042372   1.000000
  1290.13934    1.004668   1.000000
  1290.18254    1.017707   1.000000
  1290.22603    1.125181   1.000000
  1290.26923    1.081490   1.000000
  1290.31272    0.986331   1.000000
  1290.35592    1.091497   1.000000
  1290.39926    1.044293   1.000000
  1290.44275    0.950654   1.000000
  1290.48595    1.047183   1.000000
  1290.52944    1.068618   1.000000
  1290.57264    1.055899   1.000000
  1290.61613    1.152451   1.000000
  1290.65933    1.063708   1.000000
  1290.70253    1.100582   1.000000
  1290.74602    1.050080   1.000000
  1290.78936    0.978189   1.000000
  1290.83285    1.068618   1.000000
  1290.87590    1.104645   1.000000
  1290.91896    1.070588   1.000000
  1290.96274    1.064689   1.000000
  1291.00565    0.936748   1.000000
  1291.04942    1.026178   1.000000
  1291.09234    1.012098   1.000000
  1291.13611    1.120012   1.000000
  1291.17917    0.959450   1.000000
  1291.22237    1.013031   1.000000
  1291.26600    1.082487   1.000000
  1291.30906    1.085482   1.000000
  1291.35283    0.971007   1.000000
  1291.39574    1.013964   1.000000
  1291.43952    1.055899   1.000000
  1291.48243    1.152451   1.000000
  1291.52578    1.076521   1.000000
  1291.56941    1.087483   1.000000
  1291.61246    1.003743   1.000000
  1291.65624    1.002819   1.000000
  1291.69915    1.264802   1.000000
  1291.74235    1.026178   1.000000
  1291.78584    0.982704   1.000000
  1291.82904    1.104645   1.000000
  1291.87296    1.197906   1.000000
  1291.91602    1.113839   1.000000
  1291.95979    0.937611   1.000000
  1292.00270    1.070588   1.000000
  1292.04590    0.967437   1.000000
  1292.08939    1.067634   1.000000
  1292.13259    1.089488   1.000000
  1292.17622    1.055899   1.000000
  1292.21942    1.052017   1.000000
  1292.26234    1.055899   1.000000
  1292.30611    1.135593   1.000000
  1292.34931    1.013031   1.000000
  1292.39280    1.061751   1.000000
  1292.43600    1.012098   1.000000
  1292.47949    1.106681   1.000000
  1292.52283    1.069603   1.000000
  1292.56574    1.034719   1.000000
  1292.60952    0.973694   1.000000
  1292.65243    1.142938   1.000000
  1292.69621    1.059797   1.000000
  1292.73912    1.082487   1.000000
  1292.78290    1.126218   1.000000
  1292.82595    1.132459   1.000000
  1292.86958    1.120012   1.000000
  1292.91264    1.179295   1.000000
  1292.95584    1.116921   1.000000
  1292.99933    1.034719   1.000000
  1293.04253    1.086482   1.000000
  1293.08630    1.042372   1.000000
  1293.12922    1.096535   1.000000
  1293.17242    1.133503   1.000000
  1293.21590    1.115893   1.000000
  1293.25925    1.079500   1.000000
  1293.30302    1.164187   1.000000
  1293.34594    1.149271   1.000000
  1293.38914    1.019583   1.000000
  1293.43262    1.158838   1.000000
  1293.47582    1.048148   1.000000
  1293.51931    1.159905   1.000000
  1293.56266    1.035673   1.000000
  1293.60614    1.024289   1.000000
  1293.64934    0.967437   1.000000
  1293.69226    1.049114   1.000000
  1293.73603    1.052017   1.000000
  1293.77923    0.954163   1.000000
  1293.82272    1.005594   1.000000
  1293.86592    1.139784   1.000000
  1293.90898    1.028070   1.000000
  1293.95261    1.022404   1.000000
  1293.99595    1.007448   1.000000
  1294.03944    0.973694   1.000000
  1294.08264    1.080495   1.000000
  1294.12613    0.970114   1.000000
  1294.16933    1.200114   1.000000
  1294.21253    1.060773   1.000000
  1294.25602    1.118981   1.000000
  1294.29922    1.096535   1.000000
  1294.34285    0.982704   1.000000
  1294.38605    1.046219   1.000000
  1294.42896    1.010235   1.000000
  1294.47274    0.977288   1.000000
  1294.51565    1.075530   1.000000
  1294.55942    1.000052   1.000000
  1294.60262    1.007448   1.000000
  1294.64568    1.020522   1.000000
  1294.68946    1.008376   1.000000
  1294.73237    1.033767   1.000000
  1294.77614    1.105662   1.000000
  1294.81906    1.104645   1.000000
  1294.86226    1.000973   1.000000
  1294.90603    0.990883   1.000000
  1294.94909    0.965656   1.000000
  1294.99272    0.976388   1.000000
  1295.03578    1.094517   1.000000
  1295.07955    1.190207   1.000000
  1295.12246    1.081490   1.000000
  1295.16566    1.017707   1.000000
  1295.20915    1.225808   1.000000
  1295.25235    1.127256   1.000000
  1295.29584    1.095526   1.000000
  1295.33918    1.193500   1.000000
  1295.38282    1.140834   1.000000
  1295.42587    1.110766   1.000000
