  1044.36352    0.955863   1.000000
  1044.38485    1.013391   1.000000
  1044.40618    1.027993   1.000000
  1044.42752    1.026840   1.000000
  1044.44885    1.050829   1.000000
  1044.47018    0.987262   1.000000
  1044.49152    0.919194   1.000000
  1044.51285    0.990336   1.000000
  1044.53418    0.983254   1.000000
  1044.55552    0.969860   1.000000
  1044.57685    1.121257   1.000000
  1044.59818    0.969751   1.000000
  1044.61952    0.973429   1.000000
  1044.64085    0.933631   1.000000
  1044.66218    0.967006   1.000000
  1044.68352    1.002138   1.000000
  1044.70485    1.022943   1.000000
  1044.72618    1.018057   1.000000
  1044.74752    0.985999   1.000000
  1044.76885    1.050280   1.000000
  1044.79018    1.027114   1.000000
  1044.81152    1.051872   1.000000
  1044.83285    1.113627   1.000000
  1044.85418    1.064772   1.000000
  1044.87552    1.045065   1.000000
  1044.89685    0.988195   1.000000
  1044.91818    1.009439   1.000000
  1044.93952    1.014873   1.000000
  1044.96085    0.978918   1.000000
  1044.98218    0.948287   1.000000
  1045.00352    1.027444   1.000000
  1045.02485    0.991159   1.000000
  1045.04618    1.034800   1.000000
  1045.06752    1.056702   1.000000
  1045.08885    0.989567   1.000000
  1045.11018    1.024589   1.000000
  1045.13152    0.991818   1.000000
  1045.15285    0.972715   1.000000
  1045.17418    0.959431   1.000000
  1045.19552    1.045778   1.000000
  1045.21685    1.040509   1.000000
  1045.23818    1.006639   1.000000
  1045.25952    1.018002   1.000000
  1045.28085    0.976503   1.000000
  1045.30218    1.017508   1.000000
  1045.32352    1.046437   1.000000
  1045.34485    1.021351   1.000000
  1045.36618    1.006914   1.000000
  1045.38752    1.001424   1.000000
  1045.40885    1.047754   1.000000
  1045.43018    1.040893   1.000000
  1045.45152    0.945488   1.000000
  1045.47285    1.063180   1.000000
  1045.49418    1.006914   1.000000
  1045.51552    1.032659   1.000000
  1045.53685    0.976338   1.000000
  1045.55818    1.062686   1.000000
  1045.57952    0.968708   1.000000
  1045.60085    1.006804   1.000000
  1045.62218    1.002742   1.000000
  1045.64352    1.043747   1.000000
  1045.66485    0.993849   1.000000
  1045.68618    0.964700   1.000000
  1045.70752    1.072457   1.000000
  1045.72885    0.961681   1.000000
  1045.75018    0.968927   1.000000
  1045.77152    1.009603   1.000000
  1045.79285    1.044022   1.000000
  1045.81418    0.982815   1.000000
  1045.83552    0.997362   1.000000
  1045.85685    1.032329   1.000000
  1045.87818    0.997637   1.000000
  1045.89952    1.065320   1.000000
  1045.92085    0.998186   1.000000
  1045.94218    1.020802   1.000000
  1045.96352    1.037544   1.000000
  1045.98485    1.060270   1.000000
  1046.00618    0.964700   1.000000
  1046.02752    0.944006   1.000000
  1046.04885    0.981608   1.000000
  1046.07018    0.987372   1.000000
  1046.09152    1.064277   1.000000
  1046.11285    0.992147   1.000000
  1046.13418    0.978314   1.000000
  1046.15552    0.948726   1.000000
  1046.17685    0.984517   1.000000
  1046.19818    0.929074   1.000000
  1046.21952    0.995606   1.000000
  1046.24085    0.982431   1.000000
  1046.26218    1.037050   1.000000
  1046.28352    0.968049   1.000000
  1046.30485    1.051926   1.000000
  1046.32618    1.035458   1.000000
  1046.34752    1.003894   1.000000
  1046.36885    1.044132   1.000000
  1046.39018    1.023272   1.000000
  1046.41152    0.990061   1.000000
  1046.43285    0.991214   1.000000
  1046.45418    0.980729   1.000000
  1046.47552    0.991049   1.000000
  1046.49685    1.016520   1.000000
  1046.51818    0.937034   1.000000
  1046.53952    1.058294   1.000000
  1046.56085    1.000601   1.000000
  1046.58218    0.963822   1.000000
  1046.60352    1.020308   1.000000
  1046.62485    1.028652   1.000000
  1046.64618    0.994233   1.000000
  1046.66752    1.011086   1.000000
  1046.68885    1.022778   1.000000
  1046.71018    1.047480   1.000000
  1046.73152    1.057745   1.000000
  1046.75285    1.017892   1.000000
  1046.77418    1.014324   1.000000
  1046.79552    0.988744   1.000000
  1046.81685    1.033812   1.000000
  1046.83818    1.006914   1.000000
  1046.85952    0.988414   1.000000
  1046.88085    0.990555   1.000000
  1046.90218    1.016740   1.000000
  1046.92352    0.934509   1.000000
  1046.94485    1.013172   1.000000
  1046.96618    0.969531   1.000000
  1046.98752    0.950593   1.000000
  1047.00885    1.001095   1.000000
  1047.03018    0.937857   1.000000
  1047.05152    0.931490   1.000000
  1047.07285    0.970135   1.000000
  1047.09418    0.931435   1.000000
  1047.11552    0.995441   1.000000
  1047.13685    0.953941   1.000000
  1047.15818    0.986548   1.000000
  1047.17952    0.961242   1.000000
  1047.20085    1.003455   1.000000
  1047.22218    0.980126   1.000000
  1047.24352    0.977710   1.000000
  1047.26485    1.040179   1.000000
  1047.28618    0.997472   1.000000
  1047.30752    0.951526   1.000000
  1047.32885    0.997966   1.000000
  1047.35018    1.005322   1.000000
  1047.37152    1.024809   1.000000
  1047.39285    1.006090   1.000000
  1047.41418    1.056812   1.000000
  1047.43552    1.020363   1.000000
  1047.45685    0.930721   1.000000
  1047.47818    0.966512   1.000000
  1047.49952    0.956960   1.000000
  1047.52085    0.974526   1.000000
  1047.54218    0.935881   1.000000
  1047.56352    1.000766   1.000000
  1047.58485    1.004608   1.000000
  1047.60618    1.004443   1.000000
  1047.62752    0.979522   1.000000
  1047.64885    0.985505   1.000000
  1047.67018    1.002412   1.000000
  1047.69152    1.029694   1.000000
  1047.71285    0.950099   0.999863
  1047.73418    0.996154   0.999472
  1047.75552    0.972660   0.998826
  1047.77685    0.970190   0.997948
  1047.79818    1.020582   0.996847
  1047.81952    1.004498   0.995572
  1047.84085    1.000107   0.994102
  1047.86218    1.010592   0.992469
  1047.88352    1.000985   0.990638
  1047.90485    0.965304   0.988699
  1047.92618    0.899322   0.986513
  1047.94752    0.980510   0.984273
  1047.96885    0.955863   0.981890
  1047.99018    0.926659   0.979342
  1048.01152    0.985780   0.976646
  1048.03285    0.961132   0.973828
  1048.05418    0.972770   0.970931
  1048.07552    0.981608   0.967881
  1048.09685    0.957894   0.964746
  1048.11818    0.964536   0.961463
  1048.13952    0.950209   0.958041
  1048.16085    0.931654   0.954525
  1048.18218    0.919688   0.950931
  1048.20352    0.954655   0.947308
  1048.22485    0.933411   0.943452
  1048.24618    0.968104   0.939592
  1048.26752    0.952679   0.935574
  1048.28885    0.981663   0.931450
  1048.31018    0.940328   0.927295
  1048.33152    0.918260   0.923035
  1048.35285    0.941590   0.918674
  1048.37418    0.908654   0.914238
  1048.39552    0.888783   0.909748
  1048.41685    0.956357   0.905116
  1048.43818    0.995660   0.900445
  1048.45952    0.999558   0.895695
  1048.48085    0.886038   0.890806
  1048.50218    0.813578   0.885963
  1048.52352    0.829717   0.880970
  1048.54485    0.865288   0.875874
  1048.56618    0.869186   0.870766
  1048.58752    0.884336   0.865571
  1048.60885    0.878902   0.860322
  1048.63018    0.819287   0.855021
  1048.65152    0.859085   0.849590
  1048.67285    0.837018   0.844201
  1048.69418    0.812700   0.838693
  1048.71552    0.840257   0.833108
  1048.73685    0.811383   0.827541
  1048.75818    0.793652   0.821873
  1048.77952    0.806442   0.816122
  1048.80085    0.815774   0.810422
  1048.82218    0.768072   0.804570
  1048.84352    0.817476   0.798662
  1048.86485    0.809791   0.792766
  1048.88618    0.774055   0.786951
  1048.90752    0.707524   0.780855
  1048.92885    0.785143   0.774800
  1048.95018    0.765052   0.768806
  1048.97152    0.773067   0.762669
  1048.99285    0.715703   0.756555
  1049.01418    0.771255   0.750413
  1049.03552    0.774384   0.744223
  1049.05685    0.732720   0.738101
  1049.07818    0.693087   0.731881
  1049.09952    0.709665   0.725620
  1049.12085    0.704944   0.719339
  1049.14218    0.708567   0.713085
  1049.16352    0.683700   0.706826
  1049.18485    0.679857   0.700598
  1049.20618    0.692593   0.694366
  1049.22752    0.654003   0.688126
  1049.24885    0.654387   0.681940
  1049.27018    0.693691   0.675630
  1049.29152    0.642091   0.669458
  1049.31285    0.673819   0.663218
  1049.33418    0.661194   0.657084
  1049.35552    0.622658   0.650947
  1049.37685    0.628038   0.644860
  1049.39818    0.633911   0.638863
  1049.41952    0.613162   0.632928
  1049.44085    0.640389   0.627289
  1049.46218    0.600646   0.621732
  1049.48352    0.624415   0.616189
  1049.50485    0.608111   0.610856
  1049.52618    0.595925   0.606120
  1049.54752    0.634076   0.601586
  1049.56885    0.583245   0.597806
  1049.59018    0.613546   0.594637
  1049.61152    0.586868   0.592092
  1049.63285    0.593455   0.590029
  1049.65418    0.589063   0.587971
  1049.67552    0.607178   0.586191
  1049.69685    0.579457   0.584472
  1049.71818    0.597407   0.583012
  1049.73952    0.561946   0.581800
  1049.76085    0.572760   0.580232
  1049.78218    0.521160   0.580758
  1049.80352    0.585111   0.582448
  1049.82485    0.573748   0.584910
  1049.84618    0.561781   0.588289
  1049.86752    0.563099   0.592035
  1049.88885    0.584672   0.596262
  1049.91018    0.575450   0.600743
  1049.93152    0.632814   0.605371
  1049.95285    0.611295   0.610210
  1049.97418    0.593400   0.615196
  1049.99552    0.618431   0.620573
  1050.01685    0.641322   0.625996
  1050.03818    0.637864   0.631456
  1050.05952    0.639620   0.637008
  1050.08085    0.659272   0.642675
  1050.10218    0.638907   0.648369
  1050.12352    0.650434   0.654110
  1050.14485    0.731567   0.659984
  1050.16618    0.651807   0.665881
  1050.18752    0.751494   0.671702
  1050.20885    0.684469   0.677639
  1050.23018    0.644286   0.683617
  1050.25152    0.766754   0.689627
  1050.27285    0.737551   0.695656
  1050.29418    0.729756   0.701621
  1050.31552    0.706206   0.707681
  1050.33685    0.701925   0.713718
  1050.35818    0.731073   0.719813
  1050.37952    0.768950   0.725892
  1050.40085    0.740460   0.731965
  1050.42218    0.617883   0.737912
  1050.44352    0.725035   0.744089
  1050.46485    0.861171   0.750222
  1050.48618    0.779819   0.756238
  1050.50752    0.762582   0.762248
  1050.52885    0.749627   0.768322
  1050.55018    0.789974   0.774374
  1050.57152    0.751274   0.780375
  1050.59285    0.737441   0.786381
  1050.61418    0.781466   0.792347
  1050.63552    0.825271   0.798295
  1050.65685    0.800733   0.804189
  1050.67818    0.792499   0.810101
  1050.69952    0.756324   0.815912
  1050.72085    0.791840   0.821760
  1050.74218    0.757532   0.827542
  1050.76352    0.777788   0.833279
  1050.78485    0.810175   0.839037
  1050.80618    0.846405   0.844755
  1050.82752    0.853815   0.850268
  1050.84885    0.851016   0.855901
  1050.87018    0.887081   0.861451
  1050.89152    0.885434   0.866916
  1050.91285    0.852608   0.872329
  1050.93418    0.873467   0.877714
  1050.95552    0.834273   0.882990
  1050.97685    0.865892   0.888160
  1050.99818    0.919633   0.893440
  1051.01952    0.942688   0.898466
  1051.04085    0.839159   0.903556
  1051.06218    0.895480   0.908478
  1051.08352    0.849643   0.913432
  1051.10485    0.897730   0.918209
  1051.12618    0.945103   0.923004
  1051.14752    0.908819   0.927566
  1051.16885    0.898609   0.932204
  1051.19018    0.940986   0.936643
  1051.21152    0.940602   0.941051
  1051.23285    0.905251   0.945368
  1051.25418    0.938406   0.949483
  1051.27552    0.973099   0.953597
  1051.29685    0.947574   0.957551
  1051.31818    0.937089   0.961497
  1051.33952    0.986383   0.965135
  1051.36085    0.988250   0.968802
  1051.38218    0.961791   0.972343
  1051.40352    0.977052   0.975667
  1051.42485    1.014709   0.978922
  1051.44618    0.951746   0.981928
  1051.46752    0.971288   0.984884
  1051.48885    0.945213   0.987646
  1051.51018    0.950428   0.990192
  1051.53152    0.982431   0.992548
  1051.55285    0.939943   0.994653
  1051.57418    0.932533   0.996554
  1051.59552    1.045504   0.998154
  1051.61685    0.970684   0.999369
  1051.63818    1.027663   1.000000
  1051.65952    0.947519   1.000000
  1051.68085    0.999174   1.000000
  1051.70218    1.003620   1.000000
  1051.72352    1.035294   1.000000
  1051.74485    0.995166   1.000000
  1051.76618    0.996703   1.000000
  1051.78752    0.950867   1.000000
  1051.80885    0.952459   1.000000
  1051.83018    0.955149   1.000000
  1051.85152    0.926604   1.000000
  1051.87285    0.970025   1.000000
  1051.89418    0.917876   1.000000
  1051.91552    0.950209   1.000000
  1051.93685    0.889880   1.000000
  1051.95818    0.922048   1.000000
  1051.97952    0.928526   1.000000
  1052.00085    0.953612   1.000000
  1052.02218    0.939449   1.000000
  1052.04352    1.034415   1.000000
  1052.06485    0.966732   1.000000
  1052.08618    1.036666   1.000000
  1052.10752    1.011415   1.000000
  1052.12885    1.014873   1.000000
  1052.15018    0.986658   1.000000
  1052.17152    0.989018   1.000000
  1052.19285    0.971617   1.000000
  1052.21418    0.995715   1.000000
  1052.23552    0.963712   1.000000
  1052.25685    0.973593   1.000000
  1052.27818    0.929569   1.000000
  1052.29952    0.951855   1.000000
  1052.32085    0.978204   1.000000
  1052.34218    0.983200   1.000000
  1052.36352    0.992147   1.000000
  1052.38485    1.001973   1.000000
  1052.40618    0.989128   1.000000
  1052.42752    0.984846   1.000000
  1052.44885    0.982376   1.000000
  1052.47018    1.016136   1.000000
  1052.49152    1.015642   1.000000
  1052.51285    1.004004   1.000000
  1052.53418    0.983858   1.000000
  1052.55552    1.025962   1.000000
  1052.57685    1.007737   1.000000
  1052.59818    0.986603   1.000000
  1052.61952    0.970080   1.000000
  1052.64085    0.989348   1.000000
  1052.66218    0.982212   1.000000
  1052.68352    0.996209   1.000000
  1052.70485    1.007463   1.000000
  1052.72618    1.032274   1.000000
  1052.74752    0.991379   1.000000
  1052.76885    1.055110   1.000000
  1052.79018    1.020143   1.000000
  1052.81152    1.006914   1.000000
  1052.83285    0.957729   1.000000
  1052.85418    0.962450   1.000000
  1052.87552    1.046876   1.000000
  1052.89685    1.048633   1.000000
  1052.91818    1.033757   1.000000
  1052.93952    0.994233   1.000000
  1052.96085    0.997197   1.000000
  1052.98218    1.027114   1.000000
  1053.00352    0.999503   1.000000
  1053.02485    0.986109   1.000000
  1053.04618    1.025742   1.000000
  1053.06752    1.048688   1.000000
  1053.08885    1.078166   1.000000
  1053.11018    1.021845   1.000000
  1053.13152    1.065485   1.000000
  1053.15285    1.009549   1.000000
  1053.17418    1.017618   1.000000
  1053.19552    1.051268   1.000000
  1053.21685    1.135749   1.000000
  1053.23818    1.058898   1.000000
  1053.25952    1.048468   1.000000
  1053.28085    1.158694   1.000000
  1053.30218    1.077672   1.000000
  1053.32352    1.024919   1.000000
  1053.34485    0.977381   1.000000
  1053.36618    1.010701   1.000000
  1053.38752    0.990830   1.000000
  1053.40885    0.957564   1.000000
  1053.43018    1.051597   1.000000
  1053.45152    1.017673   1.000000
  1053.47285    1.058294   1.000000
  1053.49418    1.057251   1.000000
  1053.51552    1.033812   1.000000
  1053.53685    1.037599   1.000000
  1053.55818    1.041167   1.000000
  1053.57952    1.145575   1.000000
  1053.60085    0.974362   1.000000
  1053.62218    1.014818   1.000000
  1053.64352    1.072621   1.000000
  1053.66485    1.019210   1.000000
  1053.68618    1.019704   1.000000
  1053.70752    1.009549   1.000000
  1053.72885    1.011634   1.000000
  1053.75018    0.948672   1.000000
  1053.77152    0.963218   1.000000
  1053.79285    1.033976   1.000000
  1053.81418    0.975899   1.000000
  1053.83552    0.983968   1.000000
  1053.85685    0.968104   1.000000
  1053.87818    0.976228   1.000000
  1053.89952    1.034470   1.000000
  1053.92085    0.935826   1.000000
  1053.94218    1.007682   1.000000
  1053.96352    0.972605   1.000000
  1053.98485    1.022009   1.000000
  1054.00618    0.990720   1.000000
  1054.02752    0.952679   1.000000
  1054.04885    0.996264   1.000000
  1054.07018    0.961132   1.000000
  1054.09152    1.009329   1.000000
  1054.11285    1.095896   1.000000
  1054.13418    1.008615   1.000000
  1054.15552    0.987591   1.000000
  1054.17685    0.959321   1.000000
  1054.19818    0.953667   1.000000
  1054.21952    0.907995   1.000000
  1054.24085    0.948507   1.000000
  1054.26218    0.976832   1.000000
  1054.28352    0.957674   1.000000
  1054.30485    0.979906   1.000000
  1054.32618    0.985560   1.000000
  1054.34752    1.017508   1.000000
  1054.36885    1.063838   1.000000
  1054.39018    1.098421   1.000000
  1054.41152    0.993849   1.000000
  1054.43285    1.031616   1.000000
  1054.45418    1.023052   1.000000
  1054.47552    1.031067   1.000000
  1054.49685    0.961297   1.000000
  1054.51818    1.018496   1.000000
  1054.53952    1.026291   1.000000
  1054.56085    0.985999   1.000000
  1054.58218    1.085082   1.000000
  1054.60352    1.040234   1.000000
  1054.62485    0.934399   1.000000
  1054.64618    1.089309   1.000000
  1054.66752    1.000052   1.000000
  1054.68885    0.988524   1.000000
  1054.71018    1.037270   1.000000
  1054.73152    1.028212   1.000000
  1054.75285    0.990171   1.000000
  1054.77418    0.999723   1.000000
  1054.79552    1.042155   1.000000
  1054.81685    1.052146   1.000000
  1054.83818    0.973703   1.000000
  1054.85952    0.992971   1.000000
  1054.88085    1.006090   1.000000
  1054.90218    1.029310   1.000000
  1054.92352    1.026620   1.000000
  1054.94485    1.085247   1.000000
  1054.96618    1.012019   1.000000
  1054.98752    1.009054   1.000000
  1055.00885    1.004059   1.000000
  1055.03018    0.988799   1.000000
  1055.05152    1.039905   1.000000
  1055.07285    1.005926   1.000000
  1055.09418    1.014599   1.000000
  1055.11552    0.976393   1.000000
  1055.13685    0.974801   1.000000
  1055.15818    0.961572   1.000000
  1055.17952    0.983200   1.000000
  1055.20085    1.071578   1.000000
  1055.22218    0.993245   1.000000
  1055.24352    0.978040   1.000000
  1055.26485    0.929514   1.000000
  1055.28618    1.004937   1.000000
  1055.30752    0.997417   1.000000
  1055.32885    0.998295   1.000000
  1055.35018    1.030518   1.000000
  1055.37152    0.993410   1.000000
  1055.39285    0.962450   1.000000
  1055.41418    1.036666   1.000000
  1055.43552    0.985450   1.000000
