   922.41660    0.958882   1.000000
   922.45020    0.959546   1.000000
   922.46640    0.998116   1.000000
   922.48320    0.994963   1.000000
   922.50000    0.949309   1.000000
   922.53360    0.982232   1.000000
   922.54980    0.992174   1.000000
   922.56660    0.915517   1.000000
   922.58340    0.974757   1.000000
   922.61640    0.974375   1.000000
   922.63320    0.983218   1.000000
   922.65000    0.975081   1.000000
   922.68360    1.006192   1.000000
   922.69980    0.999387   1.000000
   922.71660    1.018273   1.000000
   922.73340    1.021899   1.000000
   922.76640    0.937710   1.000000
   922.78320    1.034051   1.000000
   922.80000    1.001197   1.000000
   922.83360    0.923800   1.000000
   922.84980    0.964426   1.000000
   922.86660    0.954864   1.000000
   922.88340    1.029926   1.000000
   922.91640    1.022426   1.000000
   922.93320    1.060649   1.000000
   922.95000    1.026086   1.000000
   922.98360    1.011028   1.000000
   922.99980    1.033223   1.000000
   923.01660    1.017807   1.000000
   923.03340    0.947856   1.000000
   923.06640    0.979355   1.000000
   923.08320    1.040698   1.000000
   923.10000    0.984009   1.000000
   923.11680    1.003156   1.000000
   923.14980    1.031352   1.000000
   923.16660    0.981423   1.000000
   923.18340    1.012454   1.000000
   923.21640    0.978639   1.000000
   923.23320    0.978335   1.000000
   923.25000    0.954319   1.000000
   923.26680    0.943192   1.000000
   923.29980    0.981105   1.000000
   923.31660    0.982333   1.000000
   923.33340    0.949811   1.000000
   923.36640    0.990837   1.000000
   923.38320    1.032852   1.000000
   923.40000    1.005012   1.000000
   923.41680    1.002774   1.000000
   923.44980    0.972552   1.000000
   923.46660    1.005466   1.000000
   923.48340    1.003631   1.000000
   923.51640    0.966590   1.000000
   923.53320    1.017637   1.000000
   923.55000    0.991834   1.000000
   923.56680    1.005527   1.000000
   923.59980    1.039081   1.000000
   923.61660    1.026897   1.000000
   923.63340    1.046264   1.000000
   923.65020    1.010863   1.000000
   923.68320    1.006940   1.000000
   923.70000    1.000978   1.000000
   923.71680    0.950146   1.000000
   923.74980    0.999033   1.000000
   923.76660    0.981587   1.000000
   923.78340    1.036042   1.000000
   923.80020    1.037764   1.000000
   923.83320    1.041074   1.000000
   923.85000    1.048785   1.000000
   923.86680    1.010277   1.000000
   923.89980    1.009717   1.000000
   923.91660    0.994922   1.000000
   923.93340    0.995182   1.000000
   923.95020    0.992833   1.000000
   923.98320    1.001492   1.000000
   924.00000    1.024911   1.000000
   924.01680    1.025021   1.000000
   924.04980    0.975707   1.000000
   924.06660    1.045318   1.000000
   924.08340    0.980115   1.000000
   924.10020    1.007914   1.000000
   924.13320    0.997667   1.000000
   924.15000    1.027895   1.000000
   924.16680    0.994692   1.000000
   924.18360    0.956833   1.000000
   924.21660    0.990487   1.000000
   924.23340    0.986670   1.000000
   924.25020    1.004878   1.000000
   924.28320    1.009518   1.000000
   924.30000    0.997087   1.000000
   924.31680    1.005737   1.000000
   924.33360    0.986935   1.000000
   924.36660    0.970831   1.000000
   924.38340    0.974118   1.000000
   924.40020    1.004660   1.000000
   924.43320    1.007998   1.000000
   924.45000    1.004147   1.000000
   924.46680    0.979930   1.000000
   924.48360    0.958356   1.000000
   924.51660    1.052524   1.000000
   924.53340    1.012849   1.000000
   924.55020    1.028082   1.000000
   924.58320    0.956124   1.000000
   924.60000    1.019782   1.000000
   924.61680    1.040867   1.000000
   924.63360    1.057580   1.000000
   924.66660    1.029719   1.000000
   924.68340    1.034096   1.000000
   924.70020    1.006202   1.000000
   924.71640    1.021122   1.000000
   924.75000    1.020587   1.000000
   924.76680    0.973717   1.000000
   924.78360    0.981072   1.000000
   924.81660    1.036972   1.000000
   924.83340    1.008361   1.000000
   924.85020    1.006001   1.000000
   924.86640    1.011471   1.000000
   924.90000    0.982512   1.000000
   924.91680    1.013198   1.000000
   924.93360    1.029709   1.000000
   924.96660    1.025782   1.000000
   924.98340    0.980541   1.000000
   925.00020    0.984419   1.000000
   925.01640    0.999311   1.000000
   925.05000    1.024446   1.000000
   925.06680    1.032705   1.000000
   925.08360    1.024248   1.000000
   925.11660    1.001049   1.000000
   925.13340    1.055973   1.000000
   925.15020    1.001825   1.000000
   925.16640    0.972702   1.000000
   925.20000    0.982422   1.000000
   925.21680    1.020967   1.000000
   925.23360    0.992079   1.000000
   925.24980    0.980252   1.000000
   925.28340    0.970098   1.000000
   925.30020    1.014811   1.000000
   925.31640    0.971017   1.000000
   925.35000    1.013495   1.000000
   925.36680    1.051335   1.000000
   925.38360    1.002887   1.000000
   925.39980    1.011557   1.000000
   925.43340    0.997393   1.000000
   925.45020    1.028517   1.000000
   925.46640    1.033595   1.000000
   925.50000    1.042575   0.999994
   925.51680    0.978338   0.999987
   925.53360    0.949388   0.999976
   925.54980    0.991098   0.999961
   925.58340    0.998777   0.999909
   925.60020    0.937342   0.999870
   925.61640    1.006000   0.999823
   925.65000    1.052097   0.999692
   925.66680    1.006770   0.999607
   925.68360    1.023346   0.999506
   925.69980    1.008971   0.999394
   925.73340    1.004850   0.999107
   925.75020    1.011265   0.998934
   925.76640    1.067314   0.998747
   925.78320    0.968250   0.998530
   925.81680    1.030047   0.998022
   925.83360    0.953239   0.997728
   925.84980    0.976369   0.997418
   925.88340    1.001126   0.996687
   925.90020    0.960308   0.996273
   925.91640    1.005318   0.995843
   925.93320    1.013107   0.995362
   925.96680    0.978610   0.994292
   925.98360    0.987275   0.993700
   925.99980    1.042055   0.993092
   926.03340    0.973213   0.991708
   926.05020    0.966867   0.990952
   926.06640    0.949771   0.990181
   926.08320    0.918134   0.989336
   926.11680    0.971961   0.987507
   926.13360    0.965817   0.986519
   926.14980    1.025959   0.985520
   926.18340    0.950092   0.983296
   926.20020    0.937365   0.982105
   926.21640    0.955288   0.980906
   926.23320    0.961082   0.979609
   926.26680    1.018273   0.976848
   926.28360    0.941140   0.975383
   926.29980    0.957747   0.973915
   926.31660    0.988448   0.972336
   926.35020    0.961277   0.968999
   926.36640    0.926699   0.967305
   926.38320    0.905616   0.965487
   926.41680    0.933420   0.961669
   926.43360    0.970672   0.959666
   926.44980    0.965423   0.957676
   926.46660    0.947485   0.955550
   926.50020    0.980532   0.951108
   926.51640    0.912674   0.948875
   926.53320    0.949499   0.946497
   926.56680    0.930388   0.941551
   926.58360    1.011181   0.938982
   926.59980    0.947599   0.936445
   926.61660    0.927559   0.933751
   926.65020    0.914370   0.928176
   926.66640    0.913463   0.925399
   926.68320    0.920750   0.922458
   926.71680    0.926903   0.916395
   926.73360    0.886181   0.913274
   926.74980    0.906165   0.910209
   926.76660    0.867193   0.906974
   926.80020    0.877472   0.900336
   926.81640    0.855948   0.897058
   926.83320    0.847322   0.893609
   926.85000    0.852808   0.890109
   926.88360    0.812353   0.882964
   926.89980    0.864552   0.879451
   926.91660    0.848941   0.875763
   926.95020    0.816513   0.868252
   926.96640    0.809488   0.864567
   926.98320    0.871934   0.860704
   927.00000    0.838661   0.856799
   927.03360    0.820586   0.848864
   927.04980    0.830913   0.844981
   927.06660    0.888394   0.840916
   927.10020    0.860901   0.832667
   927.11640    0.845739   0.828637
   927.13320    0.846770   0.824420
   927.15000    0.856222   0.820167
   927.18360    0.773931   0.811553
   927.19980    0.791593   0.807350
   927.21660    0.785478   0.802958
   927.25020    0.768172   0.794072
   927.26640    0.780191   0.789741
   927.28320    0.739580   0.785218
   927.30000    0.745266   0.780664
   927.33360    0.788631   0.771461
   927.34980    0.761057   0.766981
   927.36660    0.725844   0.762306
   927.38340    0.780154   0.757601
   927.41640    0.797692   0.748277
   927.43320    0.747677   0.743489
   927.45000    0.753741   0.738674
   927.48360    0.727845   0.728963
   927.49980    0.765854   0.724244
   927.51660    0.782771   0.719325
   927.53340    0.754771   0.714381
   927.56640    0.731863   0.704599
   927.58320    0.749660   0.699584
   927.60000    0.736044   0.694546
   927.63360    0.689402   0.684402
   927.64980    0.679306   0.679480
   927.66660    0.706695   0.674354
   927.68340    0.693734   0.669208
   927.71640    0.670542   0.659040
   927.73320    0.695040   0.653835
   927.75000    0.718503   0.648610
   927.78360    0.681201   0.638105
   927.79980    0.676822   0.633014
   927.81660    0.642490   0.627719
   927.83340    0.673472   0.622405
   927.86640    0.694952   0.611922
   927.88320    0.647767   0.606561
   927.90000    0.608435   0.601186
   927.91680    0.625217   0.595795
   927.94980    0.608083   0.585166
   927.96660    0.568344   0.579735
   927.98340    0.586594   0.574291
   928.01640    0.565129   0.563560
   928.03320    0.561600   0.558080
   928.05000    0.533771   0.552589
   928.06680    0.520324   0.547088
   928.09980    0.538313   0.536252
   928.11660    0.542282   0.530721
   928.13340    0.517862   0.525181
   928.16640    0.502787   0.514276
   928.18320    0.482741   0.508713
   928.20000    0.478947   0.503143
   928.21680    0.487166   0.497567
   928.24980    0.514848   0.486596
   928.26660    0.492655   0.481003
   928.28340    0.473418   0.475405
   928.31640    0.463608   0.464399
   928.33320    0.476037   0.458791
   928.35000    0.481433   0.453180
   928.36680    0.441441   0.447568
   928.39980    0.483636   0.436539
   928.41660    0.445195   0.430924
   928.43340    0.444495   0.425308
   928.45020    0.415253   0.419693
   928.48320    0.405795   0.408668
   928.50000    0.409530   0.403058
   928.51680    0.375643   0.397451
   928.54980    0.382269   0.386447
   928.56660    0.375877   0.380852
   928.58340    0.348951   0.375262
   928.60020    0.358328   0.369678
   928.63320    0.369909   0.358729
   928.65000    0.355521   0.353166
   928.66680    0.322484   0.347611
   928.69980    0.335820   0.336727
   928.71660    0.306909   0.331201
   928.73340    0.315544   0.325686
   928.75020    0.307787   0.320184
   928.78320    0.321241   0.309412
   928.80000    0.300259   0.303948
   928.81680    0.260198   0.298500
   928.84980    0.247915   0.287845
   928.86660    0.241202   0.282446
   928.88340    0.237207   0.277065
   928.90020    0.224664   0.271703
   928.93320    0.201484   0.261231
   928.95000    0.213720   0.255932
   928.96680    0.223603   0.250657
   928.98360    0.189568   0.245406
   929.01660    0.186831   0.235166
   929.03340    0.195499   0.229993
   929.05020    0.194286   0.224849
   929.08320    0.237641   0.214836
   929.10000    0.187234   0.209786
   929.11680    0.215864   0.204772
   929.13360    0.195286   0.199794
   929.16660    0.210364   0.190128
   929.18340    0.186942   0.185269
   929.20020    0.188103   0.180453
   929.23320    0.173438   0.171133
   929.25000    0.160791   0.166463
   929.26680    0.160471   0.161846
   929.28360    0.133161   0.157284
   929.31660    0.137602   0.148491
   929.33340    0.100721   0.144104
   929.35020    0.147053   0.139778
   929.38320    0.101969   0.131466
   929.40000    0.134019   0.127332
   929.41680    0.152467   0.123265
   929.43360    0.137806   0.119266
   929.46660    0.118715   0.111615
   929.48340    0.097644   0.107825
   929.50020    0.082377   0.104107
   929.51640    0.041520   0.100591
   929.55000    0.049640   0.093519
   929.56680    0.047022   0.090095
   929.58360    0.049919   0.086748
   929.61660    0.030227   0.080396
   929.63340    0.039833   0.077278
   929.65020    0.010812   0.074237
   929.66640    0.013659   0.071380
   929.70000    0.023241   0.065689
   929.71680    0.019099   0.062964
   929.73360    0.014021   0.060320
   929.76660    0.010009   0.055363
   929.78340    0.004750   0.052963
   929.80020    0.008234   0.050646
   929.81640    0.005225   0.048493
   929.85000    0.005254   0.044287
   929.86680    0.004504   0.042322
   929.88360    0.006428   0.040452
   929.91660    0.000000   0.037069
   929.93340    0.006696   0.035500
   929.95020    0.005119   0.034036
   929.96640    0.008816   0.032727
   930.00000    0.008945   0.030337
   930.01680    0.001598   0.029310
   930.03360    0.008156   0.028397
   930.04980    0.009248   0.027625
   930.08340    0.002414   0.026371
   930.10020    0.009127   0.025920
   930.11640    0.003637   0.025597
   930.15000    0.005867   0.025284
   930.16680    0.007078   0.025307
   930.18360    0.003080   0.025451
   930.19980    0.013648   0.025704
   930.23340    0.007667   0.026588
   930.25020    0.011795   0.027210
   930.26640    0.006012   0.027924
   930.30000    0.014236   0.029760
   930.31680    0.009690   0.030856
   930.33360    0.023523   0.032069
   930.34980    0.014086   0.033350
   930.38340    0.019210   0.036348
   930.40020    0.023051   0.038018
   930.41640    0.020357   0.039735
   930.45000    0.034641   0.043624
   930.46680    0.037170   0.045731
   930.48360    0.057872   0.047945
   930.49980    0.044105   0.050179
   930.53340    0.055143   0.055115
   930.55020    0.050077   0.057732
   930.56640    0.054375   0.060347
   930.58320    0.058720   0.063153
   930.61680    0.052693   0.069042
   930.63360    0.067473   0.072124
   930.64980    0.064830   0.075181
   930.68340    0.067577   0.081786
   930.70020    0.079587   0.085220
   930.71640    0.061613   0.088614
   930.73320    0.056427   0.092219
   930.76680    0.087641   0.099682
   930.78360    0.079832   0.103539
   930.79980    0.102934   0.107337
   930.83340    0.089240   0.115456
   930.85020    0.093692   0.119635
   930.86640    0.092332   0.123739
   930.88320    0.101856   0.128071
   930.91680    0.085466   0.136962
   930.93360    0.099907   0.141518
   930.94980    0.108578   0.145979
   930.98340    0.111967   0.155438
   931.00020    0.142594   0.160269
   931.01640    0.129891   0.164988
   931.03320    0.126753   0.169945
   931.06680    0.143050   0.180039
   931.08360    0.144549   0.185173
   931.09980    0.149711   0.190175
   931.11660    0.138242   0.195414
   931.15020    0.140224   0.206038
   931.16640    0.184928   0.211224
   931.18320    0.187941   0.216643
   931.21680    0.227121   0.227591
   931.23360    0.238744   0.233113
   931.24980    0.248304   0.238464
   931.26660    0.233540   0.244040
   931.30020    0.209316   0.255264
   931.31640    0.228256   0.260706
   931.33320    0.239053   0.266369
   931.36680    0.261557   0.277748
   931.38360    0.258199   0.283461
   931.39980    0.309045   0.288984
   931.41660    0.306257   0.294725
   931.45020    0.279630   0.306242
   931.46640    0.274648   0.311809
   931.48320    0.278434   0.317592
   931.51680    0.290950   0.329182
   931.53360    0.303062   0.334987
   931.54980    0.300492   0.340590
   931.56660    0.313876   0.346405
   931.60020    0.343295   0.358048
   931.61640    0.331475   0.363665
   931.63320    0.389782   0.369492
   931.65000    0.331297   0.375320
   931.68360    0.382415   0.386977
   931.69980    0.357790   0.392596
   931.71660    0.388309   0.398422
   931.75020    0.393759   0.410068
   931.76640    0.394019   0.415678
   931.78320    0.388320   0.421493
   931.80000    0.395244   0.427302
   931.83360    0.424798   0.438906
   931.84980    0.434502   0.444493
   931.86660    0.414413   0.450279
   931.90020    0.467150   0.461831
   931.91640    0.456926   0.467388
   931.93320    0.488765   0.473144
   931.95000    0.496803   0.478889
   931.98360    0.478992   0.490351
   931.99980    0.464164   0.495863
   932.01660    0.495953   0.501567
   932.05020    0.475720   0.512940
   932.06640    0.497876   0.518406
   932.08320    0.483159   0.524062
   932.10000    0.524562   0.529704
   932.13360    0.562844   0.540946
   932.14980    0.544412   0.546346
   932.16660    0.523652   0.551930
   932.18340    0.563886   0.557499
   932.21640    0.575343   0.568390
   932.23320    0.547620   0.573910
   932.25000    0.589209   0.579412
   932.28360    0.575551   0.590363
   932.29980    0.578774   0.595617
   932.31660    0.621379   0.601046
   932.33340    0.633946   0.606456
   932.36640    0.663228   0.617025
   932.38320    0.649346   0.622376
   932.40000    0.660225   0.627705
   932.43360    0.617523   0.638299
   932.44980    0.606630   0.643375
   932.46660    0.651321   0.648617
   932.48340    0.652685   0.653836
   932.51640    0.635336   0.664019
   932.53320    0.652542   0.669167
   932.55000    0.700707   0.674291
   932.58360    0.656773   0.684464
   932.59980    0.673965   0.689332
   932.61660    0.665061   0.694355
   932.63340    0.726180   0.699351
   932.66640    0.725847   0.709087
   932.68320    0.725018   0.714002
   932.70000    0.704159   0.718890
   932.71680    0.735098   0.723749
   932.74980    0.769497   0.733209
   932.76660    0.765043   0.737981
   932.78340    0.734885   0.742724
   932.81640    0.767266   0.751950
   932.83320    0.759653   0.756601
   932.85000    0.754051   0.761221
   932.86680    0.799157   0.765808
   932.89980    0.795542   0.774725
   932.91660    0.809198   0.779215
   932.93340    0.814122   0.783672
   932.96640    0.825058   0.792327
   932.98320    0.795392   0.796682
   933.00000    0.853197   0.801002
   933.01680    0.840215   0.805286
   933.04980    0.816523   0.813596
   933.06660    0.823456   0.817771
   933.08340    0.881314   0.821910
   933.11640    0.864274   0.829929
   933.13320    0.841812   0.833955
   933.15000    0.891804   0.837941
   933.16680    0.888110   0.841888
   933.19980    0.864260   0.849524
   933.21660    0.831280   0.853352
   933.23340    0.888654   0.857138
   933.25020    0.890138   0.860882
   933.28320    0.886233   0.868113
   933.30000    0.905847   0.871730
   933.31680    0.918856   0.875304
   933.34980    0.891058   0.882194
   933.36660    0.877444   0.885635
   933.38340    0.883426   0.889030
   933.40020    0.965026   0.892379
   933.43320    0.840888   0.898819
   933.45000    0.914536   0.902027
   933.46680    0.913871   0.905186
   933.49980    0.941817   0.911245
   933.51660    0.914346   0.914255
   933.53340    0.945009   0.917214
   933.55020    0.918871   0.920119
   933.58320    0.934461   0.925670
   933.60000    0.961643   0.928414
   933.61680    0.915986   0.931102
   933.64980    0.930544   0.936218
   933.66660    0.958089   0.938737
   933.68340    0.980268   0.941199
   933.70020    0.977556   0.943602
   933.73320    1.001999   0.948153
   933.75000    1.028591   0.950384
   933.76680    1.041489   0.952556
   933.78360    1.019079   0.954670
   933.81660    1.019865   0.958654
   933.83340    1.000220   0.960596
   933.85020    1.078063   0.962481
   933.88320    1.010044   0.966018
   933.90000    1.054870   0.967735
   933.91680    1.080845   0.969396
   933.93360    1.006639   0.971002
   933.96660    0.993845   0.973998
   933.98340    0.963150   0.975443
   934.00020    0.983025   0.976836
   934.03320    1.000446   0.979420
   934.05000    1.073731   0.980660
   934.06680    1.022658   0.981850
   934.08360    0.951774   0.982991
   934.11660    1.021238   0.985093
   934.13340    0.987596   0.986094
   934.15020    0.954850   0.987048
   934.18320    1.037186   0.988795
   934.20000    0.997375   0.989620
   934.21680    1.020614   0.990403
   934.23360    1.001098   0.991146
   934.26660    1.046977   0.992489
   934.28340    1.049780   0.993117
   934.30020    1.031950   0.993708
   934.31640    1.024298   0.994244
   934.35000    1.015456   0.995256
   934.36680    1.012703   0.995712
   934.38360    0.968941   0.996138
   934.41660    0.993084   0.996888
   934.43340    0.935250   0.997229
   934.45020    0.959237   0.997542
   934.46640    0.951733   0.997821
   934.50000    0.970444   0.998327
   934.51680    1.048347   0.998547
   934.53360    0.976621   0.998745
   934.56660    0.987171   0.999079
   934.58340    1.032706   0.999222
   934.60020    1.001805   0.999349
   934.61640    0.941193   0.999457
   934.65000    1.045462   0.999640
   934.66680    0.999577   0.999713
   934.68360    1.026537   0.999775
   934.71660    1.037645   0.999868
   934.73340    1.039785   0.999902
   934.75020    0.980350   0.999930
   934.76640    0.995952   0.999951
   934.80000    0.984478   0.999980
   934.81680    0.980018   0.999988
   934.83360    1.004949   0.999994
   934.84980    0.982608   0.999997
   934.88340    0.991657   1.000000
   934.90020    0.997433   1.000000
   934.91640    0.997303   1.000000
   934.95000    0.935324   1.000000
   934.96680    0.962975   1.000000
   934.98360    0.971540   1.000000
   934.99980    1.005352   1.000000
   935.03340    0.985426   1.000000
   935.05020    1.030886   1.000000
   935.06640    1.004263   1.000000
   935.10000    0.941799   1.000000
   935.11680    0.981801   1.000000
   935.13360    1.034917   1.000000
   935.14980    1.012830   1.000000
   935.18340    0.915115   1.000000
   935.20020    0.976216   1.000000
   935.21640    0.973727   1.000000
   935.25000    0.954184   1.000000
   935.26680    0.981529   1.000000
   935.28360    0.941723   1.000000
   935.29980    0.943181   1.000000
   935.33340    0.985211   1.000000
   935.35020    0.961434   1.000000
   935.36640    1.006591   1.000000
   935.38320    0.975910   1.000000
   935.41680    0.958668   1.000000
   935.43360    1.005988   1.000000
   935.44980    1.001139   1.000000
   935.48340    1.016269   1.000000
   935.50020    0.979169   1.000000
   935.51640    0.956850   1.000000
   935.53320    0.953382   1.000000
   935.56680    0.952692   1.000000
   935.58360    0.966727   1.000000
   935.59980    0.968392   1.000000
   935.63340    0.961524   1.000000
   935.65020    0.964685   1.000000
   935.66640    0.963270   1.000000
   935.68320    1.023299   1.000000
   935.71680    0.933907   1.000000
   935.73360    0.997481   1.000000
   935.74980    0.965240   1.000000
   935.78340    1.030645   1.000000
   935.80020    1.025440   1.000000
   935.81640    0.974183   1.000000
   935.83320    0.930984   1.000000
   935.86680    0.970235   1.000000
   935.88360    0.980309   1.000000
   935.89980    0.947887   1.000000
   935.91660    0.960068   1.000000
   935.95020    0.970254   1.000000
   935.96640    1.028092   1.000000
   935.98320    1.045318   1.000000
   936.01680    1.030516   1.000000
   936.03360    1.077968   1.000000
   936.04980    0.961134   1.000000
   936.06660    1.036902   1.000000
   936.10020    0.993775   1.000000
   936.11640    1.067168   1.000000
   936.13320    1.010164   1.000000
   936.16680    1.021324   1.000000
   936.18360    0.998004   1.000000
   936.19980    1.003550   1.000000
   936.21660    1.012438   1.000000
   936.25020    1.030606   1.000000
   936.26640    0.980267   1.000000
   936.28320    1.014361   1.000000
   936.31680    0.995165   1.000000
   936.33360    0.994105   1.000000
   936.34980    0.974832   1.000000
   936.36660    0.993728   1.000000
   936.40020    1.023877   1.000000
   936.41640    0.971954   1.000000
   936.43320    1.030514   1.000000
   936.45000    0.969886   1.000000
   936.48360    0.967509   1.000000
   936.49980    0.970480   1.000000
   936.51660    0.956726   1.000000
   936.55020    1.019618   1.000000
   936.56640    1.037217   1.000000
   936.58320    1.015431   1.000000
   936.60000    1.003280   1.000000
   936.63360    1.000950   1.000000
   936.64980    1.005279   1.000000
   936.66660    1.053999   1.000000
   936.70020    1.024611   1.000000
   936.71640    1.007936   1.000000
   936.73320    0.938375   1.000000
   936.75000    0.965405   1.000000
   936.78360    1.046119   1.000000
   936.79980    0.994645   1.000000
   936.81660    1.025920   1.000000
   936.85020    1.026930   1.000000
   936.86640    1.011304   1.000000
   936.88320    0.992136   1.000000
   936.90000    0.975082   1.000000
   936.93360    0.972885   1.000000
   936.94980    1.000634   1.000000
   936.96660    0.997469   1.000000
   936.98340    0.961588   1.000000
   937.01640    0.967821   1.000000
   937.03320    0.983742   1.000000
   937.05000    0.988828   1.000000
   937.08360    0.961613   1.000000
   937.09980    0.996489   1.000000
   937.11660    1.003148   1.000000
   937.13340    1.001692   1.000000
   937.16640    1.002207   1.000000
   937.18320    1.016070   1.000000
   937.20000    0.990572   1.000000
   937.23360    0.986213   1.000000
   937.24980    0.982799   1.000000
   937.26660    1.090677   1.000000
   937.28340    1.033720   1.000000
   937.31640    0.995475   1.000000
   937.33320    1.033146   1.000000
   937.35000    1.032872   1.000000
   937.38360    1.028326   1.000000
   937.39980    1.006940   1.000000
   937.41660    1.011997   1.000000
   937.43340    0.935943   1.000000
   937.46640    1.006286   1.000000
   937.48320    0.946798   1.000000
   937.50000    0.974114   1.000000
   937.51680    0.993942   1.000000
   937.54980    1.007291   1.000000
   937.56660    1.016781   1.000000
   937.58340    0.979377   1.000000
   937.61640    1.006830   1.000000
   937.63320    1.018745   1.000000
   937.65000    1.019609   1.000000
   937.66680    0.997028   1.000000
   937.69980    1.044940   1.000000
   937.71660    1.037253   1.000000
   937.73340    1.000052   1.000000
   937.76640    0.979991   1.000000
   937.78320    0.970111   1.000000
   937.80000    0.954903   1.000000
   937.81680    0.946296   1.000000
   937.84980    0.972559   1.000000
   937.86660    0.951086   1.000000
   937.88340    0.948394   1.000000
   937.91640    0.992437   1.000000
   937.93320    0.970905   1.000000
   937.95000    0.883280   1.000000
   937.96680    0.952590   1.000000
   937.99980    0.958665   1.000000
   938.01660    0.998452   1.000000
   938.03340    0.982855   1.000000
   938.05020    1.022724   1.000000
   938.08320    1.018030   1.000000
   938.10000    1.001163   1.000000
   938.11680    1.027100   1.000000
   938.14980    1.016726   1.000000
   938.16660    0.976552   1.000000
   938.18340    1.024613   1.000000
   938.20020    1.046812   1.000000
   938.23320    1.003320   1.000000
   938.25000    0.992312   1.000000
   938.26680    1.044429   1.000000
   938.29980    1.001077   1.000000
   938.31660    1.027041   1.000000
   938.33340    1.037040   1.000000
   938.35020    1.014040   1.000000
   938.38320    1.054339   1.000000
