  1251.10080    1.186436   1.000000
  1251.20160    0.962346   1.000000
  1251.30240    0.987433   1.000000
  1251.40320    0.992958   1.000000
  1251.50400    1.035785   1.000000
  1251.60480    0.893238   1.000000
  1251.70560    0.988536   1.000000
  1251.80640    1.041532   1.000000
  1251.89280    1.050784   1.000000
  1251.99360    1.018700   1.000000
  1252.09440    0.994066   1.000000
  1252.19520    1.236155   1.000000
  1252.29600    0.933566   1.000000
  1252.39680    1.056601   1.000000
  1252.49760    1.000735   1.000000
  1252.59840    0.882123   1.000000
  1252.71360    0.952673   1.000000
  1252.81440    0.939900   1.000000
  1252.91520    1.186436   1.000000
  1253.03040    0.931463   1.000000
  1253.14560    0.913738   1.000000
  1253.24640    0.940959   1.000000
  1253.34720    1.033493   1.000000
  1253.44800    0.914773   1.000000
  1253.54880    0.853354   1.000000
  1253.64960    0.902417   1.000000
  1253.75040    0.854334   1.000000
  1253.85120    0.958037   1.000000
  1253.95200    0.937785   1.000000
  1254.05280    0.924131   1.000000
  1254.15360    1.017569   1.000000
  1254.26880    0.962346   1.000000
  1254.36960    0.948400   1.000000
  1254.47040    0.824391   1.000000
  1254.57120    0.918923   1.000000
  1254.67200    0.946269   1.000000
  1254.77280    0.873113   1.000000
  1254.87360    0.976460   1.000000
  1254.96000    0.921003   1.000000
  1255.07520    1.064789   1.000000
  1255.16160    0.767910   1.000000
  1255.26240    0.978647   1.000000
  1255.36320    1.078951   1.000000
  1255.46400    1.148395   1.000000
  1255.56480    0.931463   1.000000
  1255.66560    0.978647   1.000000
  1255.76640    1.106534   1.000000
  1255.86720    0.991851   1.000000
  1255.96800    0.857277   1.000000
  1256.06880    1.070671   1.000000
  1256.16960    1.110175   1.000000
  1256.27040    1.196759   1.000000
  1256.37120    0.954816   1.000000
  1256.48640    0.951603   1.000000
  1256.58720    1.062444   1.000000
  1256.68800    0.909608   1.000000
  1256.78880    1.099282   1.000000
  1256.88960    1.074213   1.000000
  1256.99040    1.035785   1.000000
  1257.09120    1.081326   1.000000
  1257.17760    1.140912   1.000000
  1257.27840    0.986331   1.000000
  1257.37920    1.191588   1.000000
  1257.48000    0.894255   1.000000
  1257.58080    0.719635   1.000000
  1257.68160    1.048465   1.000000
  1257.78240    0.937785   1.000000
  1257.88320    0.911671   1.000000
  1257.98400    1.000735   0.999486
  1258.08480    0.974278   0.998013
  1258.18560    0.868139   0.995945
  1258.28640    0.865166   0.993389
  1258.38720    0.754501   0.990377
  1258.48800    0.900371   0.986961
  1258.58880    0.888172   0.983205
  1258.68960    0.917884   0.979044
  1258.77600    0.828207   0.975233
  1258.87680    1.137187   0.970545
  1258.97760    1.122385   0.965473
  1259.07840    0.927267   0.960244
  1259.17920    0.964507   0.954581
  1259.28000    1.014184   0.948789
  1259.38080    1.043839   0.942613
  1259.48160    0.901393   0.936325
  1259.58240    0.969925   0.929748
  1259.68320    0.938842   0.923019
  1259.78400    0.752727   0.916035
  1259.88480    0.945205   0.908884
  1259.98560    0.948400   0.901502
  1260.08640    1.034639   0.894005
  1260.18720    0.863188   0.886324
  1260.28800    0.821538   0.878499
  1260.37440    0.887162   0.871692
  1260.48960    0.819641   0.862381
  1260.57600    0.711965   0.855319
  1260.69120    0.736036   0.845769
  1260.77760    0.865166   0.838482
  1260.87840    0.802721   0.829892
  1260.97920    1.185151   0.821239
  1261.08000    0.900371   0.812494
  1261.18080    0.734296   0.803710
  1261.28160    0.644941   0.794757
  1261.38240    0.710270   0.785793
  1261.48320    0.667261   0.776786
  1261.58400    0.792519   0.767708
  1261.68480    0.864176   0.758672
  1261.78560    0.796217   0.749541
  1261.88640    0.919962   0.740498
  1261.98720    0.806457   0.731305
  1262.08800    0.780594   0.722305
  1262.18880    0.759842   0.713206
  1262.28960    0.632443   0.704186
  1262.39040    0.750072   0.695248
  1262.47680    0.786997   0.687639
  1262.57760    0.815857   0.678734
  1262.67840    0.448302   0.670113
  1262.77920    0.786997   0.661414
  1262.88000    0.642584   0.653058
  1262.98080    0.576977   0.644733
  1263.08160    0.630894   0.636796
  1263.18240    0.727368   0.629121
  1263.28320    0.619364   0.621654
  1263.38400    0.671307   0.614786
  1263.48480    0.817747   0.608270
  1263.58560    0.785163   0.602854
  1263.68640    0.675372   0.598494
  1263.78720    0.547834   0.597757
  1263.88800    0.601245   0.597747
  1263.98880    0.566902   0.597736
  1264.08960    0.639451   0.597725
  1264.19040    0.493397   0.597714
  1264.27680    0.631668   0.597705
  1264.37760    0.686030   0.597694
  1264.47840    0.594553   0.597683
  1264.57920    0.605738   0.597672
  1264.68000    0.685206   0.597662
  1264.78080    0.643369   0.600026
  1264.88160    0.608746   0.604589
  1264.98240    0.464863   0.610415
  1265.08320    0.552031   0.616680
  1265.18400    0.637888   0.623725
  1265.28480    0.626263   0.630977
  1265.38560    0.631668   0.638608
  1265.48640    0.623957   0.646519
  1265.58720    0.542275   0.654502
  1265.68800    0.776045   0.662931
  1265.78880    0.675372   0.671288
  1265.88960    0.782419   0.679888
  1265.97600    0.686855   0.687201
  1266.07680    0.806457   0.696055
  1266.17760    0.672119   0.704759
  1266.27840    0.851398   0.713629
  1266.37920    0.761629   0.722485
  1266.48000    0.766111   0.731310
  1266.58080    0.729095   0.740326
  1266.68160    0.881119   0.749182
  1266.78240    0.819641   0.758167
  1266.88320    0.969925   0.767040
  1266.98400    0.745663   0.775829
  1267.08480    0.798071   0.784686
  1267.18560    0.861214   0.793463
  1267.28640    0.627804   0.802118
  1267.38720    0.860228   0.810812
  1267.48800    0.699324   0.819367
  1267.58880    1.075396   0.827846
  1267.67520    0.801790   0.835037
  1267.79040    0.865166   0.844563
  1267.87680    0.818694   0.851567
  1267.99200    0.903441   0.860801
  1268.07840    0.837808   0.867564
  1268.17920    0.831078   0.875437
  1268.28000    0.881119   0.883082
  1268.38080    0.915809   0.890636
  1268.48160    0.856295   0.898120
  1268.58240    0.966671   0.905331
  1268.68320    1.040381   0.912326
  1268.78400    0.986331   0.919229
  1268.88480    0.938842   0.925942
  1268.98560    0.866156   0.932451
