  1248.22499    1.006097   1.000000
  1248.32500    1.073100   1.000000
  1248.37500    1.053513   1.000000
  1248.47499    0.970599   1.000000
  1248.50832    1.060328   1.000000
  1248.55832    0.877890   1.000000
  1248.65833    0.915883   1.000000
  1248.85833    0.995039   1.000000
  1248.90833    1.066203   1.000000
  1249.00832    0.878699   1.000000
  1249.05833    0.948506   1.000000
  1249.25832    1.072112   1.000000
  1249.34165    1.029532   1.000000
  1249.39166    0.949380   1.000000
  1249.49166    0.950255   1.000000
  1249.64166    1.093050   1.000000
  1249.69166    1.054484   1.000000
  1249.74166    0.908322   1.000000
  1249.79165    1.169069   1.000000
  1249.99165    1.013538   1.000000
  1250.04167    1.067186   1.000000
  1250.09166    0.962587   1.000000
  1250.12500    0.983196   1.000000
  1250.17500    0.935492   1.000000
  1250.72499    0.986825   0.987893
  1250.85833    1.011673   0.979488
  1251.05832    0.890103   0.964713
  1251.15833    0.953762   0.956495
  1251.20832    0.915883   0.952312
  1251.30833    0.914198   0.943555
  1251.35833    0.958164   0.939031
  1251.50832    0.927769   0.925194
  1251.69166    0.901654   0.907944
  1251.89166    0.850825   0.889275
  1251.94166    0.870643   0.884468
  1252.04165    0.896685   0.875403
  1252.09166    0.825354   0.870897
  1252.14166    0.797701   0.866454
  1252.19166    0.878699   0.862199
  1252.24165    0.786032   0.857907
  1252.29167    0.844579   0.853752
  1252.32499    0.876274   0.851090
  1252.37500    0.841473   0.847198
  1252.42500    0.929480   0.843308
  1252.47499    0.840698   0.839668
  1252.57499    0.905816   0.832614
  1252.67499    0.898339   0.826207
  1252.72499    0.786756   0.823268
  1252.77499    0.832990   0.820525
  1252.82500    0.846136   0.817919
  1252.87500    0.808798   0.815497
  1252.92499    0.877890   0.813286
  1252.97499    0.758997   0.811351
  1253.02500    0.773108   0.809497
  1253.05832    0.874662   0.808405
  1253.15833    0.755510   0.805730
  1253.20833    0.863456   0.804764
  1253.25832    0.869841   0.803914
  1253.30832    0.865048   0.803392
  1253.35833    0.762500   0.803066
  1253.40833    0.770265   0.802948
  1253.45832    0.773820   0.803061
  1253.50832    0.819295   0.803421
  1253.65833    0.769556   0.805775
  1253.75832    0.722836   0.808522
  1253.79166    0.735597   0.809585
  1253.84165    0.788933   0.811382
  1253.89166    0.853965   0.813393
  1253.94166    0.843024   0.815621
  1254.29165    0.850041   0.836071
  1254.34166    0.760396   0.839609
  1254.39166    0.975978   0.843293
  1254.44166    0.903317   0.847088
  1254.52499    0.922656   0.853609
  1254.57499    0.904149   0.857708
  1254.62500    0.896685   0.861877
  1254.67500    0.902485   0.866109
  1254.72499    0.884382   0.870365
  1254.77499    0.833758   0.874862
  1254.82500    0.859488   0.879274
  1254.87500    0.805824   0.883738
  1254.92499    0.873052   0.888220
  1254.97499    0.785308   0.892726
  1255.02499    0.773820   0.897286
  1255.07500    0.861073   0.901989
  1255.22499    0.992293   0.915591
  1255.27499    0.997792   0.920125
  1255.30832    0.839151   0.923209
  1255.35833    0.938945   0.927589
  1255.40833    0.913356   0.932011
  1255.50832    0.887646   0.940632
  1255.55832    1.097084   0.944883
  1255.60833    0.881130   0.949047
  1255.65833    0.915040   0.953048
  1255.85833    1.018216   0.968274
  1255.90833    0.950255   0.971791
  1256.05833    0.925209   0.981328
  1256.10833    0.995039   0.984222
  1256.15832    1.067186   0.986884
  1256.20832    1.129900   0.989380
  1256.24166    0.944148   0.990906
  1256.29165    0.938945   0.993078
  1256.34167    0.908322   0.995005
  1256.39166    1.081036   0.996647
  1256.44166    1.040016   0.998010
  1256.49166    0.876274   0.999137
  1256.54165    1.124709   0.999776
  1256.59166    1.128860   1.000000
  1256.64166    1.081036   1.000000
  1256.69166    0.971494   1.000000
  1256.74165    0.843024   1.000000
  1256.79167    0.906651   1.000000
  1256.84166    1.016342   1.000000
  1256.94166    0.916727   1.000000
  1256.97499    1.105198   1.000000
  1257.02499    1.058376   1.000000
  1257.07500    1.093050   1.000000
  1257.12500    1.045779   1.000000
  1257.17499    0.917572   1.000000
  1257.22499    0.895035   1.000000
  1257.47499    1.022916   1.000000
  1257.52499    0.978678   1.000000
  1257.57500    1.051574   1.000000
  1257.62499    1.023859   1.000000
  1257.67499    0.926062   1.000000
  1257.70833    0.869841   1.000000
  1257.75832    1.096074   1.000000
  1257.80832    0.912515   1.000000
  1257.85833    1.026692   1.000000
  1257.90833    0.948506   1.000000
  1257.95832    0.979580   1.000000
  1258.19166    0.895035   1.000000
  1258.24166    0.975080   1.000000
  1258.29166    1.117481   1.000000
  1258.34165    1.008881   1.000000
  1258.39166    1.046743   1.000000
  1258.44166    1.027638   1.000000
  1258.49166    1.010741   1.000000
  1258.54165    1.000553   1.000000
  1258.59167    0.909997   1.000000
  1258.64166    1.024802   1.000000
  1258.69166    1.034285   1.000000
  1258.74166    0.861073   1.000000
  1258.79165    0.976877   1.000000
  1258.84166    1.013538   1.000000
  1258.89166    1.115424   1.000000
  1258.94166    1.041934   1.000000
  1258.97499    1.000553   1.000000
  1259.02499    1.155154   1.000000
  1259.07499    1.006097   1.000000
  1259.12500    0.910836   1.000000
  1259.17500    1.047707   1.000000
  1259.22499    1.049639   1.000000
  1259.32500    0.905816   1.000000
  1259.37500    0.980483   1.000000
  1259.47499    0.967030   1.000000
  1259.52499    0.966140   1.000000
  1259.57500    1.121605   1.000000
