  1395.55368    1.033774   1.000000
  1395.66931    1.007455   1.000000
  1395.77890    1.022411   1.000000
  1395.88848    1.139792   1.000000
  1396.00296    1.056880   1.000000
  1396.12104    1.166341   1.000000
  1396.22602    1.000059   1.000000
  1396.33186    0.930734   1.000000
  1396.43669    0.971909   1.000000
  1396.54166    1.008383   1.000000
  1396.65744    0.970120   1.000000
  1396.76213    0.912065   1.000000
  1396.87776    1.048155   1.000000
  1396.99282    0.888026   1.000000
  1397.10989    0.880695   1.000000
  1397.22034    1.036634   1.000000
  1397.33064    1.060781   1.000000
  1397.44613    1.100590   1.000000
  1397.55672    0.907038   1.000000
  1397.66098    0.989067   1.000000
  1397.76509    0.923901   1.000000
  1397.88043    0.983616   1.000000
  1397.99664    0.984522   1.000000
  1398.10738    1.020530   1.000000
  1398.22358    1.031871   1.000000
  1398.33936    1.120020   1.000000
  1398.45629    1.085489   1.000000
  1398.57192    0.942813   1.000000
  1398.68669    1.012105   1.000000
  1398.80333    1.083492   1.000000
  1398.91896    1.131425   1.000000
  1399.03459    1.113847   1.000000
  1399.14634    0.928166   1.000000
  1399.25736    0.911225   1.000000
  1399.36766    1.140842   1.000000
  1399.47926    0.950661   1.000000
  1399.59562    0.941945   1.000000
  1399.71067    0.923901   1.000000
  1399.82602    1.069610   1.000000
  1399.94208    1.122085   1.000000
  1400.05368    1.069610   1.000000
  1400.17090    1.013971   1.000000
  1400.28739    1.098565   1.000000
  1400.40418    1.085489   1.000000
  1400.53435    0.945422   1.000000
  1400.65056    0.933309   1.000000
  1400.76619    1.000980   1.000000
  1400.87693    0.979097   1.000000
  1400.99054    1.063716   1.000000
  1401.10114    1.052024   1.000000
  1401.22310    1.143999   1.000000
  1401.33917    1.033774   1.000000
  1401.45235    0.982711   1.000000
  1401.56899    1.064696   1.000000
  1401.68491    0.971014   1.000000
  1401.80098    1.064696   1.000000
  1401.92165    1.210112   1.000000
  1402.03109    0.915431   1.000000
  1402.14629    0.999138   1.000000
  1402.26912    1.036634   1.000000
  1402.38158    1.088493   1.000000
  1402.48598    0.984522   1.000000
  1402.59168    1.029024   1.000000
  1402.70702    0.964774   1.000000
  1402.82179    0.936754   1.000000
  1402.93699    1.016777   1.000000
  1403.05320    1.011173   1.000000
  1403.15904    1.141894   1.000000
  1403.26430    1.010242   1.000000
  1403.37403    0.909548   1.000000
  1403.48318    0.995464   1.000000
  1403.59248    0.954170   1.000000
  1403.69875    1.039503   1.000000
  1403.93376    0.813627   1.000000
  1404.04896    0.856694   1.000000
  1404.17093    1.020530   1.000000
  1404.28656    1.023353   1.000000
  1404.40378    1.155648   1.000000
  1404.52027    1.056880   1.000000
  1404.63648    1.030922   1.000000
  1404.75283    0.977295   1.000000
  1404.88387    0.962112   1.000000
  1404.99907    1.106689   1.000000
  1405.10866    0.902871   1.000000
  1405.22040    0.840283   1.000000
  1405.33128    0.902040   1.000000
  1405.44288    0.905369   1.000000
  1405.55390    1.104652   1.000000
  1405.66954    1.067642   1.000000
  1405.78502    0.967443   1.000000
  1405.90094    0.886392   1.000000
  1406.01168    1.091505   1.000000
  1406.12198    0.890483   1.000000
  1406.23229    1.005601   1.000000
  1406.34706    1.016777   1.000000
  1406.45981    1.029024   1.000000
  1406.57530    1.066659   1.000000
  1406.69726    1.024296   1.000000
  1406.81203    1.001903   1.000000
  1406.92824    1.008383   1.000000
  1407.04373    0.966553   1.000000
  1407.16498    0.762124   1.000000
  1407.27830    0.931592   1.000000
  1407.40099    0.872621   1.000000
  1407.62362    0.803944   1.000000
  1407.73882    0.941945   1.000000
  1407.85042    0.993632   1.000000
  1407.96634    0.953291   1.000000
  1408.08240    0.951537   1.000000
  1408.19803    0.914588   1.000000
  1408.31395    0.971014   1.000000
  1408.43016    0.984522   1.000000
  1408.54723    1.091505   1.000000
  1408.65811    1.048155   1.000000
  1408.77418    1.108730   1.000000
  1408.88563    1.015841   1.000000
  1408.99824    0.923901   1.000000
  1409.11618    1.101604   1.000000
  1409.23195    0.969227   1.000000
  1409.34715    0.892947   1.000000
  1409.46336    0.840283   1.000000
  1409.57410    0.898722   1.000000
  1409.67950    0.974598   1.000000
  1409.79787    1.039503   1.000000
  1409.91250    1.166341   1.000000
  1410.02352    0.908711   1.000000
  1410.13440    0.965663   1.000000
  1410.24931    1.113847   1.000000
  1410.36523    1.014906   1.000000
  1410.47640    0.981806   1.000000
  1410.58800    1.027130   1.000000
  1410.69845    0.984522   1.000000
  1410.80947    1.108730   1.000000
  1410.92611    0.923051   1.000000
  1411.04117    0.995464   1.000000
  1411.15781    0.843384   1.000000
  1411.27387    0.978195   1.000000
  1411.38965    1.082494   1.000000
  1411.50254    0.889663   1.000000
  1411.61933    1.231475   1.000000
  1411.73568    1.013971   1.000000
  1411.85203    1.225817   1.000000
  1411.96925    1.058828   1.000000
  1412.08848    1.023353   1.000000
  1412.20022    1.091505   1.000000
  1412.31701    0.977295   1.000000
  1412.43422    0.909548   1.000000
  1412.55101    0.952414   1.000000
  1412.66664    1.039503   1.000000
  1412.78299    1.028077   1.000000
  1412.89934    1.140842   1.000000
  1413.01166    1.097553   1.000000
  1413.12658    0.972805   1.000000
  1413.25373    0.843384   1.000000
  1413.36389    1.104652   1.000000
  1413.47909    0.935892   1.000000
  1413.59429    1.159914   1.000000
  1413.71885    0.875842   1.000000
  1413.83462    0.985430   1.000000
  1413.94997    0.874230   1.000000
  1414.06920    1.122085   1.000000
  1414.19678    0.907038   1.000000
  1414.35072    0.968335   1.000000
  1414.56499    0.819645   1.000000
  1414.77221    0.929021   1.000000
  1414.90613    0.879884   1.000000
  1415.11838    0.915431   1.000000
  1415.43446    0.871818   1.000000
  1415.64614    1.116929   1.000000
  1415.77632    0.996381   1.000000
  1415.98613    0.964774   1.000000
  1416.16915    0.879074   1.000000
  1416.32381    1.219061   1.000000
  1416.51274    0.985430   1.000000
  1416.73968    0.882319   1.000000
  1416.94690    0.962112   1.000000
  1417.16102    1.256683   0.999958
  1417.35586    1.147164   0.999309
  1417.55688    1.008383   0.996920
  1417.90579    0.916275   0.985310
  1418.09861    0.983616   0.973334
  1418.30568    0.997300   0.955296
  1418.51462    0.917964   0.931527
  1418.75770    0.989067   0.897582
  1418.96794    0.767053   0.864003
  1419.23534    0.733205   0.816961
  1419.45062    0.653470   0.776392
  1419.63221    0.695706   0.740814
  1419.83568    0.629253   0.699955
  1420.02936    0.509126   0.660555
  1420.20864    0.671778   0.624054
  1420.38317    0.568101   0.588867
  1420.55726    0.584555   0.554477
  1420.74086    0.609854   0.519403
  1420.92101    0.551602   0.486626
  1421.12275    0.488456   0.452427
  1421.29354    0.463048   0.426035
  1421.46922    0.369169   0.401807
  1421.63194    0.423863   0.382407
  1421.80790    0.366459   0.365131
  1421.95925    0.343895   0.353651
  1422.10152    0.402185   0.345916
  1422.25718    0.320941   0.341018
  1422.56045    0.404413   0.342545
  1422.77328    0.383730   0.352339
  1422.96005    0.438961   0.366593
  1423.11917    0.357129   0.382617
  1423.29024    0.389785   0.403462
  1423.46088    0.423863   0.427575
  1423.62792    0.459648   0.453955
  1423.81210    0.483087   0.485703
  1423.99325    0.488456   0.519114
  1424.17195    0.536569   0.553685
  1424.34187    0.587253   0.587602
  1424.50949    0.475582   0.621675
  1424.67754    0.731182   0.656096
  1424.85811    0.552110   0.692994
  1425.06590    0.670541   0.734839
  1425.26635    0.799513   0.774070
  1425.47328    0.741354   0.812866
  1425.65933    0.854330   0.845831
  1425.86784    0.842608   0.880112
  1426.05245    1.000059   0.907656
  1426.22928    0.885576   0.931121
  1426.38379    1.038546   0.948866
  1426.56926    1.130383   0.966362
  1426.73760    1.159914   0.978598
  1426.91818    0.884760   0.988098
  1427.14843    0.922201   0.995514
  1427.35118    1.164195   0.998684
  1427.52946    0.761422   0.999756
  1427.70197    0.867812   0.999992
  1427.86066    1.141894   1.000000
  1428.06182    1.076529   1.000000
  1428.28416    0.989067   1.000000
  1428.49886    0.827991   1.000000
  1428.69154    0.875035   1.000000
  1428.87240    1.065677   1.000000
  1429.08451    0.977295   1.000000
  1429.23830    0.831813   1.000000
  1429.40765    1.141894   1.000000
  1429.68658    0.981806   1.000000
  1429.87579    1.283588   1.000000
  1430.05723    0.886392   1.000000
  1430.22816    1.062737   1.000000
  1430.46749    0.835652   1.000000
  1430.66347    0.728493   1.000000
  1430.97710    0.941078   1.000000
  1431.18994    1.179304   1.000000
  1431.39658    1.230341   1.000000
  1431.60422    0.866215   1.000000
  1431.79776    0.938481   1.000000
  1432.01160    0.990890   1.000000
  1432.31976    1.164195   1.000000
  1432.53490    0.912065   1.000000
  1433.54678    0.770594   1.000000
  1433.73226    0.924753   1.000000
  1433.94019    1.059804   1.000000
  1434.14813    1.104652   1.000000
  1434.34930    1.078514   1.000000
  1434.66422    1.469690   1.000000
  1434.99715    1.416529   1.000000
  1435.28414    0.967443   1.000000
  1435.49006    1.004675   1.000000
  1435.69858    0.914588   1.000000
  1435.91083    0.962998   1.000000
  1436.11920    0.774151   1.000000
  1436.41354    1.131425   1.000000
  1436.73998    0.838737   1.000000
  1436.94648    0.795107   1.000000
  1437.13469    0.901209   1.000000
