    71.69760    1.018520   1.000000
    71.87040    0.973576   1.000000
    72.02880    0.980776   1.000000
    72.20160    0.967319   1.000000
    72.37440    0.976269   1.000000
    72.51840    0.996253   1.000000
    72.67680    0.988029   1.000000
    72.84960    0.981679   1.000000
    73.00800    0.955806   1.000000
    73.18080    0.994420   1.000000
    73.35360    0.991676   1.000000
    73.51200    0.978971   1.000000
    73.68480    1.035547   1.000000
    73.82880    1.045129   1.000000
    74.00160    0.969102   1.000000
    74.16000    1.027945   1.000000
    74.33280    1.025108   1.000000
    74.50560    0.976269   1.000000
    74.66400    1.114730   1.000000
    74.83680    1.049953   1.000000
    74.99520    0.988029   1.000000
    75.15360    0.970889   1.000000
    75.31200    0.989851   1.000000
    75.48480    1.005471   1.000000
    75.64320    0.947916   1.000000
    75.81600    1.043205   1.000000
    75.98880    1.009182   1.000000
    76.14720    0.996253   1.000000
    76.32000    0.998090   1.000000
    76.46400    1.035547   1.000000
    76.63680    0.992590   1.000000
    76.79520    0.988029   1.000000
    76.96800    0.980776   1.000000
    77.12640    0.960218   1.000000
    77.29920    0.975371   1.000000
    77.47200    0.975371   1.000000
    77.63040    1.024164   1.000000
    77.78880    0.999930   1.000000
    77.94720    1.003621   1.000000
    78.12000    0.982584   1.000000
    78.27840    1.004546   1.000000
    78.45120    1.031739   1.000000
    78.60960    0.994420   1.000000
    78.78240    0.959334   1.000000
    78.95520    1.028892   1.000000
    79.09920    0.994420   1.000000
    79.27200    0.964650   1.000000
    79.43040    0.978069   1.000000
    79.60320    1.024164   1.000000
    79.76160    1.033641   1.000000
    79.93440    0.941824   1.000000
    80.09280    0.972679   1.000000
    80.26560    1.071445   1.000000
    80.40960    1.036501   1.000000
    80.58240    1.055771   1.000000
    80.75520    1.001774   1.000000
    80.91360    1.011975   1.000000
    81.08640    1.028892   0.999994
    81.24480    1.020398   0.999968
    81.41760    1.042245   0.999889
    81.59040    1.005471   0.999725
    81.73440    0.955806   0.999499
    81.89280    0.956687   0.999128
    82.06560    0.970889   0.998548
    82.23840    0.980776   0.997751
    82.39680    0.990763   0.996802
    82.56960    1.000852   0.995500
    82.72800    0.945300   0.994041
    82.90080    0.962875   0.992137
    83.04480    0.931472   0.990289
    83.21760    1.006398   0.987743
    83.39040    0.966428   0.984826
    83.54880    0.928902   0.981821
    83.72160    0.983489   0.978176
    83.88000    0.936634   0.974499
    84.05280    0.943560   0.970127
    84.21120    0.958451   0.965794
    84.36960    0.971784   0.961161
    84.54240    0.940091   0.955777
    84.70080    0.936634   0.950557
    84.87360    0.941824   0.944571
    85.03200    0.934049   0.938839
    85.20480    0.898607   0.932345
    85.36320    0.938360   0.926197
    85.53600    0.877344   0.919309
    85.68000    0.892010   0.913450
    85.85280    0.918691   0.906307
    86.01120    0.931472   0.899685
    86.18400    0.887912   0.892414
    86.35680    0.887912   0.885134
    86.51520    0.881393   0.878488
    86.68800    0.885462   0.871305
    86.84640    0.883832   0.864814
    87.00480    0.884646   0.858446
    87.16320    0.855795   0.852228
    87.33600    0.851079   0.845650
    87.49440    0.855795   0.839835
    87.66720    0.821807   0.833754
    87.82560    0.852648   0.828445
    87.99840    0.833239   0.822967
    88.17120    0.802361   0.817841
    88.31520    0.815023   0.813855
    88.48800    0.809785   0.809433
    88.64640    0.806807   0.805740
    88.81920    0.788442   0.802122
    88.97760    0.811278   0.799194
    89.15040    0.816525   0.796436
    89.30880    0.779776   0.794318
    89.48160    0.800884   0.792463
    89.64000    0.797939   0.791187
    89.79840    0.775478   0.790321
    89.97120    0.796470   0.789847
    90.12960    0.784819   0.789845
    90.30240    0.778341   0.790316
    90.46080    0.775478   0.791178
    90.63360    0.829411   0.792584
    90.79200    0.789168   0.794295
    90.95040    0.800147   0.796404
    91.12320    0.830940   0.799149
    91.28160    0.755735   0.802062
    91.45440    0.819539   0.805661
    91.61280    0.817278   0.809333
    91.78560    0.860537   0.813730
    91.94400    0.849512   0.818103
    92.26080    0.844831   0.827765
    92.43360    0.830940   0.833508
    92.60640    0.816525   0.839552
    92.76480    0.795005   0.845330
    92.93760    0.824840   0.851865
    93.09600    0.869300   0.858038
    93.26880    0.859745   0.864936
    93.42720    0.844053   0.871380
    93.58560    0.882205   0.877907
    93.74400    0.896127   0.884490
    93.91680    0.896127   0.891698
    94.08960    0.885462   0.898896
    94.24800    0.922932   0.905453
    94.42080    0.910269   0.912526
    94.57920    0.954926   0.918906
    94.75200    0.883832   0.925719
    94.89600    0.856583   0.931257
    95.06880    0.913629   0.937706
    95.22720    0.977169   0.943406
    95.40000    0.892010   0.949368
    95.57280    0.892832   0.955039
    95.73120    0.984396   0.959964
    95.90400    0.977169   0.965020
    96.06240    0.965539   0.969352
    96.22080    0.985303   0.973383
    96.37920    0.981679   0.977109
    96.55200    0.944430   0.980819
    96.71040    1.064559   0.983894
    97.05600    1.095392   0.989536
    97.38720    1.202181   0.993622
    97.53120    0.850295   0.995021
    97.70400    1.011043   0.996420
    97.86240    1.006398   0.997453
    98.03520    1.086350   0.998333
    98.19360    0.855007   0.998938
    98.36640    1.003621   0.999408
    98.53920    0.994420   0.999713
    98.69760    1.030789   0.999878
    98.85600    1.036501   0.999962
    99.01440    1.038412   0.999994
    99.18720    0.897780   1.000000
    99.34560    1.062600   1.000000
    99.51840    0.965539   1.000000
    99.69120    1.002697   1.000000
    99.84960    0.968210   1.000000
   100.02240    1.107566   1.000000
   100.16640    1.002697   1.000000
   100.33920    0.975371   1.000000
   100.49760    0.961102   1.000000
   100.67040    1.042245   1.000000
   100.82880    1.032689   1.000000
   101.00160    0.994420   1.000000
   101.17440    0.942692   1.000000
   101.33280    1.041285   1.000000
   101.47680    1.016646   1.000000
   101.64960    0.882205   1.000000
   101.82240    1.080363   1.000000
   101.98080    1.111654   1.000000
