   514.12920    1.017267   1.000000
   514.13760    1.034388   1.000000
   514.14660    1.029751   1.000000
   514.15560    1.087890   1.000000
   514.16460    0.969828   1.000000
   514.17360    1.030107   1.000000
   514.18260    1.002999   1.000000
   514.19100    1.065419   1.000000
   514.20000    1.024044   1.000000
   514.20900    1.027254   1.000000
   514.21800    1.017980   1.000000
   514.22700    1.082183   1.000000
   514.23540    1.033318   1.000000
   514.24440    1.079330   1.000000
   514.25340    1.008350   1.000000
   514.26240    1.028681   1.000000
   514.27140    1.072196   1.000000
   514.28040    1.009776   1.000000
   514.28880    1.093954   1.000000
   514.29780    1.006566   1.000000
   514.30680    1.015840   1.000000
   514.31580    1.029394   1.000000
   514.32480    1.039381   1.000000
   514.33380    1.030107   1.000000
   514.34220    1.056145   1.000000
   514.35120    1.018693   1.000000
   514.36020    1.021904   1.000000
   514.36920    0.986592   1.000000
   514.37820    1.044018   1.000000
   514.38720    1.057216   1.000000
   514.39560    1.021190   1.000000
   514.40460    0.994796   1.000000
   514.41360    1.052579   1.000000
   514.42260    1.085037   1.000000
   514.43160    1.068986   1.000000
   514.44060    1.054362   1.000000
   514.44900    1.000503   1.000000
   514.45800    1.062209   1.000000
   514.46700    1.036171   1.000000
   514.47600    1.032248   1.000000
   514.48500    1.019764   1.000000
   514.49400    1.045802   1.000000
   514.50240    1.073980   1.000000
   514.51140    1.026897   1.000000
   514.52040    1.016553   1.000000
   514.52940    1.047228   1.000000
   514.53840    0.996936   1.000000
   514.54740    1.026541   1.000000
   514.55580    1.014413   1.000000
   514.56480    1.015840   1.000000
   514.57380    0.993369   1.000000
   514.58280    1.031177   1.000000
   514.59180    1.000503   1.000000
   514.60080    1.049368   1.000000
   514.60920    1.025827   1.000000
   514.61820    1.080043   1.000000
   514.62720    1.062566   1.000000
   514.63620    0.969114   1.000000
   514.64520    1.009420   1.000000
   514.65360    1.025114   1.000000
   514.66260    1.024400   1.000000
   514.67160    0.986235   1.000000
   514.68060    0.979815   1.000000
   514.68960    1.015127   1.000000
   514.69860    1.052222   1.000000
   514.70700    1.011916   1.000000
   514.71600    1.045802   1.000000
   514.72500    0.989445   1.000000
   514.73400    0.997292   1.000000
   514.74300    0.995866   1.000000
   514.75200    1.021904   1.000000
   514.76040    1.037241   1.000000
   514.76940    1.061139   1.000000
   514.77840    0.992299   1.000000
   514.78740    1.045802   1.000000
   514.79640    1.056859   1.000000
   514.80540    1.092884   1.000000
   514.81380    0.989445   1.000000
   514.82280    1.087890   1.000000
   514.83180    1.076477   1.000000
   514.84080    1.045445   1.000000
   514.84980    1.024400   1.000000
   514.85880    0.940223   1.000000
   514.86720    0.951280   1.000000
   514.87620    1.125342   1.000000
   514.88520    1.075763   1.000000
   514.89420    0.887433   1.000000
   514.90320    0.922032   1.000000
   514.91220    1.182769   1.000000
   514.92060    1.083610   1.000000
   514.92960    1.016910   1.000000
   514.93860    1.009063   1.000000
   514.94760    1.044375   1.000000
   514.95660    1.075050   1.000000
   514.96560    1.068629   1.000000
   514.97400    0.974821   1.000000
   514.98300    1.075050   1.000000
   514.99200    0.948070   1.000000
   515.00100    0.917395   1.000000
   515.01000    1.020477   1.000000
   515.01900    1.140323   1.000000
   515.02740    1.000503   1.000000
   515.03640    1.004069   1.000000
   515.04540    1.158871   1.000000
   515.05440    1.042948   1.000000
   515.06340    0.932376   1.000000
   515.07180    1.059712   1.000000
   515.08080    1.153877   1.000000
   515.08980    1.134616   1.000000
   515.09880    1.019407   1.000000
   515.10780    1.039025   1.000000
   515.11680    1.101445   1.000000
   515.12520    1.067916   1.000000
   515.13420    1.017267   1.000000
   515.14320    1.032961   1.000000
   515.15220    1.115712   1.000000
   515.16120    1.122846   1.000000
   515.17020    1.122489   1.000000
   515.17860    1.044732   1.000000
   515.18760    1.059356   1.000000
   515.19660    1.072553   1.000000
   515.20560    1.031534   1.000000
   515.21460    0.980171   1.000000
   515.22360    1.005496   1.000000
   515.23200    0.965547   1.000000
   515.24100    1.063279   1.000000
   515.25000    1.080400   1.000000
   515.25900    1.030464   1.000000
   515.26800    0.852121   1.000000
   515.27700    1.052579   1.000000
   515.28540    1.101445   1.000000
   515.29440    1.062209   1.000000
   515.30340    1.020834   1.000000
   515.31240    0.964834   1.000000
   515.32140    0.865675   1.000000
   515.33040    1.026541   1.000000
   515.33880    1.034744   1.000000
   515.34780    1.049012   1.000000
   515.35680    1.025114   1.000000
   515.36580    0.939153   1.000000
   515.37480    1.046872   1.000000
   515.38380    1.041165   1.000000
   515.39220    1.059712   1.000000
   515.40120    1.053649   1.000000
   515.41020    0.980885   1.000000
   515.41920    0.993012   1.000000
   515.42820    0.742262   1.000000
   515.43660    1.023687   1.000000
   515.44560    1.187762   1.000000
   515.45460    1.137826   1.000000
   515.46360    1.059712   1.000000
   515.47260    1.045802   1.000000
   515.48160    0.916325   1.000000
   515.49000    0.964477   1.000000
   515.49900    1.015483   1.000000
   515.50800    0.985878   1.000000
   515.51700    1.147814   1.000000
   515.52600    1.032604   1.000000
   515.53500    1.027611   1.000000
   515.54340    0.954847   1.000000
   515.55240    0.978388   1.000000
   515.56140    0.927025   1.000000
   515.57040    1.009063   1.000000
   515.57940    1.121419   0.999999
   515.58840    1.009776   0.999998
   515.59680    1.047942   0.999998
   515.60580    0.987305   0.999996
   515.61480    1.007993   0.999994
   515.62380    1.048298   0.999992
   515.63280    1.126412   0.999989
   515.64180    1.059356   0.999985
   515.65020    1.156374   0.999981
   515.65920    1.020120   0.999976
   515.66820    1.021547   0.999969
   515.67720    1.089317   0.999962
   515.68620    1.118565   0.999953
   515.69520    1.025114   0.999943
   515.70360    0.946286   0.999933
   515.71260    0.866389   0.999920
   515.72160    0.996936   0.999906
   515.73060    0.933446   0.999889
   515.73960    1.103585   0.999872
   515.74860    1.055432   0.999852
   515.75700    1.049368   0.999831
   515.76600    1.071483   0.999807
   515.77500    0.981955   0.999781
   515.78400    1.110718   0.999753
   515.79300    0.981242   0.999722
   515.80200    0.875663   0.999688
   515.81040    0.991942   0.999654
   515.81940    0.932019   0.999615
   515.82840    0.961624   0.999573
   515.83740    1.134616   0.999528
   515.84640    1.165648   0.999480
   515.85480    1.081113   0.999432
   515.86380    1.081113   0.999378
   515.87280    1.125342   0.999320
   515.88180    1.067203   0.999258
   515.89080    1.058999   0.999192
   515.89980    1.025114   0.999123
   515.90820    1.005139   0.999055
   515.91720    1.010133   0.998978
   515.92620    1.001216   0.998897
   515.93520    0.977675   0.998811
   515.94420    0.891000   0.998721
   515.95320    1.091814   0.998627
   515.96160    0.948426   0.998535
   515.97060    0.693396   0.998431
   515.97960    0.994439   0.998323
   515.98860    1.059712   0.998210
   515.99760    0.943433   0.998092
   516.00660    0.803256   0.997968
   516.01500    0.960197   0.997848
   516.02400    1.115355   0.997715
   516.03300    0.978745   0.997576
   516.04200    1.086820   0.997431
   516.05100    1.122489   0.997280
   516.06000    1.104655   0.997124
   516.06840    1.065419   0.996973
   516.07740    1.038311   0.996806
   516.08640    1.001929   0.996632
   516.09540    1.015840   0.996453
   516.10440    1.042591   0.996267
   516.11340    1.058286   0.996074
   516.12180    1.085037   0.995889
   516.13080    0.983025   0.995684
   516.13980    1.000859   0.995473
   516.14880    0.907051   0.995255
   516.15780    0.837497   0.995030
   516.16680    0.986235   0.994799
   516.17520    1.103228   0.994576
   516.18420    0.982668   0.994331
   516.19320    0.923102   0.994079
   516.20220    1.047228   0.993820
   516.21120    1.222004   0.993553
   516.22020    1.158871   0.993279
   516.22860    0.824300   0.993017
   516.23760    0.767944   0.992729
   516.24660    0.786135   0.992433
   516.25560    1.002286   0.992130
   516.26460    1.468474   0.991819
   516.27300    1.020834   0.991522
   516.28200    0.796478   0.991196
   516.29100    0.806822   0.990862
   516.30000    0.898491   0.990520
   516.30900    1.079687   0.990170
   516.31800    0.770797   0.989813
   516.32640    1.017623   0.989471
   516.33540    1.166005   0.989098
   516.34440    0.977318   0.988716
   516.35340    0.805396   0.988326
   516.36240    0.960910   0.987928
   516.37140    0.963764   0.987522
   516.37980    1.187762   0.987135
   516.38880    0.835714   0.986712
   516.39780    0.732988   0.986281
   516.40680    0.684123   0.985841
   516.41580    0.617422   0.985393
   516.42480    0.857472   0.984936
   516.43320    1.003356   0.984502
   516.44220    0.835714   0.984029
   516.45120    0.565346   0.983547
   516.46020    0.764020   0.983056
   516.46920    1.148884   0.982557
   516.47820    1.409977   0.982048
   516.48660    0.949140   0.981566
   516.49560    0.895280   0.981041
   516.50460    0.991229   0.980507
   516.51360    1.065063   0.979964
   516.52260    0.995152   0.979413
   516.53160    1.061139   0.978853
   516.54000    1.093954   0.978322
   516.54900    1.095738   0.977744
   516.55800    1.105011   0.977158
   516.56700    0.899561   0.976563
   516.57600    0.957344   0.975959
   516.58500    1.076477   0.975347
   516.59340    1.025471   0.974767
   516.60240    1.017980   0.974137
   516.61140    0.993369   0.973499
   516.62040    0.941649   0.972851
   516.62940    0.976248   0.972195
   516.63840    0.979101   0.971530
   516.64680    0.993726   0.970902
   516.65580    1.034744   0.970220
   516.66480    1.000859   0.969530
   516.67380    0.991585   0.968831
   516.68280    0.986948   0.968123
   516.69120    1.003713   0.967455
   516.70020    1.012273   0.966730
   516.70920    0.958770   0.965997
   516.71820    0.973038   0.965255
   516.72720    0.992299   0.964505
   516.73620    1.046872   0.963747
   516.74460    1.029037   0.963031
   516.75360    0.968758   0.962256
   516.76260    1.073266   0.961473
   516.77160    0.998006   0.960682
   516.78060    0.965904   0.959882
   516.78960    0.899917   0.959074
   516.79800    0.934516   0.958313
   516.80700    0.927739   0.957489
   516.81600    0.966974   0.956657
   516.82500    0.966974   0.955818
   516.83400    0.991585   0.954970
   516.84300    0.996579   0.954114
   516.85140    0.940223   0.953309
   516.86040    0.918822   0.952438
   516.86940    0.942363   0.951560
   516.87840    0.970541   0.950674
   516.88740    0.980171   0.949781
   516.89640    0.936299   0.948880
   516.90480    0.993369   0.948033
   516.91380    0.932376   0.947118
   516.92280    0.918465   0.946196
   516.93180    1.011916   0.945266
   516.94080    0.914541   0.944330
   516.94980    0.914185   0.943386
   516.95820    0.948783   0.942499
   516.96720    0.941649   0.941543
   516.97620    0.945573   0.940579
   516.98520    0.974465   0.939609
   516.99420    0.964834   0.938633
   517.00320    0.943790   0.937650
   517.01160    0.930949   0.936726
   517.02060    0.937013   0.935731
   517.02960    0.900274   0.934730
   517.03860    0.871026   0.933722
   517.04760    0.915968   0.932709
   517.05600    0.898491   0.931758
   517.06500    0.935942   0.930733
   517.07400    0.943076   0.929703
   517.08300    0.826797   0.928667
   517.09200    0.928809   0.927626
   517.10100    0.924172   0.926580
   517.10940    0.908121   0.925598
   517.11840    0.935942   0.924542
   517.12740    0.882796   0.923481
   517.13640    0.927025   0.922414
   517.14540    0.955917   0.921343
   517.15440    0.904197   0.920268
   517.16280    0.936656   0.919260
   517.17180    0.898491   0.918176
   517.18080    0.944503   0.917088
   517.18980    0.908121   0.915996
   517.19880    0.906338   0.914899
   517.20780    1.012987   0.913799
   517.21620    0.988375   0.912769
   517.22520    0.969114   0.911662
   517.23420    0.872452   0.910551
   517.24320    0.888503   0.909437
   517.25220    0.919535   0.908320
   517.26120    0.898847   0.907199
   517.26960    0.894924   0.906151
   517.27860    0.929165   0.905026
   517.28760    0.899204   0.903897
   517.29660    0.897777   0.902766
   517.30560    0.904554   0.901633
   517.31460    0.903484   0.900498
   517.32300    0.940223   0.899436
   517.33200    0.975891   0.898297
   517.34100    0.894210   0.897156
   517.35000    0.881013   0.896014
   517.35900    0.952350   0.894870
   517.36800    0.917752   0.893724
   517.37640    0.880300   0.892654
   517.38540    0.862822   0.891507
   517.39440    0.907764   0.890358
   517.40340    0.934872   0.889209
   517.41240    0.875306   0.888059
   517.42140    0.883866   0.886909
   517.42980    0.866746   0.885835
   517.43880    0.865675   0.884684
   517.44780    0.871739   0.883533
   517.45680    0.875306   0.882381
   517.46580    0.850338   0.881230
   517.47420    0.835714   0.880156
   517.48320    0.841064   0.879006
   517.49220    0.884936   0.877856
   517.50120    0.882440   0.876706
   517.51020    0.887433   0.875557
   517.51920    0.866389   0.874410
   517.52760    0.836071   0.873339
   517.53660    0.840351   0.872193
   517.54560    0.823943   0.871049
   517.55460    0.859968   0.869905
   517.56360    0.891000   0.868763
   517.57260    0.902057   0.867623
   517.58100    0.821803   0.866560
   517.59000    0.856402   0.865423
   517.59900    0.854975   0.864287
   517.60800    0.857828   0.863154
   517.61700    0.823943   0.862023
   517.62600    0.777217   0.860894
   517.63440    0.814669   0.859843
   517.64340    0.794695   0.858719
   517.65240    0.888147   0.857597
   517.66140    0.877089   0.856478
   517.67040    0.860325   0.855362
   517.67940    0.834644   0.854249
   517.68780    0.797549   0.853212
   517.69680    0.867816   0.852105
   517.70580    0.852121   0.851001
   517.71480    0.844274   0.849900
   517.72380    0.850338   0.848803
   517.73280    0.881726   0.847709
   517.74120    0.778288   0.846691
   517.75020    0.825013   0.845605
   517.75920    0.821803   0.844522
   517.76820    0.874949   0.843443
   517.77720    0.807179   0.842368
   517.78620    0.847485   0.841298
   517.79460    0.852121   0.840303
   517.80360    0.819663   0.839241
   517.81260    0.820020   0.838183
   517.82160    0.831790   0.837130
   517.83060    0.860682   0.836081
   517.83960    0.774364   0.835038
   517.84800    0.869599   0.834068
   517.85700    0.837497   0.833034
   517.86600    0.830720   0.832005
   517.87500    0.835001   0.830981
   517.88400    0.815026   0.829963
   517.89240    0.839994   0.829017
   517.90140    0.836071   0.828009
   517.91040    0.807892   0.827006
   517.91940    0.890287   0.826010
   517.92840    0.815383   0.825019
   517.93740    0.822873   0.824033
   517.94580    0.825727   0.823119
   517.95480    0.812886   0.822146
   517.96380    0.854618   0.821178
   517.97280    0.847841   0.820217
   517.98180    0.791128   0.819262
   517.99080    0.843918   0.818313
   517.99920    0.826797   0.817434
   518.00820    0.774721   0.816498
   518.01720    0.843204   0.815569
   518.02620    0.798975   0.814647
   518.03520    0.815740   0.813731
   518.04420    0.761880   0.812822
   518.05260    0.836071   0.811981
   518.06160    0.843204   0.811086
   518.07060    0.780784   0.810198
   518.07960    0.835001   0.809317
   518.08860    0.763307   0.808444
   518.09760    0.772224   0.807579
   518.10600    0.757600   0.806777
   518.11500    0.824300   0.805926
   518.12400    0.780428   0.805083
   518.13300    0.765804   0.804247
   518.14200    0.761523   0.803420
   518.15100    0.823943   0.802600
   518.15940    0.775791   0.801842
   518.16840    0.816453   0.801038
   518.17740    0.809676   0.800242
   518.18640    0.762237   0.799454
   518.19540    0.800402   0.798674
   518.20440    0.801472   0.797903
   518.21280    0.767587   0.797191
   518.22180    0.754390   0.796436
   518.23080    0.774721   0.795690
   518.23980    0.785778   0.794953
   518.24880    0.800402   0.794224
   518.25720    0.747613   0.793552
   518.26620    0.835357   0.792840
   518.27520    0.788275   0.792138
   518.28420    0.782211   0.791444
   518.29320    0.776147   0.790760
   518.30220    0.796835   0.790084
   518.31060    0.795052   0.789462
   518.31960    0.801829   0.788805
   518.32860    0.812529   0.788157
   518.33760    0.817523   0.787518
   518.34660    0.832147   0.786889
   518.35560    0.802899   0.786269
   518.36400    0.791842   0.785700
   518.37300    0.823943   0.785099
   518.38200    0.795408   0.784507
   518.39100    0.859612   0.783926
   518.40000    0.755816   0.783354
   518.40900    0.774364   0.782792
   518.41740    0.799689   0.782277
   518.42640    0.756173   0.781734
   518.43540    0.790772   0.781201
   518.44440    0.790415   0.780679
   518.45340    0.769370   0.780167
   518.46240    0.762237   0.779665
   518.47080    0.810746   0.779205
   518.47980    0.775077   0.778723
   518.48880    0.788275   0.778251
   518.49780    0.804682   0.777789
   518.50680    0.801472   0.777338
   518.51580    0.790058   0.776898
   518.52420    0.762237   0.776496
   518.53320    0.754033   0.776075
   518.54220    0.743332   0.775666
   518.55120    0.732275   0.775267
   518.56020    0.773294   0.774878
   518.56920    0.772937   0.774501
   518.57760    0.730135   0.774158
   518.58660    0.788631   0.773801
   518.59560    0.752963   0.773455
   518.60460    0.805396   0.773120
   518.61360    0.787561   0.772796
   518.62260    0.775077   0.772482
   518.63100    0.818593   0.772200
   518.64000    0.791128   0.771908
   518.64900    0.801829   0.771627
   518.65800    0.777931   0.771357
   518.66700    0.750109   0.771098
   518.67540    0.746543   0.770866
   518.68440    0.766874   0.770629
   518.69340    0.750466   0.770402
   518.70240    0.790415   0.770187
   518.71140    0.756530   0.769983
   518.72040    0.771511   0.769791
   518.72880    0.771867   0.769621
   518.73780    0.756530   0.769450
   518.74680    0.721931   0.769290
   518.75580    0.771154   0.769142
   518.76480    0.769370   0.769005
   518.77380    0.781141   0.768879
   518.78220    0.727995   0.768772
   518.79120    0.735485   0.768668
   518.80020    0.751536   0.768575
   518.80920    0.798262   0.768494
   518.81820    0.759740   0.768424
   518.82720    0.788988   0.768366
   518.83560    0.792555   0.768322
   518.84460    0.767230   0.768286
   518.85360    0.747969   0.768261
   518.86260    0.772581   0.768247
   518.87160    0.775434   0.768245
   518.88060    0.760453   0.768254
   518.88900    0.808606   0.768273
   518.89800    0.842491   0.768304
   518.90700    0.784351   0.768347
   518.91600    0.770084   0.768401
   518.92500    0.777931   0.768467
   518.93400    0.744046   0.768544
   518.94240    0.810746   0.768626
   518.95140    0.806466   0.768725
   518.96040    0.802542   0.768835
   518.96940    0.766160   0.768957
   518.97840    0.791842   0.769090
   518.98740    0.821803   0.769235
   518.99580    0.760097   0.769380
   519.00480    0.768657   0.769546
   519.01380    0.771154   0.769724
   519.02280    0.787205   0.769913
   519.03180    0.759740   0.770113
   519.04080    0.833217   0.770324
   519.04920    0.764020   0.770532
   519.05820    0.608505   0.770765
   519.06720    0.581397   0.771010
   519.07620    0.775791   0.771265
   519.08520    0.818593   0.771532
   519.09360    0.697677   0.771791
   519.10260    0.698747   0.772079
   519.11160    0.730492   0.772379
   519.12060    0.781498   0.772689
   519.12960    0.881726   0.773010
   519.13860    0.674135   0.773343
   519.14700    0.664505   0.773663
   519.15600    0.752963   0.774017
   519.16500    0.908834   0.774381
   519.17400    0.782211   0.774757
   519.18300    0.742976   0.775143
   519.19200    0.765447   0.775540
   519.20040    0.766517   0.775920
   519.20940    0.795408   0.776338
   519.21840    0.799332   0.776767
   519.22740    0.758670   0.777206
   519.23640    0.748683   0.777656
   519.24540    0.760810   0.778116
   519.25380    0.777931   0.778555
   519.26280    0.758670   0.779036
   519.27180    0.774007   0.779527
   519.28080    0.764733   0.780029
   519.28980    0.760097   0.780541
   519.29880    0.853191   0.781063
   519.30720    0.775077   0.781560
   519.31620    0.723715   0.782102
   519.32520    0.714798   0.782654
   519.33420    0.639894   0.783217
   519.34320    0.666645   0.783789
   519.35220    0.849268   0.784371
   519.36060    0.778644   0.784924
   519.36960    0.730492   0.785526
   519.37860    0.773294   0.786137
   519.38760    0.831077   0.786758
   519.39660    0.754033   0.787389
   519.40560    0.769014   0.788030
   519.41400    0.791842   0.788637
   519.42300    0.779358   0.789296
   519.43200    0.842848   0.789965
   519.44100    0.770084   0.790643
   519.45000    0.756173   0.791331
   519.45840    0.813599   0.791981
   519.46740    0.788631   0.792687
   519.47640    0.805396   0.793401
   519.48540    0.810033   0.794125
   519.49440    0.813599   0.794858
   519.50340    0.848198   0.795600
   519.51180    0.799332   0.796301
   519.52080    0.832860   0.797060
   519.52980    0.791485   0.797828
   519.53880    0.875306   0.798604
   519.54780    0.825013   0.799390
   519.55680    0.855688   0.800184
   519.56520    0.821446   0.800932
   519.57420    0.867102   0.801743
   519.58320    0.827153   0.802561
   519.59220    0.850338   0.803388
   519.60120    0.922388   0.804223
   519.61020    0.846414   0.805066
   519.61860    0.649881   0.805861
   519.62760    0.724071   0.806719
   519.63660    0.873879   0.807586
   519.64560    0.907408   0.808461
   519.65460    0.751536   0.809343
   519.66360    0.832504   0.810233
   519.67200    0.816810   0.811070
   519.68100    0.773294   0.811974
   519.69000    0.854618   0.812886
   519.69900    0.837141   0.813805
   519.70800    0.805752   0.814732
   519.71700    0.924529   0.815665
   519.72540    0.873879   0.816543
   519.73440    0.861752   0.817490
   519.74340    0.874949   0.818444
   519.75240    0.857828   0.819405
   519.76140    0.781854   0.820373
   519.77040    0.832504   0.821347
   519.77880    0.891357   0.822262
   519.78780    0.763307   0.823249
   519.79680    0.776147   0.824242
   519.80580    0.943433   0.825241
   519.81480    0.886720   0.826247
   519.82380    0.869599   0.827258
   519.83220    0.854975   0.828208
   519.84120    0.837497   0.829231
   519.85020    0.831077   0.830260
   519.85920    0.857828   0.831295
   519.86820    0.857472   0.832335
   519.87660    0.884936   0.833311
   519.88560    0.947713   0.834361
   519.89460    0.934159   0.835417
   519.90360    0.685549   0.836479
   519.91260    0.684836   0.837545
   519.92160    0.917038   0.838616
   519.93000    1.012273   0.839621
   519.93900    0.801115   0.840701
   519.94800    0.783995   0.841787
   519.95700    0.920605   0.842877
   519.96600    0.960197   0.843971
   519.97500    0.914541   0.845070
   519.98340    0.889573   0.846100
   519.99240    0.890643   0.847207
   520.00140    0.909548   0.848318
   520.01040    0.863179   0.849433
   520.01940    0.860682   0.850552
   520.02840    0.827510   0.851674
   520.03680    0.886007   0.852726
   520.04580    0.881013   0.853855
   520.05480    0.854618   0.854988
   520.06380    0.807892   0.856124
   520.07280    0.912045   0.857263
   520.08180    0.896707   0.858406
   520.09020    0.816096   0.859475
   520.09920    0.895637   0.860623
   520.10820    0.875306   0.861773
   520.11720    0.864962   0.862927
   520.12620    0.818950   0.864083
   520.13520    0.867459   0.865241
   520.14360    0.909548   0.866324
   520.15260    0.836071   0.867486
   520.16160    0.885650   0.868650
   520.17060    0.843918   0.869816
   520.17960    0.994439   0.870984
   520.18860    0.930592   0.872154
   520.19700    0.893854   0.873247
   520.20600    0.779714   0.874419
   520.21500    0.801472   0.875592
   520.22400    0.884223   0.876767
   520.23300    0.996936   0.877942
   520.24200    0.965191   0.879119
   520.25040    0.956987   0.880217
   520.25940    0.982668   0.881395
   520.26840    0.865675   0.882573
   520.27740    0.719791   0.883751
   520.28640    0.761880   0.884929
   520.29480    0.913115   0.886029
   520.30380    0.957344   0.887207
   520.31280    0.812529   0.888385
   520.32180    0.883153   0.889562
   520.33080    0.937013   0.890739
   520.33980    0.895994   0.891914
   520.34820    0.958770   0.893011
   520.35720    0.903127   0.894184
   520.36620    0.895637   0.895356
   520.37520    0.965547   0.896527
   520.38420    0.868529   0.897696
   520.39320    0.926312   0.898864
   520.40160    0.867459   0.899951
   520.41060    0.932019   0.901115
   520.41960    0.907051   0.902276
   520.42860    0.927382   0.903435
   520.43760    0.935942   0.904591
   520.44660    0.969828   0.905744
   520.45500    0.928452   0.906818
   520.46400    0.903127   0.907966
   520.47300    0.933446   0.909111
   520.48200    0.883510   0.910253
   520.49100    0.935229   0.911391
   520.50000    0.930592   0.912525
   520.50840    0.878516   0.913581
   520.51740    0.861395   0.914708
   520.52640    0.971968   0.915831
   520.53540    0.868886   0.916951
   520.54440    0.875306   0.918066
   520.55340    0.869242   0.919176
   520.56180    0.908834   0.920209
   520.57080    0.898847   0.921310
   520.57980    0.963764   0.922408
   520.58880    0.980885   0.923500
   520.59780    0.933089   0.924587
   520.60680    0.859968   0.925669
   520.61520    0.904197   0.926674
   520.62420    0.945573   0.927746
   520.63320    0.958057   0.928812
   520.64220    0.946643   0.929872
   520.65120    0.987662   0.930927
   520.66020    0.858185   0.931976
   520.66860    0.910618   0.932950
   520.67760    0.982668   0.933987
   520.68660    0.907764   0.935018
   520.69560    0.991585   0.936043
   520.70460    0.958057   0.937062
   520.71300    0.921675   0.938006
   520.72200    0.886007   0.939012
   520.73100    0.887077   0.940011
   520.74000    0.929879   0.941003
   520.74900    1.002286   0.941989
   520.75800    0.940936   0.942967
   520.76640    0.995866   0.943873
   520.77540    0.948783   0.944838
   520.78440    0.981955   0.945795
   520.79340    0.964834   0.946745
   520.80240    0.941293   0.947687
   520.81140    1.004783   0.948622
   520.81980    1.026897   0.949487
   520.82880    1.011560   0.950407
   520.83780    1.041878   0.951319
   520.84680    1.015127   0.952223
   520.85580    0.926312   0.953119
   520.86480    0.918822   0.954007
   520.87320    1.018337   0.954829
   520.88220    0.940223   0.955701
   520.89120    0.972681   0.956565
   520.90020    0.996222   0.957421
   520.90920    0.990515   0.958269
   520.91820    0.838567   0.959107
   520.92660    0.803256   0.959883
   520.93560    0.891357   0.960705
   520.94460    0.621703   0.961519
   520.95360    0.685906   0.962324
   520.96260    0.978031   0.963121
   520.97160    0.858898   0.963909
   520.98000    0.860682   0.964636
   520.98900    1.241622   0.965407
   520.99800    0.906694   0.966168
   521.00700    0.874236   0.966921
   521.01600    1.069343   0.967665
   521.02500    0.871382   0.968400
   521.03340    0.551079   0.969078
   521.04240    0.626696   0.969795
   521.05140    0.163005   0.970503
   521.06040    0.788275   0.971203
   521.06940    1.208093   0.971893
   521.07780    1.030821   0.972528
   521.08680    0.588888   0.973201
   521.09580    0.999432   0.973864
   521.10480    0.628123   0.974517
   521.11380    0.991229   0.975162
   521.12280    1.162794   0.975797
   521.13120    0.918822   0.976382
   521.14020    0.804326   0.976999
   521.14920    0.872452   0.977607
   521.15820    0.791485   0.978206
   521.16720    0.993012   0.978795
   521.17620    0.684836   0.979375
   521.18460    0.953420   0.979908
   521.19360    0.841064   0.980470
   521.20260    0.779001   0.981023
   521.21160    0.909191   0.981567
   521.22060    1.135330   0.982101
   521.22960    1.174565   0.982626
   521.23800    0.991229   0.983108
   521.24700    1.023687   0.983615
   521.25600    1.025827   0.984114
   521.26500    1.033318   0.984603
   521.27400    1.143177   0.985082
   521.28300    1.011560   0.985553
   521.29140    0.887433   0.985984
   521.30040    0.856402   0.986437
   521.30940    0.955560   0.986882
   521.31840    1.068629   0.987317
   521.32740    1.016910   0.987743
   521.33640    1.032248   0.988161
   521.34480    0.995152   0.988543
   521.35380    1.027611   0.988943
   521.36280    1.021904   0.989335
   521.37180    1.042235   0.989718
   521.38080    0.892427   0.990092
   521.38980    1.062209   0.990458
   521.39820    1.020120   0.990792
   521.40720    1.066133   0.991141
   521.41620    0.918465   0.991482
   521.42520    1.022617   0.991814
   521.43420    0.991229   0.992139
   521.44320    1.049368   0.992455
   521.45160    1.008350   0.992743
   521.46060    0.982668   0.993043
   521.46960    1.057572   0.993336
   521.47860    1.070770   0.993620
   521.48760    1.065063   0.993897
   521.49600    1.027967   0.994148
   521.50500    1.118209   0.994410
   521.51400    1.048298   0.994664
   521.52300    0.929165   0.994911
   521.53200    0.722645   0.995150
   521.54100    0.578187   0.995382
   521.54940    0.794338   0.995591
   521.55840    0.777217   0.995809
   521.56740    0.933089   0.996020
   521.57640    1.237342   0.996224
   521.58540    1.073266   0.996420
   521.59440    0.791842   0.996610
   521.60280    0.761167   0.996782
   521.61180    1.152451   0.996959
   521.62080    1.162438   0.997129
   521.62980    0.984095   0.997294
   521.63880    1.104298   0.997452
   521.64780    1.057572   0.997603
   521.65620    0.674849   0.997739
   521.66520    0.785065   0.997879
   521.67420    0.711231   0.998014
   521.68320    0.970184   0.998142
   521.69220    1.409977   0.998265
   521.70120    0.938439   0.998382
   521.70960    0.655588   0.998487
   521.71860    1.285137   0.998594
   521.72760    1.401774   0.998696
   521.73660    0.757600   0.998792
   521.74560    0.359539   0.998884
   521.75460    0.433729   0.998971
   521.76300    0.616352   0.999048
   521.77200    1.471327   0.999127
   521.78100    1.688905   0.999200
   521.79000    0.873166   0.999270
   521.79900    0.280355   0.999335
   521.80800    0.533245   0.999396
   521.81640    0.326010   0.999450
   521.82540    0.446927   0.999503
   521.83440    0.817880   0.999553
   521.84340    1.003713   0.999600
   521.85240    1.219864   0.999643
   521.86140    1.099661   0.999683
   521.86980    1.112502   0.999717
   521.87880    1.223431   0.999751
   521.88780    1.019050   0.999782
   521.89680    0.818950   0.999811
   521.90580    0.919892   0.999836
   521.91420    1.111075   0.999858
   521.92320    0.884936   0.999879
   521.93220    0.846058   0.999898
   521.94120    1.177418   0.999914
   521.95020    1.123202   0.999929
   521.95920    0.552506   0.999942
   521.96760    0.624556   0.999953
   521.97660    0.945573   0.999962
   521.98560    1.270870   0.999970
   521.99460    1.116069   0.999977
   522.00360    0.893140   0.999983
   522.01260    1.049725   0.999988
   522.02100    1.110005   0.999991
   522.03000    1.046515   0.999994
   522.03900    1.050795   0.999996
   522.04800    1.103228   0.999998
   522.05700    1.083254   0.999999
   522.06600    1.137826   0.999999
   522.07440    1.034388   1.000000
   522.08340    1.001573   1.000000
   522.09240    1.037598   1.000000
   522.10140    0.984095   1.000000
   522.11040    1.040095   1.000000
   522.11940    1.063279   1.000000
   522.12780    1.080043   1.000000
   522.13680    1.295838   1.000000
   522.14580    0.959484   1.000000
   522.15480    0.665218   1.000000
   522.16380    0.457271   1.000000
   522.17280    0.701957   1.000000
   522.18120    1.462410   1.000000
   522.19020    1.099661   1.000000
   522.19920    0.701600   1.000000
   522.20820    1.090744   1.000000
   522.21720    1.006566   1.000000
   522.22620    0.947356   1.000000
   522.23460    0.830720   1.000000
   522.24360    0.786848   1.000000
   522.25260    0.984808   1.000000
   522.26160    1.259813   1.000000
   522.27060    1.083967   1.000000
   522.27900    0.851765   1.000000
   522.28800    0.893497   1.000000
   522.29700    1.085037   1.000000
   522.30600    1.022260   1.000000
   522.31500    0.995509   1.000000
   522.32400    1.188832   1.000000
   522.33240    1.046872   1.000000
   522.34140    1.052935   1.000000
   522.35040    1.095381   1.000000
   522.35940    1.072196   1.000000
   522.36840    1.050795   1.000000
   522.37740    0.991942   1.000000
   522.38580    1.022974   1.000000
   522.39480    1.121419   1.000000
   522.40380    1.069343   1.000000
   522.41280    0.961624   1.000000
   522.42180    1.007636   1.000000
   522.43080    1.154591   1.000000
   522.43920    1.081827   1.000000
   522.44820    1.229851   1.000000
   522.45720    0.980885   1.000000
   522.46620    0.927382   1.000000
   522.47520    0.990159   1.000000
   522.48420    1.010490   1.000000
   522.49260    0.918822   1.000000
   522.50160    0.780071   1.000000
   522.51060    0.805752   1.000000
   522.51960    0.704097   1.000000
   522.52860    0.842848   1.000000
   522.53760    0.993726   1.000000
   522.54600    1.183839   1.000000
   522.55500    1.060782   1.000000
   522.56400    0.921675   1.000000
   522.57300    1.085750   1.000000
   522.58200    1.042591   1.000000
   522.59100    0.925242   1.000000
   522.59940    1.107151   1.000000
   522.60840    0.896707   1.000000
   522.61740    1.020477   1.000000
   522.62640    1.161368   1.000000
   522.63540    1.027611   1.000000
   522.64440    1.000859   1.000000
   522.65280    1.055789   1.000000
   522.66180    1.069700   1.000000
   522.67080    1.006566   1.000000
   522.67980    0.947713   1.000000
   522.68880    1.012273   1.000000
   522.69720    1.024757   1.000000
   522.70620    0.968401   1.000000
   522.71520    1.019407   1.000000
   522.72420    1.027611   1.000000
   522.73320    1.034388   1.000000
   522.74220    1.061496   1.000000
   522.75060    1.060069   1.000000
   522.75960    0.985878   1.000000
   522.76860    0.990159   1.000000
   522.77760    1.024757   1.000000
   522.78660    1.044375   1.000000
   522.79560    1.028681   1.000000
   522.80400    1.064349   1.000000
   522.81300    1.078260   1.000000
   522.82200    0.985165   1.000000
   522.83100    1.022260   1.000000
   522.84000    1.052222   1.000000
   522.84900    1.004783   1.000000
   522.85740    1.048655   1.000000
   522.86640    1.029394   1.000000
   522.87540    0.985878   1.000000
   522.88440    1.029037   1.000000
   522.89340    1.010490   1.000000
   522.90240    1.002286   1.000000
   522.91080    0.998362   1.000000
   522.91980    1.066846   1.000000
   522.92880    1.055789   1.000000
   522.93780    0.965904   1.000000
   522.94680    0.933802   1.000000
   522.95580    1.011560   1.000000
   522.96420    1.035458   1.000000
   522.97320    1.039738   1.000000
   522.98220    1.015483   1.000000
   522.99120    0.962694   1.000000
   523.00020    0.984095   1.000000
   523.00920    1.072553   1.000000
   523.01760    1.057216   1.000000
   523.02660    1.040451   1.000000
   523.03560    1.074336   1.000000
   523.04460    1.005139   1.000000
   523.05360    1.026897   1.000000
   523.06260    1.054362   1.000000
   523.07100    1.033318   1.000000
   523.08000    0.992655   1.000000
   523.08900    0.993012   1.000000
   523.09800    1.004426   1.000000
   523.10700    1.002286   1.000000
   523.11540    1.037955   1.000000
   523.12440    0.989089   1.000000
   523.13340    1.103228   1.000000
   523.14240    1.072196   1.000000
   523.15140    1.061139   1.000000
   523.16040    1.009063   1.000000
   523.16880    1.058999   1.000000
   523.17780    1.038311   1.000000
   523.18680    1.061139   1.000000
   523.19580    1.052935   1.000000
   523.20480    1.030107   1.000000
   523.21380    1.035101   1.000000
   523.22220    1.061852   1.000000
   523.23120    1.025827   1.000000
   523.24020    1.028324   1.000000
   523.24920    1.031177   1.000000
   523.25820    0.970184   1.000000
   523.26720    1.017980   1.000000
   523.27560    1.032961   1.000000
   523.28460    1.100731   1.000000
   523.29360    1.059712   1.000000
   523.30260    1.029751   1.000000
   523.31160    1.075763   1.000000
   523.32060    1.030107   1.000000
   523.32900    0.777574   1.000000
   523.33800    1.069700   1.000000
   523.34700    1.428882   1.000000
   523.35600    0.791485   1.000000
   523.36500    0.710161   1.000000
   523.37400    0.610289   1.000000
   523.38240    0.895637   1.000000
   523.39140    1.414258   1.000000
   523.40040    0.626340   1.000000
   523.40940    0.231132   1.000000
   523.41840    0.689830   1.000000
   523.42740    0.823943   1.000000
   523.43580    1.197750   1.000000
   523.44480    1.090031   1.000000
   523.45380    1.066133   1.000000
   523.46280    1.154234   1.000000
   523.47180    1.005139   1.000000
   523.48020    1.018337   1.000000
   523.48920    1.006566   1.000000
   523.49820    0.997292   1.000000
   523.50720    1.204527   1.000000
   523.51620    1.284424   1.000000
   523.52520    0.801829   1.000000
   523.53360    0.718008   1.000000
   523.54260    0.851051   1.000000
   523.55160    1.370742   1.000000
   523.56060    0.986592   1.000000
   523.56960    0.644531   1.000000
   523.57860    0.543232   1.000000
   523.58700    0.427666   1.000000
   523.59600    0.325654   1.000000
   523.60500    0.776861   1.000000
   523.61400    0.847485   1.000000
   523.62300    0.689830   1.000000
   523.63200    1.351838   1.000000
   523.64040    1.119279   1.000000
   523.64940    0.993012   1.000000
   523.65840    0.985165   1.000000
   523.66740    1.035458   1.000000
   523.67640    0.973394   1.000000
   523.68540    1.020120   1.000000
   523.69380    0.964834   1.000000
   523.70280    0.960197   1.000000
   523.71180    1.075406   1.000000
   523.72080    1.030464   1.000000
   523.72980    1.058286   1.000000
   523.73880    0.999432   1.000000
   523.74720    1.009420   1.000000
   523.75620    0.980528   1.000000
   523.76520    1.024757   1.000000
   523.77420    1.014057   1.000000
   523.78320    0.989445   1.000000
   523.79220    1.035814   1.000000
   523.80060    1.030107   1.000000
   523.80960    1.035814   1.000000
   523.81860    1.085037   1.000000
   523.82760    1.047585   1.000000
   523.83660    1.037955   1.000000
   523.84560    1.038668   1.000000
   523.85400    1.042948   1.000000
   523.86300    1.020834   1.000000
   523.87200    0.983025   1.000000
   523.88100    1.054362   1.000000
   523.89000    0.991942   1.000000
   523.89840    1.045445   1.000000
   523.90740    0.993369   1.000000
   523.91640    1.088961   1.000000
   523.92540    1.071840   1.000000
   523.93440    1.051152   1.000000
   523.94340    1.029751   1.000000
   523.95180    1.005139   1.000000
   523.96080    0.979458   1.000000
   523.96980    1.074693   1.000000
   523.97880    1.010133   1.000000
   523.98780    1.017267   1.000000
   523.99680    1.035101   1.000000
   524.00520    1.063636   1.000000
   524.01420    1.061139   1.000000
