  1237.34880    1.101968   1.000000
  1237.63882    0.976242   1.000000
  1237.94078    1.017978   1.000000
  1238.24851    1.082175   1.000000
  1238.52082    0.981135   1.000000
  1238.79341    0.979731   1.000000
  1239.06542    1.039488   1.000000
  1239.33758    0.999620   1.000000
  1239.61910    1.000032   1.000000
  1239.89760    0.985859   1.000000
  1240.18992    0.989912   1.000000
  1240.46194    0.957283   1.000000
  1240.73928    0.977191   1.000000
  1241.01850    1.050015   1.000000
  1241.30578    0.982507   1.000000
  1241.57750    1.013047   1.000000
  1241.85038    1.090436   1.000000
  1242.14126    1.017588   1.000000
  1242.41299    0.978745   1.000000
  1242.68530    1.028675   1.000000
  1242.95702    1.283966   1.000000
  1243.24949    1.063917   1.000000
  1243.52136    1.010343   1.000000
  1243.79309    0.924320   1.000000
  1244.13250    0.994774   1.000000
  1244.44008    0.979924   1.000000
  1244.85754    1.071141   1.000000
  1245.15749    0.981867   1.000000
  1245.43469    0.993058   1.000000
  1245.71808    1.004377   1.000000
  1245.99254    0.934304   1.000000
  1246.31453    1.086043   1.000000
  1246.58626    0.977721   1.000000
  1246.86245    1.019854   1.000000
  1247.19163    0.993823   1.000000
  1247.47243    0.973704   1.000000
  1247.78578    1.051294   1.000000
  1248.31181    1.004524   1.000000
  1248.61781    0.959614   1.000000
  1248.95304    1.003644   1.000000
  1249.27546    0.949351   1.000000
  1249.58347    1.015532   1.000000
  1249.89466    0.994177   1.000000
  1250.21981    0.939642   1.000000
  1250.54712    1.051525   1.000000
  1250.86406    0.932983   1.000000
  1251.17827    1.038286   1.000000
  1251.91267    0.991752   1.000000
  1252.25554    1.003039   1.000000
  1252.57910    1.055450   1.000000
  1252.93090    0.981692   1.000000
  1253.26656    1.014510   1.000000
  1253.58379    0.962548   1.000000
  1253.90146    0.946727   1.000000
  1254.24202    0.947225   1.000000
  1254.56458    0.954520   1.000000
  1254.88238    0.957556   1.000000
  1255.22237    0.981519   1.000000
  1255.54018    0.961958   1.000000
  1255.85755    0.947044   1.000000
  1256.19595    0.981185   1.000000
  1256.51390    0.991361   1.000000
  1256.83114    0.945930   1.000000
  1257.17371    1.018403   1.000000
  1257.49584    0.991911   1.000000
  1257.81912    0.985318   0.999243
  1258.15910    0.923693   0.991697
  1258.47648    0.940764   0.980281
  1258.79400    0.977986   0.965497
  1259.11555    0.891199   0.947674
  1259.43365    0.871330   0.927616
  1259.75635    0.902488   0.905190
  1260.08006    0.829365   0.880899
  1260.40003    0.845381   0.855419
  1260.71698    0.890382   0.829061
  1261.05696    0.804831   0.799803
  1261.37837    0.789853   0.771580
  1261.69603    0.740595   0.743449
  1262.01355    0.692795   0.715486
  1262.33237    0.709797   0.688162
  1262.64960    0.690709   0.662148
  1262.96654    0.627102   0.638194
  1263.30278    0.616833   0.616729
  1263.62059    0.591754   0.602834
  1263.93811    0.609295   0.598118
  1264.27493    0.589663   0.600097
  1264.59720    0.633849   0.610819
  1264.91846    0.630502   0.628888
  1265.25629    0.663380   0.652674
  1265.57237    0.674249   0.677509
  1266.74914    0.775794   0.777892
  1267.07213    0.812924   0.805529
  1267.39008    0.826973   0.832093
  1267.70717    0.819544   0.857751
  1268.02973    0.882365   0.882746
  1268.34912    0.880522   0.905841
  1268.66650    0.888714   0.927443
  1268.98618    0.925660   0.947039
  1269.32285    0.988177   0.965272
  1269.64498    0.972317   0.979834
  1269.97042    0.985662   0.991390
  1270.30694    1.022250   0.998940
  1270.62389    0.937011   1.000000
  1280.35843    0.981203   1.000000
  1280.67595    0.959940   1.000000
  1280.99794    0.994056   1.000000
  1281.33475    0.988571   1.000000
  1281.67934    0.983982   1.000000
  1282.02178    1.004162   1.000000
  1282.34506    1.030936   1.000000
  1282.68058    1.000812   1.000000
  1283.05454    1.022246   1.000000
  1283.41930    0.975589   1.000000
  1283.76734    0.978611   1.000000
  1284.26645    0.976829   1.000000
  1284.59333    0.973135   1.000000
  1284.92208    0.971952   1.000000
  1285.25011    1.006295   1.000000
  1285.56907    1.009352   1.000000
  1285.89696    1.007242   1.000000
  1286.24285    0.982234   1.000000
  1286.56915    0.957893   1.000000
  1286.89632    1.023478   1.000000
  1287.23789    1.006621   1.000000
  1287.67637    1.006403   1.000000
  1288.00829    0.988178   1.000000
  1288.44907    1.003248   1.000000
  1288.76443    1.005421   1.000000
  1289.08526    1.002470   1.000000
  1289.40278    1.002082   1.000000
  1289.72520    1.019767   1.000000
  1290.04042    1.024582   1.000000
  1290.35707    1.008609   1.000000
  1290.67157    0.997141   1.000000
  1290.98606    1.018144   1.000000
  1291.32000    1.024711   1.000000
  1291.63608    0.971037   1.000000
  1291.95821    1.028261   1.000000
  1292.29891    0.991096   1.000000
  1292.62594    1.013646   1.000000
  1292.94850    1.014118   1.000000
  1293.28114    1.012031   1.000000
  1293.59678    1.020235   1.000000
  1293.91070    1.020695   1.000000
  1294.24406    1.024644   1.000000
  1294.56317    1.000299   1.000000
  1294.88213    1.022980   1.000000
  1295.21794    1.020019   1.000000
  1295.53243    1.026529   1.000000
  1295.84650    1.013218   1.000000
  1296.17928    1.006895   1.000000
  1296.49277    1.034024   1.000000
  1296.80611    1.022343   1.000000
  1297.12334    1.026260   1.000000
