  1418.05200    0.936468   0.988101
  1418.06880    1.161797   0.987359
  1418.08560    1.303021   0.986588
  1418.10240    1.090872   0.985787
  1418.11860    0.861776   0.984986
  1418.13540    1.101542   0.984126
  1418.15220    0.703606   0.983236
  1418.16900    0.965340   0.982314
  1418.18580    1.264734   0.981361
  1418.20200    1.082712   0.980412
  1418.21880    1.198202   0.979397
  1418.23560    0.851106   0.978349
  1418.25240    0.715532   0.977270
  1418.26860    0.746915   0.976197
  1418.28540    0.997978   0.975053
  1418.30220    0.928308   0.973875
  1418.31900    0.627659   0.972665
  1418.33580    0.777670   0.971420
  1418.35200    1.077063   0.970189
  1418.36880    0.904457   0.968878
  1418.38560    1.191925   0.967534
  1418.40240    1.313691   0.966155
  1418.41860    1.028106   0.964793
  1418.43540    0.836670   0.963348
  1418.45220    0.964712   0.961868
  1418.46900    1.006766   0.960354
  1418.48580    0.924542   0.958805
  1418.50200    0.878095   0.957280
  1418.51880    1.147989   0.955664
  1418.53560    1.045053   0.954015
  1418.55240    0.714276   0.952331
  1418.56860    0.978521   0.950675
  1418.58540    0.885627   0.948925
  1418.60220    0.721808   0.947142
  1418.61900    1.021202   0.945325
  1418.63580    0.912617   0.943475
  1418.65200    1.129159   0.941660
  1418.66880    0.860521   0.939746
  1418.68560    0.962829   0.937800
  1418.70240    0.935212   0.935821
  1418.71860    0.809053   0.933884
  1418.73540    0.871819   0.931844
  1418.75220    1.078319   0.929773
  1418.76900    0.937095   0.927672
  1418.78580    0.885000   0.925542
  1418.80200    0.796500   0.923460
  1418.81880    0.996095   0.921273
  1418.83560    0.867425   0.919058
  1418.85240    0.886255   0.916816
  1418.86860    0.953415   0.914629
  1418.88540    1.070159   0.912336
  1418.90220    0.938978   0.910018
  1418.91900    0.782064   0.907676
  1418.93580    0.874957   0.905310
  1418.95200    1.040032   0.903007
  1418.96880    0.582468   0.900596
  1418.98560    0.868053   0.898162
  1419.00240    0.900064   0.895707
  1419.01860    0.800266   0.893319
  1419.03540    0.810308   0.890822
  1419.05220    0.721181   0.888305
  1419.06900    0.872447   0.885767
  1419.08580    0.902574   0.883209
  1419.10200    0.938978   0.880725
  1419.11880    1.033755   0.878129
  1419.13560    0.570542   0.875515
  1419.15240    1.087106   0.872883
  1419.16860    0.866798   0.870327
  1419.18540    1.044425   0.867660
  1419.20220    0.608830   0.864975
  1419.21900    1.090244   0.862274
  1419.23580    0.970989   0.859556
  1419.25200    0.724947   0.856919
  1419.26880    0.818468   0.854170
  1419.28560    1.060744   0.851404
  1419.30240    0.753191   0.848624
  1419.31860    0.961574   0.845928
  1419.33540    0.672223   0.843119
  1419.35220    0.855500   0.840295
  1419.36900    0.802149   0.837458
  1419.38580    0.809053   0.834606
  1419.40200    0.689170   0.831844
  1419.41880    0.797755   0.828967
  1419.43560    0.967851   0.826077
  1419.45240    0.903202   0.823175
  1419.46860    0.711138   0.820365
  1419.48540    0.861776   0.817440
  1419.50220    0.773276   0.814503
  1419.51900    1.070787   0.811555
  1419.53580    0.815330   0.808596
  1419.55200    0.752564   0.805733
  1419.56880    0.876840   0.802753
  1419.58560    0.978521   0.799764
  1419.60240    0.992329   0.796765
  1419.61860    0.694819   0.793865
  1419.63540    0.811564   0.790848
  1419.65220    0.564266   0.787822
  1419.66900    0.647117   0.784789
  1419.68580    0.802149   0.781746
  1419.70200    0.963457   0.778806
  1419.71880    1.023712   0.775749
  1419.73560    0.574308   0.772684
  1419.75240    0.757585   0.769613
  1419.76860    1.062000   0.766645
  1419.78540    0.881861   0.763562
  1419.80220    0.805915   0.760472
  1419.81900    0.829138   0.757376
  1419.83580    0.856127   0.754275
  1419.85200    0.745032   0.751280
  1419.86880    0.742521   0.748169
  1419.88560    0.722436   0.745054
  1419.90240    0.563638   0.741934
  1419.91860    0.751936   0.738922
  1419.93540    0.833532   0.735795
  1419.95220    0.999861   0.732664
  1419.96900    0.718670   0.729531
  1419.98580    0.560500   0.726395
  1420.00200    0.740010   0.723368
  1420.01880    0.810308   0.720227
  1420.03560    0.738755   0.717085
  1420.05240    0.551713   0.713941
  1420.06860    0.844202   0.710908
  1420.08540    0.847968   0.707762
  1420.10220    0.873074   0.704615
  1420.11900    0.668457   0.701467
  1420.13580    0.790851   0.698320
  1420.15200    0.595649   0.695285
  1420.16880    0.905085   0.692139
  1420.18560    0.612596   0.688993
  1420.20240    0.761978   0.685849
  1420.21860    1.045680   0.682818
  1420.23540    0.507776   0.679677
  1420.25220    0.782691   0.676538
  1420.26900    0.781436   0.673402
  1420.28580    1.157404   0.670268
  1420.30200    0.645861   0.667249
  1420.31880    0.600670   0.664121
  1420.33560    0.454425   0.660997
  1420.35240    0.463840   0.657877
  1420.36860    0.722436   0.654873
  1420.38540    0.744404   0.651762
  1420.40220    0.633308   0.648655
  1420.41900    1.101542   0.645554
  1420.43580    0.733106   0.642459
  1420.45200    0.713649   0.639479
  1420.46880    0.681638   0.636396
  1420.48560    0.454425   0.633318
  1420.50240    0.419276   0.630248
  1420.51860    0.509659   0.627294
  1420.53540    0.543553   0.624238
  1420.55220    0.555479   0.621190
  1420.56900    0.728713   0.618150
  1420.58580    0.638957   0.615118
  1420.60200    0.557989   0.612203
  1420.61880    0.685404   0.609189
  1420.63560    0.613223   0.606184
  1420.65240    0.687287   0.603189
  1420.66860    0.539787   0.600311
  1420.68540    0.725574   0.597336
  1420.70220    0.726202   0.594372
  1420.71900    0.627032   0.591419
  1420.73580    0.605064   0.588477
  1420.75200    0.677244   0.585652
  1420.76880    0.484553   0.582734
  1420.78560    0.641468   0.579828
  1420.80240    0.622010   0.576935
  1420.81860    0.714276   0.574157
  1420.83540    0.718670   0.571290
  1420.85220    0.677244   0.568437
  1420.86900    0.380362   0.565598
  1420.88580    0.671596   0.562773
  1420.90200    0.635191   0.560064
  1420.91880    0.827255   0.557268
  1420.93560    0.380989   0.554488
  1420.95240    0.578074   0.551724
  1420.96860    0.488319   0.549074
  1420.98540    0.708000   0.546342
  1421.00220    0.632053   0.543627
  1421.01900    0.448776   0.540929
  1421.03580    0.439362   0.538249
  1421.05200    0.695447   0.535681
  1421.06880    0.771393   0.533036
  1421.08560    0.336425   0.530410
  1421.10240    0.391032   0.527803
  1421.11860    0.278053   0.525307
  1421.13540    0.655276   0.522738
  1421.15220    0.417393   0.520188
  1421.16900    0.303159   0.517659
  1421.18580    0.525979   0.515151
  1421.20200    0.246670   0.512753
  1421.21880    0.802776   0.510286
  1421.23560    0.225957   0.507842
  1421.25240    0.463840   0.505419
  1421.26860    0.306298   0.503104
  1421.28540    0.589372   0.500726
  1421.30220    0.625776   0.498371
  1421.31900    0.318851   0.496039
  1421.33580    0.425553   0.493731
  1421.35200    0.365298   0.491528
  1421.36880    0.493968   0.489268
  1421.38560    0.696074   0.487033
  1421.40240    0.411745   0.484823
  1421.41860    0.398564   0.482716
  1421.43540    0.650883   0.480557
  1421.45220    0.468234   0.478424
  1421.46900    0.504010   0.476317
  1421.48580    0.472000   0.474237
  1421.50200    0.310064   0.472258
  1421.51880    0.536021   0.470232
  1421.53560    0.613223   0.468234
  1421.55240    0.507776   0.466264
  1421.56860    0.379734   0.464392
  1421.58540    0.348351   0.462478
  1421.60220    0.323245   0.460594
  1421.61900    0.274287   0.458740
  1421.63580    0.492713   0.456915
  1421.65200    0.424925   0.455184
  1421.66880    0.320734   0.453419
  1421.68560    0.352117   0.451685
  1421.70240    0.514681   0.449982
  1421.71860    0.493968   0.448370
  1421.73540    0.642096   0.446728
  1421.75220    0.289351   0.445120
  1421.76900    0.547319   0.443543
  1421.78580    0.564266   0.441999
  1421.80200    0.669085   0.440541
  1421.81880    0.584979   0.439062
  1421.83560    0.391659   0.437616
  1421.85240    0.348979   0.436205
  1421.86860    0.542298   0.434875
  1421.88540    0.401702   0.433531
  1421.90220    0.472000   0.432221
  1421.91900    0.315713   0.430945
  1421.93580    0.425553   0.429705
  1421.95200    0.394798   0.428543
  1421.96880    0.313830   0.427372
  1421.98560    0.418649   0.426237
  1422.00240    0.336425   0.425139
  1422.01860    0.396053   0.424113
  1422.03540    0.648372   0.423086
  1422.05220    0.538532   0.422096
  1422.06900    0.375340   0.421142
  1422.08580    0.492713   0.420225
  1422.10200    0.260479   0.419377
  1422.11880    0.343330   0.418534
  1422.13560    0.347096   0.417729
  1422.15240    0.474510   0.416961
  1422.16860    0.252947   0.416257
  1422.18540    0.329521   0.415565
  1422.20220    0.256085   0.414910
  1422.21900    0.382872   0.414295
  1422.23580    0.446893   0.413718
  1422.25200    0.353372   0.413198
  1422.26880    0.318851   0.412697
  1422.28560    0.247925   0.412236
  1422.30240    0.305042   0.411813
  1422.31860    0.323245   0.411443
  1422.33540    0.369064   0.411097
  1422.35220    0.425553   0.410792
  1422.36900    0.480159   0.410525
  1422.38580    0.399191   0.410298
  1422.40200    0.308181   0.410117
  1422.41880    0.286840   0.409969
  1422.43560    0.484553   0.409859
  1422.45240    0.476393   0.409790
  1422.46860    0.328266   0.409761
  1422.48540    0.465096   0.409770
  1422.50220    0.312574   0.409819
  1422.51900    0.460074   0.409908
  1422.53580    0.406723   0.410036
  1422.55200    0.483298   0.410198
  1422.56880    0.337053   0.410405
  1422.58560    0.330149   0.410652
  1422.60240    0.364670   0.410938
  1422.61860    0.432457   0.411252
  1422.63540    0.333915   0.411616
  1422.65220    0.258596   0.412021
  1422.66900    0.273032   0.412464
  1422.68580    0.329521   0.412947
  1422.70200    0.463213   0.413450
  1422.71880    0.299394   0.414011
  1422.73560    0.386011   0.414610
  1422.75240    0.340191   0.415248
  1422.76860    0.384755   0.415901
  1422.78540    0.386638   0.416616
  1422.80220    0.341447   0.417370
  1422.81900    0.380362   0.418162
  1422.83580    0.227213   0.418992
  1422.85200    0.324500   0.419829
  1422.86880    0.329521   0.420735
  1422.88560    0.364670   0.421678
  1422.90240    0.331404   0.422659
  1422.91860    0.421159   0.423640
  1422.93540    0.426181   0.424694
  1422.95220    0.524096   0.425786
  1422.96900    0.247925   0.426914
  1422.98580    0.340819   0.428079
  1423.00200    0.513425   0.429237
  1423.01880    0.487691   0.430474
  1423.03560    0.428064   0.431746
  1423.05240    0.313830   0.433054
  1423.06860    0.321362   0.434349
  1423.08540    0.263617   0.435727
  1423.10220    0.445010   0.437139
  1423.11900    0.602553   0.438587
  1423.13580    0.311319   0.440068
  1423.15200    0.442500   0.441529
  1423.16880    0.471372   0.443078
  1423.18560    0.247298   0.444660
  1423.20240    0.345840   0.446275
  1423.21860    0.311947   0.447864
  1423.23540    0.394170   0.449543
  1423.25220    0.591883   0.451255
  1423.26900    0.192691   0.452999
  1423.28580    0.497734   0.454775
  1423.30200    0.458191   0.456518
  1423.31880    0.556734   0.458355
  1423.33560    0.397308   0.460223
  1423.35240    0.464468   0.462121
  1423.36860    0.731223   0.463980
  1423.38540    0.483298   0.465938
  1423.40220    0.467606   0.467924
  1423.41900    0.640213   0.469940
  1423.43580    0.337053   0.471984
  1423.45200    0.532255   0.473983
  1423.46880    0.402330   0.476083
  1423.48560    0.332659   0.478210
  1423.50240    0.330776   0.480365
  1423.51860    0.455681   0.482468
  1423.53540    0.527862   0.484676
  1423.55220    0.470117   0.486909
  1423.56900    0.469489   0.489169
  1423.58580    0.665947   0.491454
  1423.60200    0.570542   0.493681
  1423.61880    0.634564   0.496015
  1423.63560    0.575564   0.498373
  1423.65240    0.544808   0.500756
  1423.66860    0.475766   0.503075
  1423.68540    0.362787   0.505504
  1423.70220    0.372202   0.507955
  1423.71900    0.720553   0.510429
  1423.73580    0.457564   0.512925
  1423.75200    0.451915   0.515352
  1423.76880    0.703606   0.517891
  1423.78560    0.556106   0.520450
  1423.80240    0.564893   0.523030
  1423.81860    0.450032   0.525537
  1423.83540    0.456308   0.528157
  1423.85220    0.559244   0.530796
  1423.86900    0.670340   0.533454
  1423.88580    0.600042   0.536131
  1423.90200    0.386011   0.538730
  1423.91880    0.599415   0.541443
  1423.93560    0.579330   0.544173
  1423.95240    0.531627   0.546920
  1423.96860    0.383500   0.549586
  1423.98540    0.354000   0.552366
  1424.00220    0.767627   0.555162
  1424.01900    0.609457   0.557975
  1424.03580    0.565521   0.560802
  1424.05200    0.728713   0.563543
  1424.06880    0.725574   0.566400
  1424.08560    0.541670   0.569271
  1424.10240    0.712393   0.572156
  1424.11860    0.382872   0.574951
  1424.13540    0.856755   0.577862
  1424.15220    0.893159   0.580787
  1424.16900    0.434968   0.583723
  1424.18580    0.386011   0.586672
  1424.20200    0.343957   0.589526
  1424.21880    0.700468   0.592498
  1424.23560    0.780181   0.595480
  1424.25240    0.756957   0.598473
  1424.26860    0.715532   0.601369
  1424.28540    0.803404   0.604382
  1424.30220    0.559244   0.607404
  1424.31900    0.862404   0.610436
  1424.33580    0.636447   0.613477
  1424.35200    0.823489   0.616417
  1424.36880    0.540415   0.619474
  1424.38560    1.023085   0.622539
  1424.40240    0.679755   0.625611
  1424.41860    0.631425   0.628581
  1424.43540    0.718042   0.631667
  1424.45220    0.652138   0.634759
  1424.46900    0.543553   0.637858
  1424.48580    0.606319   0.640963
  1424.50200    0.756330   0.643961
  1424.51880    0.671596   0.647076
  1424.53560    0.750681   0.650196
  1424.55240    0.729340   0.653320
  1424.56860    0.854244   0.656336
  1424.58540    0.414883   0.659468
  1424.60220    0.696702   0.662604
  1424.61900    0.763234   0.665742
  1424.63580    0.881861   0.668883
  1424.65200    0.949021   0.671914
  1424.66880    0.788340   0.675060
  1424.68560    0.676617   0.678208
  1424.70240    0.734361   0.681357
  1424.71860    0.847968   0.684394
  1424.73540    0.676617   0.687545
  1424.75220    0.623266   0.690697
  1424.76900    0.791478   0.693848
  1424.78580    0.649000   0.697000
  1424.80200    0.565521   0.700038
  1424.81880    0.748798   0.703189
  1424.83560    0.749425   0.706338
  1424.85240    0.835415   0.709486
  1424.86860    0.802149   0.712520
  1424.88540    0.886883   0.715664
  1424.90220    0.697330   0.718806
  1424.91900    0.813447   0.721946
  1424.93580    0.665947   0.725082
  1424.95200    0.905085   0.728104
  1424.96880    0.841691   0.731234
  1424.98560    0.820978   0.734360
  1425.00240    1.007393   0.737481
  1425.01860    0.722436   0.740488
  1425.03540    0.662181   0.743600
  1425.05220    0.833532   0.746708
  1425.06900    0.745032   0.749811
  1425.08580    0.614479   0.752907
  1425.10200    0.753819   0.755888
  1425.11880    0.840436   0.758973
  1425.13560    0.940861   0.762051
  1425.15240    0.770138   0.765122
  1425.16860    0.910734   0.768077
  1425.18540    0.801521   0.771134
  1425.20220    0.631425   0.774183
  1425.21900    0.997978   0.777224
  1425.23580    0.660298   0.780257
  1425.25200    0.553596   0.783173
  1425.26880    1.013670   0.786189
  1425.28560    0.682893   0.789195
  1425.30240    0.797127   0.792192
  1425.31860    0.787712   0.795073
  1425.33540    1.074553   0.798050
  1425.35220    0.664691   0.801017
  1425.36900    0.987308   0.803973
  1425.38580    0.630170   0.806918
  1425.40200    0.833532   0.809747
  1425.41880    0.683521   0.812670
  1425.43560    0.594393   0.815581
  1425.45240    0.761351   0.818480
  1425.46860    0.955925   0.821263
  1425.48540    0.955925   0.824137
  1425.50220    0.703606   0.826998
  1425.51900    0.822234   0.829846
  1425.53580    0.851734   0.832680
  1425.55200    0.689170   0.835399
  1425.56880    0.768255   0.838206
  1425.58560    0.847340   0.840998
  1425.60240    0.770138   0.843775
  1425.61860    1.004883   0.846438
  1425.63540    1.067649   0.849185
  1425.65220    0.971617   0.851917
  1425.66900    0.708000   0.854632
  1425.68580    0.737500   0.857331
  1425.70200    0.800893   0.859918
  1425.71880    0.804032   0.862584
  1425.73560    0.706744   0.865233
  1425.75240    0.799638   0.867864
  1425.76860    0.827255   0.870385
  1425.78540    0.862404   0.872981
  1425.80220    0.765744   0.875558
  1425.81900    0.962829   0.878117
  1425.83580    0.641468   0.880657
  1425.85200    0.688542   0.883087
  1425.86880    0.897553   0.885588
  1425.88560    0.847968   0.888069
  1425.90240    0.775787   0.890530
  1425.91860    1.084595   0.892883
  1425.93540    0.955298   0.895303
  1425.95220    0.933329   0.897702
  1425.96900    0.813447   0.900078
  1425.98580    0.773904   0.902433
  1426.00200    1.154266   0.904682
  1426.01880    0.502755   0.906992
  1426.03560    0.581213   0.909279
  1426.05240    0.874957   0.911542
  1426.06860    0.879978   0.913701
  1426.08540    0.981659   0.915917
  1426.10220    0.543553   0.918108
  1426.11900    1.139829   0.920274
  1426.13580    1.140457   0.922415
  1426.15200    0.988563   0.924454
  1426.16880    1.050702   0.926543
  1426.18560    0.822234   0.928604
  1426.20240    0.960319   0.930638
  1426.21860    0.844829   0.932573
  1426.23540    0.844829   0.934551
  1426.25220    0.978521   0.936500
  1426.26900    0.946510   0.938419
  1426.28580    0.905712   0.940308
  1426.30200    0.987308   0.942101
  1426.31880    0.673478   0.943930
  1426.33560    0.800266   0.945728
  1426.35240    0.819095   0.947494
  1426.36860    0.990446   0.949167
  1426.38540    0.766372   0.950871
  1426.40220    0.780808   0.952542
  1426.41900    0.829766   0.954182
  1426.43580    0.749425   0.955789
  1426.45200    0.797755   0.957307
  1426.46880    0.557989   0.958850
  1426.48560    0.985425   0.960361
  1426.50240    1.095266   0.961838
  1426.51860    1.196319   0.963232
  1426.53540    1.162425   0.964645
  1426.55220    0.889393   0.966026
  1426.56900    1.014298   0.967374
  1426.58580    0.932074   0.968690
  1426.60200    0.964712   0.969927
  1426.61880    0.819723   0.971179
  1426.63560    1.081457   0.972398
  1426.65240    1.185021   0.973586
  1426.66860    1.088989   0.974700
  1426.68540    1.018063   0.975825
  1426.70220    1.020574   0.976918
  1426.71900    0.967851   0.977980
  1426.73580    0.778298   0.979011
  1426.75200    1.121627   0.979976
  1426.76880    0.958436   0.980946
  1426.78560    0.930191   0.981886
  1426.80240    1.223936   0.982796
  1426.81860    0.933957   0.983646
  1426.83540    0.845457   0.984498
  1426.85220    1.014298   0.985321
  1426.86900    1.056978   0.986116
  1426.88580    0.706117   0.986882
  1426.90200    0.807170   0.987594
  1426.91880    1.053212   0.988305
  1426.93560    0.865542   0.988990
  1426.95240    0.809681   0.989647
  1426.96860    1.056351   0.990257
  1426.98540    1.000489   0.990863
  1427.00220    1.179372   0.991444
  1427.01900    1.089617   0.992000
  1427.03580    1.400936   0.992532
  1427.05200    1.078319   0.993022
  1427.06880    0.746915   0.993506
  1427.08560    0.883744   0.993968
  1427.10240    0.977893   0.994408
  1427.11860    1.090872   0.994811
  1427.13540    0.930819   0.995207
  1427.15220    0.969734   0.995583
  1427.16900    0.837925   0.995939
  1427.18580    0.999234   0.996274
  1427.20200    0.691681   0.996580
  1427.21880    1.007393   0.996878
  1427.23560    0.650883   0.997158
  1427.25240    1.038149   0.997421
  1427.26860    1.033127   0.997658
  1427.28540    1.107191   0.997888
  1427.30220    0.650255   0.998102
  1427.31900    1.260968   0.998300
  1427.33580    0.877468   0.998484
  1427.35200    1.129787   0.998648
  1427.36880    1.139829   0.998804
  1427.38560    1.182510   0.998948
  1427.40240    0.811564   0.999079
  1427.41860    1.207617   0.999194
  1427.43540    1.105308   0.999303
  1427.45220    1.101542   0.999401
  1427.46900    0.959063   0.999489
  1427.48580    0.851106   0.999568
  1427.50200    0.973500   0.999635
  1427.51880    1.014925   0.999697
  1427.53560    1.362648   0.999751
  1427.55240    1.013042   0.999798
  1427.56860    0.969106   0.999837
  1427.58540    1.137319   0.999872
  1427.60220    1.053212   0.999901
  1427.61900    0.871819   0.999925
  1427.63580    1.029989   0.999944
  1427.65200    0.822861   0.999960
  1427.66880    0.846085   0.999972
  1427.68560    0.956553   0.999981
  1427.70240    1.099032   0.999988
  1427.71860    1.070159   0.999993
  1427.73540    1.119117   0.999996
  1427.75220    1.019946   0.999998
  1427.76900    0.788968   0.999999
  1427.78580    1.178117   1.000000
  1427.80200    0.954042   1.000000
  1427.81880    0.893787   1.000000
  1427.83560    0.981032   1.000000
  1427.85240    0.996095   1.000000
  1427.86860    0.847340   1.000000
  1427.88540    1.067021   1.000000
  1427.90220    0.726830   1.000000
  1427.91900    0.954670   1.000000
  1427.93580    0.923915   1.000000
