   121.18680    0.972131   1.000000
   121.29840    1.005830   1.000000
   121.40957    0.976618   1.000000
   121.52117    0.952631   1.000000
   121.63262    0.975719   1.000000
   121.74394    0.965883   1.000000
   121.85539    1.001209   1.000000
   121.96699    0.991116   1.000000
   122.07845    0.991116   1.000000
   122.18976    1.010473   1.000000
   122.30035    1.007685   1.000000
   122.41181    0.996609   1.000000
   122.52312    0.981126   1.000000
   122.63458    1.012336   1.000000
   122.74618    0.977518   1.000000
   122.85763    1.006757   1.000000
   122.96894    0.965883   1.000000
   123.08040    0.983840   1.000000
   123.19200    0.982030   1.000000
   123.30346    1.029259   1.000000
   123.41477    0.970342   1.000000
   123.52622    1.024530   1.000000
   123.63682    1.033058   1.000000
   123.74813    0.978419   1.000000
   123.85958    0.993859   1.000000
   123.97118    1.038783   1.000000
   124.08264    0.979320   1.000000
   124.19395    0.992030   1.000000
   124.30541    0.970342   1.000000
   124.41701    1.012336   1.000000
   124.52846    1.022644   1.000000
   124.63877    0.979320   1.000000
   124.75022    1.026419   1.000000
   124.86067    0.993859   1.000000
   124.97213    0.945637   1.000000
   125.08358    0.998446   0.999906
   125.19518    0.989292   0.999353
   125.30650    1.005830   0.998533
   125.41896    1.037826   0.997508
   125.53042    1.012336   0.996322
   125.64202    1.023587   0.995012
   125.75347    1.051295   0.993545
   125.86478    0.996609   0.992019
   125.97523    1.001209   0.990391
   126.08683    1.032107   0.988674
   126.19814    0.958793   0.986953
   126.30960    0.996609   0.985070
   126.42106    0.969448   0.983120
   126.53309    0.990204   0.981174
   126.64397    0.902245   0.979179
   126.75542    0.922411   0.977177
   126.86688    0.995691   0.975090
   126.97733    0.985654   0.973133
   127.08878    0.940426   0.971016
   127.19923    0.959676   0.969042
   127.31054    0.983840   0.966939
   127.42214    1.002131   0.964943
   127.53259    1.034010   0.962842
   127.64390    0.947381   0.960896
   127.75450    0.950878   0.958914
   127.86595    0.964106   0.956942
   127.97726    0.931804   0.955015
   128.08771    0.968556   0.953198
   128.19946    0.950002   0.951364
   128.31062    0.939560   0.949653
   128.42208    0.970342   0.947916
   128.53368    0.951754   0.946235
   128.64398    0.939560   0.944615
   128.75645    0.940426   0.943067
   128.86891    0.948254   0.941599
   128.98152    0.893151   0.940149
   129.09298    0.879275   0.938821
   129.20342    0.889047   0.937680
   129.31474    0.938695   0.936475
   129.42634    0.889866   0.935406
   129.53678    0.898927   0.934445
   129.64810    0.964106   0.933535
   129.75955    0.937831   0.932730
   129.87115    0.949128   0.931972
   129.98261    0.973923   0.931350
   130.09291    0.951754   0.930899
   130.20451    0.908081   0.930429
   130.31597    0.978419   0.930051
   130.42728    0.919866   0.929813
   130.53874    1.003979   0.929703
   130.65034    0.934382   0.929611
   130.76194    0.951754   0.929664
   130.87310    0.949128   0.929855
   130.98456    0.962331   0.930039
   131.09616    0.898100   0.930409
   131.20762    0.849816   0.930872
   131.31893    0.900585   0.931384
   131.42952    0.915640   0.932019
   131.54098    0.923261   0.932718
   131.65229    0.901415   0.933505
   131.76374    0.961445   0.934497
   131.87534    0.928378   0.935399
   131.98680    0.907245   0.936537
   132.09811    0.973923   0.937618
   132.20957    0.946509   0.938855
   132.32117    0.963218   0.940182
   132.43147    0.943897   0.941559
   132.54293    0.939560   0.943002
   132.65352    0.954387   0.944500
   132.76483    0.894797   0.946069
   132.87629    0.954387   0.947722
   132.98774    0.965883   0.949436
   133.09934    1.003979   0.951201
   133.21066    0.980222   0.953054
   133.32110    0.944767   0.954836
   133.43256    0.964994   0.956730
   133.54402    0.926669   0.958623
   133.65547    0.996609   0.960602
   133.76693    0.979320   0.962595
   133.87838    0.995691   0.964535
   133.98984    0.957028   0.966622
   134.10130    0.976618   0.968618
   134.21275    0.994775   0.970677
   134.32435    0.995691   0.972655
   134.43566    0.913955   0.974721
   134.54813    0.952631   0.976695
   134.65958    0.972131   0.978713
   134.77118    0.970342   0.980684
   134.88264    0.973026   0.982629
   134.99395    0.998446   0.984471
   135.10440    1.033058   0.986340
   135.21600    0.977518   0.988081
   135.32630    0.971236   0.989784
   135.43776    1.004904   0.991405
   135.54922    0.928378   0.992942
   135.66067    1.008613   0.994403
   135.77213    0.956147   0.995741
   135.88358    0.927523   0.996973
   135.99389    0.943028   0.998020
   136.10549    0.985654   0.998932
   136.21694    1.007685   0.999631
   136.32840    0.993859   1.000000
   136.43971    0.971236   1.000000
   136.55131    1.019823   1.000000
   136.66277    1.015137   1.000000
   136.77422    0.977518   1.000000
   136.88568    0.931804   1.000000
   136.99613    1.021703   1.000000
   137.10758    1.019823   1.000000
   137.21789    1.009543   1.000000
   137.32949    1.056148   1.000000
   137.44094    0.950878   1.000000
   137.55226    1.008613   1.000000
   137.66371    0.959676   1.000000
   137.77531    1.011404   1.000000
   137.88562    1.029259   1.000000
   137.99707    1.049360   1.000000
   138.10766    1.016072   1.000000
   138.21898    1.024530   1.000000
   138.33043    1.015137   1.000000
   138.44189    1.033058   1.000000
   138.55349    0.968556   1.000000
   138.66480    1.107961   1.000000
   138.77525    1.018884   1.000000
   138.88685    0.974821   1.000000
   138.99816    0.962331   1.000000
   139.10962    0.950002   1.000000
   139.22107    0.886594   1.000000
   139.33267    0.983840   1.000000
   139.44398    1.005830   1.000000
   139.55544    0.993859   1.000000
   139.66690    0.964994   1.000000
   139.77850    1.056148   1.000000
   139.88981    0.924964   1.000000
   140.00126    0.860052   1.000000
   140.11272    1.122341   1.000000
   140.22432    1.016072   1.000000
   140.33592    1.115128   1.000000
   140.44709    1.075783   1.000000
   140.55869    1.130641   1.000000
   140.67014    1.123375   1.000000
   140.78174    1.073803   1.000000
   140.89291    0.933522   1.000000
   141.00451    1.013269   1.000000
   141.11597    0.932663   1.000000
   141.22728    1.036871   1.000000
   141.33874    1.016072   1.000000
   141.45034    0.944767   1.000000
   141.56064    0.938695   1.000000
   141.67210    0.997527   1.000000
   141.78355    1.020762   1.000000
   141.89515    1.081744   1.000000
   142.00646    0.996609   1.000000
   142.11792    0.980222   1.000000
   142.22952    0.965883   1.000000
   142.34098    1.047429   1.000000
   142.45229    0.977518   1.000000
   142.56475    1.034963   1.000000
   142.67635    0.995691   1.000000
   142.78781    1.012336   1.000000
   142.89926    1.048394   1.000000
   143.01101    1.053233   1.000000
   143.12218    1.067885   1.000000
   143.23363    1.018884   1.000000
   143.34394    1.008613   1.000000
   143.45539    1.028311   1.000000
   143.56598    0.947381   1.000000
   143.67730    0.974821   1.000000
   143.78875    1.021703   1.000000
   143.90035    0.959676   1.000000
   144.01181    0.914797   1.000000
   144.12312    0.994775   1.000000
   144.23357    1.017009   1.000000
   144.34517    0.957028   1.000000
   144.45648    0.957910   1.000000
   144.56794    0.986563   1.000000
   144.67939    0.951754   1.000000
   144.79099    1.020762   1.000000
   144.90230    1.045501   1.000000
   145.01376    0.976618   1.000000
   145.12522    1.012336   1.000000
   145.23566    0.973026   1.000000
   145.34712    1.002131   1.000000
   145.45757    0.992030   1.000000
   145.56888    0.994775   1.000000
   145.68048    0.961445   1.000000
   145.79194    1.027365   1.000000
   145.90339    1.032107   1.000000
   146.01485    0.989292   1.000000
   146.12530    1.009543   1.000000
   146.23675    1.007685   1.000000
   146.34706    0.945637   1.000000
   146.45866    1.058095   1.000000
   146.57011    0.944767   1.000000
   146.68042    0.986563   1.000000
   146.79202    0.985654   1.000000
   146.90261    1.011404   1.000000
   147.01378    1.013269   1.000000
   147.12523    0.957910   1.000000
   147.23568    0.996609   1.000000
   147.34714    0.992030   1.000000
   147.45758    1.017009   1.000000
   147.56890    1.053233   1.000000
   147.67949    1.046465   1.000000
