  1119.25920    0.998849   0.996715
  1119.28020    0.991374   0.996450
  1119.30180    0.978195   0.996162
  1119.32280    0.963049   0.995868
  1119.34440    0.987833   0.995549
  1119.36540    0.986457   0.995224
  1119.38700    0.987833   0.994873
  1119.40800    0.971311   0.994515
  1119.42960    0.966393   0.994131
  1119.45120    0.971507   0.993728
  1119.47220    0.991177   0.993319
  1119.49380    0.973278   0.992881
  1119.51480    0.973868   0.992436
  1119.53640    0.949673   0.991960
  1119.55740    0.935708   0.991478
  1119.57900    0.947706   0.990963
  1119.60000    0.968163   0.990442
  1119.62160    0.955968   0.989886
  1119.64320    0.974851   0.989309
  1119.66420    0.982522   0.988728
  1119.68580    0.982719   0.988109
  1119.70680    0.992948   0.987486
  1119.72840    0.986063   0.986823
  1119.74940    0.998062   0.986157
  1119.77100    0.970720   0.985449
  1119.79200    0.966393   0.984738
  1119.81360    0.930593   0.983984
  1119.83520    0.974851   0.983206
  1119.85620    0.996685   0.982426
  1119.87780    1.024420   0.981600
  1119.89880    0.981736   0.980774
  1119.92040    0.976621   0.979899
  1119.94140    0.967180   0.979024
  1119.96300    0.988030   0.978099
  1119.98400    0.948887   0.977176
  1120.00560    0.996095   0.976200
  1120.02720    0.971507   0.975198
  1120.04820    1.010257   0.974198
  1120.06980    0.980752   0.973144
  1120.09080    0.969343   0.972094
  1120.11240    0.956361   0.970986
  1120.13340    1.010651   0.969884
  1120.15500    0.990784   0.968722
  1120.17600    0.995898   0.967567
  1120.19760    0.973474   0.966351
  1120.21920    0.979572   0.965107
  1120.24020    0.986850   0.963871
  1120.26180    0.950854   0.962572
  1120.28280    0.965803   0.961281
  1120.30440    0.991374   0.959926
  1120.32540    0.948100   0.958580
  1120.34700    0.987440   0.957168
  1120.36800    0.946133   0.955768
  1120.38960    0.934134   0.954298
  1120.41120    0.928430   0.952800
  1120.43220    0.959705   0.951316
  1120.45380    0.969147   0.949760
  1120.47480    0.988030   0.948220
  1120.49640    0.972294   0.946606
  1120.51740    0.979179   0.945009
  1120.53900    0.964229   0.943338
  1120.56000    0.951444   0.941685
  1120.58160    0.951050   0.939956
  1120.60320    0.958132   0.938198
  1120.62420    0.930790   0.936460
  1120.64580    0.980359   0.934643
  1120.66680    0.954591   0.932849
  1120.68840    0.926856   0.930975
  1120.70940    0.954984   0.929125
  1120.73100    0.952821   0.927194
  1120.75200    0.926856   0.925288
  1120.77360    0.923119   0.923299
  1120.79520    0.940625   0.921282
  1120.81620    0.947313   0.919293
  1120.83780    0.918791   0.917219
  1120.85880    0.916628   0.915175
  1120.88040    0.917611   0.913045
  1120.90140    0.941412   0.910947
  1120.92300    0.888106   0.908762
  1120.94400    0.879648   0.906611
  1120.96560    0.906596   0.904371
  1120.98720    0.908563   0.902104
  1121.00820    0.911710   0.899874
  1121.02980    0.902465   0.897553
  1121.05080    0.881418   0.895272
  1121.07240    0.901088   0.892899
  1121.09340    0.893417   0.890567
  1121.11500    0.897351   0.888143
  1121.13600    0.877484   0.885762
  1121.15760    0.898924   0.883288
  1121.17920    0.916431   0.880789
  1121.20020    0.890663   0.878336
  1121.22180    0.885549   0.875789
  1121.24280    0.860961   0.873290
  1121.26440    0.866665   0.870696
  1121.28540    0.882402   0.868152
  1121.30700    0.857814   0.865513
  1121.32800    0.867059   0.862926
  1121.34960    0.845815   0.860244
  1121.37120    0.858404   0.857540
  1121.39220    0.871780   0.854891
  1121.41380    0.837947   0.852146
  1121.43480    0.850143   0.849458
  1121.45640    0.856830   0.846674
  1121.47740    0.851323   0.843949
  1121.49900    0.832046   0.841128
  1121.52000    0.822408   0.838368
  1121.54160    0.811983   0.835512
  1121.56320    0.847389   0.832639
  1121.58420    0.848569   0.829830
  1121.60580    0.824178   0.826925
  1121.62680    0.811196   0.824086
  1121.64840    0.825358   0.821151
  1121.66940    0.857027   0.818285
  1121.69100    0.837554   0.815323
  1121.71200    0.796640   0.812431
  1121.73360    0.823588   0.809445
  1121.75520    0.812966   0.806447
  1121.77620    0.794870   0.803523
  1121.79780    0.798607   0.800504
  1121.81880    0.827325   0.797561
  1121.84040    0.801951   0.794525
  1121.86140    0.801164   0.791565
  1121.88300    0.791722   0.788514
  1121.90400    0.792509   0.785541
  1121.92560    0.785231   0.782478
  1121.94720    0.788575   0.779409
  1121.96820    0.774806   0.776422
  1121.98980    0.752775   0.773346
  1122.01080    0.791722   0.770353
  1122.03240    0.771462   0.767272
  1122.05340    0.785625   0.764276
  1122.07500    0.755529   0.761195
  1122.09600    0.765168   0.758199
  1122.11760    0.769692   0.755119
  1122.13920    0.751202   0.752042
  1122.16020    0.742350   0.749053
  1122.18180    0.754546   0.745982
  1122.20280    0.753759   0.743002
  1122.22440    0.750218   0.739942
  1122.24540    0.759070   0.736974
  1122.26700    0.750808   0.733928
  1122.28800    0.723664   0.730975
  1122.30960    0.723860   0.727946
  1122.33120    0.738613   0.724928
  1122.35220    0.714025   0.722005
  1122.37380    0.710878   0.719010
  1122.39480    0.709698   0.716111
  1122.41640    0.691995   0.713142
  1122.43740    0.706354   0.710270
  1122.45900    0.710681   0.707332
  1122.48000    0.729171   0.704492
  1122.50160    0.697109   0.701588
  1122.52320    0.714419   0.698702
  1122.54420    0.693175   0.695915
  1122.56580    0.685700   0.693069
  1122.58680    0.692782   0.690323
  1122.60840    0.691995   0.687520
  1122.62940    0.694552   0.684817
  1122.65100    0.686290   0.682061
  1122.67200    0.708518   0.679405
  1122.69360    0.673898   0.676699
  1122.71520    0.688061   0.674021
  1122.73620    0.680980   0.671443
  1122.75780    0.682750   0.668820
  1122.77880    0.681766   0.666298
  1122.80040    0.669177   0.663735
  1122.82140    0.685700   0.661273
  1122.84300    0.665440   0.658772
  1122.86400    0.687274   0.656372
  1122.88560    0.667014   0.653938
  1122.90720    0.646163   0.651538
  1122.92820    0.630427   0.649240
  1122.94980    0.639279   0.646911
  1122.97080    0.653048   0.644683
  1122.99240    0.664260   0.642429
  1123.01340    0.655998   0.640276
  1123.03500    0.661703   0.638099
  1123.05600    0.649114   0.636022
  1123.07760    0.649311   0.633926
  1123.09920    0.632984   0.631872
  1123.12020    0.627083   0.629916
  1123.14180    0.620789   0.627947
  1123.16280    0.622166   0.626074
  1123.18440    0.622559   0.624192
  1123.20540    0.616068   0.622405
  1123.22700    0.605840   0.620613
  1123.24800    0.612921   0.618915
  1123.26960    0.623543   0.617214
  1123.29120    0.617052   0.615562
  1123.31220    0.603086   0.614001
  1123.33380    0.601906   0.612443
  1123.35480    0.597382   0.610977
  1123.37640    0.591677   0.609517
  1123.39740    0.584596   0.608145
  1123.41900    0.588137   0.606785
  1123.44000    0.590497   0.605511
  1123.46160    0.597185   0.604251
  1123.48320    0.588923   0.603044
  1123.50420    0.599939   0.601920
  1123.52580    0.596595   0.600816
  1123.54680    0.575941   0.599794
  1123.56840    0.585973   0.598794
  1123.58940    0.573974   0.597875
  1123.61100    0.571024   0.596982
  1123.63200    0.589513   0.596166
  1123.65360    0.575941   0.595380
  1123.67520    0.577711   0.594650
  1123.69620    0.584793   0.593992
  1123.71780    0.581252   0.593370
  1123.73880    0.576728   0.592819
  1123.76040    0.603873   0.592307
  1123.78140    0.588923   0.591863
  1123.80300    0.580662   0.591461
  1123.82400    0.582039   0.591124
  1123.84560    0.589317   0.590833
  1123.86720    0.583416   0.590598
  1123.88820    0.554501   0.590424
  1123.90980    0.569450   0.590300
  1123.93080    0.570237   0.590234
  1123.95240    0.560402   0.590222
  1123.97340    0.559812   0.590265
  1123.99500    0.558631   0.590364
  1124.01600    0.565319   0.590515
  1124.03760    0.579482   0.590725
  1124.05920    0.561779   0.590992
  1124.08020    0.574367   0.591306
  1124.10180    0.581449   0.591684
  1124.12280    0.576728   0.592104
  1124.14440    0.564139   0.592593
  1124.16540    0.595218   0.593120
  1124.18700    0.587153   0.593718
  1124.20800    0.584989   0.594352
  1124.22960    0.613511   0.595059
  1124.25120    0.596201   0.595820
  1124.27220    0.609774   0.596612
  1124.29380    0.605053   0.597481
  1124.31480    0.607807   0.598377
  1124.33640    0.605840   0.599352
  1124.35740    0.576531   0.600351
  1124.37900    0.589710   0.601431
  1124.40000    0.585973   0.602531
  1124.42160    0.586956   0.603714
  1124.44320    0.598168   0.604949
  1124.46420    0.603086   0.606199
  1124.48580    0.588727   0.607535
  1124.50680    0.598758   0.608882
  1124.52840    0.592071   0.610317
  1124.54940    0.608003   0.611760
  1124.57100    0.604463   0.613292
  1124.59200    0.607413   0.614828
  1124.61360    0.619215   0.616455
  1124.63520    0.620396   0.618130
  1124.65620    0.609184   0.619803
  1124.67780    0.617838   0.621570
  1124.69880    0.621182   0.623331
  1124.72040    0.633575   0.625186
  1124.74140    0.619805   0.627033
  1124.76300    0.609577   0.628976
  1124.78400    0.624723   0.630905
  1124.80560    0.632788   0.632932
  1124.82720    0.632394   0.635000
  1124.84820    0.633968   0.637050
  1124.86980    0.647147   0.639197
  1124.89080    0.658359   0.641323
  1124.91240    0.638689   0.643548
  1124.93340    0.635738   0.645747
  1124.95500    0.640066   0.648045
  1124.97600    0.647344   0.650314
  1124.99760    0.657179   0.652683
  1125.01920    0.652851   0.655086
  1125.04020    0.642033   0.657455
  1125.06180    0.656195   0.659925
  1125.08280    0.663276   0.662356
  1125.10440    0.681766   0.664888
  1125.12540    0.690224   0.667378
  1125.14700    0.693765   0.669969
  1125.16800    0.668194   0.672515
  1125.18960    0.686684   0.675161
  1125.21120    0.673111   0.677834
  1125.23220    0.662686   0.680458
  1125.25380    0.697109   0.683182
  1125.27480    0.708911   0.685853
  1125.29640    0.690815   0.688624
  1125.31740    0.697699   0.691339
  1125.33900    0.713829   0.694154
  1125.36000    0.701240   0.696909
  1125.38160    0.701240   0.699763
  1125.40320    0.699666   0.702636
  1125.42420    0.712452   0.705447
  1125.44580    0.709108   0.708354
  1125.46680    0.713042   0.711196
  1125.48840    0.729171   0.714135
  1125.50940    0.700846   0.717006
  1125.53100    0.730352   0.719972
  1125.55200    0.731728   0.722868
  1125.57360    0.740973   0.725859
  1125.59520    0.735072   0.728860
  1125.61620    0.730548   0.731788
  1125.63780    0.742547   0.734808
  1125.65880    0.721107   0.737752
  1125.68040    0.754546   0.740788
  1125.70140    0.766938   0.743746
  1125.72300    0.763201   0.746794
  1125.74400    0.780510   0.749762
  1125.76560    0.762611   0.752819
  1125.78720    0.744907   0.755879
  1125.80820    0.783264   0.758856
  1125.82980    0.783264   0.761920
  1125.85080    0.779133   0.764900
  1125.87240    0.765758   0.767965
  1125.89340    0.778937   0.770944
  1125.91500    0.775199   0.774007
  1125.93600    0.793689   0.776982
  1125.95760    0.776183   0.780039
  1125.97920    0.781100   0.783093
  1126.00020    0.798607   0.786057
  1126.02180    0.786608   0.789101
  1126.04280    0.793493   0.792054
  1126.06440    0.789755   0.795086
  1126.08540    0.795656   0.798025
  1126.10700    0.815130   0.801041
  1126.12800    0.809819   0.803965
  1126.14960    0.820244   0.806962
  1126.17120    0.824178   0.809949
  1126.19220    0.818080   0.812843
  1126.21380    0.819457   0.815809
  1126.23480    0.833620   0.818680
  1126.25640    0.841291   0.821621
  1126.27740    0.853093   0.824467
  1126.29900    0.840111   0.827381
  1126.32000    0.836177   0.830200
  1126.34160    0.858797   0.833084
  1126.36320    0.857421   0.835953
  1126.38420    0.859978   0.838727
  1126.40580    0.862141   0.841563
  1126.42680    0.846602   0.844304
  1126.44840    0.863912   0.847105
  1126.46940    0.872763   0.849812
  1126.49100    0.876304   0.852576
  1126.51200    0.884565   0.855246
  1126.53360    0.851126   0.857972
  1126.55520    0.850339   0.860678
  1126.57620    0.852306   0.863289
  1126.59780    0.878861   0.865954
  1126.61880    0.892433   0.868523
  1126.64040    0.896957   0.871145
  1126.66140    0.879451   0.873672
  1126.68300    0.872567   0.876249
  1126.70400    0.872763   0.878732
  1126.72560    0.885352   0.881263
  1126.74720    0.876894   0.883769
  1126.76820    0.907776   0.886183
  1126.78980    0.904826   0.888641
  1126.81080    0.880238   0.891007
  1126.83240    0.889089   0.893416
  1126.85340    0.904039   0.895733
  1126.87500    0.866075   0.898091
  1126.89600    0.898138   0.900358
  1126.91760    0.918595   0.902664
  1126.93920    0.903842   0.904943
  1126.96020    0.916037   0.907132
  1126.98180    0.930790   0.909358
  1127.00280    0.934527   0.911495
  1127.02440    0.918791   0.913666
  1127.04540    0.903449   0.915750
  1127.06700    0.922725   0.917866
  1127.08800    0.914267   0.919897
  1127.10960    0.937871   0.921957
  1127.13120    0.943772   0.923988
  1127.15220    0.944166   0.925936
  1127.17380    0.928430   0.927911
  1127.19480    0.929413   0.929803
  1127.21640    0.951837   0.931721
  1127.23740    0.917808   0.933557
  1127.25900    0.917611   0.935417
  1127.28000    0.936691   0.937198
  1127.30160    0.940035   0.939000
  1127.32320    0.943969   0.940773
  1127.34420    0.921545   0.942468
  1127.36580    0.965016   0.944182
  1127.38680    0.933741   0.945821
  1127.40840    0.931380   0.947477
  1127.42940    0.951837   0.949059
  1127.45100    0.956951   0.950658
  1127.47200    0.952034   0.952183
  1127.49360    0.963442   0.953723
  1127.51520    0.953214   0.955233
  1127.53620    0.949673   0.956674
  1127.55780    0.932757   0.958126
  1127.57880    0.971507   0.959510
  1127.60040    0.957541   0.960905
  1127.62140    0.959312   0.962234
  1127.64300    0.942199   0.963571
  1127.66400    0.942986   0.964844
  1127.68560    0.955968   0.966125
  1127.70720    0.976228   0.967377
  1127.72820    0.979375   0.968567
  1127.74980    0.976621   0.969763
  1127.77080    1.006717   0.970899
  1127.79240    0.973868   0.972039
  1127.81340    0.989210   0.973122
  1127.83500    0.956558   0.974207
  1127.85600    0.983899   0.975237
  1127.87760    0.982129   0.976268
  1127.89920    0.960689   0.977273
  1127.92020    0.974458   0.978223
  1127.94180    1.014191   0.979175
  1127.96280    0.962656   0.980075
  1127.98440    0.948100   0.980974
  1128.00540    0.946526   0.981824
  1128.02700    0.967770   0.982672
  1128.04800    0.971311   0.983473
  1128.06960    0.984489   0.984271
  1128.09120    0.983309   0.985045
  1128.11220    1.000226   0.985773
  1128.13380    0.995898   0.986498
  1128.15480    0.972884   0.987180
  1128.17640    0.985276   0.987858
  1128.19740    1.002586   0.988494
  1128.21900    1.005537   0.989126
  1128.24000    0.961082   0.989718
  1128.26160    0.971114   0.990305
  1128.28320    1.001602   0.990870
  1128.30420    0.971507   0.991399
  1128.32580    0.962459   0.991921
  1128.34680    0.984293   0.992409
  1128.36840    0.992161   0.992890
  1128.38940    0.984096   0.993338
  1128.41100    0.992948   0.993779
  1128.43200    0.980555   0.994190
  1128.45360    1.000816   0.994593
  1128.47520    0.982129   0.994977
  1128.49620    0.997078   0.995333
  1128.51780    0.999635   0.995682
  1128.53880    1.014388   0.996003
  1128.56040    0.984686   0.996317
  1128.58140    0.998062   0.996607
  1128.60300    1.022453   0.996888
  1128.62400    0.970130   0.997146
  1128.64560    0.962066   0.997397
  1128.66720    1.015765   0.997632
  1128.68820    1.009274   0.997847
  1128.70980    0.978785   0.998054
  1128.73080    0.980949   0.998242
  1128.75240    0.998062   0.998423
  1128.77340    0.996292   0.998586
  1128.79500    1.023830   0.998741
  1128.81600    0.995111   0.998881
  1128.83760    0.985866   0.999014
  1128.85920    1.005733   0.999135
  1128.88020    0.997472   0.999243
  1128.90180    0.957738   0.999345
  1128.92280    0.991767   0.999434
  1128.94440    0.987440   0.999517
  1128.96540    1.000226   0.999589
  1128.98700    1.003176   0.999656
  1129.00800    1.011438   0.999713
  1129.02960    1.004750   0.999764
  1129.05120    0.984489   0.999810
  1129.07220    0.960099   0.999847
  1129.09380    0.995111   0.999881
  1129.11480    0.972884   0.999908
  1129.13640    0.999832   0.999931
  1129.15740    1.041139   0.999949
  1129.17900    0.972097   0.999965
  1129.20000    0.995898   0.999976
  1129.22160    0.990194   0.999985
  1129.24320    1.014978   0.999991
  1129.26420    0.989210   0.999995
  1129.28580    0.998849   0.999998
  1129.30680    0.971311   0.999999
  1129.32840    1.001996   1.000000
  1129.34940    0.995505   1.000000
  1129.37100    0.978588   1.000000
  1129.39200    1.005340   1.000000
  1129.41360    1.005340   1.000000
  1129.43520    1.003570   1.000000
  1129.45620    1.003766   1.000000
  1129.47780    1.006717   1.000000
  1129.49880    1.018322   1.000000
  1129.52040    1.043893   1.000000
  1129.54140    1.071235   1.000000
  1129.56300    1.020486   1.000000
  1129.58400    1.022453   1.000000
  1129.60560    1.023043   1.000000
  1129.62720    1.027764   1.000000
  1129.64820    1.045073   1.000000
  1129.66980    0.994325   1.000000
  1129.69080    1.001012   1.000000
  1129.71240    1.001209   1.000000
  1129.73340    0.975048   1.000000
  1129.75500    0.975048   1.000000
  1129.77600    0.980162   1.000000
  1129.79760    0.959705   1.000000
  1129.81920    0.971507   1.000000
  1129.84020    0.988227   1.000000
  1129.86180    1.002783   1.000000
  1129.88280    0.996882   1.000000
  1129.90440    0.971901   1.000000
  1129.92540    0.968557   1.000000
  1129.94700    1.010651   1.000000
  1129.96800    1.009274   1.000000
  1129.98960    1.003766   1.000000
  1130.01120    1.000422   1.000000
  1130.03220    1.013601   1.000000
  1130.05380    1.019109   1.000000
  1130.07480    1.001406   1.000000
  1130.09640    0.988227   1.000000
  1130.11740    0.994521   1.000000
  1130.13900    0.964426   1.000000
  1130.16000    0.922529   1.000000
  1130.18160    0.975245   1.000000
  1130.20320    0.966000   1.000000
  1130.22420    0.985670   1.000000
  1130.24580    0.991964   1.000000
  1130.26680    0.982129   1.000000
  1130.28840    0.989210   1.000000
  1130.30940    1.007307   1.000000
  1130.33100    0.998652   1.000000
  1130.35200    0.986850   1.000000
  1130.37360    0.993144   1.000000
  1130.39520    0.983506   1.000000
  1130.41620    0.999045   1.000000
  1130.43780    1.008880   1.000000
  1130.45880    0.991177   1.000000
