   214.17855    0.943126   1.000000
   214.18300    0.951153   1.000000
   214.18745    1.022532   1.000000
   214.19190    1.073272   1.000000
   214.19635    1.002179   1.000000
   214.20080    1.029699   1.000000
   214.20525    1.171884   1.000000
   214.20970    1.105378   1.000000
   214.21413    1.061519   1.000000
   214.21858    1.068685   1.000000
   214.22303    0.986126   1.000000
   214.22748    0.895253   1.000000
   214.23193    0.976379   1.000000
   214.23638    1.101365   1.000000
   214.24083    0.948573   1.000000
   214.24528    1.063239   1.000000
   214.24973    0.957173   1.000000
   214.25418    1.163285   1.000000
   214.25863    0.899553   1.000000
   214.26308    1.057792   1.000000
   214.26753    1.060085   1.000000
   214.27198    1.138918   1.000000
   214.27643    0.988706   1.000000
   214.28087    0.900127   1.000000
   214.28532    0.879200   1.000000
   214.28977    0.993579   1.000000
   214.29422    0.985553   1.000000
   214.29867    0.956886   1.000000
   214.30312    1.053492   1.000000
   214.30757    1.004186   1.000000
   214.31202    0.986986   1.000000
   214.31647    1.198831   1.000000
   214.32092    1.082158   1.000000
   214.32537    1.036579   1.000000
   214.32982    1.155258   1.000000
   214.33427    0.903853   1.000000
   214.33872    0.943413   1.000000
   214.34317    1.047759   1.000000
   214.34760    1.080725   1.000000
   214.35205    0.960613   1.000000
   214.35650    0.888660   1.000000
   214.36095    0.886653   1.000000
   214.36540    1.069832   1.000000
   214.36985    1.088752   1.000000
   214.37430    1.105378   1.000000
   214.37875    1.093912   1.000000
   214.38320    1.019092   1.000000
   214.38765    1.103372   1.000000
   214.39210    0.849960   1.000000
   214.39655    0.957459   1.000000
   214.40100    0.935100   1.000000
   214.40545    0.975519   1.000000
   214.40990    0.925066   1.000000
   214.41433    0.979533   1.000000
   214.41878    0.929940   1.000000
   214.42323    0.824160   1.000000
   214.42768    0.984119   1.000000
   214.43213    0.889233   1.000000
   214.43658    0.980393   1.000000
   214.44103    0.980393   1.000000
   214.44548    1.024539   1.000000
   214.44993    0.852827   1.000000
   214.45438    1.010206   1.000000
   214.45883    1.121145   1.000000
   214.46328    1.003039   1.000000
   214.46773    1.007052   1.000000
   214.47218    1.011352   1.000000
   214.47663    1.027692   1.000000
   214.48107    1.084738   1.000000
   214.48552    1.044319   1.000000
   214.48997    0.885507   1.000000
   214.49442    0.905573   1.000000
   214.49887    0.959179   1.000000
   214.50332    0.890667   1.000000
   214.50777    0.975233   1.000000
   214.51222    0.948286   1.000000
   214.51667    1.008199   1.000000
   214.52112    0.982399   1.000000
   214.52557    1.016799   1.000000
   214.53002    1.017086   1.000000
   214.53447    0.955739   1.000000
   214.53892    1.018519   1.000000
   214.54337    1.075565   1.000000
   214.54780    0.946566   1.000000
   214.55225    0.907006   1.000000
   214.55670    1.085885   1.000000
   214.56115    1.029986   1.000000
   214.56560    1.141211   1.000000
   214.57005    0.982973   1.000000
   214.57450    1.011639   1.000000
   214.57895    1.021672   1.000000
   214.58340    1.015079   1.000000
   214.58785    0.990426   1.000000
   214.59230    0.956886   1.000000
   214.59675    0.919620   1.000000
   214.60120    1.076425   1.000000
   214.60565    0.980966   1.000000
   214.61010    0.986413   1.000000
   214.61453    1.017659   1.000000
   214.61898    1.110252   1.000000
   214.62343    1.054925   1.000000
   214.62788    1.068399   1.000000
   214.63233    0.918473   1.000000
   214.63678    0.937966   1.000000
   214.64123    0.964913   1.000000
   214.64568    0.955739   1.000000
   214.65013    0.950579   1.000000
   214.65458    0.977239   1.000000
   214.65903    0.929653   1.000000
   214.66348    1.007626   1.000000
   214.66793    1.052919   1.000000
   214.67238    0.983546   1.000000
   214.67683    1.071839   1.000000
   214.68127    0.968926   1.000000
   214.68572    0.933380   1.000000
   214.69017    1.105092   1.000000
   214.69462    0.897260   1.000000
   214.69907    0.882927   1.000000
   214.70352    1.107958   1.000000
   214.70797    1.060085   1.000000
   214.71242    0.994152   1.000000
   214.71687    1.047472   1.000000
   214.72132    1.009919   1.000000
   214.72577    1.018232   1.000000
   214.73022    0.982399   1.000000
   214.73467    0.974086   1.000000
   214.73912    0.895253   1.000000
   214.74357    0.864293   1.000000
   214.74802    0.992432   1.000000
   214.75245    0.991572   1.000000
   214.75690    1.025972   1.000000
   214.76135    1.090185   1.000000
   214.76580    1.103945   1.000000
   214.77025    1.028552   1.000000
   214.77470    0.949146   1.000000
   214.77915    1.012786   1.000000
   214.78360    0.906146   1.000000
   214.78805    0.868880   1.000000
   214.79250    0.936533   1.000000
   214.79695    0.960613   1.000000
   214.80140    1.052345   1.000000
   214.80585    0.937106   1.000000
   214.81030    0.910446   1.000000
   214.81475    0.908153   1.000000
   214.81918    0.872033   1.000000
   214.82363    0.968353   1.000000
   214.82808    0.915320   1.000000
   214.83253    1.020812   1.000000
   214.83698    0.944846   1.000000
   214.84143    0.944560   1.000000
   214.84588    1.043459   1.000000
   214.85033    0.841647   1.000000
   214.85478    1.001892   1.000000
   214.85923    0.936246   1.000000
   214.86368    0.940260   1.000000
   214.86813    0.973799   1.000000
   214.87258    1.027119   1.000000
   214.87703    1.004759   1.000000
   214.88148    1.020526   1.000000
   214.88592    0.962619   1.000000
   214.89037    0.994439   1.000000
   214.89482    0.921340   1.000000
   214.89927    0.967779   1.000000
   214.90372    1.006766   1.000000
   214.90817    0.966633   1.000000
   214.91262    0.891813   1.000000
   214.91707    0.978099   1.000000
   214.92152    0.984979   1.000000
   214.92597    0.907006   1.000000
   214.93042    0.964626   1.000000
   214.93487    0.941693   1.000000
   214.93932    0.943700   1.000000
   214.94377    0.846520   1.000000
   214.94822    0.983259   1.000000
   214.95265    1.029412   1.000000
   214.95710    1.017946   1.000000
   214.96155    1.053492   1.000000
   214.96600    0.979533   1.000000
   214.97045    1.143791   1.000000
   214.97490    1.056359   1.000000
   214.97935    1.118278   1.000000
   214.98380    1.121718   1.000000
   214.98825    1.013646   1.000000
   214.99270    0.978099   1.000000
   214.99715    0.959753   1.000000
   215.00160    0.918473   1.000000
   215.00605    0.922773   1.000000
   215.01050    1.000172   1.000000
   215.01495    1.005906   1.000000
   215.01938    1.003899   1.000000
   215.02383    0.986699   1.000000
   215.02828    1.004759   1.000000
   215.03273    0.938826   1.000000
   215.03718    1.078719   1.000000
   215.04163    0.993292   1.000000
   215.04608    0.995299   1.000000
   215.05053    0.970073   1.000000
   215.05498    1.082445   1.000000
   215.05943    0.919620   1.000000
   215.06388    0.993866   1.000000
   215.06833    1.117705   1.000000
   215.07278    1.076999   1.000000
   215.07723    1.132898   1.000000
   215.08168    1.186218   1.000000
   215.08612    1.128885   1.000000
   215.09057    1.161565   1.000000
   215.09502    0.992719   1.000000
   215.09947    1.171024   1.000000
   215.10392    1.042599   1.000000
   215.10837    1.079005   1.000000
   215.11282    1.052059   1.000000
   215.11727    1.123152   1.000000
   215.12172    0.990139   1.000000
   215.12617    0.889520   1.000000
   215.13062    0.978673   1.000000
   215.13507    1.103085   1.000000
   215.13952    1.033426   1.000000
   215.14397    0.962906   1.000000
   215.14842    1.132898   1.000000
   215.15285    1.026546   1.000000
   215.15730    0.996446   1.000000
   215.16175    1.003899   1.000000
   215.16620    1.072985   1.000000
   215.17065    0.970646   1.000000
   215.17510    0.993866   1.000000
   215.17955    0.967493   1.000000
   215.18400    0.878913   1.000000
   215.18845    0.980679   1.000000
   215.19290    0.989566   1.000000
   215.19735    1.011066   1.000000
   215.20180    0.948286   1.000000
   215.20625    1.022819   1.000000
   215.21070    0.933093   1.000000
   215.21515    1.007626   1.000000
   215.21958    0.931946   1.000000
   215.22403    1.053492   1.000000
   215.22848    1.001892   1.000000
   215.23293    1.084738   1.000000
   215.23738    1.038872   1.000000
   215.24183    0.993006   1.000000
   215.24628    0.991859   1.000000
   215.25073    1.058365   1.000000
   215.25518    0.960613   1.000000
   215.25963    1.052059   1.000000
   215.26408    0.939686   1.000000
   215.26853    0.961759   1.000000
   215.27298    0.877480   1.000000
   215.27743    0.946566   1.000000
   215.28188    1.023106   1.000000
   215.28632    1.035719   1.000000
   215.29077    0.900127   1.000000
   215.29522    0.952873   1.000000
   215.29967    1.000459   1.000000
   215.30412    0.921913   1.000000
   215.30857    1.017659   1.000000
   215.31302    1.058652   1.000000
   215.31747    0.976379   1.000000
   215.32192    0.825594   1.000000
   215.32637    0.967493   1.000000
   215.33082    0.952586   1.000000
   215.33527    1.057505   1.000000
   215.33972    0.978099   1.000000
   215.34417    1.065819   1.000000
   215.34862    1.083592   1.000000
   215.35305    1.019379   1.000000
   215.35750    1.011066   1.000000
   215.36195    1.046612   1.000000
   215.36640    1.019666   1.000000
   215.37085    1.029986   1.000000
   215.37530    1.136625   1.000000
   215.37975    1.241257   1.000000
   215.38420    1.179624   1.000000
   215.38865    1.117132   1.000000
   215.39310    1.093052   1.000000
   215.39755    1.011352   1.000000
   215.40200    1.100218   1.000000
   215.40645    1.110825   1.000000
   215.41090    0.989279   1.000000
   215.41535    1.077572   1.000000
   215.41978    1.046612   1.000000
   215.42423    1.018806   1.000000
   215.42868    1.067252   1.000000
   215.43313    1.132611   1.000000
   215.43758    1.044605   1.000000
   215.44203    1.013072   1.000000
   215.44648    1.040879   1.000000
   215.45093    0.976093   1.000000
   215.45538    1.012499   1.000000
   215.45983    1.017659   1.000000
   215.46428    0.913886   1.000000
   215.46873    1.001319   1.000000
   215.47318    1.109965   1.000000
   215.47763    1.005906   1.000000
   215.48208    0.986986   1.000000
   215.48652    0.973513   1.000000
   215.49097    0.941120   1.000000
   215.49542    1.051772   1.000000
   215.49987    1.064672   1.000000
   215.50432    1.068112   1.000000
   215.50877    1.023392   1.000000
   215.51322    1.012786   1.000000
   215.51767    1.111972   1.000000
   215.52212    1.030846   1.000000
   215.52657    0.964913   1.000000
   215.53102    0.922486   1.000000
   215.53547    1.016799   1.000000
   215.53992    1.078432   1.000000
   215.54437    1.089612   1.000000
   215.54882    1.053492   1.000000
   215.55325    0.988706   1.000000
   215.55770    0.877767   1.000000
   215.56215    0.953159   1.000000
   215.56660    0.945706   1.000000
   215.57105    0.937106   1.000000
   215.57550    1.027692   1.000000
   215.57995    0.893820   1.000000
   215.58440    1.113692   1.000000
   215.58885    1.011066   1.000000
   215.59330    1.076425   1.000000
   215.59775    1.048045   1.000000
   215.60220    1.052919   1.000000
   215.60665    0.986413   1.000000
   215.61110    0.958606   1.000000
   215.61555    0.920480   1.000000
   215.61998    0.915606   1.000000
   215.62443    0.955166   1.000000
   215.62888    0.907293   1.000000
   215.63333    0.908726   1.000000
   215.63778    0.989853   1.000000
   215.64223    0.911880   1.000000
   215.64668    0.972653   1.000000
   215.65113    0.945993   1.000000
   215.65558    1.044892   1.000000
   215.66003    1.043459   1.000000
   215.66448    1.049192   1.000000
   215.66893    0.938253   1.000000
   215.67338    0.968353   1.000000
   215.67783    0.970073   1.000000
   215.68228    1.013932   1.000000
   215.68672    1.115985   1.000000
   215.69117    1.038012   1.000000
   215.69562    0.924780   1.000000
   215.70007    0.886080   1.000000
   215.70452    1.005332   1.000000
   215.70897    0.945420   1.000000
   215.71342    0.924493   1.000000
   215.71787    0.841074   1.000000
   215.72232    0.933666   1.000000
   215.72677    0.964626   1.000000
   215.73122    1.001606   1.000000
   215.73567    1.029126   1.000000
   215.74012    1.052919   1.000000
   215.74457    1.027692   1.000000
   215.74902    0.962333   1.000000
   215.75345    1.044032   1.000000
   215.75790    1.011926   1.000000
   215.76235    0.991286   1.000000
   215.76680    0.944560   1.000000
   215.77125    0.963193   1.000000
   215.77570    1.046039   1.000000
   215.78015    0.961759   1.000000
   215.78460    1.086745   1.000000
   215.78905    1.060659   1.000000
   215.79350    1.044032   1.000000
   215.79795    0.984979   1.000000
   215.80240    0.878627   1.000000
   215.80685    0.978386   1.000000
   215.81130    1.060372   1.000000
   215.81575    1.036005   1.000000
   215.82018    1.075565   1.000000
   215.82463    1.031419   1.000000
   215.82908    0.946280   1.000000
   215.83353    0.874327   1.000000
   215.83798    0.840500   1.000000
   215.84243    0.956026   1.000000
   215.84688    1.017659   1.000000
   215.85133    1.017946   1.000000
   215.85578    0.981253   1.000000
   215.86023    1.023106   1.000000
   215.86468    1.011926   1.000000
   215.86913    0.927073   1.000000
   215.87358    0.943126   1.000000
   215.87803    0.941980   1.000000
   215.88248    0.894967   1.000000
   215.88693    1.094772   1.000000
   215.89137    1.011352   1.000000
   215.89582    0.983833   1.000000
   215.90027    0.982686   1.000000
   215.90472    1.044605   1.000000
   215.90917    0.978673   1.000000
   215.91362    1.144078   1.000000
   215.91807    1.127451   1.000000
   215.92252    0.913313   1.000000
   215.92697    0.940833   1.000000
   215.93142    1.071839   1.000000
   215.93587    1.148378   1.000000
   215.94032    1.065245   1.000000
   215.94477    1.044892   1.000000
   215.94922    1.017659   1.000000
   215.95367    1.044319   1.000000
   215.95810    1.001032   1.000000
   215.96255    0.919906   1.000000
   215.96700    1.051772   1.000000
   215.97145    1.169591   1.000000
   215.97590    1.099072   1.000000
   215.98035    0.927933   1.000000
   215.98480    0.906720   1.000000
   215.98925    1.017946   1.000000
   215.99370    1.061232   1.000000
   215.99815    0.945993   1.000000
   216.00260    0.983259   1.000000
   216.00705    0.934813   1.000000
   216.01150    0.970646   1.000000
   216.01595    1.173318   1.000000
   216.02040    1.052919   1.000000
   216.02483    1.040592   1.000000
   216.02928    1.136051   1.000000
   216.03373    1.037725   1.000000
   216.03818    1.093338   1.000000
   216.04263    0.983259   1.000000
   216.04708    0.975233   1.000000
   216.05153    0.979246   1.000000
   216.05598    1.024826   1.000000
   216.06043    0.960326   1.000000
   216.06488    1.110538   1.000000
   216.06933    1.046612   1.000000
   216.07378    1.021099   1.000000
   216.07823    1.003039   1.000000
   216.08268    0.926213   1.000000
   216.08713    0.927933   1.000000
   216.09157    0.912166   1.000000
   216.09602    0.971219   1.000000
   216.10047    0.942840   1.000000
   216.10492    0.956313   1.000000
   216.10937    1.036579   1.000000
   216.11382    1.100505   1.000000
   216.11827    1.230077   1.000000
   216.12272    1.146658   1.000000
   216.12717    0.994439   1.000000
   216.13162    0.917326   1.000000
   216.13607    0.879200   1.000000
   216.14052    0.908440   1.000000
   216.14497    1.014506   1.000000
   216.14942    1.051199   1.000000
   216.15387    1.016799   1.000000
   216.15830    0.978673   1.000000
   216.16275    0.951726   1.000000
   216.16720    0.997306   1.000000
   216.17165    0.983833   1.000000
   216.17610    0.946853   1.000000
   216.18055    1.044032   1.000000
   216.18500    0.986699   1.000000
   216.18945    0.937393   1.000000
   216.19390    0.883213   1.000000
   216.19835    0.923346   1.000000
   216.20280    1.009632   1.000000
   216.20725    1.017946   1.000000
   216.21170    1.036579   1.000000
   216.21615    0.862000   1.000000
   216.22060    0.999886   1.000000
   216.22503    1.046325   1.000000
   216.22948    1.089898   1.000000
   216.23393    0.917326   1.000000
   216.23838    1.036579   1.000000
   216.24283    1.027979   1.000000
   216.24728    0.946280   1.000000
   216.25173    0.991859   1.000000
   216.25618    1.109392   1.000000
   216.26063    0.937966   1.000000
   216.26508    0.904426   1.000000
   216.26953    0.915320   1.000000
   216.27398    0.900413   1.000000
   216.27843    1.037439   1.000000
   216.28288    0.959179   1.000000
   216.28733    0.989853   1.000000
   216.29177    0.819860   1.000000
   216.29622    1.042599   1.000000
   216.30067    0.906433   1.000000
   216.30512    1.001032   1.000000
   216.30957    0.943126   1.000000
   216.31402    0.959466   1.000000
   216.31847    1.017086   1.000000
   216.32292    0.958033   1.000000
   216.32737    1.006766   1.000000
   216.33182    0.946566   1.000000
   216.33627    0.891813   1.000000
   216.34072    0.929080   1.000000
   216.34517    1.011066   1.000000
   216.34962    1.005619   1.000000
   216.35407    0.980393   1.000000
   216.35850    1.014219   1.000000
   216.36295    1.067825   1.000000
   216.36740    1.061519   1.000000
   216.37185    1.101365   1.000000
   216.37630    1.062952   1.000000
   216.38075    1.017659   1.000000
   216.38520    1.046325   1.000000
   216.38965    1.135478   1.000000
   216.39410    0.957459   1.000000
   216.39855    1.063812   1.000000
   216.40300    1.060372   1.000000
   216.40745    0.960326   1.000000
   216.41190    0.938826   1.000000
   216.41635    0.987846   1.000000
   216.42080    0.916466   1.000000
   216.42523    0.993579   1.000000
   216.42968    0.931373   1.000000
   216.43413    0.905286   1.000000
   216.43858    0.998166   1.000000
   216.44303    1.006766   1.000000
   216.44748    0.971793   1.000000
   216.45193    1.034572   1.000000
   216.45638    0.888947   1.000000
   216.46083    0.923346   1.000000
   216.46528    0.863147   1.000000
   216.46973    0.944273   1.000000
   216.47418    0.964053   1.000000
   216.47863    0.918186   1.000000
   216.48308    0.995012   1.000000
   216.48753    1.100218   1.000000
   216.49197    0.821867   1.000000
   216.49642    0.903280   1.000000
   216.50087    0.884360   1.000000
   216.50532    0.928506   1.000000
   216.50977    0.954019   1.000000
   216.51422    0.860567   1.000000
   216.51867    1.060085   1.000000
   216.52312    1.122292   1.000000
   216.52757    1.072412   1.000000
   216.53202    1.005332   1.000000
   216.53647    1.177618   1.000000
   216.54092    0.947140   1.000000
   216.54537    0.986413   1.000000
   216.54982    0.979819   1.000000
   216.55427    1.061519   1.000000
   216.55870    0.875473   1.000000
   216.56315    0.933953   1.000000
   216.56760    0.951439   1.000000
   216.57205    0.897547   1.000000
   216.57650    0.948859   1.000000
   216.58095    1.087605   1.000000
   216.58540    0.941980   1.000000
   216.58985    0.999599   1.000000
   216.59430    0.993579   1.000000
   216.59875    0.980393   1.000000
   216.60320    0.968926   1.000000
   216.60765    0.899840   1.000000
   216.61210    1.006192   1.000000
   216.61655    0.914746   1.000000
   216.62100    0.876907   1.000000
   216.62543    0.917900   1.000000
   216.62988    0.962619   1.000000
   216.63433    0.958893   1.000000
   216.63878    0.897547   1.000000
   216.64323    1.020239   1.000000
   216.64768    0.907293   1.000000
   216.65213    0.970073   1.000000
   216.65658    0.957173   1.000000
   216.66103    0.938540   1.000000
   216.66548    1.009632   1.000000
   216.66993    1.066965   1.000000
   216.67438    1.065532   1.000000
   216.67883    1.069832   1.000000
   216.68328    1.068972   1.000000
   216.68773    0.999026   1.000000
   216.69217    1.017372   1.000000
   216.69662    0.998452   1.000000
   216.70107    1.023106   1.000000
   216.70552    0.970073   1.000000
   216.70997    0.943986   1.000000
   216.71442    0.979533   1.000000
   216.71887    0.997879   1.000000
   216.72332    0.929653   1.000000
   216.72777    0.922773   1.000000
   216.73222    0.892673   1.000000
   216.73667    0.931660   1.000000
   216.74112    1.003039   1.000000
   216.74557    1.001032   1.000000
   216.75002    1.016226   1.000000
   216.75447    0.954019   1.000000
   216.75890    1.037725   1.000000
   216.76335    1.020239   1.000000
   216.76780    1.128025   1.000000
   216.77225    1.017372   1.000000
   216.77670    1.063812   1.000000
   216.78115    0.981826   1.000000
   216.78560    1.028266   1.000000
   216.79005    0.957459   1.000000
   216.79450    0.997592   1.000000
   216.79895    1.015939   1.000000
   216.80340    1.021099   1.000000
   216.80785    1.072412   1.000000
   216.81230    0.972939   1.000000
   216.81675    0.954593   1.000000
   216.82120    0.934813   1.000000
   216.82563    0.845660   1.000000
   216.83008    0.951726   1.000000
   216.83453    0.879487   1.000000
   216.83898    1.008486   1.000000
   216.84343    1.053779   1.000000
   216.84788    0.920193   1.000000
   216.85233    0.864580   1.000000
   216.85678    1.093338   1.000000
   216.86123    1.118565   1.000000
   216.86568    1.060372   1.000000
   216.87013    0.962046   1.000000
   216.87458    0.900127   1.000000
   216.87903    0.981253   1.000000
   216.88348    1.000459   1.000000
   216.88793    1.013072   1.000000
   216.89237    0.894393   1.000000
   216.89682    1.011926   1.000000
   216.90127    0.984693   1.000000
   216.90572    1.039445   1.000000
   216.91017    1.016799   1.000000
   216.91462    0.967493   1.000000
   216.91907    1.079865   1.000000
   216.92352    0.934526   1.000000
   216.92797    0.934813   1.000000
   216.93242    1.009919   1.000000
   216.93687    1.054925   1.000000
   216.94132    0.941406   1.000000
   216.94577    0.906433   1.000000
   216.95022    0.970359   1.000000
   216.95467    0.937966   1.000000
   216.95912    0.859420   1.000000
   216.96355    0.871747   1.000000
   216.96800    0.966919   1.000000
   216.97245    0.986986   1.000000
   216.97690    1.000172   1.000000
   216.98135    0.990139   1.000000
   216.98580    0.926500   1.000000
   216.99025    1.040305   1.000000
   216.99470    0.996159   1.000000
   216.99915    0.991286   1.000000
   217.00360    0.976093   1.000000
   217.00805    0.972366   1.000000
   217.01250    0.878053   1.000000
   217.01695    0.963766   1.000000
   217.02140    0.929366   1.000000
   217.02585    0.989279   1.000000
   217.03028    1.093912   1.000000
   217.03473    1.055212   1.000000
   217.03918    0.916753   1.000000
   217.04363    1.047185   1.000000
   217.04808    1.083305   1.000000
   217.05253    1.042025   1.000000
   217.05698    1.115698   1.000000
   217.06143    1.207718   1.000000
   217.06588    1.067252   1.000000
   217.07033    1.019379   1.000000
   217.07478    0.984119   1.000000
   217.07923    0.975806   1.000000
   217.08368    1.017946   1.000000
   217.08813    0.913886   1.000000
   217.09258    0.917040   1.000000
   217.09702    0.887227   1.000000
   217.10147    0.970073   1.000000
   217.10592    1.013932   1.000000
   217.11037    0.893247   1.000000
   217.11482    0.973513   1.000000
   217.11927    0.935673   1.000000
   217.12372    0.905286   1.000000
   217.12817    1.005619   1.000000
   217.13262    1.026259   1.000000
   217.13707    1.017372   1.000000
   217.14152    1.040305   1.000000
   217.14597    1.101938   1.000000
   217.15042    1.061805   1.000000
   217.15487    0.982113   1.000000
   217.15932    1.087605   1.000000
   217.16375    1.141498   1.000000
   217.16820    0.983546   1.000000
   217.17265    1.019666   1.000000
   217.17710    1.123725   1.000000
   217.18155    0.983259   1.000000
   217.18600    0.989279   1.000000
   217.19045    0.960899   1.000000
   217.19490    0.977813   1.000000
   217.19935    1.052345   1.000000
   217.20380    0.910733   1.000000
   217.20825    1.016512   1.000000
   217.21270    1.009346   1.000000
   217.21715    0.945133   1.000000
   217.22160    1.041739   1.000000
   217.22605    1.008486   1.000000
   217.23048    1.072412   1.000000
   217.23493    0.963193   1.000000
   217.23938    0.950006   1.000000
   217.24383    1.026259   1.000000
   217.24828    1.089325   1.000000
   217.25273    0.920193   1.000000
   217.25718    1.002466   1.000000
   217.26163    0.892100   1.000000
   217.26608    0.974946   1.000000
   217.27053    0.959753   1.000000
   217.27498    0.934526   1.000000
   217.27943    0.832187   1.000000
   217.28388    0.848814   1.000000
   217.28833    0.926500   1.000000
   217.29278    1.042025   0.999986
   217.29722    0.959753   0.999978
   217.30167    0.969499   0.999972
   217.30612    1.101652   0.999948
   217.31057    1.072985   0.999916
   217.31502    0.951439   0.999891
   217.31947    0.939973   0.999876
   217.32392    0.894107   0.999818
   217.32837    0.880633   0.999768
   217.33282    0.973226   0.999732
   217.33727    0.966059   0.999697
   217.34172    0.909013   0.999616
   217.34617    1.003899   0.999545
   217.35062    1.054925   0.999497
   217.35507    0.991859   0.999452
   217.35952    0.959466   0.999357
   217.36395    0.966059   0.999269
   217.36840    0.954593   0.999201
   217.37285    0.978673   0.999154
   217.37730    0.819574   0.999017
   217.38175    0.915893   0.998921
   217.38620    0.866300   0.998858
   217.39065    0.830180   0.998751
   217.39510    1.031706   0.998604
   217.39955    1.054065   0.998510
   217.40400    0.992719   0.998429
   217.40845    0.926213   0.998295
   217.41290    1.014219   0.998170
   217.41735    1.006192   0.998053
   217.42180    1.060085   0.997941
   217.42625    1.028839   0.997809
   217.43068    1.014792   0.997644
   217.43513    1.026546   0.997522
   217.43958    0.955453   0.997431
   217.44403    1.089898   0.997251
   217.44848    1.008772   0.997092
   217.45293    1.088178   0.996987
   217.45738    1.028839   0.996850
   217.46183    1.000746   0.996650
   217.46628    0.971793   0.996498
   217.47073    0.999026   0.996368
   217.47518    0.899267   0.996199
   217.47963    0.959466   0.995995
   217.48408    0.974373   0.995818
   217.48853    1.074992   0.995675
   217.49298    1.074992   0.995537
   217.49742    0.819860   0.995310
   217.50187    0.870600   0.995129
   217.50632    0.933380   0.994981
   217.51077    0.968066   0.994811
   217.51522    0.909586   0.994573
   217.51967    1.041452   0.994396
   217.52412    1.048332   0.994188
   217.52857    1.019379   0.994059
   217.53302    0.931086   0.993792
   217.53747    0.921053   0.993580
   217.54192    0.868593   0.993392
   217.54637    0.881207   0.993244
   217.55082    0.872320   0.992974
   217.55527    0.997019   0.992752
   217.55972    0.934240   0.992566
   217.56415    0.997592   0.992373
   217.56860    0.906720   0.992086
   217.57305    0.914173   0.991894
   217.57750    0.969499   0.991687
   217.58195    0.885507   0.991481
   217.58640    0.925640   0.991213
   217.59085    0.962333   0.990968
   217.59530    0.898120   0.990755
   217.59975    0.925066   0.990575
   217.60420    0.828460   0.990251
   217.60865    0.962333   0.990001
   217.61310    0.884073   0.989824
   217.61755    0.871460   0.989574
   217.62200    0.915033   0.989279
   217.62645    0.939973   0.989023
   217.63088    1.003326   0.988794
   217.63533    0.891813   0.988579
   217.63978    0.913026   0.988250
   217.64423    0.962906   0.988020
   217.64868    0.950293   0.987760
   217.65313    0.900413   0.987598
   217.65758    1.103085   0.987197
   217.66203    0.940546   0.986944
   217.66648    1.013932   0.986695
   217.67093    1.122005   0.986460
   217.67538    0.991572   0.986138
   217.67983    1.055499   0.985846
   217.68428    0.990999   0.985600
   217.68873    1.011639   0.985361
   217.69318    0.975519   0.985055
   217.69762    0.927073   0.984727
   217.70207    0.991572   0.984469
   217.70652    0.870027   0.984213
   217.71097    0.974373   0.983894
   217.71542    1.006192   0.983573
   217.71987    0.988133   0.983300
   217.72432    0.944846   0.983042
   217.72877    1.001032   0.982660
   217.73322    1.000459   0.982441
   217.73767    0.983259   0.982105
   217.74212    0.886940   0.981835
   217.74657    0.920766   0.981508
   217.75102    0.902993   0.981184
   217.75547    0.970646   0.980866
   217.75992    0.958893   0.980597
   217.76435    0.994152   0.980229
   217.76880    0.944273   0.979887
   217.77325    0.936820   0.979629
   217.77770    0.963479   0.979322
   217.78215    0.951439   0.978993
   217.78660    0.999886   0.978635
   217.79105    0.948573   0.978368
   217.79550    0.999026   0.978015
   217.79995    1.036292   0.977694
   217.80440    0.881780   0.977318
   217.80885    1.023966   0.977004
   217.81330    0.911880   0.976720
   217.81775    0.953733   0.976412
   217.82220    0.943986   0.975989
   217.82665    0.986126   0.975684
   217.83108    1.000459   0.975366
   217.83553    0.997879   0.975052
   217.83998    1.032279   0.974620
   217.84443    0.995299   0.974310
   217.84888    0.971219   0.974005
   217.85333    0.982973   0.973677
   217.85778    1.117418   0.973306
   217.86223    0.938540   0.972900
   217.86668    1.032566   0.972606
   217.87113    0.910733   0.972283
   217.87558    0.914746   0.971957
   217.88003    0.886080   0.971469
   217.88448    0.914173   0.971171
   217.88893    0.935100   0.970839
   217.89338    0.989279   0.970530
   217.89782    0.899267   0.970087
   217.90227    1.072125   0.969714
   217.90672    0.925066   0.969397
   217.91117    0.972366   0.969029
   217.91562    0.951153   0.968672
   217.92007    1.035146   0.968205
   217.92452    0.939113   0.967919
   217.92897    0.900987   0.967587
   217.93342    0.997592   0.967187
   217.93787    0.848814   0.966770
   217.94232    0.935960   0.966409
   217.94677    0.959179   0.966025
   217.95122    0.925066   0.965708
   217.95567    0.863147   0.965310
   217.96012    0.902993   0.964903
   217.96455    0.963193   0.964513
   217.96900    0.924780   0.964187
   217.97345    0.925926   0.963736
   217.97790    0.911306   0.963377
   217.98235    0.943986   0.962944
   217.98680    0.990426   0.962626
   217.99125    0.999026   0.962256
   217.99570    0.956886   0.961811
   218.00015    0.971793   0.961410
   218.00460    0.922200   0.961044
   218.00905    0.835340   0.960741
   218.01350    0.882927   0.960244
   218.01795    1.029126   0.959904
   218.02240    0.946280   0.959461
   218.02685    0.900127   0.959131
   218.03128    0.968353   0.958657
   218.03573    1.040019   0.958285
   218.04018    0.974946   0.957910
   218.04463    0.975806   0.957540
   218.04908    0.984119   0.957106
   218.05353    0.898693   0.956674
   218.05798    0.845660   0.956242
   218.06243    1.019666   0.955880
   218.06688    0.845087   0.955539
   218.07133    0.938826   0.955074
   218.07578    0.852540   0.954609
   218.08023    1.035146   0.954262
   218.08468    0.906720   0.953816
   218.08913    0.891813   0.953461
   218.09358    0.948573   0.952954
   218.09803    1.029986   0.952567
   218.10247    0.832187   0.952201
   218.10692    0.935386   0.951774
   218.11137    0.905286   0.951351
   218.11582    0.849100   0.950923
   218.12027    0.866587   0.950501
   218.12472    0.886080   0.950140
   218.12917    0.895253   0.949693
   218.13362    0.936533   0.949225
   218.13807    0.948286   0.948833
   218.14252    0.911306   0.948425
   218.14697    0.975233   0.948038
   218.15142    0.995872   0.947577
   218.15587    0.981253   0.947132
   218.16032    0.930513   0.946733
   218.16477    0.932520   0.946329
   218.16920    0.979246   0.945944
   218.17365    0.986126   0.945408
   218.17810    1.016799   0.944996
   218.18255    1.040879   0.944598
   218.18700    0.918760   0.944208
   218.19145    0.929940   0.943800
   218.19590    0.903566   0.943282
   218.20035    0.877193   0.942862
   218.20480    0.939113   0.942464
   218.20925    0.973226   0.942078
   218.21370    0.918473   0.941614
   218.21815    0.876620   0.941098
   218.22260    0.821867   0.940716
   218.22705    0.911020   0.940284
   218.23150    0.916180   0.939932
   218.23593    0.823014   0.939411
   218.24038    0.940833   0.938971
   218.24483    0.850247   0.938511
   218.24928    0.780587   0.938112
   218.25373    0.882067   0.937790
   218.25818    0.989279   0.937262
   218.26263    0.863720   0.936782
   218.26708    0.970646   0.936363
   218.27153    0.933666   0.935933
   218.27598    1.042025   0.935558
   218.28043    0.982399   0.935061
   218.28488    0.930226   0.934586
   218.28933    1.052059   0.934141
   218.29378    0.923060   0.933740
   218.29823    1.045465   0.933350
   218.30267    1.056645   0.932881
   218.30712    0.973799   0.932364
   218.31157    1.023966   0.931943
   218.31602    0.951439   0.931573
   218.32047    1.076139   0.931169
   218.32492    0.931660   0.930604
   218.32937    0.918760   0.930201
   218.33382    0.933666   0.929717
   218.33827    0.800941   0.929340
   218.34272    0.917900   0.928897
   218.34717    0.927933   0.928430
   218.35162    0.957459   0.927916
   218.35607    0.984979   0.927559
   218.36052    0.912740   0.927094
   218.36497    0.927360   0.926702
   218.36940    1.085312   0.926185
   218.37385    0.957459   0.925729
   218.37830    0.920480   0.925273
   218.38275    1.042312   0.924884
   218.38720    0.952299   0.924500
   218.39165    0.942840   0.923924
   218.39610    1.064385   0.923469
   218.40055    1.032279   0.923053
   218.40500    0.974946   0.922642
   218.40945    0.952013   0.922204
   218.41390    0.999599   0.921758
   218.41835    0.987846   0.921278
   218.42280    1.005619   0.920813
   218.42725    0.929366   0.920386
   218.43170    0.962906   0.919981
   218.43613    0.928793   0.919493
   218.44058    0.921913   0.919028
   218.44503    0.982399   0.918589
   218.44948    0.940833   0.918157
   218.45393    0.933093   0.917694
   218.45838    0.906146   0.917320
   218.46283    0.853114   0.916783
   218.46728    0.909873   0.916325
   218.47173    1.027406   0.915909
   218.47618    0.787181   0.915422
   218.48063    0.878627   0.915079
   218.48508    0.802661   0.914578
   218.48953    0.793774   0.914114
   218.49398    0.853687   0.913631
   218.49843    0.984119   0.913281
   218.50287    0.943986   0.912753
   218.50732    0.938826   0.912342
   218.51177    0.959466   0.911883
   218.51622    1.029986   0.911451
   218.52067    0.853114   0.910974
   218.52512    1.078432   0.910615
   218.52957    0.964913   0.910115
   218.53402    0.910160   0.909610
   218.53847    1.063812   0.909267
   218.54292    0.986126   0.908766
   218.54737    0.840787   0.908323
   218.55182    0.863147   0.907977
   218.55627    0.957746   0.907452
   218.56072    0.935673   0.906968
   218.56517    0.887800   0.906598
   218.56960    1.017372   0.906096
   218.57405    0.908726   0.905664
   218.57850    0.972366   0.905282
   218.58295    0.976666   0.904775
   218.58740    0.868307   0.904297
   218.59185    0.950006   0.903923
   218.59630    1.048619   0.903456
   218.60075    0.941980   0.902988
   218.60520    0.906146   0.902633
   218.60965    0.831040   0.902035
   218.61410    0.834480   0.901633
   218.61855    0.998739   0.901252
   218.62300    0.832187   0.900777
   218.62745    0.901273   0.900338
   218.63190    0.881493   0.899976
   218.63633    0.770268   0.899421
   218.64078    0.866300   0.899011
   218.64523    0.912166   0.898684
   218.64968    0.882927   0.898187
   218.65413    0.976953   0.897792
   218.65858    0.866300   0.897440
   218.66303    0.920766   0.896885
   218.66748    0.889520   0.896433
   218.67193    0.798647   0.896119
   218.67638    0.829607   0.895579
   218.68083    0.942266   0.895188
   218.68528    0.844227   0.894815
   218.68973    0.803234   0.894245
   218.69418    0.822154   0.893821
   218.69863    0.942266   0.893463
   218.70307    0.884360   0.893003
   218.70752    0.865440   0.892602
   218.71197    0.902993   0.892205
   218.71642    0.836200   0.891650
   218.72087    0.916753   0.891272
   218.72532    0.825880   0.890791
   218.72977    0.822727   0.890425
   218.73422    0.877767   0.890023
   218.73867    0.907580   0.889585
   218.74312    0.866013   0.889118
   218.74757    0.761381   0.888761
   218.75202    0.941406   0.888291
   218.75647    0.860280   0.887915
   218.76092    0.858560   0.887617
   218.76537    0.779154   0.887090
   218.76980    0.782594   0.886739
   218.77425    0.799221   0.886308
   218.77870    0.709208   0.885776
   218.78315    0.747908   0.885401
   218.78760    0.812121   0.884974
   218.79205    0.823874   0.884577
   218.79650    0.940833   0.884178
   218.80095    0.970646   0.883742
   218.80540    0.772561   0.883281
   218.80985    0.864293   0.882922
   218.81430    0.845660   0.882453
   218.81875    0.871460   0.882090
   218.82320    0.898120   0.881790
   218.82765    0.765394   0.881287
   218.83210    0.761094   0.880883
   218.83653    0.865727   0.880470
   218.84098    0.847667   0.880094
   218.84543    0.811261   0.879715
   218.84988    0.850534   0.879273
   218.85433    0.741888   0.878893
   218.85878    0.765968   0.878565
   218.86323    0.825594   0.878042
   218.86768    0.770268   0.877655
   218.87213    0.701755   0.877290
   218.87658    0.779727   0.876816
   218.88103    0.757368   0.876490
   218.88548    0.860853   0.876061
   218.88993    0.884933   0.875702
   218.89438    0.796927   0.875339
   218.89883    0.769408   0.874874
   218.90327    0.782307   0.874483
   218.90772    0.956599   0.874176
   218.91217    0.950006   0.873720
   218.91662    0.908153   0.873419
   218.92107    0.936246   0.873038
   218.92552    0.930226   0.872645
   218.92997    0.809254   0.872262
   218.93442    0.893247   0.871840
   218.93887    0.719815   0.871432
   218.94332    0.875473   0.871115
   218.94777    0.844800   0.870665
   218.95222    0.848814   0.870340
   218.95667    0.893247   0.869941
   218.96112    0.956599   0.869583
   218.96557    0.825880   0.869200
   218.97000    0.796067   0.868807
   218.97445    0.862860   0.868426
   218.97890    0.835340   0.868157
   218.98335    0.833620   0.867715
   218.98780    0.827887   0.867408
   218.99225    0.825020   0.867026
   218.99670    0.924493   0.866662
   219.00115    0.809254   0.866300
   219.00560    0.896973   0.865884
   219.01005    0.870887   0.865552
   219.01450    0.881780   0.865240
   219.01895    1.032279   0.864841
   219.02340    0.918760   0.864472
   219.02785    0.850247   0.864123
   219.03230    0.952013   0.863790
   219.03673    0.911880   0.863528
   219.04118    0.777434   0.863104
   219.04563    0.883213   0.862751
   219.05008    0.878913   0.862417
   219.05453    0.880060   0.862004
   219.05898    0.774567   0.861731
   219.06343    0.868880   0.861327
   219.06788    0.864007   0.861013
   219.07233    0.816707   0.860737
   219.07678    0.878913   0.860334
   219.08123    0.923633   0.859981
   219.08568    0.806674   0.859641
   219.09013    1.010206   0.859330
   219.09458    0.888660   0.859031
   219.09903    0.827027   0.858646
   219.10347    0.929653   0.858357
   219.10792    0.918186   0.858102
   219.11237    0.910446   0.857678
   219.11682    0.830754   0.857414
   219.12127    0.883213   0.857031
   219.12572    0.805527   0.856723
   219.13017    0.996732   0.856415
   219.13462    0.965773   0.856050
   219.13907    0.869167   0.855777
   219.14352    0.973226   0.855547
   219.14797    0.838494   0.855195
   219.15242    0.910446   0.854879
   219.15687    0.783454   0.854571
   219.16132    0.806674   0.854242
   219.16577    0.767974   0.854007
   219.17020    0.824447   0.853603
   219.17465    0.891527   0.853317
   219.17910    0.861713   0.853023
   219.18355    0.961473   0.852708
   219.18800    0.968926   0.852462
   219.19245    1.039445   0.852140
   219.19690    0.921626   0.851814
   219.20135    0.854834   0.851604
   219.20580    0.938826   0.851273
   219.21025    0.962046   0.851030
   219.21470    0.848527   0.850712
   219.21915    0.881493   0.850402
   219.22360    0.889807   0.850153
   219.22805    0.877480   0.849848
   219.23250    0.751634   0.849578
   219.23695    0.852827   0.849363
   219.24138    0.900413   0.849001
   219.24583    0.888947   0.848740
   219.25028    0.853687   0.848490
   219.25473    0.782594   0.848214
   219.25918    0.855120   0.847991
   219.26363    0.963193   0.847733
   219.26808    0.873180   0.847493
   219.27253    0.847094   0.847232
   219.27698    0.864867   0.846883
   219.28143    0.909300   0.846639
   219.28588    0.760521   0.846407
   219.29033    0.771414   0.846119
   219.29478    0.861427   0.845906
   219.29923    0.825880   0.845666
   219.30368    0.855120   0.845391
   219.30812    0.930513   0.845188
   219.31257    0.795781   0.844887
   219.31702    0.905573   0.844649
   219.32147    0.933380   0.844498
   219.32592    0.859993   0.844181
   219.33037    0.810974   0.843969
   219.33482    0.769981   0.843810
   219.33927    0.826454   0.843489
   219.34372    0.788327   0.843267
   219.34817    0.837347   0.843033
   219.35262    0.873180   0.842768
   219.35707    0.868020   0.842584
   219.36152    0.809541   0.842323
   219.36597    0.772847   0.842142
   219.37042    0.806101   0.841946
   219.37485    0.845947   0.841703
   219.37930    0.888947   0.841480
   219.38375    0.903853   0.841335
   219.38820    0.847094   0.841061
   219.39265    0.814701   0.840914
   219.39710    0.827314   0.840708
   219.40155    0.880920   0.840454
   219.40600    0.930226   0.840279
   219.41045    0.851680   0.840095
   219.41490    0.799221   0.839867
   219.41935    0.833907   0.839747
   219.42380    0.870600   0.839518
   219.42825    0.846234   0.839268
   219.43270    0.990426   0.839123
   219.43715    0.820147   0.838881
   219.44158    0.716661   0.838689
   219.44603    0.954019   0.838603
   219.45048    0.882927   0.838371
   219.45493    0.977239   0.838203
   219.45938    1.027406   0.838036
   219.46383    0.813841   0.837841
   219.46828    0.939113   0.837672
   219.47273    0.777721   0.837566
   219.47718    0.862000   0.837345
   219.48163    0.810687   0.837187
   219.48608    0.917900   0.837048
   219.49053    0.964913   0.836919
   219.49498    0.976953   0.836760
   219.49943    1.035146   0.836578
   219.50388    0.858560   0.836428
   219.50832    0.874040   0.836236
   219.51277    0.802661   0.836127
   219.51722    0.809827   0.836078
   219.52167    0.800654   0.835907
   219.52612    0.801514   0.835734
   219.53057    0.729274   0.835596
   219.53502    0.890380   0.835457
   219.53947    0.849387   0.835302
   219.54392    0.802087   0.835220
   219.54837    0.882067   0.835054
   219.55282    0.840500   0.834892
   219.55727    0.910446   0.834771
   219.56172    0.883213   0.834660
   219.56617    0.843367   0.834490
   219.57062    0.836487   0.834430
   219.57505    0.907866   0.834341
   219.57950    0.874040   0.834212
   219.58395    0.766254   0.834089
   219.58840    0.821580   0.833959
   219.59285    0.730994   0.833820
   219.59730    0.830754   0.833782
   219.60175    0.816420   0.833734
   219.60620    0.780014   0.833587
   219.61065    0.715515   0.833425
   219.61510    0.812407   0.833371
   219.61955    0.756794   0.833383
   219.62400    0.797501   0.833214
   219.62845    0.897547   0.833065
   219.63290    0.799221   0.833027
   219.63735    0.791767   0.832991
   219.64178    0.816707   0.832893
   219.64623    0.867160   0.832781
   219.65068    0.873753   0.832741
   219.65513    0.917900   0.832664
   219.65958    0.942266   0.832553
   219.66403    0.752781   0.832517
   219.66848    0.858274   0.832471
   219.67293    0.895253   0.832405
   219.67738    0.950866   0.832302
   219.68183    0.832760   0.832254
   219.68628    0.870600   0.832255
   219.69073    0.801514   0.832160
   219.69518    0.899267   0.832097
   219.69963    0.747908   0.832065
   219.70408    0.969213   0.832106
   219.70852    0.869167   0.831985
   219.71297    0.891240   0.831894
   219.71742    0.663055   0.831892
   219.72187    0.915606   0.831936
   219.72632    0.920480   0.831809
   219.73077    0.806387   0.831749
   219.73522    0.811547   0.831757
   219.73967    0.817280   0.831790
   219.74412    0.836200   0.831711
   219.74857    0.851107   0.831671
   219.75302    0.864580   0.831699
   219.75747    0.763388   0.831689
   219.76192    0.722681   0.831669
   219.76637    0.719815   0.831646
   219.77082    0.884073   0.831611
   219.77525    0.815274   0.831590
   219.77970    0.917040   0.831622
   219.78415    0.856267   0.831586
   219.78860    0.888373   0.831565
   219.79305    0.906433   0.831598
   219.79750    0.889233   0.831695
   219.80195    0.895253   0.831604
   219.80640    0.856840   0.831586
   219.81085    0.890953   0.831686
   219.81530    0.915033   0.831687
   219.81975    0.823300   0.831718
   219.82420    0.907580   0.831762
   219.82865    0.804094   0.831786
   219.83310    0.793201   0.831753
   219.83755    0.782307   0.831792
   219.84198    0.806101   0.831894
   219.84643    0.785747   0.831845
   219.85088    0.938253   0.831860
   219.85533    0.911593   0.831966
   219.85978    0.871173   0.831925
   219.86423    0.938540   0.831980
   219.86868    0.725835   0.832080
   219.87313    0.870027   0.832081
   219.87758    0.766828   0.832095
   219.88203    0.714081   0.832191
   219.88648    0.831327   0.832266
   219.89093    0.773994   0.832286
   219.89538    0.868020   0.832342
   219.89983    0.905573   0.832390
   219.90428    0.892960   0.832437
   219.90872    0.759948   0.832535
   219.91317    1.052632   0.832634
   219.91762    0.939400   0.832666
   219.92207    0.925640   0.832765
   219.92652    0.922486   0.832825
   219.93097    0.909586   0.832887
   219.93542    0.821867   0.833027
   219.93987    0.859134   0.833091
   219.94432    0.983259   0.833165
   219.94877    0.808107   0.833279
   219.95322    0.880060   0.833366
   219.95767    0.897260   0.833398
   219.96212    0.773421   0.833546
   219.96657    0.870027   0.833607
   219.97102    0.933093   0.833744
   219.97545    0.880633   0.833817
   219.97990    0.899267   0.833902
   219.98435    0.896687   0.834021
   219.98880    0.867733   0.834162
   219.99325    0.835627   0.834240
   219.99770    0.872893   0.834396
   220.00215    0.794061   0.834474
   220.00660    0.814127   0.834579
   220.01105    0.848240   0.834741
   220.01550    0.837347   0.834853
   220.01995    0.698028   0.834961
   220.02440    0.905860   0.835142
   220.02885    0.845947   0.835271
   220.03330    0.788614   0.835378
   220.03775    0.864007   0.835455
   220.04218    0.690575   0.835599
   220.04663    0.812694   0.835769
   220.05108    0.705195   0.835878
   220.05553    0.850534   0.836055
   220.05998    0.855980   0.836229
   220.06443    0.956313   0.836385
   220.06888    0.802947   0.836452
   220.07333    0.755648   0.836641
   220.07778    0.843080   0.836803
   220.08223    0.908440   0.837013
   220.08668    0.691435   0.837130
   220.09113    0.809827   0.837322
   220.09558    0.862860   0.837488
   220.10003    0.903566   0.837670
   220.10448    0.864293   0.837774
   220.10892    0.854260   0.837935
   220.11337    0.812694   0.838042
   220.11782    0.858274   0.838332
   220.12227    0.860280   0.838453
   220.12672    0.751634   0.838643
   220.13117    0.810401   0.838868
   220.13562    0.761381   0.839076
   220.14007    0.793774   0.839246
   220.14452    0.751634   0.839415
   220.14897    0.747334   0.839596
   220.15342    0.720675   0.839791
   220.15787    0.853400   0.839957
   220.16232    0.826740   0.840154
   220.16677    0.829894   0.840405
   220.17122    0.733574   0.840595
   220.17565    0.749628   0.840804
   220.18010    0.754214   0.841076
   220.18455    0.864007   0.841224
   220.18900    0.896687   0.841494
   220.19345    0.880347   0.841611
   220.19790    0.776287   0.841804
   220.20235    0.737301   0.842092
   220.20680    0.705481   0.842250
   220.21125    0.804954   0.842512
   220.21570    0.733861   0.842723
   220.22015    0.926213   0.842925
   220.22460    0.817567   0.843218
   220.22905    0.749628   0.843397
   220.23350    0.828174   0.843632
   220.23795    0.910446   0.843905
   220.24238    0.857700   0.844056
   220.24683    0.994439   0.844378
   220.25128    0.802087   0.844576
   220.25573    0.710068   0.844838
   220.26018    0.899553   0.845151
   220.26463    0.913026   0.845315
   220.26908    0.812407   0.845591
   220.27353    0.952586   0.845911
   220.27798    0.821867   0.846119
   220.28243    0.775427   0.846398
   220.28688    0.978386   0.846561
   220.29133    0.919620   0.846775
   220.29578    0.876620   0.847096
   220.30023    0.913886   0.847310
   220.30468    0.916180   0.847595
   220.30913    0.902993   0.847918
   220.31357    0.816994   0.848184
   220.31802    0.763388   0.848527
   220.32247    0.825594   0.848738
   220.32692    0.893533   0.849041
   220.33137    0.761381   0.849334
   220.33582    0.841647   0.849549
   220.34027    0.810687   0.849818
   220.34472    0.796067   0.850069
   220.34917    0.799507   0.850353
   220.35362    0.753641   0.850742
   220.35807    0.880060   0.850989
   220.36252    0.842794   0.851246
   220.36697    0.889233   0.851598
   220.37142    0.931086   0.851828
   220.37587    0.931086   0.852180
   220.38030    0.888373   0.852411
   220.38475    0.927073   0.852719
   220.38920    0.794061   0.853168
   220.39365    0.842220   0.853421
   220.39810    1.072985   0.853629
   220.40255    0.943413   0.853961
   220.40700    0.896113   0.854216
   220.41145    0.867447   0.854600
   220.41590    0.856554   0.854858
   220.42035    0.988706   0.855147
   220.42480    0.844514   0.855579
   220.42925    0.838207   0.855836
   220.43370    0.804667   0.856141
   220.43815    0.763388   0.856472
   220.44260    0.869453   0.856815
   220.44703    0.844800   0.857192
   220.45148    0.927933   0.857465
   220.45593    0.823300   0.857818
   220.46038    0.862573   0.858223
   220.46483    0.988993   0.858471
   220.46928    0.883500   0.858730
   220.47373    0.857127   0.859091
   220.47818    0.866013   0.859410
   220.48263    0.930513   0.859727
   220.48708    0.892673   0.860083
   220.49153    0.925066   0.860437
   220.49598    0.923060   0.860849
   220.50043    0.891527   0.861116
   220.50488    0.790907   0.861416
   220.50933    0.842794   0.861866
   220.51377    0.850247   0.862185
   220.51822    0.885220   0.862545
   220.52267    0.927933   0.863000
   220.52712    0.966919   0.863313
   220.53157    0.813841   0.863701
   220.53602    0.847094   0.864028
   220.54047    0.757654   0.864364
   220.54492    0.932233   0.864718
   220.54937    0.906146   0.865018
   220.55382    0.840214   0.865405
   220.55827    0.724688   0.865774
   220.56272    0.729848   0.866067
   220.56717    0.773134   0.866462
   220.57162    0.858560   0.866834
   220.57607    0.802374   0.867182
   220.58050    0.751921   0.867661
   220.58495    0.758228   0.867997
   220.58940    0.800367   0.868342
   220.59385    0.880060   0.868794
   220.59830    0.813554   0.869129
   220.60275    0.951726   0.869492
   220.60720    0.914746   0.869976
   220.61165    0.980393   0.870348
   220.61610    1.028839   0.870704
   220.62055    0.979819   0.871087
   220.62500    0.978386   0.871446
   220.62945    0.839067   0.871852
   220.63390    0.736441   0.872235
   220.63835    0.773707   0.872646
   220.64280    0.720101   0.873004
   220.64723    0.958033   0.873350
   220.65168    0.774567   0.873681
   220.65613    0.790621   0.874190
   220.66058    0.900413   0.874528
   220.66503    0.894393   0.874995
   220.66948    0.839067   0.875424
   220.67393    0.979533   0.875778
   220.67838    0.902133   0.876124
   220.68283    0.769121   0.876580
   220.68728    0.823014   0.876947
   220.69173    0.846807   0.877386
   220.69618    0.846520   0.877871
   220.70063    0.890093   0.878224
   220.70508    0.726695   0.878619
   220.70953    0.799221   0.879034
   220.71397    0.880633   0.879443
   220.71842    0.876047   0.879968
   220.72287    0.831614   0.880407
   220.72732    0.827600   0.880729
   220.73177    0.834767   0.881163
   220.73622    0.835340   0.881589
   220.74067    0.868593   0.881950
   220.74512    0.966919   0.882403
   220.74957    0.932233   0.882819
   220.75402    0.911306   0.883195
   220.75847    0.784314   0.883584
   220.76292    0.871173   0.884037
   220.76737    0.841934   0.884416
   220.77182    0.869453   0.884901
   220.77627    0.767401   0.885290
   220.78070    0.870027   0.885726
   220.78515    0.871747   0.886143
   220.78960    0.921626   0.886611
   220.79405    0.815847   0.887042
   220.79850    0.802661   0.887481
   220.80295    0.805241   0.887947
   220.80740    0.868593   0.888329
   220.81185    0.821007   0.888759
   220.81630    0.937393   0.889224
   220.82075    0.889807   0.889771
   220.82520    0.871747   0.890168
   220.82965    0.997019   0.890576
   220.83410    0.851680   0.890954
   220.83855    0.928506   0.891436
   220.84300    0.805527   0.891904
   220.84743    0.818714   0.892416
   220.85188    0.849387   0.892801
   220.85633    1.009632   0.893263
   220.86078    0.945993   0.893660
   220.86523    0.933380   0.894044
   220.86968    0.817280   0.894638
   220.87413    0.959466   0.894967
   220.87858    0.902707   0.895403
   220.88303    0.957173   0.895897
   220.88748    0.824447   0.896295
   220.89193    0.882353   0.896789
   220.89638    0.950006   0.897302
   220.90083    0.909873   0.897666
   220.90528    0.836200   0.898072
   220.90973    0.957459   0.898555
   220.91417    0.873753   0.899009
   220.91862    0.920480   0.899472
   220.92307    0.965773   0.899939
   220.92752    1.008486   0.900343
   220.93197    0.897833   0.900840
   220.93642    0.898120   0.901311
   220.94087    1.020526   0.901784
   220.94532    1.061232   0.902299
   220.94977    0.976953   0.902681
   220.95422    0.899267   0.903097
   220.95867    0.872320   0.903589
   220.96312    0.982399   0.904102
   220.96757    0.979246   0.904557
   220.97202    0.916753   0.904990
   220.97647    0.990139   0.905411
   220.98090    0.938253   0.905880
   220.98535    0.861427   0.906359
   220.98980    0.945706   0.906915
   220.99425    0.913313   0.907329
   220.99870    0.777147   0.907741
   221.00315    0.919906   0.908206
   221.00760    0.919620   0.908752
   221.01205    0.916753   0.909131
   221.01650    0.894967   0.909665
   221.02095    0.933666   0.910102
   221.02540    0.880347   0.910538
   221.02985    0.848527   0.911063
   221.03430    0.869740   0.911509
   221.03875    0.852254   0.912018
   221.04320    0.930513   0.912434
   221.04763    0.874613   0.912930
   221.05208    0.903280   0.913405
   221.05653    0.797501   0.913851
   221.06098    0.852254   0.914348
   221.06543    0.882067   0.914806
   221.06988    0.835340   0.915232
   221.07433    0.925926   0.915784
   221.07878    0.820720   0.916210
   221.08323    0.838780   0.916700
   221.08768    0.833620   0.917155
   221.09213    0.937680   0.917639
   221.09658    0.737301   0.918080
   221.10103    0.749054   0.918542
   221.10548    0.901847   0.919021
   221.10993    0.926213   0.919501
   221.11437    0.841360   0.919971
   221.11882    0.960326   0.920452
   221.12327    0.888373   0.920935
   221.12772    0.852827   0.921395
   221.13217    0.888373   0.921861
   221.13662    1.078719   0.922405
   221.14107    0.957746   0.922783
   221.14552    0.914173   0.923278
   221.14997    0.786894   0.923762
   221.15442    0.887800   0.924255
   221.15887    0.857414   0.924721
   221.16332    0.781447   0.925166
   221.16777    0.883213   0.925634
   221.17222    0.887227   0.926122
   221.17667    0.758228   0.926640
   221.18110    0.810401   0.927106
   221.18555    0.917040   0.927483
   221.19000    0.847954   0.927992
   221.19445    0.967779   0.928506
   221.19890    1.029699   0.929061
   221.20335    1.081872   0.929437
   221.20780    0.806101   0.929895
   221.21225    0.927073   0.930379
   221.21670    0.924780   0.930850
   221.22115    0.780587   0.931373
   221.22560    0.911593   0.931804
   221.23005    0.866300   0.932221
   221.23450    0.811261   0.932737
   221.23895    0.873180   0.933296
   221.24340    0.834194   0.933731
   221.24783    0.814701   0.934072
   221.25228    0.727841   0.934597
   221.25673    0.828460   0.935144
   221.26118    0.834767   0.935593
   221.26563    0.888087   0.936006
   221.27008    0.937680   0.936472
   221.27453    0.888087   0.936911
   221.27898    1.059799   0.937584
   221.28343    0.927073   0.937923
   221.28788    1.077572   0.938352
   221.29233    1.001892   0.938759
   221.29678    1.059512   0.939333
   221.30123    0.959466   0.939835
   221.30568    0.987559   0.940256
   221.31013    0.994439   0.940681
   221.31457    1.111112   0.941163
   221.31902    1.020239   0.941727
   221.32347    1.013072   0.942179
   221.32792    0.991859   0.942539
   221.33237    0.960899   0.943007
   221.33682    0.999026   0.943492
   221.34127    0.995872   0.944048
   221.34572    0.867160   0.944398
   221.35017    0.952013   0.944839
   221.35462    1.070119   0.945329
   221.35907    0.990999   0.945882
   221.36352    0.941980   0.946305
   221.36797    1.069259   0.946720
   221.37242    1.051485   0.947216
   221.37687    0.923060   0.947670
   221.38130    1.083878   0.948155
   221.38575    0.936533   0.948564
   221.39020    0.940833   0.948995
   221.39465    0.988133   0.949446
   221.39910    0.955453   0.949945
   221.40355    0.867733   0.950417
   221.40800    1.044892   0.950862
   221.41245    0.918186   0.951265
   221.41690    0.952013   0.951773
   221.42135    0.858847   0.952220
   221.42580    0.947140   0.952687
   221.43025    0.929080   0.953038
   221.43470    0.942266   0.953636
   221.43915    0.806387   0.954021
   221.44360    0.922773   0.954502
   221.44805    0.890667   0.954870
   221.45248    0.962619   0.955330
   221.45693    1.107098   0.955832
   221.46138    0.964339   0.956231
   221.46583    1.015079   0.956669
   221.47028    0.872893   0.957087
   221.47473    0.984693   0.957564
   221.47918    1.017946   0.957946
   221.48363    0.868020   0.958469
   221.48808    0.939973   0.958866
   221.49253    0.973226   0.959359
   221.49698    0.868880   0.959741
   221.50143    0.937966   0.960164
   221.50588    0.935673   0.960608
   221.51033    1.050912   0.961146
   221.51478    0.937393   0.961428
   221.51922    1.130891   0.961852
   221.52367    1.015939   0.962356
   221.52812    1.137771   0.962845
   221.53257    1.050339   0.963202
   221.53702    0.979819   0.963629
   221.54147    1.034286   0.964007
   221.54592    1.069832   0.964481
   221.55037    0.950866   0.964957
   221.55482    0.943700   0.965235
   221.55927    1.037152   0.965740
   221.56372    0.993866   0.966182
   221.56817    1.103372   0.966674
   221.57262    1.063812   0.966964
   221.57707    0.996732   0.967383
   221.58152    1.098212   0.967788
   221.58595    0.940260   0.968284
   221.59040    1.015939   0.968680
   221.59485    1.005046   0.969010
   221.59930    0.880920   0.969435
   221.60375    0.914460   0.969934
   221.60820    0.924206   0.970310
   221.61265    0.855980   0.970604
   221.61710    1.044605   0.971133
   221.62155    0.806674   0.971554
   221.62600    0.950006   0.971908
   221.63045    0.852540   0.972268
   221.63490    0.904713   0.972641
   221.63935    0.984979   0.973136
   221.64380    0.920766   0.973494
   221.64825    0.946566   0.973870
   221.65268    1.044032   0.974194
   221.65713    0.914460   0.974715
   221.66158    0.965199   0.975089
   221.66603    0.988706   0.975441
   221.67048    1.040592   0.975769
   221.67493    0.955739   0.976279
   221.67938    0.963766   0.976570
   221.68383    1.085025   0.976917
   221.68828    0.966633   0.977339
   221.69273    0.954593   0.977706
   221.69718    0.930800   0.978121
   221.70163    0.950293   0.978458
   221.70608    0.893820   0.978828
   221.71053    1.007626   0.979196
   221.71498    1.039159   0.979598
   221.71942    0.993866   0.979939
   221.72387    0.976666   0.980244
   221.72832    1.098785   0.980736
   221.73277    0.984119   0.980978
   221.73722    0.964913   0.981342
   221.74167    0.891527   0.981697
   221.74612    0.896400   0.982138
   221.75057    0.887513   0.982367
   221.75502    0.896113   0.982774
   221.75947    0.951153   0.983131
   221.76392    1.036579   0.983509
   221.76837    0.961759   0.983805
   221.77282    0.995299   0.984120
   221.77727    1.072985   0.984503
   221.78172    1.077572   0.984870
   221.78615    1.010779   0.985182
   221.79060    1.050625   0.985431
   221.79505    1.109678   0.985774
   221.79950    0.895253   0.986198
   221.80395    1.152391   0.986475
   221.80840    0.943986   0.986734
   221.81285    0.937680   0.987108
   221.81730    0.946853   0.987479
   221.82175    0.986413   0.987771
   221.82620    0.960326   0.988046
   221.83065    1.039159   0.988366
   221.83510    0.914173   0.988711
   221.83955    0.964913   0.988989
   221.84400    0.830467   0.989225
   221.84845    0.987559   0.989575
   221.85288    1.028552   0.989935
   221.85733    1.028839   0.990131
   221.86178    0.921626   0.990412
   221.86623    1.045752   0.990761
   221.87068    0.987559   0.991027
   221.87513    0.923346   0.991294
   221.87958    0.913313   0.991589
   221.88403    0.922486   0.991883
   221.88848    1.014506   0.992179
   221.89293    0.910733   0.992405
   221.89738    0.962906   0.992688
   221.90183    0.957746   0.992983
   221.90628    0.899840   0.993267
   221.91073    0.862287   0.993437
   221.91518    0.957173   0.993693
   221.91962    1.036579   0.994032
   221.92407    1.130031   0.994218
   221.92852    1.047759   0.994459
   221.93297    1.092192   0.994701
   221.93742    1.058079   0.995000
   221.94187    0.919333   0.995201
   221.94632    0.993006   0.995415
   221.95077    0.961186   0.995601
   221.95522    1.050339   0.995902
   221.95967    1.028266   0.996087
   221.96412    1.032566   0.996290
   221.96857    1.001032   0.996505
   221.97302    1.053779   0.996749
   221.97747    0.929366   0.996907
   221.98192    0.996732   0.997124
   221.98635    1.049765   0.997325
   221.99080    1.063812   0.997528
   221.99525    0.933380   0.997687
   221.99970    1.071552   0.997846
   222.00415    1.114265   0.998106
   222.00860    0.935100   0.998223
   222.01305    0.952873   0.998354
   222.01750    0.965199   0.998484
   222.02195    0.936246   0.998746
   222.02640    1.047185   0.998833
   222.03085    0.979819   0.998964
   222.03530    0.901273   0.999095
   222.03975    1.056359   0.999285
   222.04420    1.025399   0.999357
   222.04865    0.880347   0.999445
   222.05308    0.724115   0.999591
   222.05753    1.029412   0.999723
   222.06198    0.978959   0.999766
   222.06643    0.912166   0.999839
   222.07088    0.955739   0.999956
   222.07533    1.025686   1.000000
   222.07978    0.973799   1.000000
   222.08423    1.018232   1.000000
   222.08868    0.959466   1.000000
   222.09313    0.942840   1.000000
   222.09758    0.943126   1.000000
   222.10203    0.962619   1.000000
   222.10648    0.900127   1.000000
   222.11093    1.097065   1.000000
   222.11538    0.891527   1.000000
   222.11982    0.951726   1.000000
   222.12427    0.952299   1.000000
   222.12872    0.984119   1.000000
   222.13317    0.911880   1.000000
   222.13762    0.964339   1.000000
   222.14207    0.890953   1.000000
   222.14652    1.031419   1.000000
   222.15097    1.037439   1.000000
   222.15542    0.986413   1.000000
   222.15987    0.859707   1.000000
   222.16432    0.914460   1.000000
   222.16877    0.989279   1.000000
   222.17322    0.821867   1.000000
   222.17767    0.925926   1.000000
   222.18212    1.094198   1.000000
   222.18655    1.009632   1.000000
   222.19100    1.158698   1.000000
   222.19545    1.051772   1.000000
   222.19990    1.034286   1.000000
   222.20435    1.064385   1.000000
   222.20880    1.048332   1.000000
   222.21325    1.001606   1.000000
   222.21770    0.843940   1.000000
   222.22215    0.886080   1.000000
   222.22660    0.757654   1.000000
   222.23105    1.123152   1.000000
   222.23550    1.060085   1.000000
   222.23995    1.029126   1.000000
   222.24440    1.073272   1.000000
   222.24885    0.971219   1.000000
   222.25328    1.035719   1.000000
   222.25773    1.117705   1.000000
   222.26218    1.049765   1.000000
   222.26663    1.023106   1.000000
   222.27108    1.106812   1.000000
   222.27553    0.953446   1.000000
   222.27998    0.988133   1.000000
   222.28443    0.989853   1.000000
   222.28888    0.974659   1.000000
   222.29333    1.016226   1.000000
   222.29778    0.928506   1.000000
   222.30223    0.920480   1.000000
   222.30668    0.975233   1.000000
   222.31113    1.017372   1.000000
   222.31558    0.884933   1.000000
   222.32002    0.864007   1.000000
   222.32447    0.976093   1.000000
   222.32892    1.039445   1.000000
   222.33337    0.931086   1.000000
   222.33782    1.069832   1.000000
   222.34227    0.859993   1.000000
   222.34672    0.878913   1.000000
   222.35117    0.979819   1.000000
   222.35562    1.070979   1.000000
   222.36007    0.875760   1.000000
   222.36452    0.921340   1.000000
   222.36897    0.950293   1.000000
   222.37342    0.991286   1.000000
   222.37787    0.963766   1.000000
   222.38232    0.967779   1.000000
   222.38675    1.113692   1.000000
   222.39120    0.899267   1.000000
   222.39565    1.015079   1.000000
   222.40010    1.231224   1.000000
   222.40455    1.004472   1.000000
   222.40900    0.935100   1.000000
   222.41345    1.030846   1.000000
   222.41790    0.993866   1.000000
   222.42235    1.138345   1.000000
   222.42680    1.153825   1.000000
   222.43125    1.021959   1.000000
   222.43570    0.915320   1.000000
   222.44015    0.955166   1.000000
   222.44460    0.939113   1.000000
   222.44905    1.124871   1.000000
   222.45348    0.995299   1.000000
   222.45793    1.054639   1.000000
   222.46238    0.850247   1.000000
   222.46683    1.059799   1.000000
   222.47128    0.881780   1.000000
   222.47573    0.852540   1.000000
   222.48018    0.940833   1.000000
   222.48463    1.114552   1.000000
   222.48908    1.047759   1.000000
   222.49353    1.025686   1.000000
   222.49798    0.894107   1.000000
   222.50243    0.948573   1.000000
   222.50688    1.027692   1.000000
   222.51133    0.829034   1.000000
   222.51578    1.044319   1.000000
   222.52023    1.080438   1.000000
   222.52467    0.928506   1.000000
   222.52912    0.921626   1.000000
   222.53357    0.999599   1.000000
   222.53802    0.896687   1.000000
   222.54247    0.856554   1.000000
   222.54692    0.907006   1.000000
   222.55137    0.877193   1.000000
   222.55582    0.848240   1.000000
   222.56027    0.731281   1.000000
   222.56472    0.912453   1.000000
   222.56917    0.946280   1.000000
   222.57362    0.776287   1.000000
   222.57807    0.982973   1.000000
   222.58252    0.977239   1.000000
   222.58697    0.954593   1.000000
   222.59140    1.004186   1.000000
   222.59585    0.921913   1.000000
   222.60030    1.003326   1.000000
   222.60475    0.948573   1.000000
   222.60920    0.977526   1.000000
   222.61365    0.941980   1.000000
   222.61810    1.009346   1.000000
   222.62255    0.900987   1.000000
   222.62700    0.888660   1.000000
   222.63145    0.893533   1.000000
   222.63590    1.011352   1.000000
   222.64035    1.102225   1.000000
   222.64480    1.133471   1.000000
   222.64925    1.118278   1.000000
   222.65370    0.968926   1.000000
   222.65813    1.047185   1.000000
   222.66258    0.989853   1.000000
   222.66703    1.125158   1.000000
   222.67148    1.086458   1.000000
   222.67593    1.081872   1.000000
   222.68038    1.054639   1.000000
   222.68483    0.991572   1.000000
   222.68928    1.031419   1.000000
   222.69373    0.927360   1.000000
   222.69818    0.927073   1.000000
   222.70263    0.806961   1.000000
   222.70708    1.032279   1.000000
   222.71153    0.835340   1.000000
   222.71598    0.940546   1.000000
   222.72043    0.831040   1.000000
   222.72487    0.955739   1.000000
   222.72932    0.918186   1.000000
   222.73377    0.857414   1.000000
   222.73822    1.000172   1.000000
   222.74267    0.951439   1.000000
   222.74712    0.990713   1.000000
   222.75157    1.010206   1.000000
   222.75602    1.031992   1.000000
   222.76047    0.972366   1.000000
   222.76492    0.964626   1.000000
   222.76937    0.967493   1.000000
   222.77382    1.025399   1.000000
   222.77827    0.980393   1.000000
   222.78272    0.925640   1.000000
   222.78717    0.979533   1.000000
   222.79160    1.055785   1.000000
   222.79605    0.949719   1.000000
   222.80050    1.021672   1.000000
   222.80495    1.025399   1.000000
   222.80940    0.940833   1.000000
   222.81385    1.098212   1.000000
   222.81830    1.065532   1.000000
   222.82275    0.900413   1.000000
   222.82720    1.075279   1.000000
   222.83165    1.132898   1.000000
   222.83610    0.975519   1.000000
   222.84055    1.042025   1.000000
   222.84500    1.147518   1.000000
   222.84945    1.104518   1.000000
   222.85390    1.002179   1.000000
   222.85833    0.941693   1.000000
   222.86278    1.078432   1.000000
   222.86723    1.019952   1.000000
   222.87168    0.999312   1.000000
   222.87613    0.910733   1.000000
   222.88058    1.109965   1.000000
   222.88503    0.909586   1.000000
   222.88948    1.126591   1.000000
   222.89393    0.903566   1.000000
   222.89838    0.935100   1.000000
   222.90283    0.962906   1.000000
   222.90728    0.876047   1.000000
   222.91173    0.938253   1.000000
   222.91618    0.959179   1.000000
   222.92063    1.019379   1.000000
   222.92507    0.997306   1.000000
   222.92952    0.887800   1.000000
   222.93397    0.954306   1.000000
   222.93842    0.946853   1.000000
   222.94287    0.976666   1.000000
   222.94732    1.070692   1.000000
   222.95177    0.943700   1.000000
   222.95622    0.895540   1.000000
   222.96067    1.020239   1.000000
   222.96512    1.011066   1.000000
   222.96957    0.889520   1.000000
   222.97402    1.022246   1.000000
   222.97847    0.989566   1.000000
   222.98292    1.116272   1.000000
   222.98737    1.010779   1.000000
   222.99180    0.994152   1.000000
   222.99625    0.946566   1.000000
   223.00070    1.034859   1.000000
   223.00515    1.080152   1.000000
   223.00960    1.056645   1.000000
   223.01405    1.124298   1.000000
   223.01850    1.022819   1.000000
   223.02295    0.976953   1.000000
   223.02740    0.970933   1.000000
   223.03185    1.001032   1.000000
   223.03630    0.914460   1.000000
   223.04075    0.900987   1.000000
   223.04520    0.895253   1.000000
   223.04965    1.002752   1.000000
   223.05410    0.905860   1.000000
   223.05853    0.959179   1.000000
   223.06298    0.954879   1.000000
   223.06743    0.853114   1.000000
   223.07188    0.928506   1.000000
   223.07633    0.913600   1.000000
   223.08078    0.964626   1.000000
   223.08523    0.936820   1.000000
   223.08968    0.937106   1.000000
   223.09413    0.902993   1.000000
   223.09858    1.046325   1.000000
   223.10303    1.011926   1.000000
   223.10748    0.919046   1.000000
   223.11193    1.018519   1.000000
   223.11638    0.990139   1.000000
   223.12083    0.976953   1.000000
   223.12527    1.105665   1.000000
   223.12972    1.059512   1.000000
   223.13417    0.892673   1.000000
   223.13862    0.972653   1.000000
   223.14307    1.006479   1.000000
   223.14752    0.985553   1.000000
   223.15197    0.943126   1.000000
   223.15642    0.974946   1.000000
   223.16087    1.086745   1.000000
   223.16532    1.017946   1.000000
   223.16977    0.967779   1.000000
   223.17422    0.866300   1.000000
   223.17867    0.878913   1.000000
   223.18312    0.904713   1.000000
   223.18757    1.005332   1.000000
   223.19200    0.929653   1.000000
   223.19645    1.099645   1.000000
   223.20090    1.008772   1.000000
   223.20535    0.937966   1.000000
   223.20980    1.026832   1.000000
   223.21425    1.021959   1.000000
   223.21870    0.812121   1.000000
   223.22315    1.026832   1.000000
   223.22760    0.893247   1.000000
   223.23205    0.956599   1.000000
   223.23650    0.868307   1.000000
   223.24095    1.052345   1.000000
   223.24540    0.977526   1.000000
   223.24985    1.025112   1.000000
   223.25430    0.947999   1.000000
   223.25873    0.981539   1.000000
   223.26318    1.029412   1.000000
   223.26763    1.181344   1.000000
   223.27208    1.052632   1.000000
   223.27653    0.943126   1.000000
   223.28098    0.979246   1.000000
   223.28543    1.034286   1.000000
   223.28988    1.102512   1.000000
   223.29433    1.177618   1.000000
   223.29878    0.961473   1.000000
   223.30323    1.028552   1.000000
   223.30768    0.932520   1.000000
   223.31213    1.121718   1.000000
   223.31658    1.087318   1.000000
   223.32103    1.114265   1.000000
   223.32547    1.025399   1.000000
   223.32992    0.969213   1.000000
   223.33437    0.913600   1.000000
   223.33882    0.862287   1.000000
   223.34327    0.958606   1.000000
   223.34772    0.885793   1.000000
   223.35217    0.886080   1.000000
   223.35662    0.917040   1.000000
   223.36107    0.981253   1.000000
   223.36552    1.029126   1.000000
   223.36997    1.047472   1.000000
   223.37442    1.044319   1.000000
   223.37887    0.982973   1.000000
   223.38332    1.060659   1.000000
   223.38777    0.958893   1.000000
   223.39220    1.053492   1.000000
   223.39665    1.049479   1.000000
   223.40110    1.035146   1.000000
   223.40555    1.127165   1.000000
   223.41000    0.936246   1.000000
   223.41445    1.107098   1.000000
   223.41890    0.930226   1.000000
   223.42335    1.087032   1.000000
   223.42780    1.029699   1.000000
   223.43225    0.922773   1.000000
   223.43670    0.991286   1.000000
   223.44115    0.937106   1.000000
   223.44560    1.033712   1.000000
   223.45005    0.994439   1.000000
   223.45450    0.928793   1.000000
   223.45893    1.016799   1.000000
   223.46338    0.921626   1.000000
   223.46783    0.934813   1.000000
   223.47228    0.992719   1.000000
   223.47673    1.002179   1.000000
   223.48118    0.880633   1.000000
   223.48563    1.062665   1.000000
   223.49008    0.946280   1.000000
   223.49453    0.917613   1.000000
   223.49898    1.113405   1.000000
   223.50343    1.118278   1.000000
   223.50788    1.089038   1.000000
   223.51233    1.119138   1.000000
   223.51678    1.039732   1.000000
   223.52123    1.031419   1.000000
   223.52567    0.968066   1.000000
   223.53012    1.030559   1.000000
   223.53457    1.071552   1.000000
   223.53902    0.971506   1.000000
   223.54347    0.952873   1.000000
   223.54792    0.913026   1.000000
   223.55237    0.840214   1.000000
   223.55682    1.010492   1.000000
   223.56127    0.947140   1.000000
   223.56572    0.916466   1.000000
   223.57017    0.996732   1.000000
   223.57462    0.930800   1.000000
   223.57907    1.001319   1.000000
   223.58352    0.978673   1.000000
   223.58797    1.106525   1.000000
   223.59240    0.990139   1.000000
   223.59685    1.019952   1.000000
   223.60130    1.164145   1.000000
   223.60575    1.039445   1.000000
   223.61020    1.109678   1.000000
   223.61465    1.036865   1.000000
   223.61910    1.145225   1.000000
   223.62355    0.883213   1.000000
   223.62800    1.062952   1.000000
   223.63245    0.960613   1.000000
   223.63690    0.997879   1.000000
   223.64135    1.072985   1.000000
   223.64580    0.995872   1.000000
   223.65025    1.047185   1.000000
   223.65470    0.902133   1.000000
   223.65915    0.918473   1.000000
   223.66358    0.953733   1.000000
   223.66803    0.867160   1.000000
   223.67248    0.951726   1.000000
   223.67693    0.951726   1.000000
   223.68138    0.958893   1.000000
   223.68583    1.051199   1.000000
   223.69028    1.092478   1.000000
   223.69473    0.916466   1.000000
   223.69918    0.926500   1.000000
   223.70363    0.922200   1.000000
   223.70808    1.079579   1.000000
   223.71253    1.059799   1.000000
   223.71698    1.050625   1.000000
   223.72143    0.906720   1.000000
   223.72588    0.982399   1.000000
   223.73032    0.853114   1.000000
   223.73477    0.977813   1.000000
   223.73922    1.063239   1.000000
   223.74367    0.937966   1.000000
   223.74812    0.785747   1.000000
   223.75257    1.066679   1.000000
   223.75702    0.932806   1.000000
   223.76147    1.060085   1.000000
   223.76592    1.009346   1.000000
   223.77037    1.123725   1.000000
   223.77482    0.894680   1.000000
   223.77927    1.040592   1.000000
   223.78372    1.001606   1.000000
   223.78817    0.945706   1.000000
   223.79262    0.910733   1.000000
   223.79705    1.042599   1.000000
   223.80150    0.932520   1.000000
   223.80595    1.007912   1.000000
   223.81040    1.021386   1.000000
   223.81485    1.131751   1.000000
   223.81930    1.154398   1.000000
   223.82375    1.073559   1.000000
   223.82820    0.976666   1.000000
   223.83265    0.972939   1.000000
   223.83710    1.057505   1.000000
   223.84155    1.068685   1.000000
   223.84600    1.039445   1.000000
   223.85045    1.005046   1.000000
   223.85490    0.946280   1.000000
   223.85935    1.041739   1.000000
   223.86378    0.908153   1.000000
   223.86823    0.931660   1.000000
   223.87268    0.982113   1.000000
   223.87713    0.986986   1.000000
   223.88158    1.023679   1.000000
   223.88603    1.089038   1.000000
   223.89048    1.070692   1.000000
   223.89493    1.086458   1.000000
   223.89938    0.976666   1.000000
   223.90383    1.101365   1.000000
   223.90828    0.924493   1.000000
   223.91273    1.038872   1.000000
   223.91718    0.978386   1.000000
   223.92163    1.044605   1.000000
   223.92608    0.969213   1.000000
   223.93052    1.019952   1.000000
   223.93497    1.026546   1.000000
   223.93942    1.107958   1.000000
   223.94387    1.115698   1.000000
   223.94832    1.015652   1.000000
   223.95277    0.988706   1.000000
   223.95722    1.008486   1.000000
   223.96167    0.880060   1.000000
   223.96612    1.000172   1.000000
   223.97057    1.009346   1.000000
   223.97502    1.115125   1.000000
   223.97947    0.956313   1.000000
   223.98392    1.130031   1.000000
   223.98837    1.089038   1.000000
   223.99282    1.042885   1.000000
   223.99725    0.978386   1.000000
   224.00170    0.872033   1.000000
   224.00615    0.845374   1.000000
   224.01060    0.938540   1.000000
   224.01505    0.921913   1.000000
   224.01950    0.945420   1.000000
   224.02395    0.995872   1.000000
   224.02840    1.067825   1.000000
   224.03285    1.037439   1.000000
   224.03730    1.068112   1.000000
   224.04175    1.066105   1.000000
   224.04620    0.965486   1.000000
   224.05065    0.934813   1.000000
   224.05510    0.934813   1.000000
   224.05955    0.940833   1.000000
   224.06398    0.935673   1.000000
   224.06843    0.979819   1.000000
   224.07288    1.022819   1.000000
   224.07733    0.899553   1.000000
   224.08178    0.919906   1.000000
   224.08623    0.990139   1.000000
   224.09068    0.941693   1.000000
   224.09513    0.983546   1.000000
   224.09958    1.136911   1.000000
   224.10403    1.035719   1.000000
   224.10848    0.996732   1.000000
   224.11293    0.911593   1.000000
   224.11738    1.010492   1.000000
   224.12183    0.995012   1.000000
   224.12628    0.960039   1.000000
   224.13072    1.023392   1.000000
   224.13517    1.078719   1.000000
   224.13962    1.042885   1.000000
   224.14407    1.055785   1.000000
   224.14852    0.971793   1.000000
   224.15297    0.995872   1.000000
   224.15742    1.033999   1.000000
   224.16187    0.880347   1.000000
   224.16632    1.124298   1.000000
   224.17077    1.129458   1.000000
   224.17522    1.030559   1.000000
   224.17967    1.025112   1.000000
   224.18412    1.040592   1.000000
   224.18857    1.164431   1.000000
   224.19302    1.012499   1.000000
   224.19745    0.978959   1.000000
   224.20190    0.968353   1.000000
   224.20635    1.109965   1.000000
   224.21080    1.220904   1.000000
   224.21525    1.118278   1.000000
   224.21970    1.189944   1.000000
   224.22415    1.161851   1.000000
   224.22860    1.068112   1.000000
   224.23305    1.045465   1.000000
   224.23750    1.034859   1.000000
   224.24195    1.110252   1.000000
   224.24640    1.063525   1.000000
   224.25085    0.964913   1.000000
   224.25530    0.993292   1.000000
   224.25975    1.017372   1.000000
   224.26418    1.025686   1.000000
   224.26863    1.072412   1.000000
   224.27308    1.234664   1.000000
   224.27753    1.066105   1.000000
   224.28198    0.954019   1.000000
   224.28643    0.983833   1.000000
   224.29088    0.965199   1.000000
   224.29533    0.985839   1.000000
   224.29978    0.940260   1.000000
   224.30423    0.944846   1.000000
   224.30868    1.035719   1.000000
   224.31313    0.932520   1.000000
   224.31758    0.868880   1.000000
   224.32203    0.968353   1.000000
   224.32648    1.018806   1.000000
   224.33092    1.040592   1.000000
   224.33537    0.984406   1.000000
   224.33982    1.040305   1.000000
   224.34427    1.097065   1.000000
   224.34872    1.006192   1.000000
   224.35317    1.066105   1.000000
   224.35762    1.053492   1.000000
   224.36207    1.028552   1.000000
   224.36652    0.942840   1.000000
   224.37097    1.030559   1.000000
   224.37542    1.063239   1.000000
   224.37987    1.003326   1.000000
   224.38432    1.030846   1.000000
   224.38877    0.855120   1.000000
   224.39322    1.035719   1.000000
   224.39765    0.953733   1.000000
   224.40210    1.073845   1.000000
   224.40655    1.033426   1.000000
   224.41100    0.950866   1.000000
   224.41545    1.101078   1.000000
   224.41990    1.065819   1.000000
   224.42435    0.960039   1.000000
   224.42880    0.973226   1.000000
   224.43325    1.045179   1.000000
   224.43770    1.038585   1.000000
   224.44215    1.028266   1.000000
   224.44660    1.115412   1.000000
   224.45105    1.103945   1.000000
   224.45550    1.113118   1.000000
   224.45995    1.093625   1.000000
   224.46438    1.024826   1.000000
   224.46883    1.046039   1.000000
   224.47328    0.984406   1.000000
   224.47773    1.024826   1.000000
   224.48218    0.955453   1.000000
   224.48663    1.092192   1.000000
   224.49108    1.040305   1.000000
   224.49553    1.038299   1.000000
   224.49998    0.958319   1.000000
   224.50443    1.084165   1.000000
   224.50888    1.032852   1.000000
   224.51333    0.995586   1.000000
   224.51778    0.949146   1.000000
   224.52223    0.965486   1.000000
   224.52668    1.014219   1.000000
   224.53112    1.016512   1.000000
   224.53557    0.968066   1.000000
   224.54002    1.126591   1.000000
   224.54447    0.911020   1.000000
   224.54892    0.920480   1.000000
   224.55337    1.039445   1.000000
   224.55782    0.967493   1.000000
   224.56227    1.001606   1.000000
   224.56672    0.986986   1.000000
   224.57117    1.031419   1.000000
   224.57562    1.021672   1.000000
   224.58007    1.042312   1.000000
   224.58452    1.036579   1.000000
   224.58897    1.032279   1.000000
   224.59342    1.041165   1.000000
   224.59785    0.988993   1.000000
   224.60230    0.945706   1.000000
   224.60675    1.107672   1.000000
   224.61120    1.178764   1.000000
   224.61565    1.162711   1.000000
   224.62010    1.115125   1.000000
   224.62455    0.990426   1.000000
   224.62900    1.160131   1.000000
   224.63345    1.103372   1.000000
   224.63790    0.999312   1.000000
   224.64235    1.200838   1.000000
   224.64680    1.126591   1.000000
   224.65125    1.099932   1.000000
   224.65570    1.058939   1.000000
   224.66015    1.122005   1.000000
   224.66458    1.060085   1.000000
   224.66903    1.055499   1.000000
   224.67348    0.923346   1.000000
   224.67793    0.937966   1.000000
   224.68238    1.050912   1.000000
   224.68683    0.982973   1.000000
   224.69128    0.942266   1.000000
   224.69573    1.060945   1.000000
   224.70018    1.044319   1.000000
   224.70463    1.073559   1.000000
   224.70908    1.065819   1.000000
   224.71353    0.943986   1.000000
   224.71798    0.894107   1.000000
   224.72243    0.946566   1.000000
   224.72688    0.963766   1.000000
   224.73132    1.015939   1.000000
   224.73577    0.993292   1.000000
   224.74022    1.053779   1.000000
   224.74467    1.039445   1.000000
   224.74912    0.988706   1.000000
   224.75357    1.023392   1.000000
   224.75802    0.831327   1.000000
   224.76247    1.012786   1.000000
   224.76692    1.081298   1.000000
   224.77137    0.886080   1.000000
   224.77582    1.001606   1.000000
   224.78027    1.033999   1.000000
   224.78472    1.125731   1.000000
   224.78917    0.961759   1.000000
   224.79362    1.029412   1.000000
   224.79807    0.964053   1.000000
   224.80250    1.057219   1.000000
   224.80695    1.000172   1.000000
   224.81140    1.054639   1.000000
   224.81585    1.083592   1.000000
   224.82030    1.072125   1.000000
   224.82475    1.000746   1.000000
   224.82920    0.992432   1.000000
   224.83365    1.008772   1.000000
   224.83810    1.080438   1.000000
   224.84255    1.023392   1.000000
   224.84700    1.071552   1.000000
   224.85145    1.014792   1.000000
   224.85590    0.948859   1.000000
   224.86035    1.093052   1.000000
   224.86480    0.986699   1.000000
   224.86923    1.052059   1.000000
   224.87368    1.035432   1.000000
   224.87813    0.988993   1.000000
   224.88258    1.080438   1.000000
   224.88703    1.074992   1.000000
   224.89148    1.067539   1.000000
   224.89593    1.046039   1.000000
   224.90038    0.903566   1.000000
   224.90483    1.003326   1.000000
   224.90928    0.927073   1.000000
   224.91373    1.019952   1.000000
   224.91818    0.872320   1.000000
   224.92263    0.946853   1.000000
   224.92708    1.125445   1.000000
   224.93153    1.020239   1.000000
   224.93597    1.078145   1.000000
   224.94042    1.057219   1.000000
   224.94487    1.017372   1.000000
   224.94932    1.033139   1.000000
   224.95377    1.014219   1.000000
   224.95822    1.038299   1.000000
   224.96267    1.133758   1.000000
   224.96712    1.131178   1.000000
   224.97157    1.209151   1.000000
   224.97602    1.128025   1.000000
   224.98047    1.141785   1.000000
   224.98492    1.113978   1.000000
   224.98937    1.081872   1.000000
   224.99382    1.238104   1.000000
   224.99827    1.100218   1.000000
   225.00270    1.083878   1.000000
   225.00715    1.054065   1.000000
   225.01160    1.041452   1.000000
   225.01605    1.031132   1.000000
   225.02050    1.051199   1.000000
   225.02495    0.888373   1.000000
   225.02940    1.099645   1.000000
   225.03385    1.022819   1.000000
   225.03830    1.013359   1.000000
   225.04275    1.080725   1.000000
   225.04720    0.909300   1.000000
   225.05165    1.144651   1.000000
   225.05610    1.134045   1.000000
   225.06055    1.073272   1.000000
   225.06500    0.962906   1.000000
   225.06943    1.018232   1.000000
   225.07388    0.972366   1.000000
   225.07833    1.090185   1.000000
   225.08278    1.020812   1.000000
   225.08723    1.042312   1.000000
   225.09168    1.157838   1.000000
   225.09613    1.176184   1.000000
   225.10058    1.063525   1.000000
   225.10503    1.062092   1.000000
   225.10948    0.929653   1.000000
   225.11393    1.027979   1.000000
   225.11838    1.091905   1.000000
   225.12283    1.008199   1.000000
   225.12728    1.169878   1.000000
   225.13173    1.019092   1.000000
   225.13617    0.946566   1.000000
   225.14062    1.007339   1.000000
   225.14507    0.977526   1.000000
   225.14952    1.056932   1.000000
   225.15397    0.986986   1.000000
   225.15842    1.042025   1.000000
   225.16287    0.977813   1.000000
   225.16732    1.033999   1.000000
   225.17177    0.933093   1.000000
   225.17622    1.012499   1.000000
   225.18067    0.968066   1.000000
   225.18512    1.021672   1.000000
   225.18957    0.935673   1.000000
   225.19402    0.945706   1.000000
   225.19847    0.951439   1.000000
   225.20290    1.036292   1.000000
   225.20735    0.963193   1.000000
   225.21180    1.000172   1.000000
   225.21625    1.065819   1.000000
   225.22070    1.055785   1.000000
   225.22515    1.082732   1.000000
   225.22960    0.967206   1.000000
   225.23405    0.921053   1.000000
   225.23850    0.976093   1.000000
   225.24295    0.886080   1.000000
   225.24740    1.000459   1.000000
   225.25185    1.009919   1.000000
   225.25630    1.066105   1.000000
   225.26075    1.019666   1.000000
   225.26520    1.066679   1.000000
   225.26963    1.091045   1.000000
   225.27408    1.134618   1.000000
   225.27853    1.000172   1.000000
   225.28298    1.026546   1.000000
   225.28743    0.958606   1.000000
   225.29188    1.126305   1.000000
   225.29633    1.127451   1.000000
   225.30078    0.983259   1.000000
   225.30523    1.259604   1.000000
   225.30968    1.055499   1.000000
   225.31413    1.042885   1.000000
   225.31858    1.038585   1.000000
   225.32303    1.122578   1.000000
   225.32748    1.030559   1.000000
   225.33193    1.079292   1.000000
   225.33637    0.978959   1.000000
   225.34082    0.954306   1.000000
   225.34527    1.043172   1.000000
   225.34972    1.257024   1.000000
   225.35417    1.009346   1.000000
   225.35862    1.018519   1.000000
   225.36307    1.048332   1.000000
   225.36752    1.010492   1.000000
   225.37197    1.001892   1.000000
   225.37642    1.000746   1.000000
   225.38087    0.965199   1.000000
   225.38532    1.178191   1.000000
   225.38977    1.043172   1.000000
   225.39422    1.111398   1.000000
   225.39867    1.120858   1.000000
   225.40310    1.125731   1.000000
   225.40755    1.183351   1.000000
   225.41200    1.034572   1.000000
   225.41645    1.044032   1.000000
   225.42090    1.067252   1.000000
   225.42535    1.198258   1.000000
   225.42980    1.128025   1.000000
   225.43425    1.000459   1.000000
   225.43870    0.913026   1.000000
   225.44315    1.067539   1.000000
   225.44760    1.031132   1.000000
   225.45205    1.068972   1.000000
   225.45650    1.182491   1.000000
   225.46095    1.005046   1.000000
   225.46540    1.034859   1.000000
   225.46983    1.037439   1.000000
   225.47428    0.982399   1.000000
   225.47873    0.958319   1.000000
   225.48318    0.921340   1.000000
   225.48763    0.967493   1.000000
   225.49208    1.011066   1.000000
   225.49653    1.074419   1.000000
   225.50098    1.012786   1.000000
   225.50543    1.027692   1.000000
   225.50988    1.052919   1.000000
   225.51433    0.951726   1.000000
   225.51878    0.952299   1.000000
   225.52323    0.966633   1.000000
   225.52768    1.115125   1.000000
   225.53213    0.981253   1.000000
   225.53657    1.011066   1.000000
   225.54102    1.115412   1.000000
   225.54547    1.034859   1.000000
   225.54992    0.982113   1.000000
   225.55437    1.060372   1.000000
   225.55882    1.026259   1.000000
   225.56327    0.874613   1.000000
   225.56772    1.005906   1.000000
   225.57217    1.084738   1.000000
   225.57662    1.048905   1.000000
   225.58107    1.050339   1.000000
   225.58552    0.999886   1.000000
   225.58997    1.093912   1.000000
   225.59442    1.068972   1.000000
   225.59887    1.026832   1.000000
   225.60330    0.978386   1.000000
   225.60775    1.048045   1.000000
   225.61220    1.095918   1.000000
   225.61665    1.074419   1.000000
   225.62110    1.139778   1.000000
   225.62555    1.142645   1.000000
   225.63000    1.109678   1.000000
   225.63445    1.068685   1.000000
   225.63890    1.086745   1.000000
   225.64335    1.099645   1.000000
   225.64780    1.000172   1.000000
   225.65225    0.998739   1.000000
   225.65670    0.954019   1.000000
   225.66115    1.078145   1.000000
   225.66560    1.003326   1.000000
   225.67003    0.993292   1.000000
   225.67448    1.072699   1.000000
   225.67893    0.876907   1.000000
   225.68338    0.978099   1.000000
   225.68783    0.857700   1.000000
   225.69228    1.038585   1.000000
   225.69673    1.036865   1.000000
   225.70118    0.998166   1.000000
   225.70563    1.162711   1.000000
   225.71008    1.068685   1.000000
   225.71453    0.977239   1.000000
   225.71898    1.042025   1.000000
   225.72343    1.150098   1.000000
   225.72788    0.956026   1.000000
   225.73233    1.169018   1.000000
   225.73677    1.067825   1.000000
   225.74122    1.017372   1.000000
   225.74567    1.160418   1.000000
   225.75012    1.115985   1.000000
   225.75457    0.949146   1.000000
   225.75902    0.947999   1.000000
   225.76347    1.012212   1.000000
   225.76792    1.077572   1.000000
   225.77237    1.026546   1.000000
   225.77682    1.127451   1.000000
   225.78127    1.021672   1.000000
   225.78572    1.062379   1.000000
   225.79017    1.026832   1.000000
   225.79462    1.121145   1.000000
   225.79907    1.126305   1.000000
   225.80350    1.022532   1.000000
   225.80795    1.032279   1.000000
   225.81240    0.982399   1.000000
   225.81685    1.044032   1.000000
   225.82130    1.011352   1.000000
   225.82575    0.990139   1.000000
   225.83020    1.072699   1.000000
   225.83465    0.931946   1.000000
   225.83910    0.940260   1.000000
   225.84355    0.944560   1.000000
   225.84800    1.062092   1.000000
   225.85245    1.011926   1.000000
   225.85690    0.942553   1.000000
   225.86135    0.966633   1.000000
   225.86580    1.122578   1.000000
   225.87025    0.963766   1.000000
   225.87468    1.027119   1.000000
   225.87913    1.025686   1.000000
   225.88358    0.969213   1.000000
   225.88803    0.977813   1.000000
   225.89248    0.885507   1.000000
   225.89693    0.863720   1.000000
   225.90138    0.864007   1.000000
   225.90583    0.992432   1.000000
   225.91028    1.041165   1.000000
   225.91473    0.947713   1.000000
   225.91918    0.998739   1.000000
   225.92363    1.027406   1.000000
   225.92808    0.981826   1.000000
   225.93253    1.141498   1.000000
   225.93698    0.966346   1.000000
   225.94142    1.050339   1.000000
   225.94587    0.823300   1.000000
   225.95032    1.054352   1.000000
   225.95477    0.886653   1.000000
   225.95922    1.001032   1.000000
   225.96367    1.012499   1.000000
   225.96812    0.911593   1.000000
   225.97257    1.025399   1.000000
   225.97702    0.991859   1.000000
   225.98147    0.938826   1.000000
   225.98592    1.046039   1.000000
   225.99037    1.057792   1.000000
   225.99482    0.978959   1.000000
   225.99927    1.026832   1.000000
   226.00372    0.893247   1.000000
   226.00815    0.979246   1.000000
   226.01260    1.017946   1.000000
   226.01705    0.930226   1.000000
