   120.01248    0.924223   1.000000
   120.05107    0.916594   1.000000
   120.09053    0.937080   1.000000
   120.13013    0.880191   1.000000
   120.16973    0.981243   1.000000
   120.20832    0.922522   1.000000
   120.24792    0.895729   1.000000
   120.28752    0.885884   1.000000
   120.32597    0.936218   1.000000
   120.36557    0.942273   1.000000
   120.40517    0.979438   1.000000
   120.44362    0.970458   1.000000
   120.48336    0.927634   1.000000
   120.52181    0.879380   1.000000
   120.56040    0.878571   1.000000
   120.60000    0.949242   1.000000
   120.63845    0.979438   1.000000
   120.67704    1.019006   1.000000
   120.71549    0.933634   1.000000
   120.75422    0.931058   1.000000
   120.79267    0.949242   1.000000
   120.83213    0.923372   1.000000
   120.87187    1.002252   1.000000
   120.91032    0.955381   1.000000
   120.95006    1.018068   1.000000
   120.98851    0.952745   1.000000
   121.02797    0.944010   1.000000
   121.06771    0.907354   1.000000
   121.10616    1.005951   1.000000
   121.14475    1.026542   1.000000
   121.18334    0.993063   1.000000
   121.22280    0.933634   1.000000
   121.26254    0.937944   1.000000
   121.30200    1.091885   1.000000
   121.34045    1.039865   1.000000
   121.37918    0.899864   1.000000
   121.41763    0.934495   1.000000
   121.45622    0.986681   1.000000
   121.49467    0.974040   1.000000
   121.53442    0.971352   1.000000
   121.57387    1.010594   1.000000
   121.61347    1.087869   1.000000
   121.65206    1.025597   1.000000
   121.69166    1.031280   1.000000
   121.73112    0.928489   1.000000
   121.77086    0.973143   1.000000
   121.80931    0.974040   1.000000
   121.84891    1.003175   1.000000
   121.88750    0.975836   1.000000
   121.92595    1.002252   1.000000
   121.96454    1.081874   1.000000
   122.00414    0.993978   1.000000
   122.04274    1.021826   1.000000
   122.08118    1.048520   1.000000
   122.11963    0.978536   1.000000
   122.15837    0.987590   1.000000
   122.19682    1.036995   1.000000
   122.23541    1.012457   1.000000
   122.27501    0.992149   1.000000
   122.31346    0.974040   1.000000
   122.35205    1.039865   1.000000
   122.39050    1.018068   1.000000
   122.42923    0.997647   1.000000
   122.46768    0.987590   1.000000
   122.50714    0.957143   1.000000
   122.54688    0.987590   1.000000
   122.58533    1.031280   1.000000
   122.62392    0.965999   1.000000
   122.66251    0.950992   1.000000
   122.70096    0.954502   1.000000
   122.73955    0.940539   1.000000
   122.77800    1.049486   1.000000
   122.81774    1.040823   1.000000
   122.85619    1.002252   1.000000
   122.89464    0.984865   1.000000
   122.93438    1.037951   1.000000
   122.97384    1.000407   1.000000
   123.01258    0.994894   1.000000
   123.05102    0.943141   1.000000
   123.09048    1.012457   1.000000
   123.12922    0.934495   1.000000
   123.16766    0.954502   1.000000
   123.20626    1.011525   1.000000
   123.24586    0.993063   1.000000
   123.28430    0.919977   1.000000
   123.32290    1.040823   1.000000
   123.36134    1.043703   1.000000
   123.40109    0.919977   1.000000
   123.43954    0.990323   1.000000
   123.47798    1.075912   1.000000
   123.51672    0.974040   1.000000
   123.55618    0.989411   1.000000
   123.59592    0.955381   1.000000
   123.63538    1.012457   1.000000
   123.67382    0.944010   1.000000
   123.71256    1.023710   1.000000
   123.75101    1.051421   1.000000
   123.79046    1.049486   1.000000
   123.82920    0.965999   1.000000
   123.86765    0.981243   1.000000
   123.90624    1.018068   1.000000
   123.94584    1.035087   1.000000
   123.98530    0.944880   1.000000
   124.02504    0.950116   1.000000
   124.06349    0.986681   1.000000
   124.10208    0.946622   1.000000
   124.14168    1.048520   1.000000
   124.18013    0.997647   1.000000
   124.21872    0.976735   1.000000
   124.25717    1.033182   1.000000
   124.29691    0.984865   1.000000
   124.33536    1.129735   1.000000
   124.37381    0.959791   1.000000
   124.41355    1.064086   1.000000
   124.45200    1.002252   1.000000
   124.49045    0.958908   1.000000
   124.52918    0.991235   1.000000
   124.56864    1.037951   1.000000
   124.60723    0.899864   1.000000
   124.64582    1.091885   1.000000
   124.68542    0.978536   1.000000
   124.72502    0.970458   1.000000
   124.76347    0.965999   1.000000
   124.80307    1.005025   1.000000
   124.84166    0.965110   1.000000
   124.88112    0.987590   1.000000
   124.91971    0.995811   1.000000
   124.95931    1.017131   1.000000
   124.99891    1.072943   1.000000
   125.03750    0.990323   1.000000
   125.07595    1.036995   1.000000
   125.11454    0.965999   1.000000
   125.15414    1.080878   0.999880
   125.19274    1.029382   0.999717
   125.23118    0.961561   0.999535
   125.27078    1.005025   0.999266
   125.30938    1.047555   0.998969
   125.34782    0.951868   0.998655
   125.38642    0.979438   0.998358
   125.42501    1.019945   0.997963
   125.46446    1.004100   0.997550
   125.50421    1.032231   0.997138
   125.54266    0.993978   0.996760
   125.58226    0.953623   0.996259
   125.62085    0.934495   0.995766
   125.66030    1.012457   0.995309
   125.70005    0.993063   0.994808
   125.73850    1.104020   0.994263
   125.77709    0.951868   0.993709
   125.81554    1.020885   0.993244
   125.85514    0.974938   0.992638
   125.89373    0.991235   0.992060
   125.93218    1.026542   0.991516
   125.97091    1.018068   0.990895
   126.00936    1.013390   0.990274
   126.04781    1.099960   0.989628
   126.08640    0.984865   0.989078
   126.12499    0.990323   0.988373
   126.16358    1.065067   0.987713
   126.20203    0.987590   0.987078
   126.24048    0.983053   0.986378
   126.28022    0.948368   0.985703
   126.31968    1.075912   0.985038
   126.35842    0.964221   0.984299
   126.39787    0.983958   0.983594
   126.43747    0.966889   0.982943
   126.47606    0.992149   0.982121
   126.51552    1.000407   0.981414
   126.55426    0.993978   0.980698
   126.59270    0.958025   0.979944
   126.63216    0.970458   0.979221
   126.67090    1.035087   0.978464
   126.70934    1.026542   0.977733
   126.74880    0.901523   0.976974
   126.78754    0.952745   0.976173
   126.82598    0.928489   0.975439
   126.86458    1.022767   0.974665
   126.90302    0.970458   0.973870
   126.94162    0.960676   0.973165
   126.98021    0.968672   0.972342
   127.01866    0.978536   0.971594
   127.05725    0.943141   0.970807
   127.09584    0.928489   0.970034
   127.13530    0.947495   0.969292
   127.17389    0.956262   0.968466
   127.21248    0.916594   0.967760
   127.25107    0.936218   0.966895
   127.29053    0.989411   0.966104
   127.32912    0.974040   0.965333
   127.36771    0.879380   0.964561
   127.40717    0.918283   0.963773
   127.44590    0.957143   0.962968
   127.48536    0.983958   0.962209
   127.52381    0.984865   0.961446
   127.56254    1.014324   0.960666
   127.60099    0.990323   0.959854
   127.64045    1.023710   0.959102
   127.67918    0.963334   0.958317
   127.71864    0.974938   0.957525
   127.75838    0.997647   0.956711
   127.79683    0.911542   0.956043
   127.83542    0.931916   0.955208
   127.87502    0.944880   0.954507
   127.91448    0.949242   0.953682
   127.95307    1.002252   0.952968
   127.99166    0.942273   0.952170
   128.03026    0.967780   0.951481
   128.06870    0.867315   0.950745
   128.10830    0.958908   0.949982
   128.14790    0.986681   0.949280
   128.18635    0.975836   0.948532
   128.22509    0.961561   0.947864
   128.26354    0.951868   0.947112
   128.30198    0.941406   0.946448
   128.34058    0.956262   0.945739
   128.37917    0.947495   0.945035
   128.41762    0.981243   0.944398
   128.45621    0.974040   0.943685
   128.49581    0.915750   0.943042
   128.53541    0.996728   0.942332
   128.57386    0.914064   0.941668
   128.61346    0.867315   0.941071
   128.65306    0.883439   0.940327
   128.69165    0.901523   0.939790
   128.73024    0.900693   0.939139
   128.76970    0.994894   0.938517
   128.80829    1.011525   0.937877
   128.84789    1.046590   0.937277
   128.88634    0.919130   0.936693
   128.92507    0.875340   0.936083
   128.96453    0.931916   0.935472
   129.00413    0.972247   0.934932
   129.04272    0.875340   0.934380
   129.08117    0.929345   0.933816
   129.12091    0.884253   0.933249
   129.15936    0.977635   0.932796
   129.19882    0.925927   0.932260
   129.23856    0.974938   0.931648
   129.27701    0.913223   0.931178
   129.31546    0.895729   0.930729
   129.35419    0.878571   0.930235
   129.39365    0.938808   0.929744
   129.43339    0.909865   0.929279
   129.47184    0.985773   0.928879
   129.51130    0.870516   0.928386
   129.55104    0.872121   0.927979
   129.58949    0.923372   0.927549
   129.62923    0.981243   0.927144
   129.66768    0.915750   0.926767
   129.70714    0.958025   0.926331
   129.74688    0.937080   0.925955
   129.78634    0.928489   0.925603
   129.82507    0.944880   0.925309
   129.86352    0.940539   0.924961
   129.90298    0.973143   0.924595
   129.94171    0.973143   0.924312
   129.98117    0.945751   0.923963
   130.01962    0.921673   0.923683
   130.05835    0.837484   0.923423
   130.09781    0.965999   0.923166
   130.13640    0.921673   0.922893
   130.17499    0.893258   0.922651
   130.21445    0.925927   0.922421
   130.25304    0.970458   0.922190
   130.29163    0.925927   0.921950
   130.33022    0.902354   0.921820
   130.36867    0.905684   0.921624
   130.40842    0.925927   0.921489
   130.44686    0.852269   0.921335
   130.48531    0.874534   0.921157
   130.52390    1.019006   0.921011
   130.56350    0.892435   0.920933
   130.60195    0.897381   0.920810
   130.64170    0.928489   0.920698
   130.68115    0.937080   0.920608
   130.72090    0.933634   0.920538
   130.75934    0.942273   0.920473
   130.79779    0.914064   0.920401
   130.83638    0.899035   0.920440
   130.87498    0.961561   0.920357
   130.91357    0.919130   0.920378
   130.95302    0.899035   0.920390
   130.99162    0.892435   0.920380
   131.03021    0.909865   0.920464
   131.06966    0.853054   0.920444
   131.10840    0.860948   0.920550
   131.14685    0.931916   0.920635
   131.18530    0.863330   0.920708
   131.22504    0.940539   0.920792
   131.26349    0.923372   0.920899
   131.30309    0.913223   0.921044
   131.34168    0.867315   0.921176
   131.38114    0.989411   0.921346
   131.41973    0.938808   0.921505
   131.45832    0.864922   0.921656
   131.49691    0.898208   0.921831
   131.53637    0.938808   0.922036
   131.57496    0.927634   0.922235
   131.61456    0.914064   0.922423
   131.65301    0.929345   0.922657
   131.69174    0.914907   0.922917
   131.73019    0.944880   0.923194
   131.76965    0.895729   0.923490
   131.80838    0.889154   0.923750
   131.84784    0.911542   0.923991
   131.88758    0.922522   0.924277
   131.92603    1.016194   0.924615
   131.96549    0.884253   0.924978
   132.00523    0.921673   0.925338
   132.04368    1.030331   0.925685
   132.08213    0.851485   0.926031
   132.12187    0.887517   0.926414
   132.16032    0.961561   0.926790
   132.19891    0.894905   0.927212
   132.23750    0.927634   0.927569
   132.27595    0.968672   0.927960
   132.31454    0.899864   0.928364
   132.35299    0.906519   0.928854
   132.39173    0.896555   0.929265
   132.43118    0.904850   0.929739
   132.47078    0.958025   0.930193
   132.50938    1.027488   0.930745
   132.54782    0.842901   0.931222
   132.58642    0.980340   0.931653
   132.62501    0.964221   0.932116
   132.66346    1.018068   0.932765
   132.70306    0.909027   0.933236
   132.74165    0.928489   0.933712
   132.78024    0.873729   0.934321
   132.81970    0.904850   0.934852
   132.85829    0.956262   0.935430
   132.89688    0.968672   0.935984
   132.93533    0.930201   0.936610
   132.97392    0.872925   0.937114
   133.01352    0.876147   0.937720
   133.05197    0.866516   0.938357
   133.09056    0.947495   0.938943
   133.12915    0.944880   0.939617
   133.16875    0.917438   0.940212
   133.20720    0.950116   0.940790
   133.24579    1.010594   0.941492
   133.28539    0.953623   0.942097
   133.32384    0.911542   0.942798
   133.36358    0.917438   0.943507
   133.40304    0.942273   0.944121
   133.44163    0.885884   0.944877
   133.48123    0.919977   0.945509
   133.51968    0.922522   0.946181
   133.55842    0.974938   0.946899
   133.59787    0.877762   0.947640
   133.63632    0.969565   0.948324
   133.67506    0.971352   0.948991
   133.71451    0.983958   0.949729
   133.75296    0.926780   0.950444
   133.79170    0.930201   0.951173
   133.83115    0.966889   0.951889
   133.86974    0.882626   0.952626
   133.90834    0.914064   0.953401
   133.94779    1.036041   0.954139
   133.98638    1.055302   0.954901
   134.02498    0.934495   0.955620
   134.06458    1.049486   0.956420
   134.10302    0.894081   0.957150
   134.14162    1.041782   0.957937
   134.18122    0.994894   0.958644
   134.21966    1.018068   0.959444
   134.25840    0.980340   0.960175
   134.29786    1.018068   0.960992
   134.33630    1.041782   0.961706
   134.37504    0.958025   0.962475
   134.41349    1.048520   0.963279
   134.45208    1.051421   0.964026
   134.49053    0.962447   0.964725
   134.52912    0.996728   0.965541
   134.56872    1.001329   0.966332
   134.60717    0.918283   0.967120
   134.64590    1.037951   0.967871
   134.68536    0.919977   0.968638
   134.72381    0.903185   0.969498
   134.76355    0.919977   0.970180
   134.80200    0.943141   0.970991
   134.84045    0.931916   0.971717
   134.87918    0.938808   0.972483
   134.91864    0.974938   0.973276
   134.95723    1.012457   0.973975
   134.99683    0.923372   0.974830
   135.03528    1.036995   0.975501
   135.07387    1.019945   0.976295
   135.11246    0.951868   0.977010
   135.15106    0.960676   0.977726
   135.18950    1.009664   0.978500
   135.22795    0.993978   0.979154
   135.26770    0.950116   0.979968
   135.30614    0.899035   0.980672
   135.34474    1.019006   0.981365
   135.38333    1.003175   0.982097
   135.42278    0.992149   0.982785
   135.46138    0.960676   0.983462
   135.49997    0.993063   0.984235
   135.53957    0.960676   0.984884
   135.57802    1.015259   0.985582
   135.61675    0.958908   0.986247
   135.65520    0.981243   0.986864
   135.69365    0.996728   0.987515
   135.73339    1.027488   0.988209
   135.77184    1.009664   0.988777
   135.81029    1.031280   0.989404
   135.84888    1.009664   0.990092
   135.88747    1.046590   0.990618
   135.92606    0.958025   0.991230
   135.96552    0.915750   0.991834
   136.00426    1.025597   0.992361
   136.04270    1.036995   0.992913
   136.08115    1.009664   0.993483
   136.12090    0.971352   0.993984
   136.15934    0.963334   0.994485
   136.19779    0.892435   0.995012
   136.23754    1.021826   0.995538
   136.27598    0.925075   0.995934
   136.31458    0.932775   0.996400
   136.35302    0.970458   0.996856
   136.39162    1.097935   0.997243
   136.43021    0.951868   0.997620
   136.46866    0.903185   0.998014
   136.50725    0.962447   0.998382
   136.54685    0.944010   0.998671
   136.58530    0.974938   0.998984
   136.62504    1.008734   0.999280
   136.66349    0.977635   0.999532
   136.70208    0.943141   0.999690
   136.74168    1.015259   0.999871
   136.78013    1.088872   1.000000
   136.81872    1.032231   1.000000
   136.85717    1.029382   1.000000
   136.89590    1.009664   1.000000
   136.93536    0.997647   1.000000
   136.97381    1.052390   1.000000
   137.01254    0.994894   1.000000
   137.05200    0.986681   1.000000
   137.09174    1.078889   1.000000
   137.13120    0.996728   1.000000
   137.17080    0.972247   1.000000
   137.20939    1.030331   1.000000
   137.24784    1.063107   1.000000
   137.28629    1.057248   1.000000
   137.32502    0.968672   1.000000
   137.36448    1.017131   1.000000
   137.40307    0.995811   1.000000
   137.44166    1.011525   1.000000
   137.48026    0.927634   1.000000
   137.51870    1.005951   1.000000
   137.55715    0.925075   1.000000
   137.59589    1.081874   1.000000
   137.63434    1.002252   1.000000
   137.67379    1.081874   1.000000
   137.71253    1.012457   1.000000
   137.75098    1.031280   1.000000
   137.78957    1.090879   1.000000
   137.82802    0.991235   1.000000
   137.86762    1.041782   1.000000
   137.90621    1.012457   1.000000
   137.94466    0.991235   1.000000
   137.98440    0.937080   1.000000
   138.02285    1.017131   1.000000
   138.06245    1.096925   1.000000
   138.10104    1.041782   1.000000
   138.14050    1.051421   1.000000
   138.17923    1.011525   1.000000
   138.21869    1.012457   1.000000
   138.25714    1.075912   1.000000
   138.29688    1.007806   1.000000
   138.33634    0.980340   1.000000
   138.37507    0.974938   1.000000
   138.41352    1.116289   1.000000
   138.45197    0.982148   1.000000
   138.49171    1.014324   1.000000
   138.53117    1.031280   1.000000
   138.56962    0.965999   1.000000
   138.60835    1.000407   1.000000
   138.64680    1.022767   1.000000
   138.68640    1.089875   1.000000
   138.72499    1.001329   1.000000
   138.76358    0.943141   1.000000
   138.80304    1.053360   1.000000
   138.84163    0.997647   1.000000
   138.88123    0.974040   1.000000
   138.92083    0.989411   1.000000
   138.95928    0.967780   1.000000
   138.99787    1.009664   1.000000
   139.03632    1.134950   1.000000
   139.07506    0.987590   1.000000
   139.11350    1.009664   1.000000
   139.15195    1.040823   1.000000
   139.19170    1.002252   1.000000
   139.23115    0.978536   1.000000
   139.27090    0.994894   1.000000
   139.30934    1.016194   1.000000
   139.34880    1.091885   1.000000
   139.38854    1.048520   1.000000
   139.42800    1.040823   1.000000
   139.46774    0.890793   1.000000
   139.50720    0.989411   1.000000
   139.54680    0.972247   1.000000
   139.58640    1.025597   1.000000
   139.62499    1.095915   1.000000
   139.66358    0.954502   1.000000
   139.70203    0.984865   1.000000
   139.74048    1.001329   1.000000
   139.78022    1.052390   1.000000
   139.81867    0.979438   1.000000
   139.85712    1.050453   1.000000
   139.89686    1.031280   1.000000
   139.93632    1.054331   1.000000
   139.97506    1.049486   1.000000
   140.01350    0.953623   1.000000
   140.05296    1.011525   1.000000
   140.09170    0.980340   1.000000
   140.13115    1.042742   1.000000
   140.16974    1.052390   1.000000
   140.20834    1.036041   1.000000
   140.24779    1.038907   1.000000
   140.28638    1.012457   1.000000
   140.32498    1.039865   1.000000
   140.36458    1.038907   1.000000
   140.40302    1.043703   1.000000
   140.44162    0.922522   1.000000
   140.48122    1.018068   1.000000
   140.51966    0.933634   1.000000
   140.55840    0.960676   1.000000
   140.59685    0.953623   1.000000
   140.63630    0.946622   1.000000
   140.67605    0.935356   1.000000
   140.71450    0.982148   1.000000
   140.75424    0.939673   1.000000
   140.79269    0.977635   1.000000
   140.83214    1.008734   1.000000
   140.87088    1.013390   1.000000
   140.90933    1.053360   1.000000
   140.94792    1.082871   1.000000
   140.98637    0.988500   1.000000
   141.02496    1.034134   1.000000
   141.06355    1.026542   1.000000
   141.10301    1.000407   1.000000
   141.14174    1.054331   1.000000
   141.18120    0.923372   1.000000
   141.22080    0.986681   1.000000
   141.25939    0.935356   1.000000
   141.29784    1.034134   1.000000
   141.33758    1.145452   1.000000
   141.37603    1.028435   1.000000
   141.41549    0.988500   1.000000
   141.45523    1.002252   1.000000
   141.49368    1.019945   1.000000
   141.53328    1.026542   1.000000
   141.57187    1.020885   1.000000
   141.61133    1.006878   1.000000
   141.65107    1.019945   1.000000
   141.69053    0.942273   1.000000
   141.73013    0.941406   1.000000
   141.76973    0.996728   1.000000
   141.80832    1.033182   1.000000
   141.84792    0.978536   1.000000
   141.88752    1.036995   1.000000
   141.92698    1.022767   1.000000
   141.96557    0.957143   1.000000
   142.00517    0.969565   1.000000
   142.04462    1.058222   1.000000
   142.08437    0.992149   1.000000
   142.12382    1.002252   1.000000
   142.16357    1.056274   1.000000
   142.20302    1.050453   1.000000
   142.24262    1.142291   1.000000
   142.28222    1.033182   1.000000
   142.32082    1.012457   1.000000
   142.35941    1.006878   1.000000
   142.39886    1.014324   1.000000
   142.43746    1.023710   1.000000
   142.47706    1.094906   1.000000
   142.51550    0.936218   1.000000
   142.55424    0.984865   1.000000
   142.59269    1.007806   1.000000
   142.63214    0.979438   1.000000
   142.67088    1.026542   1.000000
   142.70933    1.042742   1.000000
