   690.51480    0.970845   1.000000
   690.52500    0.987550   1.000000
   690.53580    0.984995   1.000000
   690.54660    0.972614   1.000000
   690.55740    0.953747   1.000000
   690.56820    0.973203   1.000000
   690.57840    1.010544   1.000000
   690.58920    0.976741   1.000000
   690.60000    0.972024   1.000000
   690.61080    0.991677   1.000000
   690.62100    0.993642   1.000000
   690.63180    1.012705   1.000000
   690.64260    0.992856   1.000000
   690.65340    1.009561   1.000000
   690.66420    0.991873   1.000000
   690.67440    0.986371   1.000000
   690.68520    0.986174   1.000000
   690.69600    0.956892   1.000000
   690.70680    0.971631   1.000000
   690.71700    0.972221   1.000000
   690.72780    0.971631   1.000000
   690.73860    0.945690   1.000000
   690.74940    0.957481   1.000000
   690.76020    0.972614   1.000000
   690.77040    0.968683   1.000000
   690.78120    0.944314   1.000000
   690.79200    0.967308   1.000000
   690.80280    0.993839   1.000000
   690.81300    1.001307   1.000000
   690.82380    1.003272   1.000000
   690.83460    1.005237   1.000000
   690.84540    1.030786   1.000000
   690.85620    1.017029   1.000000
   690.86640    1.009561   1.000000
   690.87720    1.032751   1.000000
   690.88800    1.023514   1.000000
   690.89880    1.028231   1.000000
   690.90900    1.027838   1.000000
   690.91980    1.019191   1.000000
   690.93060    1.025283   1.000000
   690.94140    1.005237   1.000000
   690.95220    1.033930   1.000000
   690.96240    1.027838   1.000000
   690.97320    1.009757   1.000000
   690.98400    0.998752   1.000000
   690.99480    1.005827   1.000000
   691.00500    0.992856   1.000000
   691.01580    1.030982   1.000000
   691.02660    1.004255   1.000000
   691.03740    1.007399   1.000000
   691.04820    1.014671   1.000000
   691.05840    1.030393   1.000000
   691.06920    1.008185   1.000000
   691.08000    1.004451   1.000000
   691.09080    0.994625   1.000000
   691.10100    1.018798   1.000000
   691.11180    1.010544   1.000000
   691.12260    1.007399   1.000000
   691.13340    1.004451   1.000000
   691.14420    1.021746   1.000000
   691.15440    0.989908   1.000000
   691.16520    1.009757   1.000000
   691.17600    1.031179   1.000000
   691.18680    0.994428   1.000000
   691.19700    1.026659   1.000000
   691.20780    1.014081   1.000000
   691.21860    1.027052   1.000000
   691.22940    1.003862   1.000000
   691.24020    1.032751   1.000000
   691.25040    1.035306   1.000000
   691.26120    1.012312   1.000000
   691.27200    1.038057   1.000000
   691.28280    1.030393   1.000000
   691.29300    1.019584   1.000000
   691.30380    1.012312   1.000000
   691.31460    1.008775   1.000000
   691.32540    1.003665   1.000000
   691.33620    1.035896   1.000000
   691.34640    1.046901   1.000000
   691.35720    1.037664   1.000000
   691.36800    1.027838   1.000000
   691.37880    1.015850   1.000000
   691.38900    1.008578   1.000000
   691.39980    1.010740   1.000000
   691.41060    1.003076   1.000000
   691.42140    0.994625   1.000000
   691.43220    0.987157   1.000000
   691.44240    1.019584   1.000000
   691.45320    1.014474   1.000000
   691.46400    1.014867   1.000000
   691.47480    1.030000   1.000000
   691.48500    1.016046   1.000000
   691.49580    1.003469   1.000000
   691.50660    1.003469   1.000000
   691.51740    1.001110   1.000000
   691.52820    0.999538   1.000000
   691.53840    1.011526   1.000000
   691.54920    0.994625   1.000000
   691.56000    1.032358   1.000000
   691.57080    0.982833   1.000000
   691.58100    1.025087   1.000000
   691.59180    0.994035   1.000000
   691.60260    0.991873   1.000000
   691.61340    1.028428   1.000000
   691.62420    1.016636   1.000000
   691.63440    1.035109   1.000000
   691.64520    1.021353   1.000000
   691.65600    1.011723   1.000000
   691.66680    1.020173   1.000000
   691.67700    1.016439   1.000000
   691.68780    1.009364   1.000000
   691.69860    0.988533   1.000000
   691.70940    0.993839   1.000000
   691.72020    0.968290   1.000000
   691.73040    1.021942   1.000000
   691.74120    1.010937   1.000000
   691.75200    1.007596   1.000000
   691.76280    0.997376   1.000000
   691.77300    1.026266   1.000000
   691.78380    0.985781   1.000000
   691.79460    1.007792   1.000000
   691.80540    0.993839   1.000000
   691.81620    0.970649   1.000000
   691.82640    0.981261   1.000000
   691.83720    0.985978   1.000000
   691.84800    0.995607   1.000000
   691.85880    1.000717   1.000000
   691.86900    1.001110   1.000000
   691.87980    0.981458   1.000000
   691.89060    0.967308   1.000000
   691.90140    0.978510   1.000000
   691.91220    0.983619   1.000000
   691.92240    0.963377   1.000000
   691.93320    0.990105   1.000000
   691.94400    0.963574   1.000000
   691.95480    1.010151   1.000000
   691.96500    0.972614   1.000000
   691.97580    0.982440   1.000000
   691.98660    0.992660   1.000000
   691.99740    0.984995   0.999983
   692.00820    1.009757   0.999974
   692.01840    1.001110   0.999938
   692.02920    1.022532   0.999883
   692.04000    1.051225   0.999842
   692.05080    1.004255   0.999743
   692.06100    1.028428   0.999675
   692.07180    1.020173   0.999613
   692.08260    0.996590   0.999476
   692.09340    0.979885   0.999394
   692.10420    0.980082   0.999306
   692.11440    0.970845   0.999143
   692.12520    1.000914   0.999010
   692.13600    0.999342   0.998871
   692.14680    0.994821   0.998712
   692.15700    0.972221   0.998587
   692.16780    0.985192   0.998399
   692.17860    0.995804   0.998229
   692.18940    0.994821   0.998082
   692.20020    0.987746   0.997882
   692.21040    0.960036   0.997681
   692.22120    0.991284   0.997519
   692.23200    0.976937   0.997278
   692.24280    1.000717   0.997089
   692.25300    1.013295   0.996911
   692.26380    1.006023   0.996639
   692.27460    0.985192   0.996421
   692.28540    0.964949   0.996176
   692.29620    0.966521   0.995936
   692.30640    0.986567   0.995741
   692.31720    0.983619   0.995442
   692.32800    0.986960   0.995211
   692.33880    0.986960   0.994968
   692.34900    0.966915   0.994653
   692.35980    0.983619   0.994401
   692.37060    0.987157   0.994150
   692.38140    0.963574   0.993822
   692.39220    0.991873   0.993556
   692.40240    0.951585   0.993311
   692.41320    0.980082   0.992955
   692.42400    0.917390   0.992705
   692.43480    0.956892   0.992364
   692.44500    0.963770   0.992021
   692.45580    0.951192   0.991778
   692.46660    0.965146   0.991427
   692.47740    1.000717   0.991071
   692.48820    0.965735   0.990757
   692.49840    0.977527   0.990399
   692.50920    0.992463   0.990076
   692.52000    0.977724   0.989772
   692.53080    0.986764   0.989363
   692.54100    0.938615   0.989054
   692.55180    0.975365   0.988754
   692.56260    0.953354   0.988284
   692.57340    0.939597   0.987968
   692.58420    0.952961   0.987661
   692.59440    0.920534   0.987195
   692.60520    0.970649   0.986855
   692.61600    0.922106   0.986491
   692.62680    0.929574   0.986054
   692.63700    0.946279   0.985695
   692.64780    0.923482   0.985320
   692.65860    0.933112   0.984905
   692.66940    0.962394   0.984526
   692.68020    0.947851   0.984134
   692.69040    0.949620   0.983682
   692.70120    0.992267   0.983291
   692.71200    0.978510   0.982871
   692.72280    0.966325   0.982419
   692.73300    0.942938   0.982089
   692.74380    0.984602   0.981581
   692.75460    0.972221   0.981156
   692.76540    0.985192   0.980765
   692.77620    0.963180   0.980252
   692.78640    0.945493   0.979877
   692.79720    0.943724   0.979471
   692.80800    0.940973   0.978951
   692.81880    0.993249   0.978531
   692.82900    0.968290   0.978146
   692.83980    0.966128   0.977590
   692.85060    1.014474   0.977149
   692.86140    0.984798   0.976716
   692.87220    0.966128   0.976210
   692.88240    1.007792   0.975729
   692.89320    0.990891   0.975299
   692.90400    0.971238   0.974759
   692.91480    0.991284   0.974288
   692.92500    0.996590   0.973880
   692.93580    0.970649   0.973318
   692.94660    0.970845   0.972885
   692.95740    0.965932   0.972381
   692.96820    0.970845   0.971831
   692.97840    0.952568   0.971380
   692.98920    0.949817   0.970900
   693.00000    0.960429   0.970322
   693.01080    0.961412   0.969838
   693.02100    0.948048   0.969352
   693.03180    0.947065   0.968807
   693.04260    0.942938   0.968357
   693.05340    0.949620   0.967773
   693.06420    0.959643   0.967211
   693.07440    0.951782   0.966799
   693.08520    0.965539   0.966214
   693.09600    0.973203   0.965631
   693.10680    0.986371   0.965189
   693.11700    0.994428   0.964617
   693.12780    0.941366   0.964034
   693.13860    0.996197   0.963609
   693.14940    0.973793   0.962977
   693.16020    0.939008   0.962404
   693.17040    0.936060   0.961965
   693.18120    0.967308   0.961341
   693.19200    0.962984   0.960742
   693.20280    0.985978   0.960276
   693.21300    0.957481   0.959666
   693.22380    0.970452   0.959095
   693.23460    0.958857   0.958605
   693.24540    0.970649   0.957959
   693.25620    0.969862   0.957406
   693.26640    0.985781   0.956864
   693.27720    0.970255   0.956304
   693.28800    0.989319   0.955719
   693.29880    0.951978   0.955137
   693.30900    0.944314   0.954571
   693.31980    0.931540   0.954004
   693.33060    0.973793   0.953419
   693.34140    0.948834   0.952821
   693.35220    0.989712   0.952229
   693.36240    0.986764   0.951680
   693.37320    0.977527   0.951105
   693.38400    1.009364   0.950477
   693.39480    0.967897   0.949873
   693.40500    0.949620   0.949366
   693.41580    0.958267   0.948704
   693.42660    0.986764   0.948065
   693.43740    0.963770   0.947533
   693.44820    0.976151   0.946864
   693.45840    0.957481   0.946281
   693.46920    0.946869   0.945708
   693.48000    0.945690   0.944998
   693.49080    0.963574   0.944438
   693.50100    0.950406   0.943910
   693.51180    0.959053   0.943186
   693.52260    0.948244   0.942609
   693.53340    0.925644   0.942017
   693.54420    0.964949   0.941327
   693.55440    0.935863   0.940739
   693.56520    0.965342   0.940178
   693.57600    0.948834   0.939504
   693.58680    0.936256   0.938820
   693.59700    0.929181   0.938304
   693.60780    0.926626   0.937684
   693.61860    0.896558   0.936966
   693.62940    0.924465   0.936415
   693.64020    0.960233   0.935753
   693.65040    0.935667   0.935107
   693.66120    0.904026   0.934478
   693.67200    0.900292   0.933876
   693.68280    0.938811   0.933188
   693.69300    0.912083   0.932565
   693.70380    0.913656   0.932006
   693.71460    0.925447   0.931325
   693.72540    0.907956   0.930602
   693.73620    0.916604   0.929968
   693.74640    0.955319   0.929419
   693.75720    0.908153   0.928692
   693.76800    0.961019   0.928070
   693.77880    0.917979   0.927420
   693.78900    0.902847   0.926815
   693.79980    0.938615   0.926100
   693.81060    0.933308   0.925501
   693.82140    0.947458   0.924806
   693.83220    0.916997   0.924147
   693.84240    0.917193   0.923567
   693.85320    0.926626   0.922818
   693.86400    0.931933   0.922202
   693.87480    0.892234   0.921577
   693.88500    0.885945   0.920947
   693.89580    0.901667   0.920216
   693.90660    0.890465   0.919610
   693.91740    0.892627   0.918983
   693.92820    0.901864   0.918245
   693.93840    0.906188   0.917633
   693.94920    0.917586   0.916998
   693.96000    0.903829   0.916304
   693.97080    0.913263   0.915610
   693.98100    0.907760   0.914979
   693.99180    0.872581   0.914420
   694.00260    0.882408   0.913627
   694.01340    0.855090   0.913023
   694.02420    0.905401   0.912336
   694.03440    0.891645   0.911700
   694.04520    0.903436   0.911015
   694.05600    0.905401   0.910335
   694.06680    0.900881   0.909643
   694.07700    0.897933   0.909006
   694.08780    0.887124   0.908404
   694.09860    0.883587   0.907644
   694.10940    0.885159   0.907011
   694.12020    0.897344   0.906241
   694.13040    0.894396   0.905701
   694.14120    0.889483   0.904974
   694.15200    0.854108   0.904295
   694.16280    0.899309   0.903613
   694.17300    0.877102   0.902992
   694.18380    0.872188   0.902342
   694.19460    0.901078   0.901628
   694.20540    0.894789   0.901044
   694.21620    0.896558   0.900269
   694.22640    0.902847   0.899718
   694.23720    0.899506   0.898909
   694.24800    0.885749   0.898376
   694.25880    0.885356   0.897650
   694.26900    0.905991   0.896979
   694.27980    0.877102   0.896273
   694.29060    0.866686   0.895711
   694.30140    0.859021   0.894931
   694.31220    0.853322   0.894334
   694.32240    0.830525   0.893658
   694.33320    0.858628   0.893075
   694.34400    0.881425   0.892299
   694.35480    0.873171   0.891683
   694.36500    0.866489   0.891018
   694.37580    0.875333   0.890422
   694.38660    0.878870   0.889654
   694.39740    0.884570   0.889011
   694.40820    0.902060   0.888381
   694.41840    0.891055   0.887736
   694.42920    0.870223   0.887057
   694.44000    0.881622   0.886462
   694.45080    0.859611   0.885763
   694.46100    0.874350   0.885125
   694.47180    0.861379   0.884357
   694.48260    0.854108   0.883754
   694.49340    0.878084   0.883106
   694.50420    0.839172   0.882424
   694.51440    0.869633   0.881753
   694.52520    0.837600   0.881178
   694.53600    0.848998   0.880469
   694.54680    0.872778   0.879746
   694.55700    0.867275   0.879075
   694.56780    0.849588   0.878485
   694.57860    0.843102   0.877856
   694.58940    0.877102   0.877138
   694.60020    0.869240   0.876546
   694.61040    0.898326   0.875862
   694.62120    0.881229   0.875305
   694.63200    0.866882   0.874569
   694.64280    0.844675   0.873970
   694.65300    0.871009   0.873298
   694.66380    0.892627   0.872719
   694.67460    0.890662   0.872024
   694.68540    0.897344   0.871350
   694.69620    0.903043   0.870753
   694.70640    0.896558   0.870155
   694.71720    0.858824   0.869544
   694.72800    0.911887   0.868843
   694.73880    0.871599   0.868243
   694.74900    0.861183   0.867605
   694.75980    0.867472   0.866895
   694.77060    0.867275   0.866321
   694.78140    0.851946   0.865586
   694.79220    0.834652   0.865065
   694.80240    0.858235   0.864420
   694.81320    0.864917   0.863741
   694.82400    0.844871   0.863180
   694.83480    0.856073   0.862510
   694.84500    0.893413   0.862006
   694.85580    0.867472   0.861271
   694.86660    0.858038   0.860676
   694.87740    0.835634   0.860103
   694.88820    0.876119   0.859469
   694.89840    0.886142   0.858922
   694.90920    0.894199   0.858271
   694.92000    0.876119   0.857630
   694.93080    0.865310   0.857096
   694.94100    0.838189   0.856498
   694.95180    0.853125   0.855832
   694.96260    0.837600   0.855224
   694.97340    0.865703   0.854601
   694.98420    0.868651   0.854051
   694.99440    0.891251   0.853431
   695.00520    0.841923   0.852828
   695.01600    0.857842   0.852274
   695.02680    0.817947   0.851648
   695.03700    0.853518   0.851093
   695.04780    0.860004   0.850520
   695.05860    0.856663   0.849912
   695.06940    0.872581   0.849285
   695.08020    0.874154   0.848772
   695.09040    0.872581   0.848194
   695.10120    0.856073   0.847581
   695.11200    0.852732   0.847045
   695.12280    0.863345   0.846438
   695.13300    0.820305   0.845870
   695.14380    0.843102   0.845347
   695.15460    0.830328   0.844737
   695.16540    0.815588   0.844138
   695.17620    0.815785   0.843620
   695.18640    0.845461   0.843075
   695.19720    0.831114   0.842543
   695.20800    0.824825   0.841938
   695.21880    0.828166   0.841420
   695.22900    0.828559   0.840923
   695.23980    0.812641   0.840306
   695.25060    0.821091   0.839797
   695.26140    0.813820   0.839242
   695.27220    0.835634   0.838680
   695.28240    0.815785   0.838142
   695.29320    0.842906   0.837674
   695.30400    0.837600   0.837133
   695.31480    0.839172   0.836603
   695.32500    0.856073   0.836082
   695.33580    0.836617   0.835597
   695.34660    0.845854   0.835017
   695.35740    0.833865   0.834492
   695.36820    0.848802   0.834034
   695.37840    0.861772   0.833485
   695.38920    0.866882   0.833050
   695.40000    0.843888   0.832516
   695.41080    0.844281   0.831999
   695.42100    0.852339   0.831533
   695.43180    0.840154   0.831009
   695.44260    0.836813   0.830562
   695.45340    0.842709   0.830026
   695.46420    0.851160   0.829515
   695.47440    0.813230   0.829078
   695.48520    0.834062   0.828586
   695.49600    0.819912   0.828113
   695.50680    0.790826   0.827590
   695.51700    0.819912   0.827188
   695.52780    0.849391   0.826723
   695.53860    0.832883   0.826241
   695.54940    0.846836   0.825758
   695.56020    0.821484   0.825325
   695.57040    0.820698   0.824921
   695.58120    0.845068   0.824446
   695.59200    0.824825   0.823972
   695.60280    0.831311   0.823531
   695.61300    0.825218   0.823115
   695.62380    0.825218   0.822648
   695.63460    0.834652   0.822210
   695.64540    0.833669   0.821794
   695.65620    0.814606   0.821377
   695.66640    0.812444   0.820958
   695.67720    0.842316   0.820561
   695.68800    0.863541   0.820120
   695.69880    0.860790   0.819715
   695.70900    0.840547   0.819354
   695.71980    0.815195   0.818914
   695.73060    0.834062   0.818513
   695.74140    0.838189   0.818095
   695.75220    0.823056   0.817706
   695.76240    0.837403   0.817339
   695.77320    0.822860   0.816958
   695.78400    0.835438   0.816558
   695.79480    0.810675   0.816201
   695.80500    0.802814   0.815800
   695.81580    0.857645   0.815432
   695.82660    0.834455   0.815032
   695.83740    0.808710   0.814696
   695.84820    0.816964   0.814355
   695.85840    0.826594   0.814010
   695.86920    0.810282   0.813691
   695.88000    0.830918   0.813323
   695.89080    0.822074   0.813025
   695.90100    0.792988   0.812650
   695.91180    0.816768   0.812291
   695.92260    0.780607   0.811959
   695.93340    0.806745   0.811592
   695.94420    0.804779   0.811222
   695.95440    0.804976   0.810964
   695.96520    0.807138   0.810842
   695.97600    0.802618   0.810438
   695.98680    0.803207   0.810171
   695.99700    0.811068   0.809805
   696.00780    0.798491   0.809521
   696.01860    0.795543   0.809192
   696.02940    0.827184   0.808879
   696.04020    0.794167   0.808597
   696.05040    0.786699   0.808331
   696.06120    0.806352   0.808053
   696.07200    0.834848   0.807791
   696.08280    0.813820   0.807527
   696.09300    0.805566   0.807292
   696.10380    0.807531   0.807008
   696.11460    0.798491   0.806731
   696.12540    0.795936   0.806487
   696.13620    0.790040   0.806241
   696.14640    0.788664   0.806010
   696.15720    0.784341   0.805760
   696.16800    0.783161   0.805520
   696.17880    0.791612   0.805291
   696.18900    0.830721   0.805069
   696.19980    0.794560   0.804857
   696.21060    0.792202   0.804648
   696.22140    0.797508   0.804425
   696.23220    0.808120   0.804231
   696.24240    0.811265   0.804011
   696.25320    0.806941   0.803834
   696.26400    0.802028   0.803644
   696.27480    0.806941   0.803475
   696.28500    0.793381   0.803270
   696.29580    0.812051   0.803091
   696.30660    0.813820   0.802911
   696.31740    0.818143   0.802747
   696.32820    0.807334   0.802589
   696.33840    0.810872   0.802420
   696.34920    0.806155   0.802261
   696.36000    0.811658   0.802128
   696.37080    0.820109   0.801956
   696.38100    0.793774   0.801814
   696.39180    0.805566   0.801626
   696.40260    0.801045   0.801552
   696.41340    0.805566   0.801397
   696.42420    0.824432   0.801282
   696.43440    0.802028   0.801158
   696.44520    0.802421   0.801053
   696.45600    0.777855   0.800966
   696.46680    0.794560   0.800882
   696.47700    0.802814   0.800750
   696.48780    0.805369   0.800662
   696.49860    0.798491   0.800573
   696.50940    0.801242   0.800474
   696.52020    0.815588   0.800420
   696.53040    0.818536   0.800313
   696.54120    0.801438   0.800253
   696.55200    0.807531   0.800168
   696.56280    0.800456   0.800125
   696.57300    0.824629   0.800077
   696.58380    0.803797   0.800046
   696.59460    0.786109   0.799960
   696.60540    0.797115   0.799924
   696.61620    0.799277   0.799897
   696.62640    0.802421   0.799859
   696.63720    0.807531   0.799839
   696.64800    0.814213   0.799804
   696.65880    0.778248   0.799806
   696.66900    0.807531   0.799780
   696.67980    0.804976   0.799745
   696.69060    0.804190   0.799740
   696.70140    0.807334   0.799738
   696.71220    0.800259   0.799755
   696.72240    0.812837   0.799771
   696.73320    0.825218   0.799770
   696.74400    0.809103   0.799804
   696.75480    0.823646   0.799835
   696.76500    0.804583   0.799843
   696.77580    0.797704   0.799869
   696.78660    0.807531   0.799946
   696.79740    0.801832   0.799989
   696.80820    0.804976   0.799991
   696.81840    0.789254   0.800094
   696.82920    0.823056   0.800136
   696.84000    0.803404   0.800208
   696.85080    0.810086   0.800283
   696.86100    0.823450   0.800332
   696.87180    0.789843   0.800428
   696.88260    0.801045   0.800500
   696.89340    0.810872   0.800575
   696.90420    0.842316   0.800672
   696.91440    0.850177   0.800786
   696.92520    0.825022   0.800882
   696.93600    0.814802   0.801015
   696.94680    0.819912   0.801080
   696.95700    0.821877   0.801160
   696.96780    0.825218   0.801317
   696.97860    0.820502   0.801430
   696.98940    0.814999   0.801578
   697.00020    0.808710   0.801693
   697.01040    0.806155   0.801837
   697.02120    0.831704   0.801964
   697.03200    0.805566   0.802118
   697.04280    0.789057   0.802306
   697.05300    0.818929   0.802416
   697.06380    0.795936   0.802622
   697.07460    0.788861   0.802782
   697.08540    0.800063   0.802947
   697.09620    0.806941   0.803123
   697.10640    0.807138   0.803284
   697.11720    0.795543   0.803476
   697.12800    0.804583   0.803710
   697.13880    0.811854   0.803847
   697.14900    0.777659   0.804057
   697.15980    0.792791   0.804296
   697.17060    0.816375   0.804438
   697.18140    0.804976   0.804716
   697.19220    0.802814   0.804825
   697.20240    0.827380   0.805149
   697.21320    0.834455   0.805309
   697.22400    0.807138   0.805518
   697.23480    0.820502   0.805808
   697.24500    0.836813   0.806019
   697.25580    0.812051   0.806294
   697.26660    0.782179   0.806528
   697.27740    0.823450   0.806788
   697.28820    0.826987   0.807068
   697.29840    0.825415   0.807327
   697.30920    0.834848   0.807582
   697.32000    0.835438   0.807800
   697.33080    0.837600   0.808133
   697.34100    0.840351   0.808392
   697.35180    0.840940   0.808674
   697.36260    0.829542   0.808977
   697.37340    0.838386   0.809262
   697.38420    0.846050   0.809572
   697.39440    0.849588   0.809833
   697.40520    0.854108   0.810175
   697.41600    0.819126   0.810468
   697.42680    0.817750   0.810798
   697.43700    0.837993   0.811067
   697.44780    0.844871   0.811413
   697.45860    0.818929   0.811739
   697.46940    0.828952   0.812117
   697.48020    0.816768   0.812410
   697.49040    0.821091   0.812746
   697.50120    0.843888   0.813096
   697.51200    0.826791   0.813429
   697.52280    0.823253   0.813762
   697.53300    0.816178   0.814101
   697.54380    0.803011   0.814478
   697.55460    0.831900   0.814853
   697.56540    0.850374   0.815214
   697.57620    0.830131   0.815572
   697.58640    0.851749   0.815961
   697.59720    0.839958   0.816353
   697.60800    0.828559   0.816721
   697.61880    0.820305   0.817117
   697.62900    0.823450   0.817489
   697.63980    0.823646   0.817898
   697.65060    0.819126   0.818256
   697.66140    0.825808   0.818684
   697.67220    0.817161   0.819112
   697.68240    0.826987   0.819520
   697.69320    0.833276   0.819914
   697.70400    0.816964   0.820304
   697.71480    0.832490   0.820734
   697.72500    0.846443   0.821139
   697.73580    0.852929   0.821630
   697.74660    0.840351   0.822049
   697.75740    0.840351   0.822431
   697.76820    0.831900   0.822916
   697.77840    0.811854   0.823327
   697.78920    0.826397   0.823781
   697.80000    0.809693   0.824269
   697.81080    0.808317   0.824744
   697.82100    0.803600   0.825123
   697.83180    0.820698   0.825565
   697.84260    0.808317   0.826070
   697.85340    0.814016   0.826496
   697.86420    0.814409   0.827032
   697.87440    0.809889   0.827404
   697.88520    0.836617   0.827944
   697.89600    0.838582   0.828388
   697.90680    0.832490   0.828904
   697.91700    0.817750   0.829400
   697.92780    0.825218   0.829896
   697.93860    0.810872   0.830342
   697.94940    0.825808   0.830841
   697.96020    0.820305   0.831321
   697.97040    0.808907   0.831856
   697.98120    0.827577   0.832351
   697.99200    0.811068   0.832882
   698.00280    0.828363   0.833398
   698.01300    0.841137   0.833893
   698.02380    0.857449   0.834438
   698.03460    0.853715   0.834981
   698.04540    0.852929   0.835479
   698.05620    0.829738   0.835982
   698.06640    0.855090   0.836467
   698.07720    0.821877   0.837084
   698.08800    0.818536   0.837558
   698.09880    0.839172   0.838065
   698.10900    0.826004   0.838646
   698.11980    0.848605   0.839133
   698.13060    0.834848   0.839763
   698.14140    0.833669   0.840314
   698.15220    0.830525   0.840809
   698.16240    0.849391   0.841391
   698.17320    0.845264   0.841979
   698.18400    0.855090   0.842533
   698.19480    0.857449   0.843086
   698.20500    0.879853   0.843626
   698.21580    0.869437   0.844163
   698.22660    0.889483   0.844814
   698.23740    0.867275   0.845315
   698.24820    0.866489   0.845900
   698.25840    0.857645   0.846484
   698.26920    0.862362   0.847027
   698.28000    0.843888   0.847690
   698.29080    0.847819   0.848272
   698.30100    0.826594   0.848764
   698.31180    0.832293   0.849391
   698.32260    0.829149   0.850003
   698.33340    0.833472   0.850631
   698.34420    0.832490   0.851251
   698.35440    0.865310   0.851806
   698.36520    0.849391   0.852461
   698.37600    0.840154   0.853062
   698.38680    0.872778   0.853647
   698.39700    0.849588   0.854259
   698.40780    0.854501   0.854811
   698.41860    0.864720   0.855495
   698.42940    0.870027   0.856061
   698.44020    0.863148   0.856703
   698.45040    0.904615   0.857240
   698.46120    0.855877   0.857930
   698.47200    0.837600   0.858566
   698.48280    0.845264   0.859105
   698.49300    0.869044   0.859769
   698.50380    0.854304   0.860398
   698.51460    0.856073   0.861008
   698.52540    0.839761   0.861647
   698.53620    0.847426   0.862259
   698.54640    0.873564   0.862999
   698.55720    0.870813   0.863549
   698.56800    0.869437   0.864237
   698.57880    0.882015   0.864830
   698.58900    0.851749   0.865543
   698.59980    0.869240   0.866115
   698.61060    0.879853   0.866830
   698.62140    0.876512   0.867468
   698.63220    0.869240   0.868192
   698.64240    0.895772   0.868770
   698.65320    0.865113   0.869427
   698.66400    0.861379   0.870116
   698.67480    0.870223   0.870705
   698.68500    0.853715   0.871396
   698.69580    0.849391   0.871976
   698.70660    0.885159   0.872726
   698.71740    0.873171   0.873356
   698.72820    0.902060   0.873998
   698.73840    0.907367   0.874593
   698.74920    0.869633   0.875352
   698.76000    0.868651   0.875918
   698.77080    0.873564   0.876648
   698.78100    0.882801   0.877244
   698.79180    0.898326   0.877983
   698.80260    0.884963   0.878624
   698.81340    0.854697   0.879320
   698.82420    0.855484   0.879959
   698.83440    0.871992   0.880668
   698.84520    0.868061   0.881274
   698.85600    0.851553   0.881960
   698.86680    0.822074   0.882731
   698.87700    0.852339   0.883337
   698.88780    0.871402   0.883971
   698.89860    0.858038   0.884699
   698.90940    0.871992   0.885393
   698.92020    0.876512   0.886140
   698.93040    0.898130   0.886727
   698.94120    0.897737   0.887535
   698.95200    0.866096   0.888115
   698.96280    0.880639   0.888894
   698.97300    0.889679   0.889517
   698.98380    0.866489   0.890351
   698.99460    0.888304   0.890923
   699.00540    0.872778   0.891607
   699.01620    0.882997   0.892335
   699.02640    0.896754   0.892938
   699.03720    0.887911   0.893678
   699.04800    0.876708   0.894305
   699.05880    0.858038   0.895090
   699.06900    0.883587   0.895661
   699.07980    0.882211   0.896410
   699.09060    0.894003   0.897113
   699.10140    0.890662   0.897822
   699.11220    0.880639   0.898425
   699.12240    0.891055   0.899119
   699.13320    0.930753   0.899829
   699.14400    0.916210   0.900500
   699.15480    0.915031   0.901225
   699.16500    0.932129   0.901904
   699.17580    0.929378   0.902604
   699.18660    0.901078   0.903300
   699.19740    0.919551   0.904082
   699.20820    0.906384   0.904680
   699.21840    0.939008   0.905377
   699.22920    0.877495   0.906040
   699.24000    0.898130   0.906808
   699.25080    0.899309   0.907413
   699.26100    0.920927   0.908082
   699.27180    0.919355   0.908905
   699.28260    0.927019   0.909523
   699.29340    0.896361   0.910218
   699.30420    0.929181   0.910999
   699.31440    0.934487   0.911601
   699.32520    0.922696   0.912334
   699.33600    0.916604   0.913022
   699.34680    0.904222   0.913697
   699.35700    0.929378   0.914322
   699.36780    0.904419   0.915082
   699.37860    0.913066   0.915825
   699.38940    0.884570   0.916431
   699.40020    0.898916   0.917168
   699.41040    0.903633   0.917864
   699.42120    0.891055   0.918573
   699.43200    0.911101   0.919196
   699.44280    0.903829   0.919935
   699.45300    0.924661   0.920607
   699.46380    0.936256   0.921236
   699.47460    0.953354   0.922018
   699.48540    0.909922   0.922637
   699.49620    0.924465   0.923362
   699.50640    0.942152   0.924062
   699.51720    0.948244   0.924727
   699.52800    0.897147   0.925410
   699.53880    0.888893   0.926077
   699.54900    0.913066   0.926748
   699.55980    0.905008   0.927417
   699.57060    0.919551   0.928146
   699.58140    0.926037   0.928811
   699.59220    0.949424   0.929470
   699.60240    0.898326   0.930174
   699.61320    0.936256   0.930867
   699.62400    0.945296   0.931444
   699.63480    0.918569   0.932199
   699.64500    0.941759   0.932884
   699.65580    0.918765   0.933496
   699.66660    0.940580   0.934170
   699.67740    0.918569   0.934913
   699.68820    0.926233   0.935566
   699.69840    0.914638   0.936162
   699.70920    0.949227   0.936919
   699.72000    0.931933   0.937590
   699.73080    0.912869   0.938168
   699.74100    0.949227   0.938933
   699.75180    0.965539   0.939553
   699.76260    0.948441   0.940152
   699.77340    0.929574   0.940905
   699.78420    0.959250   0.941542
   699.79440    0.916210   0.942137
   699.80520    0.934487   0.942843
   699.81600    0.931933   0.943484
   699.82680    0.902060   0.944096
   699.83700    0.944314   0.944807
   699.84780    0.937239   0.945478
   699.85860    0.930753   0.946057
   699.86940    0.954337   0.946798
   699.88020    0.954926   0.947353
   699.89040    0.946869   0.947934
   699.90120    0.939401   0.948731
   699.91200    0.924661   0.949256
   699.92280    0.916210   0.949900
   699.93300    0.918962   0.950599
   699.94380    0.871402   0.951172
   699.95460    0.892038   0.951782
   699.96540    0.901864   0.952521
   699.97620    0.905991   0.953098
   699.98640    0.910511   0.953655
   699.99720    0.939204   0.954347
   700.00800    0.903240   0.954954
   700.01880    0.925251   0.955542
   700.02900    0.929967   0.956208
   700.03980    0.931933   0.956769
   700.05060    0.982440   0.957375
   700.06140    0.963180   0.958092
   700.07220    0.942742   0.958604
   700.08240    0.914049   0.959218
   700.09320    0.929771   0.959860
   700.10400    0.934487   0.960376
   700.11480    0.917193   0.961042
   700.12500    0.944707   0.961567
   700.13580    0.922696   0.962189
   700.14660    0.930360   0.962800
   700.15740    0.936649   0.963350
   700.16820    0.955909   0.963978
   700.17840    0.968487   0.964548
   700.18920    0.957285   0.965101
   700.20000    0.944117   0.965712
   700.21080    0.966128   0.966291
   700.22100    0.963574   0.966795
   700.23180    0.960233   0.967412
   700.24260    0.960429   0.968060
   700.25340    0.981261   0.968573
   700.26420    0.964163   0.969123
   700.27440    0.970649   0.969730
   700.28520    0.972221   0.970220
   700.29600    0.958464   0.970784
   700.30680    0.950603   0.971386
   700.31700    0.937239   0.971856
   700.32780    0.950013   0.972387
   700.33860    0.955319   0.972995
   700.34940    0.948834   0.973481
   700.36020    0.997376   0.974010
   700.37040    0.975758   0.974576
   700.38120    0.965539   0.975066
   700.39200    0.949620   0.975562
   700.40280    0.982047   0.976141
   700.41300    1.000324   0.976576
   700.42380    0.968094   0.977144
   700.43460    0.992267   0.977646
   700.44540    0.977724   0.978140
   700.45620    0.950210   0.978726
   700.46640    0.940973   0.979134
   700.47720    0.951192   0.979666
   700.48800    0.929378   0.980194
   700.49880    0.941366   0.980619
   700.50900    0.965146   0.981117
   700.51980    0.962001   0.981597
   700.53060    0.940187   0.982038
   700.54140    0.935274   0.982573
   700.55220    0.976544   0.982998
   700.56240    0.997180   0.983441
   700.57320    0.992660   0.983987
   700.58400    0.975758   0.984367
   700.59480    0.989712   0.984859
   700.60500    0.940580   0.985311
   700.61580    0.952568   0.985692
   700.62660    0.950210   0.986137
   700.63740    0.963180   0.986653
   700.64820    0.939794   0.987012
   700.65840    0.942938   0.987420
   700.66920    0.939990   0.987901
   700.68000    0.952765   0.988312
   700.69080    0.947655   0.988658
   700.70100    0.995411   0.989055
   700.71180    0.980278   0.989455
   700.72260    0.942742   0.989889
   700.73340    0.958660   0.990250
   700.74420    0.985192   0.990625
   700.75440    0.973400   0.991062
   700.76520    0.937435   0.991350
   700.77600    0.953354   0.991751
   700.78680    0.958464   0.992139
   700.79700    1.003076   0.992452
   700.80780    1.030786   0.992855
   700.81860    0.993053   0.993182
   700.82940    0.974579   0.993534
   700.84020    0.961215   0.993924
   700.85040    1.007792   0.994177
   700.86120    0.986567   0.994467
   700.87200    0.984405   0.994846
   700.88280    0.956695   0.995124
   700.89300    0.983226   0.995402
   700.90380    0.984798   0.995731
   700.91460    0.967111   0.996010
   700.92540    0.966128   0.996365
   700.93620    0.959446   0.996555
   700.94640    0.969076   0.996847
   700.95720    0.966325   0.997152
   700.96800    0.966718   0.997342
   700.97880    0.980082   0.997596
   700.98900    1.001503   0.997838
   700.99980    0.984012   0.998054
   701.01060    1.019191   0.998347
   701.02140    1.019584   0.998500
   701.03220    0.990498   0.998665
   701.04240    0.998359   0.998921
   701.05320    0.970255   0.999035
   701.06400    1.000914   0.999239
   701.07480    0.988336   0.999417
   701.08500    1.011919   0.999518
   701.09580    0.985388   0.999696
   701.10660    0.988729   0.999785
   701.11740    0.997966   0.999861
   701.12820    1.009364   1.000000
   701.13840    1.004648   1.000000
   701.14920    0.998359   1.000000
   701.16000    0.998555   1.000000
   701.17080    1.007989   1.000000
   701.18100    0.996787   1.000000
   701.19180    0.972614   1.000000
   701.20260    0.972221   1.000000
   701.21340    0.970059   1.000000
   701.22420    0.981654   1.000000
   701.23440    0.946083   1.000000
   701.24520    0.971828   1.000000
   701.25600    1.001110   1.000000
   701.26680    0.990301   1.000000
   701.27700    0.968683   1.000000
   701.28780    1.007399   1.000000
   701.29860    1.046705   1.000000
   701.30940    1.013688   1.000000
   701.32020    0.997573   1.000000
   701.33040    1.004844   1.000000
   701.34120    0.994035   1.000000
   701.35200    1.004058   1.000000
   701.36280    1.013885   1.000000
   701.37300    1.032358   1.000000
   701.38380    1.039630   1.000000
   701.39460    1.028428   1.000000
   701.40540    1.009954   1.000000
   701.41620    1.036682   1.000000
   701.42640    1.031179   1.000000
   701.43720    1.014278   1.000000
   701.44800    0.997376   1.000000
   701.45880    1.032162   1.000000
   701.46900    0.998359   1.000000
   701.47980    0.988926   1.000000
   701.49060    0.977920   1.000000
   701.50140    1.041202   1.000000
   701.51220    1.044150   1.000000
   701.52240    1.041202   1.000000
   701.53320    1.042774   1.000000
   701.54400    1.022532   1.000000
   701.55480    1.007989   1.000000
   701.56500    0.984405   1.000000
   701.57580    1.012902   1.000000
   701.58660    1.010151   1.000000
   701.59740    1.000324   1.000000
   701.60820    1.021353   1.000000
   701.61840    0.990498   1.000000
   701.62920    1.002879   1.000000
   701.64000    1.028035   1.000000
   701.65080    0.996001   1.000000
   701.66100    1.002486   1.000000
   701.67180    1.007203   1.000000
   701.68260    1.021156   1.000000
   701.69340    1.010151   1.000000
   701.70420    1.009561   1.000000
   701.71440    1.000324   1.000000
   701.72520    0.988533   1.000000
   701.73600    1.001503   1.000000
   701.74680    0.982833   1.000000
   701.75700    1.047687   1.000000
   701.76780    1.027445   1.000000
   701.77860    1.003665   1.000000
   701.78940    1.011919   1.000000
   701.80020    1.021942   1.000000
   701.81040    1.033537   1.000000
   701.82120    1.053583   1.000000
   701.83200    1.016439   1.000000
   701.84280    1.034520   1.000000
   701.85300    1.025676   1.000000
   701.86380    1.024890   1.000000
   701.87460    1.021156   1.000000
   701.88540    1.002289   1.000000
   701.89620    1.023318   1.000000
   701.90640    1.018405   1.000000
   701.91720    1.035109   1.000000
   701.92800    1.038450   1.000000
   701.93880    1.026462   1.000000
   701.94900    1.013295   1.000000
   701.95980    1.017029   1.000000
   701.97060    1.048866   1.000000
   701.98140    1.013885   1.000000
   701.99220    1.021746   1.000000
   702.00240    1.074022   1.000000
   702.01320    1.049259   1.000000
   702.02400    1.029607   1.000000
   702.03480    1.014474   1.000000
   702.04500    1.019387   1.000000
   702.05580    1.008775   1.000000
   702.06660    1.023514   1.000000
   702.07740    1.027838   1.000000
   702.08820    1.033930   1.000000
   702.09840    1.024104   1.000000
   702.10920    1.014671   1.000000
   702.12000    1.036092   1.000000
   702.13080    1.027052   1.000000
   702.14100    1.035306   1.000000
   702.15180    1.024694   1.000000
   702.16260    1.021353   1.000000
   702.17340    1.026855   1.000000
   702.18420    1.035699   1.000000
   702.19440    1.018405   1.000000
   702.20520    1.033537   1.000000
   702.21600    1.025283   1.000000
   702.22680    1.045329   1.000000
   702.23700    1.022925   1.000000
   702.24780    1.037075   1.000000
   702.25860    1.036878   1.000000
   702.26940    1.052011   1.000000
   702.28020    1.030786   1.000000
   702.29040    0.988926   1.000000
   702.30120    1.018405   1.000000
   702.31200    1.040219   1.000000
   702.32280    1.017619   1.000000
   702.33300    1.022139   1.000000
   702.34380    1.008775   1.000000
   702.35460    1.021156   1.000000
   702.36540    1.034716   1.000000
   702.37620    1.031179   1.000000
   702.38640    0.991677   1.000000
   702.39720    0.986174   1.000000
   702.40800    1.011919   1.000000
   702.41880    1.006417   1.000000
   702.42900    0.998555   1.000000
   702.43980    1.016243   1.000000
   702.45060    0.999735   1.000000
   702.46140    0.997769   1.000000
   702.47220    0.985781   1.000000
   702.48240    1.001700   1.000000
   702.49320    0.988533   1.000000
   702.50400    1.034520   1.000000
   702.51480    1.027052   1.000000
   702.52500    1.021746   1.000000
   702.53580    1.022532   1.000000
   702.54660    1.030589   1.000000
   702.55740    1.021549   1.000000
   702.56820    1.006023   1.000000
   702.57840    1.014081   1.000000
   702.58920    0.981458   1.000000
   702.60000    1.002093   1.000000
   702.61080    0.984012   1.000000
   702.62100    0.999342   1.000000
   702.63180    1.014867   1.000000
   702.64260    1.021746   1.000000
   702.65340    1.037271   1.000000
   702.66420    1.038450   1.000000
   702.67440    0.999145   1.000000
   702.68520    1.026855   1.000000
   702.69600    1.011330   1.000000
   702.70680    0.999931   1.000000
   702.71700    1.025087   1.000000
   702.72780    1.017226   1.000000
   702.73860    1.024497   1.000000
   702.74940    1.006613   1.000000
   702.76020    1.036682   1.000000
   702.77040    1.034716   1.000000
   702.78120    1.007989   1.000000
   702.79200    1.014671   1.000000
   702.80280    1.018012   1.000000
   702.81300    1.036092   1.000000
   702.82380    1.031965   1.000000
   702.83460    1.016832   1.000000
   702.84540    1.014081   1.000000
   702.85620    1.006023   1.000000
   702.86640    1.011133   1.000000
   702.87720    1.012116   1.000000
   702.88800    1.042774   1.000000
   702.89880    1.058300   1.000000
   702.90900    1.057907   1.000000
   702.91980    1.049653   1.000000
   702.93060    1.029607   1.000000
   702.94140    1.028231   1.000000
   702.95220    1.006023   1.000000
   702.96240    1.011330   1.000000
   702.97320    0.980671   1.000000
   702.98400    1.022139   1.000000
   702.99480    1.018012   1.000000
   703.00500    1.001700   1.000000
