   453.51057    1.000187   1.000000
   453.52123    1.035972   1.000000
   453.53190    1.013381   1.000000
   453.54257    1.005584   1.000000
   453.55323    1.010782   1.000000
   453.56390    1.020378   1.000000
   453.57457    1.016580   1.000000
   453.58523    0.954605   1.000000
   453.59590    1.018379   1.000000
   453.60657    1.094148   1.000000
   453.61723    1.025176   1.000000
   453.62790    1.034172   1.000000
   453.63857    1.015580   1.000000
   453.64923    1.009183   1.000000
   453.65990    1.037571   1.000000
   453.67057    1.074956   1.000000
   453.68123    1.039970   1.000000
   453.69190    0.999387   1.000000
   453.70257    1.052565   1.000000
   453.71323    1.049766   1.000000
   453.72390    1.040570   1.000000
   453.73457    0.990391   1.000000
   453.74523    0.989991   1.000000
   453.75590    1.001786   1.000000
   453.76657    0.998387   1.000000
   453.77723    1.011182   1.000000
   453.78790    1.024976   1.000000
   453.79857    0.941811   1.000000
   453.80923    0.982794   1.000000
   453.81990    1.094148   1.000000
   453.83057    0.990790   1.000000
   453.84123    0.942410   1.000000
   453.85190    1.026776   1.000000
   453.86257    1.042169   1.000000
   453.87323    0.985393   1.000000
   453.88390    0.948408   1.000000
   453.89457    1.015780   1.000000
   453.90523    1.029774   1.000000
   453.91590    1.004785   1.000000
   453.92657    1.062761   1.000000
   453.93723    1.012381   1.000000
   453.94790    1.000386   1.000000
   453.95857    1.017379   1.000000
   453.96923    1.026776   1.000000
   453.97990    0.958604   1.000000
   453.99057    0.995988   1.000000
   454.00123    1.040170   1.000000
   454.01190    1.049766   1.000000
   454.02257    1.023977   1.000000
   454.03323    1.010982   1.000000
   454.04390    1.022977   1.000000
   454.05457    1.029574   1.000000
   454.06523    1.038171   1.000000
   454.07590    1.046967   1.000000
   454.08657    1.056963   1.000000
   454.09723    0.976996   1.000000
   454.10790    1.002586   1.000000
   454.11857    1.004385   1.000000
   454.12923    0.976196   1.000000
   454.13990    1.003985   1.000000
   454.15057    1.014581   1.000000
   454.16123    1.032773   1.000000
   454.17190    0.986392   1.000000
   454.18257    0.995389   1.000000
   454.19323    0.999187   1.000000
   454.20390    1.017180   1.000000
   454.21457    1.039170   1.000000
   454.22523    1.007983   1.000000
   454.23590    1.010182   1.000000
   454.24657    0.936413   1.000000
   454.25723    1.020378   1.000000
   454.26790    1.043968   1.000000
   454.27857    1.003785   1.000000
   454.28923    0.970799   1.000000
   454.29990    1.020978   1.000000
   454.31057    1.032973   1.000000
   454.32123    0.982794   1.000000
   454.33190    0.954206   1.000000
   454.34257    0.964201   1.000000
   454.35323    0.988191   1.000000
   454.36390    0.967800   1.000000
   454.37457    1.015580   1.000000
   454.38523    0.996188   1.000000
   454.39590    1.004585   1.000000
   454.40657    1.018379   1.000000
   454.41723    1.004185   1.000000
   454.42790    0.958804   1.000000
   454.43857    1.015180   1.000000
   454.44923    1.046767   1.000000
   454.45990    0.957804   1.000000
   454.47057    1.004785   1.000000
   454.48123    0.993389   1.000000
   454.49190    0.999787   1.000000
   454.50257    0.997788   1.000000
   454.51323    0.979995   1.000000
   454.52390    1.001186   1.000000
   454.53457    0.975597   1.000000
   454.54523    0.993589   1.000000
   454.55590    0.961203   1.000000
   454.56657    0.989391   1.000000
   454.57723    1.028775   1.000000
   454.58790    0.995389   1.000000
   454.59857    0.987392   1.000000
   454.60923    1.005984   1.000000
   454.61990    0.966600   1.000000
   454.63057    0.998587   1.000000
   454.64123    0.971798   1.000000
   454.65190    0.963202   1.000000
   454.66257    0.989791   1.000000
   454.67323    1.010782   1.000000
   454.68390    0.949008   1.000000
   454.69457    1.031174   1.000000
   454.70523    0.967600   1.000000
   454.71590    1.003185   1.000000
   454.72657    1.000986   1.000000
   454.73723    0.946209   1.000000
   454.74790    0.992590   1.000000
   454.75857    1.022977   1.000000
   454.76923    0.942810   1.000000
   454.77990    0.951207   1.000000
   454.79057    1.000187   1.000000
   454.80123    1.000187   1.000000
   454.81190    0.998387   1.000000
   454.82257    1.003385   1.000000
   454.83323    0.984793   1.000000
   454.84390    0.991390   1.000000
   454.85457    0.989991   1.000000
   454.86523    0.968999   1.000000
   454.87590    1.016380   1.000000
   454.88657    0.968800   1.000000
   454.89723    0.983993   1.000000
   454.90790    1.022577   1.000000
   454.91857    1.002985   1.000000
   454.92923    0.934814   1.000000
   454.93990    0.956804   1.000000
   454.95057    1.007384   1.000000
   454.96123    1.043968   1.000000
   454.97190    1.011582   1.000000
   454.98257    0.968999   1.000000
   454.99323    0.980195   1.000000
   455.00390    0.960803   1.000000
   455.01457    1.009783   1.000000
   455.02523    0.970399   1.000000
   455.03590    0.949607   1.000000
   455.04657    0.976396   1.000000
   455.05723    1.010182   1.000000
   455.06790    0.975197   1.000000
   455.07857    1.020178   1.000000
   455.08923    0.979195   1.000000
   455.09990    0.965001   1.000000
   455.11057    0.966001   0.999959
   455.12123    0.974397   0.999929
   455.13190    0.991190   0.999850
   455.14257    1.027575   0.999787
   455.15323    0.980795   0.999679
   455.16390    0.982994   0.999582
   455.17457    1.012581   0.999451
   455.18523    0.975997   0.999318
   455.19590    0.951807   0.999210
   455.20657    1.031574   0.999000
   455.21723    0.990191   0.998866
   455.22790    1.001586   0.998656
   455.23857    1.013781   0.998482
   455.24923    1.008183   0.998203
   455.25990    1.007983   0.998038
   455.27057    0.968200   0.997756
   455.28123    0.959403   0.997546
   455.29190    0.957004   0.997289
   455.30257    0.999387   0.997007
   455.31323    1.029175   0.996779
   455.32390    1.009982   0.996471
   455.33457    0.983194   0.996224
   455.34523    0.994189   0.995880
   455.35590    1.022377   0.995602
   455.36657    0.998787   0.995239
   455.37723    0.948808   0.994956
   455.38790    0.932015   0.994582
   455.39857    0.987992   0.994257
   455.40923    0.989391   0.993905
   455.41990    0.956605   0.993545
   455.43057    0.958604   0.993229
   455.44123    0.977596   0.992790
   455.45190    0.989391   0.992447
   455.46257    0.990990   0.992030
   455.47323    0.978795   0.991627
   455.48390    0.977596   0.991231
   455.49457    0.995189   0.990832
   455.50523    1.015980   0.990467
   455.51590    0.964401   0.989961
   455.52657    0.938012   0.989556
   455.53723    0.967400   0.989102
   455.54790    0.958004   0.988704
   455.55857    0.987792   0.988198
   455.56923    0.953206   0.987738
   455.57990    0.943410   0.987299
   455.59057    0.968000   0.986841
   455.60123    0.942810   0.986388
   455.61190    0.963002   0.985835
   455.62257    0.974197   0.985359
   455.63323    0.962602   0.984880
   455.64390    0.975997   0.984381
   455.65457    1.013781   0.983908
   455.66523    0.946209   0.983361
   455.67590    0.992990   0.982864
   455.68657    0.928816   0.982286
   455.69723    0.958604   0.981819
   455.70790    0.991190   0.981291
   455.71857    0.953406   0.980758
   455.72923    0.958204   0.980268
   455.73990    0.983194   0.979611
   455.75057    0.976996   0.979117
   455.76123    0.963602   0.978533
   455.77190    0.964401   0.978007
   455.78257    0.951207   0.977508
   455.79323    0.972798   0.976862
   455.80390    0.941411   0.976296
   455.81457    0.983593   0.975696
   455.82523    0.970799   0.975177
   455.83590    0.968999   0.974595
   455.84657    0.969999   0.973976
   455.85723    0.982394   0.973410
   455.86790    0.964201   0.972744
   455.87857    0.961802   0.972183
   455.88923    0.970199   0.971656
   455.89990    0.971998   0.970992
   455.91057    0.944210   0.970381
   455.92123    0.976196   0.969740
   455.93190    0.953406   0.969118
   455.94257    0.939212   0.968572
   455.95323    0.932614   0.967858
   455.96390    0.957604   0.967307
   455.97457    0.908225   0.966616
   455.98523    0.976196   0.965962
   455.99590    0.978595   0.965407
   456.00657    0.946409   0.964704
   456.01723    0.923818   0.964094
   456.02790    0.925617   0.963435
   456.03857    0.922819   0.962802
   456.04923    0.964601   0.962161
   456.05990    0.957604   0.961506
   456.07057    0.944010   0.960855
   456.08123    0.899428   0.960213
   456.09190    0.906025   0.959524
   456.10257    0.928616   0.958937
   456.11323    0.947009   0.958204
   456.12390    0.909424   0.957506
   456.13457    0.916621   0.956880
   456.14523    0.940411   0.956193
   456.15590    0.956405   0.955499
   456.16657    0.905626   0.954928
   456.17723    0.959004   0.954215
   456.18790    0.950007   0.953528
   456.19857    0.935813   0.952867
   456.20923    0.920420   0.952140
   456.21990    0.996788   0.951478
   456.23057    0.958004   0.950785
   456.24123    0.964601   0.950128
   456.25190    0.972998   0.949490
   456.26257    0.920220   0.948773
   456.27323    0.936613   0.948040
   456.28390    0.926017   0.947377
   456.29457    0.938012   0.946676
   456.30523    0.956605   0.946044
   456.31590    0.933414   0.945377
   456.32657    0.938212   0.944667
   456.33723    0.919420   0.943936
   456.34790    0.945809   0.943336
   456.35857    0.946409   0.942566
   456.36923    0.959004   0.941859
   456.37990    0.928016   0.941252
   456.39057    0.891831   0.940501
   456.40123    0.921219   0.939844
   456.41190    0.932614   0.939171
   456.42257    0.942210   0.938418
   456.43323    0.935413   0.937744
   456.44390    0.936413   0.937063
   456.45457    0.958404   0.936370
   456.46523    0.935613   0.935673
   456.47590    0.922219   0.935037
   456.48657    0.928416   0.934340
   456.49723    0.953206   0.933593
   456.50790    0.943610   0.932966
   456.51857    0.928816   0.932243
   456.52923    0.924018   0.931533
   456.53990    0.913422   0.930881
   456.55057    0.914622   0.930278
   456.56123    0.941011   0.929508
   456.57190    0.910823   0.928821
   456.58257    0.906225   0.928202
   456.59323    0.920020   0.927455
   456.60390    0.926217   0.926745
   456.61457    0.900828   0.926056
   456.62523    0.922819   0.925407
   456.63590    0.886633   0.924762
   456.64657    0.901427   0.924095
   456.65723    0.960403   0.923523
   456.66790    0.896629   0.922724
   456.67857    0.930815   0.922101
   456.68923    0.929416   0.921408
   456.69990    0.933014   0.920755
   456.71057    0.910823   0.920123
   456.72123    0.910024   0.919471
   456.73190    0.926017   0.918853
   456.74257    0.943210   0.918101
   456.75323    0.924618   0.917447
   456.76390    0.916821   0.916790
   456.77457    0.902827   0.916206
   456.78523    0.888633   0.915531
   456.79590    0.873239   0.914899
   456.80657    0.876838   0.914310
   456.81723    0.950207   0.913606
   456.82790    0.938412   0.912929
   456.83857    0.895630   0.912332
   456.84923    0.904426   0.911709
   456.85990    0.912223   0.911113
   456.87057    0.897429   0.910429
   456.88123    0.921619   0.909868
   456.89190    0.919820   0.909245
   456.90257    0.871040   0.908598
   456.91323    0.948608   0.907916
   456.92390    0.912223   0.907312
   456.93457    0.907625   0.906807
   456.94523    0.925617   0.906208
   456.95590    0.952406   0.905587
   456.96657    0.914422   0.904918
   456.97723    0.917021   0.904431
   456.98790    0.902027   0.903855
   456.99857    0.895830   0.903219
   457.00923    0.918420   0.902634
   457.01990    0.918420   0.901994
   457.03057    0.907225   0.901539
   457.04123    0.906025   0.900896
   457.05190    0.927417   0.900435
   457.06257    0.914022   0.899782
   457.07323    0.922019   0.899167
   457.08390    0.882835   0.898657
   457.09457    0.912223   0.898071
   457.10523    0.914022   0.897582
   457.11590    0.896629   0.896981
   457.12657    0.898429   0.896525
   457.13723    0.900628   0.895921
   457.14790    0.888633   0.895435
   457.15857    0.909824   0.894935
   457.16923    0.887633   0.894299
   457.17990    0.915222   0.893877
   457.19057    0.932614   0.893387
   457.20123    0.901627   0.892970
   457.21190    0.914822   0.892301
   457.22257    0.893031   0.891839
   457.23323    0.932415   0.891409
   457.24390    0.900028   0.890851
   457.25457    0.844251   0.890417
   457.26523    0.882635   0.889897
   457.27590    0.849049   0.889542
   457.28657    0.859645   0.888932
   457.29723    0.867641   0.888460
   457.30790    0.913422   0.888033
   457.31857    0.893231   0.887641
   457.32923    0.846250   0.887228
   457.33990    0.884434   0.886664
   457.35057    0.937013   0.886344
   457.36123    0.880636   0.885862
   457.37190    0.837254   0.885423
   457.38257    0.872239   0.885011
   457.39323    0.932415   0.884668
   457.40390    0.905626   0.884252
   457.41457    0.847250   0.883744
   457.42523    0.891431   0.883434
   457.43590    0.863443   0.882987
   457.44657    0.872439   0.882681
   457.45723    0.914022   0.882234
   457.46790    0.914622   0.881986
   457.47857    0.903626   0.881498
   457.48923    0.888233   0.881186
   457.49990    0.896230   0.880852
   457.51057    0.922619   0.880429
   457.52123    0.866842   0.880094
   457.53190    0.849449   0.879827
   457.54257    0.888633   0.879460
   457.55323    0.909624   0.879073
   457.56390    0.898229   0.878885
   457.57457    0.898629   0.878511
   457.58523    0.907825   0.878274
   457.59590    0.888033   0.877980
   457.60657    0.897029   0.877728
   457.61723    0.905826   0.877322
   457.62790    0.869241   0.877122
   457.63857    0.842652   0.876727
   457.64923    0.877437   0.876535
   457.65990    0.896030   0.876274
   457.67057    0.905226   0.875980
   457.68123    0.855646   0.875847
   457.69190    0.903427   0.875530
   457.70257    0.883435   0.875300
   457.71323    0.869441   0.875069
   457.72390    0.872439   0.874852
   457.73457    0.862843   0.874706
   457.74523    0.853447   0.874448
   457.75590    0.882035   0.874250
   457.76657    0.922419   0.874118
   457.77723    0.878437   0.873928
   457.78790    0.866842   0.873732
   457.79857    0.910823   0.873589
   457.80923    0.867841   0.873340
   457.81990    0.833855   0.873319
   457.83057    0.881036   0.873014
   457.84123    0.864842   0.872996
   457.85190    0.873439   0.872734
   457.86257    0.883435   0.872678
   457.87323    0.891232   0.872504
   457.88390    0.886833   0.872424
   457.89457    0.898429   0.872313
   457.90523    0.903227   0.872244
   457.91590    0.873239   0.872097
   457.92657    0.863643   0.872041
   457.93723    0.867241   0.871946
   457.94790    0.905826   0.871911
   457.95857    0.872040   0.871864
   457.96923    0.894430   0.871756
   457.97990    0.874638   0.871727
   457.99057    0.819661   0.871676
   458.00123    0.875838   0.871628
   458.01190    0.870040   0.871683
   458.02257    0.869840   0.871595
   458.03323    0.901827   0.871691
   458.04390    0.893231   0.871562
   458.05457    0.854647   0.871622
   458.06523    0.866442   0.871583
   458.07590    0.883035   0.871645
   458.08657    0.882635   0.871736
   458.09723    0.872239   0.871679
   458.10790    0.909624   0.871774
   458.11857    0.882635   0.871782
   458.12923    0.896829   0.871781
   458.13990    0.909624   0.871920
   458.15057    0.891032   0.871892
   458.16123    0.880036   0.871980
   458.17190    0.881236   0.872093
   458.18257    0.907025   0.872109
   458.19323    0.869041   0.872278
   458.20390    0.866442   0.872287
   458.21457    0.897029   0.872455
   458.22523    0.864243   0.872615
   458.23590    0.910624   0.872661
   458.24657    0.872839   0.872852
   458.25723    0.875438   0.873070
   458.26790    0.874039   0.873171
   458.27857    0.869640   0.873257
   458.28923    0.882235   0.873520
   458.29990    0.879836   0.873548
   458.31057    0.855846   0.873825
   458.32123    0.884634   0.873980
   458.33190    0.916021   0.874123
   458.34257    0.878237   0.874299
   458.35323    0.858045   0.874594
   458.36390    0.912223   0.874732
   458.37457    0.909024   0.875064
   458.38523    0.903826   0.875237
   458.39590    0.858645   0.875364
   458.40657    0.881636   0.875663
   458.41723    0.885634   0.875915
   458.42790    0.859845   0.876115
   458.43857    0.868841   0.876319
   458.44923    0.938012   0.876754
   458.45990    0.860444   0.876920
   458.47057    0.845850   0.877166
   458.48123    0.864043   0.877480
   458.49190    0.872439   0.877804
   458.50257    0.898429   0.878022
   458.51323    0.916021   0.878328
   458.52390    0.913023   0.878753
   458.53457    0.889632   0.879025
   458.54523    0.898629   0.879341
   458.55590    0.883035   0.879637
   458.56657    0.877637   0.880009
   458.57723    0.904426   0.880298
   458.58790    0.887233   0.880605
   458.59857    0.904826   0.881106
   458.60923    0.877237   0.881449
   458.61990    0.867441   0.881767
   458.63057    0.864043   0.882061
   458.64123    0.892031   0.882443
   458.65190    0.877237   0.882906
   458.66257    0.885434   0.883258
   458.67323    0.852847   0.883733
   458.68390    0.882635   0.884016
   458.69457    0.887633   0.884559
   458.70523    0.916821   0.884814
   458.71590    0.882235   0.885276
   458.72657    0.872439   0.885743
   458.73723    0.883035   0.886239
   458.74790    0.903027   0.886642
   458.75857    0.895430   0.886973
   458.76923    0.880236   0.887550
   458.77990    0.866242   0.887999
   458.79057    0.886034   0.888508
   458.80123    0.888033   0.888860
   458.81190    0.881036   0.889306
   458.82257    0.918220   0.889917
   458.83323    0.894230   0.890389
   458.84390    0.894630   0.890884
   458.85457    0.883235   0.891201
   458.86523    0.890632   0.891766
   458.87590    0.883835   0.892360
   458.88657    0.867042   0.892889
   458.89723    0.904226   0.893420
   458.90790    0.911023   0.893871
   458.91857    0.936413   0.894456
   458.92923    0.937812   0.894923
   458.93990    0.925817   0.895509
   458.95057    0.910024   0.896045
   458.96123    0.901227   0.896525
   458.97190    0.910224   0.897131
   458.98257    0.903227   0.897601
   458.99323    0.879836   0.898228
   459.00390    0.919820   0.898845
   459.01457    0.908624   0.899408
   459.02523    0.900628   0.899913
   459.03590    0.919220   0.900520
   459.04657    0.900228   0.901160
   459.05723    0.908424   0.901732
   459.06790    0.861444   0.902326
   459.07857    0.907025   0.902823
   459.08923    0.930815   0.903511
   459.09990    0.909824   0.904097
   459.11057    0.948608   0.904674
   459.12123    0.937213   0.905316
   459.13190    0.954605   0.905990
   459.14257    0.906825   0.906548
   459.15323    0.906825   0.907181
   459.16390    0.912623   0.907772
   459.17457    0.907425   0.908460
   459.18523    0.882235   0.909010
   459.19590    0.873039   0.909681
   459.20657    0.873439   0.910375
   459.21723    0.933214   0.910959
   459.22790    0.932814   0.911618
   459.23857    0.895430   0.912326
   459.24923    0.888033   0.912967
   459.25990    0.907025   0.913533
   459.27057    0.909224   0.914270
   459.28123    0.911823   0.914960
   459.29190    0.921019   0.915634
   459.30257    0.912423   0.916258
   459.31323    0.945209   0.916970
   459.32390    0.937013   0.917601
   459.33457    0.922819   0.918239
   459.34523    0.897629   0.919045
   459.35590    0.935613   0.919651
   459.36657    0.956605   0.920340
   459.37723    0.917021   0.921060
   459.38790    0.900228   0.921764
   459.39857    0.914022   0.922422
   459.40923    0.934014   0.923127
   459.41990    0.908225   0.923802
   459.43057    0.880636   0.924485
   459.44123    0.899228   0.925273
   459.45190    0.916021   0.925968
   459.46257    0.952606   0.926606
   459.47323    0.919220   0.927358
   459.48390    0.921219   0.928080
   459.49457    0.919820   0.928747
   459.50523    0.913622   0.929491
   459.51590    0.922619   0.930226
   459.52657    0.912423   0.930981
   459.53723    0.947408   0.931694
   459.54790    0.955605   0.932380
   459.55857    0.927417   0.933035
   459.56923    0.949607   0.933846
   459.57990    0.959403   0.934549
   459.59057    0.928216   0.935222
   459.60123    0.922019   0.936019
   459.61190    0.946009   0.936744
   459.62257    0.949607   0.937428
   459.63323    0.944809   0.938202
   459.64390    0.944610   0.938855
   459.65457    0.913622   0.939605
   459.66523    0.961003   0.940374
   459.67590    0.924418   0.941026
   459.68657    0.935813   0.941808
   459.69723    0.965801   0.942561
   459.70790    0.987392   0.943260
   459.71857    0.965001   0.944000
   459.72923    0.982994   0.944733
   459.73990    0.957204   0.945472
   459.75057    0.931015   0.946244
   459.76123    0.949008   0.946874
   459.77190    0.904026   0.947644
   459.78257    0.926217   0.948348
   459.79323    0.915621   0.949084
   459.80390    0.933614   0.949916
   459.81457    0.973797   0.950553
   459.82523    0.974997   0.951276
   459.83590    0.898229   0.952064
   459.84657    0.909624   0.952768
   459.85723    0.933014   0.953489
   459.86790    0.972198   0.954170
   459.87857    0.911423   0.954900
   459.88923    0.927217   0.955725
   459.89990    0.893830   0.956351
   459.91057    0.871640   0.957116
   459.92123    0.955005   0.957819
   459.93190    0.939012   0.958434
   459.94257    0.926217   0.959251
   459.95323    0.904626   0.959930
   459.96390    0.926417   0.960647
   459.97457    0.962802   0.961430
   459.98523    0.909624   0.962049
   459.99590    0.955805   0.962782
   460.00657    0.952206   0.963477
   460.01723    0.957004   0.964166
   460.02790    0.946609   0.964807
   460.03857    0.948808   0.965561
   460.04923    0.991390   0.966328
   460.05990    0.964201   0.966918
   460.07057    0.945009   0.967636
   460.08123    0.934014   0.968329
   460.09190    0.944410   0.968961
   460.10257    0.918020   0.969734
   460.11323    0.954006   0.970359
   460.12390    0.938812   0.971054
   460.13457    0.924618   0.971691
   460.14523    0.925817   0.972280
   460.15590    0.957204   0.972998
   460.16657    0.976196   0.973715
   460.17723    0.938212   0.974333
   460.18790    0.987792   0.974869
   460.19857    0.922419   0.975627
   460.20923    0.927816   0.976265
   460.21990    0.961203   0.976868
   460.23057    0.922619   0.977606
   460.24123    0.990790   0.978125
   460.25190    0.998387   0.978810
   460.26257    0.937213   0.979362
   460.27323    0.984393   0.980021
   460.28390    0.949408   0.980637
   460.29457    0.975797   0.981218
   460.30523    1.000586   0.981807
   460.31590    1.013181   0.982419
   460.32657    0.970799   0.983089
   460.33723    0.937412   0.983581
   460.34790    0.943810   0.984283
   460.35857    0.937412   0.984727
   460.36923    0.998387   0.985288
   460.37990    0.944610   0.985892
   460.39057    0.915222   0.986388
   460.40123    0.975797   0.986966
   460.41190    0.947208   0.987495
   460.42257    1.030374   0.988089
   460.43323    0.996988   0.988540
   460.44390    0.960203   0.989108
   460.45457    0.988591   0.989534
   460.46523    0.989991   0.990105
   460.47590    0.969599   0.990626
   460.48657    0.954206   0.991042
   460.49723    0.961403   0.991549
   460.50790    0.971798   0.991979
   460.51857    0.995389   0.992516
   460.52923    0.945009   0.992935
   460.53990    0.991190   0.993434
   460.55057    0.989391   0.993771
   460.56123    0.988991   0.994326
   460.57190    0.977396   0.994652
   460.58257    1.001386   0.995074
   460.59323    0.950407   0.995454
   460.60390    0.998987   0.995823
   460.61457    1.003385   0.996245
   460.62523    1.006384   0.996587
   460.63590    1.013381   0.996957
   460.64657    1.004985   0.997231
   460.65723    1.000187   0.997643
   460.66790    0.984193   0.997877
   460.67857    0.973997   0.998234
   460.68923    0.964001   0.998454
   460.69990    0.940411   0.998814
   460.71057    0.986592   0.998993
   460.72123    0.977196   0.999255
   460.73190    0.951407   0.999421
   460.74257    0.963802   0.999614
   460.75323    0.958204   0.999780
   460.76390    1.025776   0.999904
   460.77457    0.985593   1.000000
   460.78523    0.999587   1.000000
   460.79590    1.003585   1.000000
   460.80657    1.025776   1.000000
   460.81723    1.035772   1.000000
   460.82790    1.018979   1.000000
   460.83857    0.936613   1.000000
   460.84923    1.003185   1.000000
   460.85990    0.990990   1.000000
   460.87057    1.004385   1.000000
   460.88123    0.974397   1.000000
   460.89190    0.935013   1.000000
   460.90257    0.934814   1.000000
   460.91323    0.965401   1.000000
   460.92390    1.015580   1.000000
   460.93457    1.037371   1.000000
   460.94523    0.990990   1.000000
   460.95590    0.990391   1.000000
   460.96657    1.016980   1.000000
   460.97723    0.974597   1.000000
   460.98790    0.989991   1.000000
   460.99857    1.012781   1.000000
   461.00923    1.007783   1.000000
   461.01990    1.010182   1.000000
   461.03057    1.009183   1.000000
   461.04123    1.018779   1.000000
   461.05190    1.033973   1.000000
   461.06257    0.992990   1.000000
   461.07323    0.994389   1.000000
   461.08390    1.005184   1.000000
   461.09457    1.038171   1.000000
   461.10523    0.975997   1.000000
   461.11590    0.993989   1.000000
   461.12657    0.972598   1.000000
   461.13723    0.953006   1.000000
   461.14790    1.002785   1.000000
   461.15857    1.019978   1.000000
   461.16923    0.993989   1.000000
   461.17990    0.958604   1.000000
   461.19057    1.007384   1.000000
   461.20123    0.980994   1.000000
   461.21190    0.983593   1.000000
   461.22257    1.039170   1.000000
   461.23323    1.022777   1.000000
   461.24390    0.989991   1.000000
   461.25457    0.986592   1.000000
   461.26523    0.953206   1.000000
   461.27590    0.988591   1.000000
   461.28657    0.992990   1.000000
   461.29723    0.990391   1.000000
   461.30790    1.046168   1.000000
   461.31857    0.997388   1.000000
   461.32923    1.007583   1.000000
   461.33990    0.981394   1.000000
   461.35057    0.989591   1.000000
   461.36123    0.976796   1.000000
   461.37190    0.973797   1.000000
   461.38257    1.011582   1.000000
   461.39323    1.016780   1.000000
   461.40390    1.031773   1.000000
   461.41457    0.999587   1.000000
   461.42523    1.016580   1.000000
   461.43590    1.005384   1.000000
   461.44657    0.976796   1.000000
   461.45723    0.989391   1.000000
   461.46790    1.007384   1.000000
   461.47857    0.979195   1.000000
   461.48923    0.990990   1.000000
   461.49990    1.001386   1.000000
   461.51057    0.994789   1.000000
   461.52123    0.983993   1.000000
   461.53190    0.964401   1.000000
   461.54257    0.981794   1.000000
   461.55323    0.993789   1.000000
   461.56390    1.041769   1.000000
   461.57457    0.997588   1.000000
   461.58523    0.968200   1.000000
   461.59590    0.988391   1.000000
   461.60657    1.021378   1.000000
   461.61723    1.036571   1.000000
   461.62790    0.985593   1.000000
   461.63857    0.974197   1.000000
   461.64923    0.980795   1.000000
   461.65990    0.996588   1.000000
   461.67057    1.016580   1.000000
   461.68123    1.021378   1.000000
   461.69190    0.998187   1.000000
   461.70257    0.981594   1.000000
   461.71323    0.999187   1.000000
   461.72390    1.030574   1.000000
   461.73457    1.028975   1.000000
   461.74523    1.011182   1.000000
   461.75590    1.021978   1.000000
   461.76657    1.007184   1.000000
   461.77723    1.030974   1.000000
   461.78790    1.055764   1.000000
   461.79857    0.998987   1.000000
   461.80923    0.980595   1.000000
   461.81990    0.998187   1.000000
   461.83057    1.013381   1.000000
   461.84123    1.013981   1.000000
   461.85190    1.006384   1.000000
   461.86257    0.990391   1.000000
   461.87323    1.046367   1.000000
   461.88390    1.056763   1.000000
   461.89457    1.047367   1.000000
   461.90523    1.008383   1.000000
   461.91590    1.012381   1.000000
   461.92657    1.009383   1.000000
   461.93723    0.993189   1.000000
   461.94790    1.069558   1.000000
   461.95857    1.018979   1.000000
   461.96923    1.046168   1.000000
   461.97990    1.036971   1.000000
   461.99057    0.998387   1.000000
   462.00123    1.052765   1.000000
   462.01190    1.009583   1.000000
   462.02257    1.011782   1.000000
   462.03323    1.031773   1.000000
   462.04390    0.987592   1.000000
   462.05457    1.062161   1.000000
   462.06523    1.027775   1.000000
   462.07590    1.019379   1.000000
   462.08657    1.022377   1.000000
   462.09723    1.007384   1.000000
   462.10790    1.018179   1.000000
   462.11857    0.996588   1.000000
   462.12923    1.064560   1.000000
   462.13990    1.054564   1.000000
   462.15057    1.011382   1.000000
   462.16123    1.048966   1.000000
   462.17190    1.032773   1.000000
   462.18257    1.057763   1.000000
   462.19323    1.023577   1.000000
   462.20390    1.042569   1.000000
   462.21457    1.008383   1.000000
   462.22523    1.004385   1.000000
   462.23590    0.976196   1.000000
   462.24657    1.009383   1.000000
   462.25723    1.025176   1.000000
   462.26790    0.993989   1.000000
   462.27857    1.025776   1.000000
   462.28923    1.039770   1.000000
   462.29990    1.003585   1.000000
   462.31057    1.034772   1.000000
   462.32123    1.037771   1.000000
   462.33190    1.013581   1.000000
   462.34257    1.016380   1.000000
   462.35323    1.057363   1.000000
   462.36390    0.997588   1.000000
   462.37457    1.055564   1.000000
   462.38523    1.003385   1.000000
   462.39590    1.014581   1.000000
   462.40657    1.026176   1.000000
   462.41723    0.998787   1.000000
   462.42790    1.008383   1.000000
   462.43857    1.029774   1.000000
   462.44923    0.994389   1.000000
   462.45990    0.969999   1.000000
   462.47057    1.026576   1.000000
   462.48123    1.055564   1.000000
   462.49190    1.012581   1.000000
   462.50257    1.019978   1.000000
   462.51323    1.078954   1.000000
   462.52390    1.049966   1.000000
   462.53457    1.054164   1.000000
   462.54523    1.042369   1.000000
   462.55590    1.080553   1.000000
   462.56657    1.056763   1.000000
   462.57723    1.041969   1.000000
   462.58790    1.046168   1.000000
   462.59857    1.027775   1.000000
   462.60923    1.061961   1.000000
   462.61990    1.025776   1.000000
   462.63057    1.050166   1.000000
   462.64123    1.033773   1.000000
   462.65190    0.983593   1.000000
   462.66257    1.019778   1.000000
   462.67323    1.073756   1.000000
