  1140.02914    0.915910   1.000000
  1140.02971    0.937244   1.000000
  1140.03389    0.949407   1.000000
  1140.03806    0.738334   1.000000
  1140.04541    0.845381   1.000000
  1140.05462    0.859513   1.000000
  1140.06096    1.012634   1.000000
  1140.06931    0.824618   1.000000
  1140.07651    0.861892   1.000000
  1140.08285    0.806590   1.000000
  1140.08803    1.010771   1.000000
  1140.09638    0.887672   1.000000
  1140.10416    0.982319   1.000000
  1140.11107    0.910862   1.000000
  1140.12130    1.066234   1.000000
  1140.12763    0.900021   1.000000
  1140.13598    0.977806   1.000000
  1140.14318    1.060358   1.000000
  1140.14952    0.937244   1.000000
  1140.15470    1.000582   1.000000
  1140.16306    0.951158   1.000000
  1140.17083    0.850849   1.000000
  1140.17760    0.924384   1.000000
  1140.18797    0.987763   1.000000
  1140.19430    1.219699   1.000000
  1140.20266    0.847720   1.000000
  1140.20986    0.991408   1.000000
  1140.21619    0.980511   1.000000
  1140.22138    1.062313   1.000000
  1140.22973    1.060358   1.000000
  1140.23750    0.976006   1.000000
  1140.24427    0.856353   1.000000
  1140.25464    0.905842   1.000000
  1140.26098    0.976006   1.000000
  1140.27235    0.974210   1.000000
  1140.28099    0.991408   1.000000
  1140.28805    0.932079   1.000000
  1140.29640    1.066234   1.000000
  1140.30677    1.072143   1.000000
  1140.31296    1.001504   1.000000
  1140.32131    0.765337   1.000000
  1140.32765    0.876300   1.000000
  1140.33802    1.008910   1.000000
  1140.34738    0.890128   1.000000
  1140.35472    0.835320   1.000000
  1140.36307    0.879534   1.000000
  1140.37344    0.914224   1.000000
  1140.37963    0.920137   1.000000
  1140.38698    0.903343   1.000000
  1140.39317    0.926089   1.000000
  1140.40152    1.063292   1.000000
  1140.40786    1.041964   1.000000
  1140.41621    0.874687   1.000000
  1140.42355    1.147764   1.000000
  1140.43190    0.914224   1.000000
  1140.43795    0.952912   1.000000
  1140.44630    0.909186   1.000000
  1140.45048    1.087058   1.000000
  1140.45883    0.971522   1.000000
  1140.46618    0.993236   1.000000
  1140.47352    0.965278   1.000000
  1140.47971    1.035268   1.000000
  1140.48806    1.013567   1.000000
  1140.49440    0.927796   1.000000
  1140.50419    0.924384   1.000000
  1140.51298    0.865073   1.000000
  1140.52133    0.876300   1.000000
  1140.52766    1.024832   1.000000
  1140.53602    1.013567   1.000000
  1140.54322    1.127853   1.000000
  1140.55157    1.056459   1.000000
  1140.55790    0.955548   1.000000
  1140.56928    1.022004   1.000000
  1140.57648    0.846940   1.000000
  1140.58282    0.902511   1.000000
  1140.58800    0.907513   1.000000
  1140.59434    0.922683   1.000000
  1140.60269    0.977806   1.000000
  1140.60888    0.956429   1.000000
  1140.61622    0.978707   1.000000
  1140.62126    0.942438   1.000000
  1140.62962    0.996902   1.000000
  1140.63898    0.904175   1.000000
  1140.64733    0.905008   1.000000
  1140.65683    1.023888   1.000000
  1140.66403    1.081067   1.000000
  1140.67354    0.900021   1.000000
  1140.67973    1.174499   1.000000
  1140.68707    0.989584   1.000000
  1140.69110    0.917598   1.000000
  1140.69946    0.919290   1.000000
  1140.70565    1.078084   1.000000
  1140.71400    1.156252   1.000000
  1140.72350    1.220823   1.000000
  1140.73286    0.878724   1.000000
  1140.73805    1.066234   1.000000
  1140.74640    0.905008   1.000000
  1140.75360    0.843049   1.000000
  1140.76195    0.887672   1.000000
  1140.77088    0.906677   1.000000
  1140.78067    1.110331   1.000000
  1140.79018    0.965278   1.000000
  1140.79954    0.816305   1.000000
  1140.80472    1.037176   1.000000
  1140.81307    1.037176   1.000000
  1140.82027    1.084058   1.000000
  1140.83179    1.048703   1.000000
  1140.84115    1.141439   1.000000
  1140.84950    1.008910   1.000000
  1140.85570    1.010771   1.000000
  1140.86102    0.916754   1.000000
  1140.86938    1.108288   1.000000
  1140.87456    1.048703   1.000000
  1140.88277    1.189742   1.000000
  1140.88896    0.939837   1.000000
  1140.89630    0.946788   1.000000
  1140.90048    1.085057   1.000000
  1140.90984    1.050637   1.000000
  1140.91819    1.007982   1.000000
  1140.92453    0.951158   1.000000
  1140.93288    0.968841   1.000000
  1140.94022    0.892591   1.000000
  1140.94843    0.863481   1.000000
  1140.95462    1.030511   1.000000
  1140.96298    1.053544   1.000000
  1140.97133    0.846160   1.000000
  1140.98184    0.834551   1.000000
  1140.99019    0.831482   1.000000
  1140.99739    0.814053   1.000000
  1141.00474    0.941570   1.000000
  1141.01510    1.003350   1.000000
  1141.02547    0.905008   1.000000
  1141.03066    1.020123   1.000000
  1141.04016    0.923533   1.000000
  1141.05053    0.986853   1.000000
  1141.06104    0.913382   1.000000
  1141.06723    1.007054   1.000000
  1141.07141    1.064272   1.000000
  1141.08178    0.887672   1.000000
  1141.09114    1.100152   1.000000
  1141.09733    1.029562   1.000000
  1141.10683    1.070170   1.000000
  1141.11619    0.989584   1.000000
  1141.12037    0.900850   1.000000
  1141.12656    1.133059   1.000000
  1141.13074    0.959075   1.000000
  1141.14211    0.891770   1.000000
  1141.14730    0.948533   1.000000
  1141.15421    1.181007   1.000000
  1141.16515    0.985037   1.000000
  1141.17451    1.036222   1.000000
  1141.18070    1.030511   1.000000
  1141.19021    0.876300   1.000000
  1141.19539    0.962615   1.000000
  1141.20144    1.277182   1.000000
  1141.20778    1.077092   1.000000
  1141.21613    1.132016   1.000000
  1141.22347    1.083060   1.000000
  1141.22966    1.187552   1.000000
  1141.23384    1.055486   1.000000
  1141.24320    1.122671   1.000000
  1141.24954    0.950282   1.000000
  1141.25472    1.041964   1.000000
  1141.26307    1.152000   1.000000
  1141.26941    1.049670   1.000000
  1141.27546    0.952912   1.000000
  1141.28179    1.043885   1.000000
  1141.28798    1.066234   1.000000
  1141.29634    0.998740   1.000000
  1141.30267    1.145652   1.000000
  1141.30987    0.911701   1.000000
  1141.31405    1.193033   1.000000
  1141.32038    1.084058   1.000000
  1141.32643    0.920137   1.000000
  1141.33277    1.045810   1.000000
  1141.34011    1.140388   1.000000
  1141.34947    1.045810   1.000000
  1141.35466    0.962615   1.000000
  1141.36301    0.995068   1.000000
  1141.36934    1.149880   1.000000
  1141.37770    0.965278   1.000000
  1141.38706    0.976006   1.000000
  1141.39310    1.113404   1.000000
  1141.39944    0.945045   1.000000
  1141.40563    1.048703   1.000000
  1141.41298    0.932938   1.000000
  1141.41715    1.078084   1.000000
  1141.42133    1.092075   1.000000
  1141.42867    0.916754   1.000000
  1141.43803    0.985945   1.000000
  1141.44437    0.897538   1.000000
  1141.45272    0.964390   1.000000
  1141.46107    0.983224   1.000000
  1141.46928    0.984130   1.000000
  1141.47648    1.088059   1.000000
  1141.48282    1.062313   1.000000
  1141.48901    0.869066   1.000000
  1141.49534    0.976906   1.000000
  1141.50269    0.959959   1.000000
  1141.50989    0.998740   1.000000
  1141.51824    0.864276   1.000000
  1141.52443    1.090066   1.000000
  1141.53278    1.173418   1.000000
  1141.54013    0.970628   1.000000
  1141.55050    0.992322   1.000000
  1141.55467    0.805105   1.000000
  1141.56302    1.044847   1.000000
  1141.56936    0.920985   1.000000
  1141.57656    1.036222   1.000000
  1141.58189    1.064272   1.000000
  1141.59024    1.065253   1.000000
  1141.59629    1.062313   1.000000
  1141.60363    1.214095   1.000000
  1141.60781    0.876300   1.000000
  1141.61616    0.941570   1.000000
  1141.62134    1.081067   1.000000
  1141.62869    0.899192   1.000000
  1141.63603    0.942438   1.000000
  1141.64323    1.041005   1.000000
  1141.64726    1.024832   1.000000
  1141.65562    1.033362   1.000000
  1141.66296    1.042924   1.000000
  1141.66930    1.051605   1.000000
  1141.67448    0.837631   1.000000
  1141.68413    0.973313   1.000000
  1141.69320    1.014501   1.000000
  1141.70155    0.963502   1.000000
  1141.70789    0.985037   1.000000
  1141.71811    0.995068   1.000000
  1141.72445    0.943306   1.000000
  1141.73280    0.884408   1.000000
  1141.74014    0.864276   1.000000
  1141.74950    0.872273   1.000000
  1141.75469    0.966168   1.000000
  1141.76520    0.988673   1.000000
  1141.77240    1.076100   1.000000
  1141.78277    1.037176   1.000000
  1141.79011    1.041964   1.000000
  1141.79630    1.022946   1.000000
  1141.80466    1.070170   1.000000
  1141.81099    1.077092   1.000000
  1141.82035    1.161589   1.000000
  1141.82654    1.006127   1.000000
  1141.83288    0.928651   1.000000
  1141.83806    1.003350   1.000000
  1141.84627    1.056459   1.000000
  1141.85362    0.997821   1.000000
  1141.85981    1.174499   1.000000
  1141.86514    0.828424   1.000000
  1141.87349    1.019184   1.000000
  1141.87968    1.063292   1.000000
  1141.88602    1.024832   1.000000
  1141.89221    0.959075   1.000000
  1141.89955    0.897538   1.000000
  1141.90560    1.069184   1.000000
  1141.91194    0.948533   1.000000
  1141.91813    1.023888   1.000000
  1141.92648    0.895061   1.000000
  1141.93282    0.911701   1.000000
  1141.93800    0.970628   1.000000
  1141.94534    1.005200   1.000000
  1141.95571    0.974210   1.000000
  1141.96306    1.021063   1.000000
  1141.97040    1.000582   1.000000
  1141.97861    0.967949   1.000000
  1141.98696    1.054515   1.000000
  1141.99315    0.977806   1.000000
  1141.99733    1.070170   1.000000
  1142.00784    0.925236   1.000000
  1142.01619    0.910862   1.000000
  1142.02397    0.976906   1.000000
  1142.03477    1.123706   1.000000
  1142.04312    0.870668   1.000000
  1142.04946    1.068200   1.000000
  1142.05363    0.879534   1.000000
  1142.05982    0.960843   1.000000
  1142.06515    0.900021   1.000000
  1142.07350    0.941570   1.000000
  1142.07768    1.040046   1.000000
  1142.08603    0.930363   1.000000
  1142.09222    1.029562   1.000000
  1142.09957    0.978707   1.000000
  1142.10677    0.992322   1.000000
  1142.11195    1.111355   1.000000
  1142.11814    0.941570   1.000000
  1142.12650    0.951158   1.000000
  1142.13283    1.056459   1.000000
  1142.14018    1.030511   1.000000
  1142.14536    0.973313   1.000000
  1142.15270    1.040046   1.000000
  1142.15990    1.099139   1.000000
  1142.16811    1.175581   1.000000
  1142.17344    0.962615   1.000000
  1142.17963    0.881968   1.000000
  1142.18381    0.954669   1.000000
  1142.19317    0.900850   1.000000
  1142.19950    1.138289   1.000000
  1142.20685    1.027668   1.000000
  1142.21102    0.939837   1.000000
  1142.21938    1.257340   1.000000
  1142.22557    0.898365   1.000000
  1142.23378    0.968841   1.000000
  1142.24011    0.934658   1.000000
  1142.24846    1.069184   1.000000
  1142.25566    0.981415   1.000000
  1142.26099    1.002427   1.000000
  1142.26934    0.896711   1.000000
  1142.27654    0.991408   1.000000
  1142.28288    1.008910   1.000000
  1142.28907    1.022004   1.000000
  1142.29541    1.053544   1.000000
  1142.30462    0.900021   1.000000
  1142.31298    1.156252   1.000000
  1142.31931    0.876300   1.000000
  1142.32550    1.011702   1.000000
  1142.33486    0.974210   1.000000
  1142.34120    1.112379   1.000000
  1142.34955    1.092075   1.000000
  1142.35790    0.902511   1.000000
  1142.36611    1.079077   1.000000
  1142.37547    0.900021   1.000000
  1142.38282    0.910024   1.000000
  1142.39016    0.881156   1.000000
  1142.39635    1.111355   1.000000
  1142.40269    1.252716   1.000000
  1142.40888    1.044847   1.000000
  1142.41622    1.011702   1.000000
  1142.42443    0.942438   1.000000
  1142.43480    1.022946   1.000000
  1142.44214    1.050637   1.000000
  1142.44949    1.071156   1.000000
  1142.45366    1.034315   1.000000
  1142.45885    1.070170   1.000000
  1142.46518    0.999661   1.000000
  1142.47368    1.065253   1.000000
  1142.48074    0.788229   1.000000
  1142.49211    1.088059   1.000000
  1142.49946    1.008910   1.000000
  1142.50680    0.891770   1.000000
  1142.51098    0.989584   1.000000
  1142.51933    1.088059   1.000000
  1142.52653    1.011702   1.000000
  1142.53488    0.931221   1.000000
  1142.54323    0.993236   1.000000
  1142.55144    0.907513   1.000000
  1142.55878    1.045810   1.000000
  1142.56613    0.984130   1.000000
  1142.57232    0.981415   1.000000
  1142.58182    0.928651   1.000000
  1142.58902    1.094089   1.000000
  1142.59637    1.025776   1.000000
  1142.60054    0.951158   1.000000
  1142.60573    0.953790   1.000000
  1142.61206    1.129933   1.000000
  1142.61941    0.881968   1.000000
  1142.62445    0.910024   1.000000
  1142.63482    0.990496   1.000000
  1142.64216    1.036222   1.000000
  1142.64950    1.070170   1.000000
  1142.65368    1.029562   1.000000
  1142.65987    0.847720   1.000000
  1142.66520    0.993236   1.000000
  1142.67355    0.958192   1.000000
  1142.68061    0.942438   1.000000
  1142.69213    1.011702   1.000000
  1142.69947    1.096106   1.000000
  1142.70682    0.919290   1.000000
  1142.71301    0.852418   1.000000
  1142.71934    0.873077   1.000000
  1142.72554    0.943306   1.000000
  1142.73288    0.967058   1.000000
  1142.74066    1.022004   1.000000
  1142.75146    1.099139   1.000000
  1142.75981    0.931221   1.000000
  1142.76614    1.111355   1.000000
  1142.77032    1.062313   1.000000
  1142.77550    1.000582   1.000000
  1142.78184    1.087058   1.000000
  1142.79019    0.890128   1.000000
  1142.79638    0.995068   1.000000
  1142.80272    1.113404   1.000000
  1142.80978    1.125778   1.000000
  1142.81395    0.912542   1.000000
  1142.82029    0.942438   1.000000
  1142.82864    1.007982   1.000000
  1142.83598    0.980511   1.000000
  1142.84318    0.925236   1.000000
  1142.84952    0.928651   1.000000
  1142.85571    1.080072   1.000000
  1142.86306    1.014501   1.000000
  1142.87227    1.075109   1.000000
  1142.87962    0.985037   1.000000
  1142.88696    0.908349   1.000000
  1142.89632    1.028614   1.000000
  1142.90467    0.924384   1.000000
  1142.91101    0.850066   1.000000
  1142.92138    0.886855   1.000000
  1142.92973    1.078084   1.000000
  1142.94024    0.927796   1.000000
  1142.94427    1.056459   1.000000
  1142.95363    0.816305   1.000000
  1142.96299    0.846940   1.000000
  1142.97134    0.969734   1.000000
  1142.97768    0.877915   1.000000
  1142.98603    1.029562   1.000000
  1142.99438    0.939837   1.000000
  1143.00504    1.122671   1.000000
  1143.01541    0.833782   1.000000
  1143.02045    0.939837   1.000000
  1143.02995    0.918444   1.000000
  1143.03830    1.162660   1.000000
  1143.04550    1.145652   1.000000
  1143.05285    0.990496   1.000000
  1143.06120    1.022946   1.000000
  1143.06955    1.035268   1.000000
  1143.07690    0.965278   1.000000
  1143.08294    1.079077   1.000000
  1143.08928    0.966168   1.000000
  1143.09547    0.990496   1.000000
  1143.10282    1.056459   1.000000
  1143.11074    0.917598   1.000000
  1143.11952    0.913382   1.000000
  1143.12686    1.016372   1.000000
  1143.13306    1.039089   1.000000
  1143.13939    1.085057   1.000000
  1143.14357    0.930363   1.000000
  1143.14760    0.977806   1.000000
  1143.15494    1.118543   1.000000
  1143.16330    0.958192   1.000000
  1143.16949    0.950282   1.000000
  1143.17582    0.910024   1.000000
  1143.18302    0.874687   1.000000
  1143.19037    1.014501   1.000000
  1143.19872    1.054515   1.000000
  1143.20606    1.070170   1.000000
  1143.21211    0.938972   1.000000
  1143.21744    1.119574   1.000000
  1143.22680    1.051605   1.000000
  1143.23098    1.051605   1.000000
  1143.23933    0.962615   1.000000
  1143.24667    1.094089   1.000000
  1143.25286    0.933797   1.000000
  1143.25704    1.050637   1.000000
  1143.26640    1.033362   1.000000
  1143.27403    0.922683   1.000000
  1143.28512    1.075109   1.000000
  1143.29246    1.008910   1.000000
  1143.29765    0.951158   1.000000
  1143.30600    0.808821   1.000000
  1143.31219    0.974210   1.000000
  1143.32170    0.991408   1.000000
  1143.33005    1.133059   1.000000
  1143.33624    1.053544   1.000000
  1143.34344    0.958192   1.000000
  1143.34963    1.088059   1.000000
  1143.35381    0.864276   1.000000
  1143.36331    0.865073   1.000000
  1143.36950    1.039089   1.000000
  1143.37469    1.027668   1.000000
  1143.38304    1.020123   1.000000
  1143.38938    0.914224   1.000000
  1143.39960    0.900021   1.000000
  1143.40594    0.964390   1.000000
  1143.41328    1.007982   1.000000
  1143.41947    0.928651   1.000000
  1143.42581    0.980511   1.000000
  1143.43099    0.913382   1.000000
  1143.43934    0.983224   1.000000
  1143.44870    1.055486   1.000000
  1143.45806    1.138289   1.000000
  1143.46771    1.021063   1.000000
  1143.47362    0.967058   1.000000
  1143.48298    0.983224   1.000000
  1143.49248    1.117513   1.000000
  1143.49766    1.030511   1.000000
  1143.50602    0.954669   1.000000
  1143.51336    0.866668   1.000000
  1143.52272    1.003350   1.000000
  1143.53006    0.953790   1.000000
  1143.53611    1.004275   1.000000
  1143.54029    0.967058   1.000000
  1143.55181    1.068200   1.000000
  1143.55915    1.041964   1.000000
  1143.56635    0.943306   1.000000
  1143.57586    0.975108   1.000000
  1143.58104    0.905008   1.000000
  1143.59040    0.912542   1.000000
  1143.59674    1.028614   1.000000
  1143.60494    0.939837   1.000000
  1143.61013    0.964390   1.000000
  1143.61632    1.138289   1.000000
  1143.62266    1.016372   1.000000
  1143.62885    1.066234   1.000000
  1143.63619    1.163731   1.000000
  1143.64454    0.839948   1.000000
  1143.65088    0.972417   1.000000
  1143.66024    0.930363   1.000000
  1143.66629    1.098127   1.000000
  1143.67262    1.046773   1.000000
  1143.67680    0.846940   1.000000
  1143.68299    1.097116   1.000000
  1143.68832    0.918444   1.000000
  1143.69667    1.056459   1.000000
  1143.70085    0.989584   1.000000
  1143.70920    0.930363   1.000000
  1143.71640    1.104212   1.000000
  1143.72274    0.959075   1.000000
  1143.72677    1.028614   1.000000
  1143.73829    1.049670   1.000000
  1143.74549    1.059382   1.000000
  1143.75283    0.951158   1.000000
  1143.75917    1.036222   1.000000
  1143.76637    1.026721   1.000000
  1143.77270    0.893414   1.000000
  1143.77789    1.080072   1.000000
  1143.78624    1.088059   1.000000
  1143.79243    1.092075   1.000000
  1143.79661    1.145652   1.000000
  1143.80078    0.966168   1.000000
  1143.80798    0.965278   1.000000
  1143.81850    0.956429   1.000000
  1143.82368    0.901680   1.000000
  1143.83102    1.114430   1.000000
  1143.83722    1.077092   1.000000
  1143.84902    0.887672   1.000000
  1143.85738    0.986853   1.000000
  1143.86674    1.036222   1.000000
  1143.87494    0.955548   1.000000
  1143.88330    1.120605   1.000000
  1143.88949    1.058407   1.000000
  1143.89582    1.116484   1.000000
  1143.90317    0.981415   1.000000
  1143.90936    1.013567   1.000000
  1143.91354    0.950282   1.000000
  1143.92290    1.031461   1.000000
  1143.92707    1.043885   1.000000
  1143.93643    0.983224   1.000000
  1143.94262    0.932938   1.000000
  1143.94997    0.894237   1.000000
  1143.95616    0.872273   1.000000
  1143.96350    0.968841   1.000000
  1143.97402    0.984130   1.000000
  1143.98539    1.093082   1.000000
  1143.99677    0.965278   1.000000
  1144.00310    0.884408   1.000000
  1144.00728    0.996902   1.000000
  1144.01866    0.947660   1.000000
  1144.02398    0.907513   1.000000
  1144.03334    1.082063   1.000000
  1144.04270    1.115456   1.000000
  1144.04904    1.022946   1.000000
  1144.05739    0.913382   1.000000
  1144.06560    0.947660   1.000000
  1144.07496    1.054515   1.000000
  1144.08389    0.976906   1.000000
  1144.09267    1.041964   1.000000
  1144.10045    0.985945   1.000000
  1144.11038    0.992322   1.000000
  1144.12090    0.996902   1.000000
  1144.13011    1.103196   1.000000
  1144.13746    1.110331   1.000000
  1144.14394    0.945916   1.000000
  1144.15315    0.817058   1.000000
  1144.15934    0.967949   1.000000
  1144.16352    1.121638   1.000000
  1144.17187    1.001504   1.000000
  1144.17821    0.883594   1.000000
  1144.18656    0.992322   1.000000
  1144.19362    1.155188   1.000000
  1144.20514    1.110331   1.000000
  1144.21349    1.002427   1.000000
  1144.21766    1.053544   1.000000
  1144.22501    0.929507   1.000000
  1144.23336    0.993236   1.000000
  1144.23955    1.118543   1.000000
  1144.24589    1.023888   1.000000
  1144.25194    1.020123   1.000000
  1144.26029    0.831482   1.000000
  1144.26763    1.087058   1.000000
  1144.27598    1.077092   1.000000
  1144.28390    0.975108   1.000000
  1144.29370    0.978707   1.000000
  1144.30421    1.000582   1.000000
  1144.31040    1.045810   1.000000
  1144.31990    0.967058   1.000000
  1144.32595    1.014501   1.000000
  1144.33114    1.021063   1.000000
  1144.33949    1.037176   1.000000
  1144.34582    1.036222   1.000000
  1144.35317    0.981415   1.000000
  1144.35936    1.089062   1.000000
  1144.36354    1.022004   1.000000
  1144.37290    0.956429   1.000000
  1144.37822    0.809567   1.000000
  1144.38326    1.013567   1.000000
  1144.38845    0.962615   1.000000
  1144.39579    1.011702   1.000000
  1144.40515    0.918444   1.000000
  1144.41250    0.905842   1.000000
  1144.41984    0.889309   1.000000
  1144.43021    1.003350   1.000000
  1144.44274    1.034315   1.000000
  1144.44994    0.975108   1.000000
  1144.45411    1.069184   1.000000
  1144.46146    1.017308   1.000000
  1144.46981    1.053544   1.000000
  1144.47600    0.888490   1.000000
  1144.48118    0.979609   1.000000
  1144.48954    1.047738   1.000000
  1144.49486    0.934658   1.000000
  1144.50106    1.015436   1.000000
  1144.50926    0.973313   1.000000
  1144.51762    0.890128   1.000000
  1144.52496    0.929507   1.000000
  1144.53230    0.974210   1.000000
  1144.53950    1.084058   1.000000
  1144.54584    1.022004   1.000000
  1144.55102    1.160520   1.000000
  1144.55837    1.070170   1.000000
  1144.56355    0.977806   1.000000
  1144.57277    1.092075   1.000000
  1144.58227    1.044847   1.000000
  1144.58746    0.985945   1.000000
  1144.59682    1.026721   1.000000
  1144.60733    0.909186   1.000000
  1144.61986    1.022004   1.000000
  1144.62403    1.084058   1.000000
  1144.63238    0.910024   1.000000
  1144.63757    1.148822   1.000000
  1144.64779    1.051605   1.000000
  1144.65614    0.986853   1.000000
  1144.66248    0.967058   1.000000
  1144.66982    0.920137   1.000000
  1144.67702    0.972417   1.000000
  1144.68437    1.017308   1.000000
  1144.69272    0.988673   1.000000
  1144.70006    0.873882   1.000000
  1144.70928    1.088059   1.000000
  1144.71662    0.964390   1.000000
  1144.72397    1.128893   1.000000
  1144.73232    0.963502   1.000000
  1144.74168    1.007054   1.000000
  1144.75104    0.918444   1.000000
  1144.76040    1.099139   1.000000
  1144.76674    0.907513   1.000000
  1144.77696    1.058407   1.000000
  1144.78531    0.895886   1.000000
  1144.79366    1.055486   1.000000
  1144.80518    0.920137   1.000000
  1144.81670    1.147764   1.000000
  1144.82088    1.126815   1.000000
  1144.82923    1.010771   1.000000
  1144.83643    0.985945   1.000000
  1144.84363    0.987763   1.000000
  1144.84997    0.975108   1.000000
  1144.85616    1.064272   1.000000
  1144.86034    1.178834   1.000000
  1144.87085    1.067217   1.000000
  1144.87704    1.142491   1.000000
  1144.88755    0.914224   1.000000
  1144.89778    0.960843   1.000000
  1144.90512    0.961729   1.000000
  1144.91246    0.978707   1.000000
  1144.91664    1.013567   1.000000
  1144.92082    0.974210   1.000000
  1144.92816    1.081067   1.000000
  1144.93954    0.927796   1.000000
  1144.94371    1.090066   1.000000
  1144.95322    1.018246   1.000000
  1144.96027    1.009840   1.000000
  1144.96661    1.062313   1.000000
  1144.97179    1.022004   1.000000
  1144.97914    1.048703   1.000000
  1144.98850    0.944175   1.000000
  1144.99368    1.027668   1.000000
  1145.00002    0.948533   1.000000
  1145.00419    0.948533   1.000000
  1145.01154    0.991408   1.000000
  1145.01874    0.895061   1.000000
  1145.02594    1.029562   1.000000
  1145.03011    1.126815   1.000000
  1145.04163    1.164803   1.000000
  1145.04682    1.007982   1.000000
  1145.05315    1.044847   1.000000
  1145.05733    0.981415   1.000000
  1145.06870    1.012634   1.000000
  1145.07403    0.915910   1.000000
  1145.08469    1.237806   1.000000
  1145.09304    0.951158   1.000000
  1145.10038    1.052574   1.000000
  1145.10456    0.985037   1.000000
  1145.11277    0.935519   1.000000
  1145.11795    1.123706   1.000000
  1145.12630    0.956429   1.000000
  1145.13250    0.971522   1.000000
  1145.13667    1.162660   1.000000
  1145.14618    1.164803   1.000000
  1145.15035    1.194133   1.000000
  1145.15870    1.057432   1.000000
  1145.16590    1.078084   1.000000
  1145.17526    0.895886   1.000000
  1145.18246    1.086057   1.000000
  1145.18981    0.934658   1.000000
  1145.19398    1.060358   1.000000
  1145.20234    1.051605   1.000000
  1145.20968    1.074120   1.000000
  1145.21702    0.976006   1.000000
  1145.22638    0.999661   1.000000
  1145.23157    0.839175   1.000000
  1145.23790    0.939837   1.000000
  1145.24611    0.992322   1.000000
  1145.25331    0.967058   1.000000
  1145.25864    0.854777   1.000000
  1145.26584    1.041005   1.000000
  1145.27218    1.009840   1.000000
  1145.27736    0.981415   1.000000
  1145.28470    0.931221   1.000000
  1145.29306    0.977806   1.000000
  1145.29910    1.011702   1.000000
  1145.30645    1.108288   1.000000
  1145.31163    0.995985   1.000000
  1145.31998    0.864276   1.000000
  1145.32632    1.096106   1.000000
  1145.33366    0.894237   1.000000
  1145.34302    1.023888   1.000000
  1145.34922    1.108288   1.000000
  1145.35339    1.020123   1.000000
  1145.35973    1.026721   1.000000
  1145.36477    0.937244   1.000000
  1145.37312    0.905008   1.000000
  1145.37730    0.967058   1.000000
  1145.38565    1.030511   1.000000
  1145.39299    1.087058   1.000000
  1145.40034    1.035268   1.000000
  1145.40653    0.878724   1.000000
  1145.41171    0.967949   1.000000
  1145.41906    0.988673   1.000000
  1145.42741    0.974210   1.000000
  1145.43778    1.026721   1.000000
  1145.44814    1.032411   1.000000
  1145.45866    0.938108   1.000000
  1145.46384    0.863481   1.000000
  1145.47219    0.937244   1.000000
  1145.48054    1.027668   1.000000
  1145.48674    1.026721   1.000000
  1145.49206    0.905008   1.000000
  1145.49912    1.041964   1.000000
  1145.50862    0.907513   1.000000
  1145.51381    0.860305   1.000000
  1145.52360    0.897538   1.000000
  1145.53469    1.075109   1.000000
  1145.54304    1.159452   1.000000
  1145.54923    1.105230   1.000000
  1145.55341    0.989584   1.000000
  1145.56061    1.125778   1.000000
  1145.56896    1.022004   1.000000
  1145.57832    1.022946   1.000000
  1145.58365    1.071156   1.000000
  1145.59402    1.114430   1.000000
  1145.60035    1.053544   1.000000
  1145.60971    1.100152   1.000000
  1145.61590    1.000582   1.000000
  1145.62224    1.204072   1.000000
  1145.62829    0.911701   1.000000
  1145.63563    1.141439   1.000000
  1145.64398    0.990496   1.000000
  1145.65550    0.989584   1.000000
  1145.66386    0.921834   1.000000
  1145.67005    0.874687   1.000000
  1145.67955    1.049670   1.000000
  1145.68560    1.022946   1.000000
  1145.69194    1.001504   1.000000
  1145.69914    1.077092   1.000000
  1145.71066    0.863481   1.000000
  1145.72318    0.900850   1.000000
  1145.72736    0.927796   1.000000
  1145.73672    1.004275   1.000000
  1145.74507    0.972417   1.000000
  1145.75227    1.107268   1.000000
  1145.75962    1.216333   1.000000
  1145.76581    1.077092   1.000000
  1145.77315    0.826899   1.000000
  1145.77834    0.946788   1.000000
  1145.78568    0.931221   1.000000
  1145.79302    0.890949   1.000000
  1145.80138    1.125778   1.000000
  1145.80973    1.024832   1.000000
  1145.81578    0.973313   1.000000
  1145.81995    0.942438   1.000000
  1145.82528    1.092075   1.000000
  1145.83147    1.093082   1.000000
  1145.83982    0.987763   1.000000
  1145.85034    0.844603   1.000000
  1145.85754    1.161589   1.000000
  1145.86387    0.921834   1.000000
  1145.87222    0.986853   1.000000
  1145.87957    0.937244   1.000000
  1145.88562    0.951158   1.000000
  1145.89195    1.078084   1.000000
  1145.89814    1.153062   1.000000
  1145.90650    0.959075   1.000000
  1145.91168    1.088059   1.000000
  1145.91701    1.076100   1.000000
  1145.92637    0.965278   1.000000
  1145.93256    0.995068   1.000000
  1145.93990    0.956429   1.000000
  1145.94394    1.037176   1.000000
  1145.95128    1.045810   1.000000
  1145.95747    1.064272   1.000000
  1145.96798    0.995068   1.000000
  1145.97533    1.064272   1.000000
  1145.98253    0.919290   1.000000
  1145.98886    1.022946   1.000000
  1145.99923    0.976006   1.000000
  1146.00557    0.903343   1.000000
  1146.01277    0.970628   1.000000
  1146.01896    0.941570   1.000000
  1146.02630    0.867466   1.000000
  1146.03250    1.029562   1.000000
  1146.03984    1.062313   1.000000
  1146.04718    1.003350   1.000000
  1146.05755    1.106248   1.000000
  1146.06590    0.929507   1.000000
  1146.07310    1.068200   1.000000
  1146.07728    0.963502   1.000000
  1146.08362    1.046773   1.000000
  1146.09298    1.188646   1.000000
  1146.09715    1.156252   1.000000
  1146.10450    1.079077   1.000000
  1146.11386    1.172337   1.000000
  1146.12422    0.895886   1.000000
  1146.13373    1.053544   1.000000
  1146.14194    0.984130   1.000000
  1146.15029    0.945916   1.000000
  1146.16066    1.081067   1.000000
  1146.16699    1.178834   1.000000
  1146.17117    1.076100   0.999997
  1146.17837    1.221948   0.999993
  1146.18370    0.963502   0.999963
  1146.19205    0.978707   0.999924
  1146.19910    1.034315   0.999856
  1146.20645    0.987763   0.999791
  1146.21062    0.996902   0.999763
  1146.21898    0.987763   0.999611
  1146.22416    1.115456   0.999553
  1146.23366    1.017308   0.999364
  1146.23986    0.984130   0.999269
  1146.24403    1.046773   0.999137
  1146.25037    1.073131   0.999014
  1146.26074    1.060358   0.998728
  1146.27038    1.049670   0.998467
  1146.27946    1.056459   0.998210
  1146.28363    1.179920   0.998116
  1146.29400    0.946788   0.997734
  1146.30235    0.991408   0.997419
  1146.31070    0.931221   0.997138
  1146.32122    1.212977   0.996707
  1146.33144    1.011702   0.996284
  1146.33662    0.925236   0.996080
  1146.34613    0.882780   0.995629
  1146.35448    1.025776   0.995283
  1146.36067    1.061335   0.994953
  1146.36902    0.894237   0.994556
  1146.37637    1.259658   0.994158
  1146.38256    1.208517   0.993879
  1146.38674    1.134103   0.993684
  1146.39494    1.098127   0.993180
  1146.40229    1.017308   0.992825
  1146.40747    0.921834   0.992494
  1146.41582    1.076100   0.992073
  1146.42216    1.127853   0.991644
  1146.42734    1.168026   0.991367
  1146.43670    1.135148   0.990772
  1146.44304    0.955548   0.990425
  1146.44722    1.072143   0.990137
  1146.45557    0.918444   0.989571
  1146.46061    0.963502   0.989369
  1146.46896    0.938108   0.988702
  1146.47314    1.219699   0.988447
  1146.47731    1.164803   0.988149
  1146.48782    1.124741   0.987441
  1146.49618    1.003350   0.986800
  1146.50237    1.120605   0.986407
  1146.50755    1.191935   0.986009
  1146.51706    1.058407   0.985300
  1146.52310    1.189742   0.984886
  1146.53146    0.948533   0.984240
  1146.53880    1.123706   0.983659
  1146.54715    1.227588   0.983041
  1146.55550    1.034315   0.982292
  1146.56285    0.975108   0.981763
  1146.56702    1.198540   0.981457
  1146.57653    1.152000   0.980611
  1146.58603    0.913382   0.979791
  1146.59222    1.045810   0.979366
  1146.59726    1.035268   0.978905
  1146.60878    0.975108   0.977892
  1146.61397    1.116484   0.977414
  1146.62347    0.946788   0.976558
  1146.62765    1.100152   0.976187
  1146.63485    0.903343   0.975561
  1146.64018    1.096106   0.975061
  1146.64637    1.113404   0.974467
  1146.65155    0.902511   0.973990
  1146.65789    1.089062   0.973449
  1146.66394    1.116484   0.972819
  1146.67027    0.904175   0.972229
  1146.67862    0.808821   0.971411
  1146.68482    0.907513   0.970860
  1146.69014    1.019184   0.970379
  1146.69734    1.098127   0.969579
  1146.70469    0.947660   0.968926
  1146.71203    1.122671   0.968087
  1146.71822    1.021063   0.967592
  1146.72456    1.024832   0.966875
  1146.73190    0.879534   0.966180
  1146.73896    1.153062   0.965418
  1146.74429    0.999661   0.964854
  1146.75048    0.943306   0.964297
  1146.75883    0.881968   0.963309
  1146.76517    1.043885   0.962713
  1146.77035    1.096106   0.962111
  1146.77654    0.964390   0.961469
  1146.78389    1.114430   0.960694
  1146.79123    0.793328   0.959872
  1146.79944    0.994152   0.959036
  1146.80563    0.879534   0.958313
  1146.81398    0.875493   0.957456
  1146.82133    0.929507   0.956583
  1146.82766    0.907513   0.955888
  1146.83486    0.936381   0.955048
  1146.84019    0.964390   0.954387
  1146.84739    0.964390   0.953700
  1146.85373    1.162660   0.952908
  1146.85978    0.984130   0.952263
  1146.86395    0.933797   0.951807
  1146.87230    1.004275   0.950732
  1146.87763    0.985945   0.950183
  1146.88382    0.887672   0.949461
  1146.89218    0.944175   0.948481
  1146.89952    1.082063   0.947578
  1146.90470    1.033362   0.946951
  1146.90989    0.984130   0.946343
  1146.91824    1.120605   0.945366
  1146.92443    0.896711   0.944579
  1146.93062    0.999661   0.943872
  1146.93797    0.840722   0.943002
  1146.94531    0.951158   0.942114
  1146.95467    0.888490   0.940933
  1146.96101    0.895886   0.940210
  1146.96720    0.886855   0.939409
  1146.97354    0.966168   0.938595
  1146.98189    1.020123   0.937563
  1146.98707    1.057432   0.936955
  1146.99312    0.903343   0.936191
  1146.99730    0.983224   0.935614
  1147.00464    1.003350   0.934671
  1147.01098    0.807333   0.933978
  1147.01746    1.148822   0.933095
  1147.02451    1.124741   0.932233
  1147.03186    1.043885   0.931259
  1147.03805    0.951158   0.930486
  1147.04323    0.986853   0.929845
  1147.05043    0.920985   0.928788
  1147.05677    0.957310   0.928084
  1147.06397    0.972417   0.927121
  1147.07030    0.839948   0.926351
  1147.07966    0.862686   0.925121
  1147.08701    0.874687   0.924097
  1147.09435    0.952912   0.923209
  1147.10155    0.981415   0.922179
  1147.10890    0.940703   0.921282
  1147.11523    0.861892   0.920398
  1147.12027    0.927796   0.919762
  1147.12762    0.983224   0.918778
  1147.13381    0.913382   0.917918
  1147.14216    1.030511   0.916808
  1147.14734    0.829951   0.916190
  1147.15368    0.920137   0.915269
  1147.16102    0.811059   0.914276
  1147.16822    0.852418   0.913351
  1147.17456    0.998740   0.912478
  1147.18277    0.960843   0.911403
  1147.18896    1.027668   0.910563
  1147.19530    0.874687   0.909717
  1147.20048    0.817810   0.909039
  1147.20682    0.974210   0.908074
  1147.21099    0.912542   0.907580
  1147.21819    0.951158   0.906597
  1147.22352    0.921834   0.905803
  1147.23072    0.908349   0.904867
  1147.23706    0.865073   0.903984
  1147.24310    0.978707   0.903137
  1147.24728    0.759718   0.902573
  1147.25362    0.945916   0.901750
  1147.26197    0.856353   0.900663
  1147.27133    0.817058   0.899391
  1147.27766    0.941570   0.898411
  1147.28486    0.881156   0.897497
  1147.29019    0.996902   0.896815
  1147.29955    0.743794   0.895387
  1147.30373    0.851633   0.894868
  1147.30978    0.977806   0.894005
  1147.31510    0.761119   0.893271
  1147.32446    0.873882   0.892020
  1147.33066    0.992322   0.891113
  1147.33699    0.788956   0.890296
  1147.34534    1.009840   0.889145
  1147.35269    0.970628   0.888060
  1147.35787    0.900021   0.887438
  1147.36406    0.831482   0.886588
  1147.37040    0.978707   0.885583
  1147.37645    0.935519   0.884825
  1147.38062    0.904175   0.884175
  1147.38696    0.710318   0.883362
  1147.39531    1.019184   0.882155
  1147.40150    0.739014   0.881335
  1147.40784    0.989584   0.880455
  1147.41403    0.923533   0.879587
  1147.42138    0.775269   0.878616
  1147.42771    0.935519   0.877671
  1147.43390    0.817058   0.876857
  1147.44211    0.910024   0.875762
  1147.44730    0.741059   0.874946
  1147.45464    0.759019   0.873994
  1147.46198    0.869867   0.873017
  1147.46717    0.793328   0.872183
  1147.47350    0.900021   0.871356
  1147.48286    0.726194   0.870108
  1147.48704    0.881156   0.869487
  1147.49323    0.895886   0.868628
  1147.50043    0.928651   0.867676
  1147.50778    0.842273   0.866667
  1147.51397    0.811059   0.865798
  1147.52131    0.908349   0.864807
  1147.52765    0.839175   0.863938
  1147.53485    0.998740   0.862980
  1147.54018    0.840722   0.862233
  1147.54738    0.986853   0.861204
  1147.55371    0.900850   0.860339
  1147.56106    0.853203   0.859370
  1147.56710    0.835320   0.858609
  1147.57445    0.777414   0.857610
  1147.58064    0.818564   0.856723
  1147.58798    0.792597   0.855728
  1147.59432    0.862686   0.854857
  1147.60051    0.891770   0.854038
  1147.60685    0.846160   0.853285
  1147.61520    0.784608   0.852056
  1147.62139    0.752060   0.851296
  1147.62643    0.820829   0.850551
  1147.63378    0.855564   0.849528
  1147.64314    0.786054   0.848385
  1147.64731    0.885223   0.847838
  1147.65466    0.747916   0.846837
  1147.66301    0.793328   0.845717
  1147.66934    0.708358   0.844886
  1147.67352    0.712283   0.844411
  1147.68187    0.894237   0.843276
  1147.68806    0.927796   0.842420
  1147.69440    0.784608   0.841659
  1147.70045    0.895061   0.840896
  1147.70678    0.979609   0.840065
  1147.71614    0.841497   0.838804
  1147.72234    0.873882   0.838056
  1147.72867    0.784608   0.837197
  1147.73386    0.780284   0.836575
  1147.74120    0.685887   0.835639
  1147.74955    0.722857   0.834564
  1147.75560    0.945916   0.833808
  1147.75978    0.786779   0.833305
  1147.76813    0.776699   0.832289
  1147.77446    0.699927   0.831474
  1147.78282    0.718874   0.830420
  1147.78699    0.791868   0.829885
  1147.79534    0.705103   0.828911
  1147.80470    0.806590   0.827721
  1147.80989    0.714912   0.827077
  1147.81406    0.692871   0.826582
  1147.82040    0.791139   0.825821
  1147.82760    0.929507   0.824932
  1147.83379    0.875493   0.824173
  1147.84013    0.801406   0.823448
  1147.84848    0.853990   0.822477
  1147.85784    0.756228   0.821350
  1147.86403    0.747227   0.820613
  1147.87138    0.874687   0.819754
  1147.87656    0.837631   0.819152
  1147.88189    0.837631   0.818512
  1147.88707    0.792597   0.817920
  1147.89312    0.740377   0.817235
  1147.90147    0.964390   0.816289
  1147.90781    0.710318   0.815545
  1147.91515    0.895061   0.814768
  1147.92034    0.741059   0.814175
  1147.92782    0.790410   0.813298
  1147.93718    0.836089   0.812304
  1147.94352    0.700572   0.811551
  1147.94971    0.704454   0.810901
  1147.95389    0.728874   0.810375
  1147.96224    0.853203   0.809639
  1147.96757    0.758320   0.808993
  1147.97362    0.857142   0.808364
  1147.98096    0.752753   0.807581
  1147.99133    0.849283   0.806506
  1147.99666    0.660469   0.805949
  1148.00602    0.868266   0.804951
  1148.01019    0.695429   0.804573
  1148.01955    0.763225   0.803629
  1148.02373    0.860305   0.803164
  1148.03006    0.702510   0.802527
  1148.03424    0.782443   0.802146
  1148.04346    0.814053   0.801239
  1148.05080    0.831482   0.800505
  1148.05800    0.731565   0.799832
  1148.06333    0.781003   0.799307
  1148.07168    0.879534   0.798456
  1148.07686    0.895061   0.798023
  1148.08306    0.907513   0.797433
  1148.08723    0.976906   0.797049
  1148.09674    0.702510   0.796222
  1148.10077    0.674610   0.795808
  1148.10696    0.814803   0.795244
  1148.11330    0.787504   0.794697
  1148.12050    0.799931   0.794046
  1148.12683    0.734941   0.793531
  1148.13418    0.754836   0.792899
  1148.14037    0.863481   0.792324
  1148.14771    0.876300   0.791714
  1148.15390    0.896711   0.791135
  1148.16024    0.752060   0.790645
  1148.16744    0.776699   0.790068
  1148.17579    0.741059   0.789381
  1148.17997    0.719536   0.789099
  1148.18616    0.842273   0.788613
  1148.19034    0.819318   0.788263
  1148.19869    0.698639   0.787595
  1148.20502    0.895061   0.787125
  1148.21021    0.762522   0.786722
  1148.21640    0.694789   0.786286
  1148.22360    0.891770   0.785758
  1148.22994    0.838403   0.785315
  1148.23512    0.750676   0.784908
  1148.24030    0.742425   0.784575
  1148.25038    0.814803   0.783814
  1148.25917    0.790410   0.783234
  1148.26334    0.836089   0.782963
  1148.26954    0.826138   0.782572
  1148.27472    0.799931   0.782210
  1148.28005    0.758320   0.781841
  1148.28710    0.743794   0.781463
  1148.29344    0.801406   0.781037
  1148.30597    0.794059   0.780274
  1148.31014    0.718212   0.780024
  1148.32051    0.774556   0.779378
  1148.33002    0.829187   0.778842
  1148.34067    0.709010   0.778300
  1148.34874    0.704454   0.777827
  1148.35378    0.811059   0.777610
  1148.36213    0.692234   0.777190
  1148.37163    0.809567   0.776738
  1148.37682    0.714254   0.776466
  1148.38301    0.709664   0.776197
  1148.38718    0.848502   0.775949
  1148.39453    0.747227   0.775636
  1148.39971    0.602910   0.775362
  1148.40806    0.877915   0.775078
  1148.41339    0.588644   0.774754
  1148.42362    0.766042   0.774333
  1148.42995    0.774556   0.774060
  1148.43614    0.762522   0.773869
  1148.44248    0.857932   0.773634
  1148.44666    0.713596   0.773476
  1148.45083    0.788956   0.773318
  1148.45702    0.655621   0.773107
  1148.46437    0.681479   0.772924
  1148.46955    0.896711   0.772750
  1148.47373    0.789683   0.772629
  1148.48006    0.708358   0.772372
  1148.49130    0.667195   0.772035
  1148.49763    0.720863   0.771885
  1148.50598    0.779566   0.771697
  1148.51218    0.694789   0.771527
  1148.51866    0.643062   0.771363
  1148.52283    0.850066   0.771267
  1148.52816    0.761820   0.771192
  1148.53334    0.826138   0.771087
  1148.54170    0.741742   0.770922
  1148.55005    0.814053   0.770774
  1148.55422    0.835320   0.770701
  1148.56157    0.660469   0.770557
  1148.56862    0.716230   0.770438
  1148.57395    0.902511   0.770345
  1148.58014    0.658647   0.770278
  1148.58749    0.780284   0.770192
  1148.59786    0.732913   0.770117
  1148.60318    0.873882   0.770080
  1148.60736    0.733589   0.770057
  1148.61355    0.915066   0.770035
  1148.62507    0.756228   0.769902
  1148.63011    0.902511   0.769963
  1148.63746    0.929507   0.769920
  1148.64480    0.714254   0.769879
  1148.65099    0.747916   0.769943
  1148.65618    0.726194   0.769864
  1148.66035    0.671510   0.769905
  1148.66986    0.721527   0.769981
  1148.67504    0.690323   0.769967
  1148.68022    0.786054   0.770024
  1148.68786    0.859513   0.770094
  1148.69304    0.736975   0.770140
  1148.69822    0.745165   0.770234
  1148.70557    0.773843   0.770293
  1148.71162    0.655621   0.770267
  1148.71896    0.767454   0.770465
  1148.72630    0.668425   0.770554
  1148.73149    0.875493   0.770576
  1148.73883    0.814803   0.770734
  1148.74618    0.650808   0.770848
  1148.75654    0.752060   0.771097
  1148.76288    0.724190   0.771186
  1148.76907    0.815554   0.771287
  1148.77310    0.649610   0.771439
  1148.78246    0.763225   0.771681
  1148.78880    0.878724   0.771819
  1148.79614    0.704454   0.772016
  1148.80234    0.737654   0.772238
  1148.80968    0.881156   0.772440
  1148.81486    0.789683   0.772569
  1148.82221    0.783885   0.772756
  1148.82955    0.817058   0.773017
  1148.83790    0.758320   0.773364
  1148.84611    0.664129   0.773653
  1148.85230    0.828424   0.773860
  1148.85648    0.715571   0.774038
  1148.86282    0.823858   0.774279
  1148.86800    0.890949   0.774429
  1148.87635    0.839948   0.774829
  1148.88254    0.730891   0.775053
  1148.88672    0.846940   0.775211
  1148.89306    0.745165   0.775547
  1148.89910    0.851633   0.775779
  1148.90544    0.731565   0.776108
  1148.91379    0.910024   0.776500
  1148.92315    0.778848   0.776962
  1148.92733    0.748605   0.777193
  1148.93467    0.766042   0.777566
  1148.94403    0.750676   0.778088
  1148.95238    0.710972   0.778542
  1148.96160    0.843825   0.779029
  1148.96707    0.722192   0.779329
  1148.97730    0.755532   0.779911
  1148.98464    0.846940   0.780351
  1148.99198    0.834551   0.780798
  1148.99918    0.732239   0.781223
  1149.00451    0.768162   0.781595
  1149.01171    0.755532   0.782028
  1149.01906    0.786054   0.782516
  1149.02539    0.795523   0.782937
  1149.03461    0.747916   0.783558
  1149.04195    0.851633   0.784063
  1149.04915    0.815554   0.784548
  1149.05333    0.793328   0.784878
  1149.06283    0.924384   0.785535
  1149.06902    0.703805   0.786013
  1149.07421    0.720863   0.786371
  1149.08155    0.953790   0.786916
  1149.08990    0.772418   0.787563
  1149.09912    0.802884   0.788282
  1149.10546    0.900850   0.788772
  1149.10963    0.842273   0.789114
  1149.11582    0.757622   0.789585
  1149.12115    0.719536   0.790069
  1149.12950    0.905842   0.790605
  1149.13368    0.833782   0.790988
  1149.14405    0.872273   0.791881
  1149.15240    0.685887   0.792637
  1149.15874    0.833015   0.793208
  1149.16579    0.796990   0.793828
  1149.17213    0.786054   0.794340
  1149.17630    0.814803   0.794727
  1149.18149    0.727533   0.795231
  1149.18782    0.801406   0.795780
  1149.19819    0.867466   0.796723
  1149.20338    0.799931   0.797204
  1149.21331    0.916754   0.798132
  1149.22224    0.881156   0.798995
  1149.23146    0.838403   0.799851
  1149.23880    0.809567   0.800590
  1149.24499    0.829187   0.801145
  1149.25032    0.985945   0.801693
  1149.25968    0.835320   0.802667
  1149.26587    0.817810   0.803233
  1149.27005    0.818564   0.803702
  1149.27638    0.717551   0.804311
  1149.28373    0.795523   0.805107
  1149.29395    0.755532   0.806144
  1149.30446    0.846160   0.807239
  1149.30965    0.921834   0.807829
  1149.31584    0.680852   0.808464
  1149.32218    0.713596   0.809108
  1149.32952    0.785331   0.809884
  1149.33370    0.950282   0.810345
  1149.34090    0.835320   0.811194
  1149.34910    0.824618   0.812036
  1149.35544    0.754141   0.812743
  1149.35962    0.770997   0.813218
  1149.36581    0.905842   0.813964
  1149.37114    0.676476   0.814514
  1149.37949    0.772418   0.815485
  1149.38366    0.884408   0.815927
  1149.39403    0.766748   0.817110
  1149.40339    0.875493   0.818205
  1149.41160    0.809567   0.819126
  1149.41707    0.811807   0.819806
  1149.42528    0.748605   0.820784
  1149.43046    0.912542   0.821389
  1149.43882    0.729546   0.822382
  1149.44616    0.724190   0.823286
  1149.45336    0.730218   0.824156
  1149.45869    0.961729   0.824802
  1149.46589    0.784608   0.825631
  1149.47323    0.775269   0.826596
  1149.48144    0.805105   0.827599
  1149.48878    0.739695   0.828497
  1149.49613    0.864276   0.829471
  1149.50232    0.887672   0.830159
  1149.50866    0.895886   0.830898
  1149.51384    0.890949   0.831601
  1149.52320    0.915066   0.832821
  1149.52954    0.743109   0.833640
  1149.53789    0.811807   0.834713
  1149.54811    0.893414   0.835923
  1149.55546    0.745165   0.836941
  1149.56280    0.848502   0.837970
  1149.57000    0.939837   0.838861
  1149.57950    0.864276   0.840126
  1149.58570    0.749295   0.840893
  1149.59088    0.808077   0.841511
  1149.60139    0.774556   0.842953
  1149.60643    0.833015   0.843667
  1149.61579    0.894237   0.844977
  1149.62213    0.832248   0.845776
  1149.62832    0.877107   0.846528
  1149.63365    0.853203   0.847279
  1149.64085    0.802884   0.848255
  1149.64920    0.917598   0.849333
  1149.65453    0.987763   0.850052
  1149.66288    0.809567   0.851263
  1149.66706    0.859513   0.851825
  1149.67354    0.837631   0.852757
  1149.68462    0.832248   0.854260
  1149.69298    0.883594   0.855344
  1149.69917    0.940703   0.856350
  1149.70334    0.839948   0.856778
  1149.71386    0.767454   0.858215
  1149.72005    0.981415   0.859174
  1149.72955    0.869867   0.860509
  1149.73877    0.814803   0.861839
  1149.74813    0.951158   0.863058
  1149.75331    0.839948   0.863875
  1149.76166    0.814803   0.864979
  1149.76901    0.875493   0.865966
  1149.77736    0.952034   0.867094
  1149.78370    0.749985   0.868085
  1149.79349    0.845381   0.869502
  1149.80227    0.812555   0.870701
  1149.81062    0.826138   0.871911
  1149.81696    0.968841   0.872914
  1149.82531    0.866668   0.874149
  1149.83251    0.993236   0.875064
  1149.83986    0.850066   0.876130
  1149.84403    0.992322   0.876700
  1149.85238    0.959075   0.877793
  1149.86016    0.939837   0.879005
  1149.86894    0.882780   0.880241
  1149.87528    0.834551   0.881091
  1149.88046    0.814053   0.881882
  1149.88882    0.920985   0.883033
  1149.89616    0.824618   0.884172
  1149.90235    0.780284   0.885034
  1149.90869    0.825378   0.886052
  1149.91387    0.873882   0.886793
  1149.92323    0.808077   0.888146
  1149.92726    0.833782   0.888650
  1149.93562    0.889309   0.889915
  1149.94397    0.910024   0.891093
  1149.95131    0.667810   0.892169
  1149.95866    0.862686   0.893140
  1149.96586    0.945045   0.894236
  1149.97219    1.008910   0.895138
  1149.97954    0.894237   0.896195
  1149.98573    1.005200   0.897122
  1149.99394    0.886039   0.898287
  1150.00027    0.920985   0.899239
  1150.00963    0.975108   0.900608
  1150.01582    0.770287   0.901462
  1150.02216    0.900850   0.902386
  1150.02634    0.837631   0.902956
  1150.03253    0.932938   0.903865
  1150.03786    0.877107   0.904633
  1150.04621    0.962615   0.905760
  1150.05038    0.802145   0.906427
  1150.05744    0.856353   0.907458
  1150.06795    0.864276   0.909027
  1150.07630    0.956429   0.910122
  1150.08250    1.057432   0.911054
  1150.09085    0.926942   0.912257
  1150.09718    1.127853   0.913142
  1150.10654    1.041005   0.914466
  1150.11288    0.886039   0.915345
  1150.11994    0.990496   0.916374
  1150.12627    0.994152   0.917240
  1150.13246    0.931221   0.918182
  1150.13880    0.910862   0.919092
  1150.14499    1.019184   0.919888
  1150.15234    1.011702   0.921004
  1150.15651    0.917598   0.921544
  1150.16587    1.014501   0.922889
  1150.17422    0.949407   0.923982
  1150.18056    0.807333   0.924912
  1150.18877    1.038132   0.926022
  1150.19813    0.918444   0.927353
  1150.20864    0.814053   0.928842
  1150.21714    0.917598   0.930058
  1150.22318    0.946788   0.930836
  1150.23254    0.885223   0.932128
  1150.23888    1.032411   0.933035
  1150.24406    0.848502   0.933635
  1150.25227    0.870668   0.934847
  1150.26062    0.910862   0.935968
  1150.26998    0.913382   0.937198
  1150.27834    0.849283   0.938439
  1150.28568    0.924384   0.939340
  1150.29202    0.994152   0.940190
  1150.29922    0.861098   0.941149
  1150.30555    0.951158   0.941983
  1150.31074    0.832248   0.942751
  1150.31894    0.915066   0.943791
  1150.32413    0.979609   0.944466
  1150.33248    1.000582   0.945571
  1150.33666    0.880344   0.946076
  1150.34400    0.839175   0.947054
  1150.35451    1.054515   0.948380
  1150.36286    1.057432   0.949513
  1150.36906    0.941570   0.950220
  1150.37539    0.953790   0.951172
  1150.38245    1.091070   0.951970
  1150.38878    0.861892   0.952864
  1150.39296    0.856353   0.953357
  1150.39714    1.041005   0.953811
  1150.40448    0.971522   0.954860
  1150.41168    1.006127   0.955654
  1150.41701    0.870668   0.956355
  1150.42536    0.973313   0.957387
  1150.43256    0.920985   0.958297
  1150.43890    0.803623   0.959057
  1150.44394    1.154124   0.959579
  1150.45229    0.992322   0.960686
  1150.45747    0.920985   0.961269
  1150.46582    0.934658   0.962407
  1150.47216    0.798459   0.963031
  1150.47634    1.000582   0.963558
  1150.48670    1.011702   0.964730
  1150.49304    1.089062   0.965476
  1150.49923    0.910024   0.966231
  1150.50341    1.005200   0.966659
  1150.51478    1.016372   0.967950
  1150.52213    1.095097   0.968802
  1150.53005    1.025776   0.969657
  1150.53984    0.990496   0.970840
  1150.55136    0.870668   0.972110
  1150.55971    0.786054   0.973032
  1150.56389    1.054515   0.973421
  1150.57123    1.028614   0.974264
  1150.57944    1.004275   0.975087
  1150.58563    1.056459   0.975802
  1150.59197    0.873077   0.976415
  1150.59730    0.930363   0.976964
  1150.60565    0.928651   0.977827
  1150.60982    0.997821   0.978193
  1150.62034    0.959959   0.979293
  1150.62869    0.998740   0.980067
  1150.63603    0.943306   0.980808
  1150.64323    1.075109   0.981503
  1150.65274    0.894237   0.982427
  1150.65878    0.897538   0.983017
  1150.66512    1.142491   0.983642
  1150.67232    1.030511   0.984221
  1150.67650    1.090066   0.984648
  1150.68600    0.906677   0.985472
  1150.69320    0.924384   0.986144
  1150.70270    0.914224   0.986955
  1150.71307    0.976006   0.987812
  1150.71926    1.290187   0.988430
  1150.72762    1.059382   0.989010
  1150.73280    0.942438   0.989479
  1150.73899    1.048703   0.989917
  1150.74317    1.002427   0.990245
  1150.75368    0.955548   0.991098
  1150.75987    0.992322   0.991513
  1150.76938    1.039089   0.992229
  1150.77874    0.853990   0.992974
  1150.78694    1.179920   0.993466
  1150.79530    1.015436   0.994086
  1150.80264    1.038132   0.994521
  1150.80682    1.038132   0.994852
  1150.81517    0.997821   0.995274
  1150.82237    0.949407   0.995783
  1150.82870    1.001504   0.996105
  1150.83418    0.958192   0.996426
  1150.84454    0.891770   0.996982
  1150.85290    1.050637   0.997481
  1150.85707    0.902511   0.997628
  1150.86427    0.991408   0.998026
  1150.87262    1.046773   0.998351
  1150.87882    1.068200   0.998662
  1150.88299    1.107268   0.998795
  1150.89250    1.090066   0.999166
  1150.89869    0.948533   0.999344
  1150.90387    1.153062   0.999493
  1150.91222    0.884408   0.999747
  1150.91957    0.899192   0.999866
  1150.92677    0.950282   1.000000
  1150.93613    1.028614   1.000000
  1150.94246    1.116484   1.000000
  1150.94866    0.899192   1.000000
  1150.95499    0.999661   1.000000
  1150.96219    1.111355   1.000000
  1150.96637    0.905842   1.000000
  1150.97270    1.038132   1.000000
  1150.98106    1.023888   1.000000
  1150.98710    0.935519   1.000000
  1150.99546    0.865073   1.000000
  1151.00179    0.936381   1.000000
  1151.01014    0.978707   1.000000
  1151.02051    1.100152   1.000000
  1151.02886    1.088059   1.000000
  1151.03520    1.007982   1.000000
  1151.04254    1.013567   1.000000
  1151.04874    0.885223   1.000000
  1151.05277    1.014501   1.000000
  1151.05694    0.978707   1.000000
  1151.06530    1.008910   1.000000
  1151.07365    1.137241   1.000000
  1151.07998    0.924384   1.000000
  1151.08978    1.101166   1.000000
  1151.10086    1.058407   1.000000
  1151.11123    0.850066   1.000000
  1151.11944    1.224201   1.000000
  1151.12362    0.942438   1.000000
  1151.13197    0.816305   1.000000
  1151.13830    0.845381   1.000000
  1151.14550    1.041964   1.000000
  1151.15386    0.864276   1.000000
  1151.16437    0.963502   1.000000
  1151.17171    0.975108   1.000000
  1151.17877    1.048703   1.000000
  1151.18294    1.076100   1.000000
  1151.19346    0.881968   1.000000
  1151.20181    0.990496   1.000000
  1151.20915    1.132016   1.000000
  1151.21534    1.077092   1.000000
  1151.22168    1.009840   1.000000
  1151.22787    1.033362   1.000000
  1151.23522    0.938108   1.000000
  1151.24443    1.012634   1.000000
  1151.25379    1.061335   1.000000
  1151.26214    1.042924   1.000000
  1151.26848    1.041005   1.000000
  1151.27366    0.884408   1.000000
  1151.28418    1.086057   1.000000
  1151.29037    1.052574   1.000000
  1151.29872    1.029562   1.000000
  1151.30606    0.934658   1.000000
  1151.31110    0.990496   1.000000
  1151.31744    0.939837   1.000000
  1151.32579    0.917598   1.000000
  1151.33198    1.021063   1.000000
  1151.33832    1.063292   1.000000
  1151.34451    0.890949   1.000000
  1151.35186    0.982319   1.000000
  1151.35920    0.958192   1.000000
  1151.36539    1.025776   1.000000
  1151.36986    0.997821   1.000000
  1151.37778    0.975108   1.000000
  1151.38512    0.853203   1.000000
  1151.39347    0.836089   1.000000
  1151.40182    0.959959   1.000000
  1151.40917    0.980511   1.000000
  1151.41536    1.105230   1.000000
  1151.42054    1.052574   1.000000
  1151.42789    1.075109   1.000000
  1151.43523    0.955548   1.000000
  1151.44128    0.922683   1.000000
  1151.44862    1.001504   1.000000
  1151.45280    0.903343   1.000000
  1151.45914    1.048703   1.000000
  1151.46533    0.863481   1.000000
  1151.47368    1.204072   1.000000
  1151.48002    0.981415   1.000000
  1151.49067    1.118543   1.000000
  1151.50104    1.015436   1.000000
  1151.51256    0.939837   1.000000
  1151.51674    1.018246   1.000000
  1151.52653    1.015436   1.000000
  1151.53646    0.961729   1.000000
  1151.54784    0.887672   1.000000
  1151.55619    0.982319   1.000000
  1151.56037    0.990496   1.000000
  1151.56771    1.022946   1.000000
  1151.57707    0.999661   1.000000
  1151.58528    0.962615   1.000000
  1151.59320    1.079077   1.000000
  1151.60198    0.928651   1.000000
  1151.61149    0.817810   1.000000
  1151.61984    0.934658   1.000000
  1151.62920    0.948533   1.000000
  1151.63539    1.010771   1.000000
  1151.64274    1.296142   1.000000
  1151.64907    0.860305   1.000000
  1151.65310    1.034315   1.000000
  1151.66146    1.144597   1.000000
  1151.66981    0.997821   1.000000
  1151.67917    1.020123   1.000000
  1151.68536    0.986853   1.000000
  1151.68954    0.966168   1.000000
  1151.69587    0.856353   1.000000
  1151.70106    1.002427   1.000000
  1151.70926    0.986853   1.000000
  1151.71344    0.989584   1.000000
  1151.72078    0.930363   1.000000
  1151.72914    0.980511   1.000000
  1151.73533    1.046773   1.000000
  1151.73950    1.076100   1.000000
  1151.75002    0.857932   1.000000
  1151.75621    0.929507   1.000000
  1151.76254    1.075109   1.000000
  1151.76773    0.736975   1.000000
  1151.77507    0.864276   1.000000
  1151.78227    1.104212   1.000000
  1151.78990    0.881968   1.000000
  1151.79682    1.113404   1.000000
  1151.80618    0.856353   1.000000
  1151.81568    0.961729   1.000000
  1151.82288    0.994152   1.000000
  1151.82706    0.955548   1.000000
  1151.83757    0.933797   1.000000
  1151.84678    0.900021   1.000000
  1151.85312    1.094089   1.000000
  1151.86248    0.964390   1.000000
  1151.87083    0.905008   1.000000
  1151.87602    0.845381   1.000000
  1151.88120    0.865073   1.000000
  1151.88854    0.898365   1.000000
  1151.89790    0.907513   1.000000
  1151.90827    0.948533   1.000000
  1151.91562    0.882780   1.000000
  1151.92397    0.862686   1.000000
  1151.93232    1.003350   1.000000
  1151.93851    0.767454   1.000000
  1151.94586    1.006127   1.000000
  1151.95205    0.817058   1.000000
  1151.95738    0.982319   1.000000
  1151.96443    0.918444   1.000000
  1151.97178    0.929507   1.000000
  1151.97912    0.939837   1.000000
  1151.98747    0.920137   1.000000
  1151.99582    0.938972   1.000000
