    57.00417    1.035553   1.000000
    57.20417    1.015280   1.000000
    57.40417    0.919696   1.000000
    57.60417    0.996840   1.000000
    57.80417    1.088354   1.000000
    58.00417    1.053424   1.000000
    58.20417    1.011256   1.000000
    58.40417    1.033342   1.000000
    58.60417    1.077422   1.000000
    58.80417    0.963834   1.000000
    59.00417    1.073489   1.000000
    59.20417    1.034392   1.000000
    59.40417    1.013325   1.000000
    59.60417    1.107962   1.000000
    59.80417    0.997761   1.000000
    60.00417    0.996437   1.000000
    60.20417    1.073538   1.000000
    60.60417    1.006167   1.000000
    60.80417    1.004832   1.000000
    61.00417    1.072595   1.000000
    61.20417    1.060448   1.000000
    61.40417    1.082439   1.000000
    61.60417    1.011424   1.000000
    61.80417    1.038046   1.000000
    62.00417    1.048994   1.000000
    62.20417    1.062945   1.000000
    62.40417    0.958791   1.000000
    62.60417    1.032511   1.000000
    63.00417    1.119501   1.000000
    63.20417    1.022815   1.000000
    63.40417    1.029830   1.000000
    63.60417    1.054901   1.000000
    63.80417    1.059233   1.000000
    64.00417    1.030395   1.000000
    64.20417    0.970277   1.000000
    64.40417    1.056898   1.000000
    64.60417    0.971276   1.000000
    64.80417    1.008425   1.000000
    65.00417    1.033825   1.000000
    65.20417    1.046537   1.000000
    65.40417    0.932091   1.000000
    65.60417    0.971146   1.000000
    65.80417    0.945764   1.000000
    66.00417    0.945413   1.000000
    66.20417    1.042440   1.000000
    66.40417    0.913849   1.000000
    66.60417    0.971896   1.000000
    66.80417    0.912391   1.000000
    67.00417    1.019399   1.000000
    67.20417    0.929897   1.000000
    67.40417    0.961749   1.000000
    67.60417    0.963974   1.000000
    67.80417    0.935570   1.000000
    67.98750    1.002806   1.000000
    68.18750    0.955126   1.000000
    68.38750    0.922911   1.000000
    68.58750    0.953567   1.000000
    68.78750    0.928039   1.000000
    68.98750    0.909703   1.000000
    69.18750    0.855271   1.000000
    69.38750    0.890676   1.000000
    69.58750    0.875483   0.996930
    69.77083    0.922256   0.989114
    69.97083    0.886607   0.977398
    70.17083    0.939809   0.962973
    70.37083    0.859747   0.946487
    70.57083    0.906394   0.928132
    70.75417    0.832282   0.910245
    70.95417    0.840165   0.889665
    71.15417    0.777283   0.868443
    71.35417    0.803503   0.846775
    71.55417    0.816117   0.825239
    71.75417    0.793969   0.804098
    71.95417    0.860662   0.783735
    72.15417    0.747694   0.764686
    72.35417    0.769427   0.747379
    72.55417    0.717369   0.732407
    72.75417    0.737521   0.720019
    72.95417    0.702922   0.710987
    73.15417    0.764055   0.705664
    73.35417    0.752000   0.704394
    73.55417    0.810412   0.707186
    73.75417    0.753654   0.713941
    73.95417    0.762728   0.724239
    74.15417    0.815461   0.737780
    74.35417    0.721239   0.753753
    74.55417    0.764226   0.771842
    74.75417    0.769385   0.791458
    74.95417    0.806858   0.812093
    75.15417    0.844742   0.833257
    75.35417    0.807155   0.854506
    75.55417    0.846477   0.875576
    75.75417    0.829484   0.896066
    75.95417    0.810760   0.915799
    76.15417    0.852410   0.934235
    76.35417    0.856623   0.951155
    76.55417    0.903835   0.966353
    76.75417    0.896496   0.979293
    76.95417    0.956749   0.989723
    77.15417    1.056725   0.997048
    77.35417    0.904260   1.000000
    77.55417    0.894601   1.000000
    77.75417    0.904473   1.000000
    77.95417    0.938602   1.000000
    78.13750    0.918886   1.000000
    78.33750    0.956868   1.000000
    78.53750    0.981828   1.000000
    78.73750    0.968752   1.000000
    78.93750    1.004444   1.000000
    79.13750    0.990190   1.000000
    79.33750    0.977013   1.000000
    79.53750    1.044308   1.000000
    79.73750    1.001208   1.000000
    79.93750    1.026381   1.000000
    80.13750    1.080058   1.000000
    80.33750    0.999234   1.000000
    80.53750    1.063322   1.000000
    80.73750    1.048216   1.000000
    80.93750    1.053280   1.000000
    81.13750    1.079734   1.000000
    81.33750    1.028985   1.000000
    81.53750    1.058445   1.000000
    81.73750    1.025535   1.000000
    81.93750    0.997182   1.000000
    82.13750    1.124394   1.000000
    82.33750    1.087437   1.000000
    82.53750    1.045451   1.000000
    82.73750    1.084669   1.000000
    82.93750    1.093662   1.000000
    83.13750    1.023720   1.000000
    83.33750    1.066621   1.000000
    83.53750    1.002040   1.000000
    83.73750    1.027871   1.000000
    83.93750    1.082043   1.000000
    84.13750    1.115788   1.000000
    84.33750    1.080242   1.000000
    84.53750    1.021934   1.000000
    84.73750    1.096264   1.000000
    84.93750    1.005536   1.000000
    85.33750    0.994546   1.000000
    85.53750    1.045736   1.000000
    85.73750    0.946685   1.000000
    85.93750    1.007172   1.000000
    86.13750    1.069933   1.000000
    86.33750    0.958722   1.000000
    86.53750    0.951912   1.000000
    86.73750    1.023049   1.000000
    86.93750    1.027051   1.000000
    87.13750    0.951794   1.000000
    87.33750    0.971885   1.000000
    87.72083    0.974495   1.000000
    87.92083    0.971693   1.000000
    88.12083    0.992185   1.000000
    88.32083    0.996060   1.000000
    88.52083    0.965807   1.000000
    88.72083    0.980306   1.000000
