  1255.93973    1.131529   1.000000
  1255.94781    1.030380   1.000000
  1255.95588    1.068684   1.000000
  1255.96395    0.936435   1.000000
  1255.97202    0.963877   1.000000
  1255.98010    1.093270   1.000000
  1255.98816    1.073272   1.000000
  1255.99624    1.075844   1.000000
  1256.00430    1.116749   1.000000
  1256.01238    1.008645   1.000000
  1256.02046    1.116780   1.000000
  1256.02852    0.938977   1.000000
  1256.03660    1.078786   1.000000
  1256.04467    0.931880   1.000000
  1256.05274    1.209807   1.000000
  1256.06081    1.111400   1.000000
  1256.06889    1.059466   1.000000
  1256.07695    0.977152   1.000000
  1256.08503    0.890877   1.000000
  1256.09311    0.898599   1.000000
  1256.10117    1.158904   1.000000
  1256.10925    0.928481   1.000000
  1256.11731    1.113164   1.000000
  1256.12539    0.988890   1.000000
  1256.13346    1.028422   1.000000
  1256.14153    1.050064   1.000000
  1256.14960    1.165439   1.000000
  1256.15768    0.945531   1.000000
  1256.16574    0.867304   1.000000
  1256.17382    0.950553   1.000000
  1256.18190    0.724622   1.000000
  1256.18996    1.221450   1.000000
  1256.19804    1.075407   1.000000
  1256.20610    0.790964   1.000000
  1256.21417    0.846414   1.000000
  1256.22225    1.001722   1.000000
  1256.23032    1.076869   1.000000
  1256.23839    0.995176   1.000000
  1256.24647    1.304003   1.000000
  1256.25455    1.128299   1.000000
  1256.26261    0.863753   1.000000
  1256.27069    1.033745   1.000000
  1256.27875    0.896814   1.000000
  1256.28683    1.039388   1.000000
  1256.29489    1.071108   1.000000
  1256.30297    0.814817   1.000000
  1256.31104    0.957231   1.000000
  1256.31912    1.118499   1.000000
  1256.32718    1.037681   1.000000
  1256.33526    0.782001   1.000000
  1256.34334    1.092004   1.000000
  1256.35140    1.258956   1.000000
  1256.35948    0.996080   1.000000
  1256.36754    0.927709   1.000000
  1256.37562    1.290461   1.000000
  1256.38368    1.074860   1.000000
  1256.39176    1.034351   1.000000
  1256.39983    1.423445   1.000000
  1256.40791    1.099818   1.000000
  1256.41597    0.866589   1.000000
  1256.42405    1.116429   1.000000
  1256.43213    1.023175   1.000000
  1256.44019    1.055415   1.000000
  1256.44827    0.971956   1.000000
  1256.45633    1.276767   1.000000
  1256.46441    0.966989   1.000000
  1256.47248    0.994567   1.000000
  1256.48055    1.064983   1.000000
  1256.48863    0.943107   1.000000
  1256.49670    1.009766   1.000000
  1256.50477    0.997273   1.000000
  1256.51284    1.085307   1.000000
  1256.52092    0.994431   1.000000
  1256.52898    0.945841   1.000000
  1256.53706    0.828749   1.000000
  1256.54512    0.977189   1.000000
  1256.55320    1.153107   1.000000
  1256.56127    1.096741   1.000000
  1256.56934    1.114826   1.000000
  1256.57742    0.829168   1.000000
  1256.58549    1.152450   1.000000
  1256.59356    0.897245   1.000000
  1256.60163    1.087233   1.000000
  1256.60971    1.099219   1.000000
  1256.61777    1.098401   1.000000
  1256.62585    1.015878   1.000000
  1256.63391    0.894591   1.000000
  1256.64199    1.017681   1.000000
  1256.65006    0.878256   1.000000
  1256.65813    0.961697   1.000000
  1256.66620    1.001013   1.000000
  1256.67428    1.006995   1.000000
  1256.68235    1.079897   1.000000
  1256.69042    1.223133   1.000000
  1256.69850    0.925798   1.000000
  1256.70656    0.838974   1.000000
  1256.71464    1.181182   1.000000
  1256.72270    1.071743   1.000000
  1256.73078    0.875330   1.000000
  1256.73885    1.004715   1.000000
  1256.74692    0.994868   1.000000
  1256.75500    0.838196   1.000000
  1256.76307    1.080064   1.000000
  1256.77115    1.193275   1.000000
  1256.77921    0.917960   1.000000
  1256.78729    0.998628   1.000000
  1256.79535    0.972377   1.000000
  1256.80343    0.992103   1.000000
  1256.81151    1.225646   1.000000
  1256.81960    0.917031   1.000000
  1256.82764    1.041716   1.000000
  1256.83571    1.172121   1.000000
  1256.84379    1.170210   1.000000
  1256.85186    0.931239   1.000000
  1256.85994    0.976789   1.000000
  1256.86800    1.017383   1.000000
  1256.87608    1.006477   1.000000
  1256.88414    1.252108   1.000000
  1256.89222    1.140525   1.000000
  1256.90030    0.946306   1.000000
  1256.90836    0.929287   1.000000
  1256.91644    0.865603   1.000000
  1256.92451    0.976080   1.000000
  1256.93258    1.018130   1.000000
  1256.94065    1.116998   1.000000
  1256.94873    1.047824   1.000000
  1256.95679    1.060215   1.000000
  1256.96487    1.171023   1.000000
  1256.97293    1.067320   1.000000
  1256.98101    0.733564   1.000000
  1256.98907    0.851806   1.000000
  1256.99715    0.983424   1.000000
  1257.00523    1.015733   1.000000
  1257.01330    0.964396   1.000000
  1257.02137    0.954704   1.000000
  1257.02944    0.854989   1.000000
  1257.03752    0.906949   1.000000
  1257.04558    1.246981   1.000000
  1257.05366    1.023723   1.000000
  1257.06174    1.007781   1.000000
  1257.06980    0.861242   1.000000
  1257.07788    1.062555   1.000000
  1257.08594    0.943134   1.000000
  1257.09402    0.714789   1.000000
  1257.10209    1.073799   1.000000
  1257.11016    1.004359   1.000000
  1257.11823    0.911177   1.000000
  1257.12631    0.946272   1.000000
  1257.13439    0.933393   1.000000
  1257.14245    0.997918   1.000000
  1257.15053    1.145959   1.000000
  1257.15859    1.165151   1.000000
  1257.16667    1.025656   1.000000
  1257.17473    1.061279   1.000000
  1257.18281    1.065936   1.000000
  1257.19088    1.414780   1.000000
  1257.19896    0.998034   1.000000
  1257.20702    0.775004   1.000000
  1257.21510    0.904103   1.000000
  1257.22316    1.116986   1.000000
  1257.23124    0.960894   1.000000
  1257.23932    1.076338   1.000000
  1257.24738    0.814823   1.000000
  1257.25546    1.134030   1.000000
  1257.26352    1.089961   1.000000
  1257.27160    0.883715   1.000000
  1257.27967    0.777391   1.000000
  1257.28775    1.073027   1.000000
  1257.29581    1.017732   1.000000
  1257.30389    1.135047   1.000000
  1257.31197    0.912778   1.000000
  1257.32003    1.007920   1.000000
  1257.32811    1.177258   1.000000
  1257.33617    0.775715   1.000000
  1257.34425    1.024306   1.000000
  1257.35232    1.041895   1.000000
  1257.36039    1.095271   1.000000
  1257.36846    0.878841   1.000000
  1257.37654    0.963105   1.000000
  1257.38461    1.162756   1.000000
  1257.39268    1.243854   1.000000
  1257.40076    1.018020   1.000000
  1257.40882    1.081537   1.000000
  1257.41690    0.958787   1.000000
  1257.42496    0.991783   1.000000
  1257.43304    0.889340   1.000000
  1257.44111    0.945404   1.000000
  1257.44918    0.733918   1.000000
  1257.45725    1.093648   1.000000
  1257.46533    0.958679   1.000000
  1257.47339    1.048106   1.000000
  1257.48147    1.137689   1.000000
  1257.48955    0.979559   1.000000
  1257.49761    0.762809   1.000000
  1257.50568    0.815476   1.000000
  1257.51375    0.800723   1.000000
  1257.52183    1.102948   1.000000
  1257.52990    0.975412   1.000000
  1257.53797    0.914636   1.000000
  1257.54604    1.085077   1.000000
  1257.55412    1.059995   1.000000
  1257.56220    1.312360   1.000000
  1257.57026    0.850699   1.000000
  1257.57834    1.066755   1.000000
  1257.58640    0.897566   1.000000
  1257.59448    1.105724   1.000000
  1257.60254    1.071949   1.000000
  1257.61062    1.134655   1.000000
  1257.61870    0.852655   1.000000
  1257.62676    0.892639   1.000000
  1257.63484    0.917745   1.000000
  1257.64291    0.963320   1.000000
  1257.65099    0.817032   1.000000
  1257.65905    0.938121   1.000000
  1257.66713    0.739346   1.000000
  1257.67519    0.947164   1.000000
  1257.68327    1.312721   1.000000
  1257.69133    1.102327   1.000000
  1257.69941    1.077976   1.000000
  1257.70748    0.909301   1.000000
  1257.71556    1.268043   1.000000
  1257.72363    1.170529   1.000000
  1257.73170    1.080248   1.000000
  1257.73978    1.099201   1.000000
  1257.74784    1.062939   1.000000
  1257.75592    0.962477   1.000000
  1257.76398    1.483466   1.000000
  1257.77206    1.003884   1.000000
  1257.78012    0.975915   1.000000
  1257.78820    0.808949   1.000000
  1257.79628    1.067394   1.000000
  1257.80435    0.817150   1.000000
  1257.81242    0.959387   1.000000
  1257.82049    0.913052   1.000000
  1257.82857    1.021542   1.000000
  1257.83663    1.185317   1.000000
  1257.84471    1.098119   1.000000
  1257.85277    0.831303   1.000000
  1257.86085    0.971662   1.000000
  1257.86892    0.842220   0.999912
  1257.87699    1.098458   0.999868
  1257.88507    1.047034   0.999842
  1257.89314    1.024478   0.999769
  1257.90121    1.125157   0.999677
  1257.90928    1.031244   0.999621
  1257.91736    1.120575   0.999576
  1257.92542    0.727219   0.999454
  1257.93350    0.911310   0.999351
  1257.94156    0.857008   0.999285
  1257.94964    0.907999   0.999210
  1257.95771    1.430195   0.999076
  1257.96578    1.050944   0.998962
  1257.97386    0.798953   0.998867
  1257.98193    1.034437   0.998791
  1257.99000    1.071871   0.998617
  1257.99807    1.143981   0.998503
  1258.00615    1.248911   0.998407
  1258.01421    1.154984   0.998262
  1258.02229    1.160584   0.998107
  1258.03035    1.229676   0.998001
  1258.03843    1.133558   0.997876
  1258.04651    1.005572   0.997681
  1258.05457    1.158516   0.997535
  1258.06265    1.190241   0.997409
  1258.07072    1.129971   0.997304
  1258.07880    1.288170   0.997107
  1258.08686    1.009153   0.996933
  1258.09494    0.745465   0.996815
  1258.10300    0.725104   0.996661
  1258.11108    0.995984   0.996443
  1258.11914    0.742266   0.996278
  1258.12722    1.132974   0.996152
  1258.13529    0.976084   0.995935
  1258.14336    1.073931   0.995750
  1258.15144    0.857424   0.995573
  1258.15951    0.844864   0.995407
  1258.16759    0.978914   0.995210
  1258.17565    0.863343   0.994984
  1258.18373    0.793195   0.994828
  1258.19181    0.988724   0.994660
  1258.19987    0.786440   0.994425
  1258.20795    1.057712   0.994228
  1258.21601    1.013724   0.994041
  1258.22409    0.935455   0.993874
  1258.23216    0.914234   0.993608
  1258.24023    0.825521   0.993381
  1258.24830    0.978422   0.993205
  1258.25638    0.935792   0.992969
  1258.26444    0.740726   0.992742
  1258.27252    0.909293   0.992556
  1258.28060    0.896337   0.992339
  1258.28866    1.031115   0.992102
  1258.29672    1.095426   0.991847
  1258.30480    1.131129   0.991650
  1258.31288    0.873923   0.991433
  1258.32095    1.009435   0.991158
  1258.32902    0.861461   0.990912
  1258.33709    0.819433   0.990694
  1258.34517    0.983132   0.990490
  1258.35324    1.002236   0.990184
  1258.36131    1.082902   0.989958
  1258.36939    1.166595   0.989723
  1258.37745    0.918844   0.989515
  1258.38553    0.877574   0.989201
  1258.39359    0.974400   0.988956
  1258.40167    0.920498   0.988681
  1258.40974    0.953742   0.988465
  1258.41781    0.774659   0.988179
  1258.42588    0.782642   0.987916
  1258.43396    0.829886   0.987699
  1258.44203    1.055940   0.987385
  1258.45010    0.869893   0.987064
  1258.45816    0.894830   0.986837
  1258.46624    0.913470   0.986612
  1258.47432    0.971147   0.986270
  1258.48238    0.954540   0.985987
  1258.49046    1.077088   0.985742
  1258.49853    0.766492   0.985546
  1258.50660    0.944267   0.985117
  1258.51467    0.858758   0.984874
  1258.52275    0.962164   0.984610
  1258.53083    1.025656   0.984307
  1258.53889    0.922360   0.984017
  1258.54697    1.044443   0.983705
  1258.55503    0.774827   0.983441
  1258.56311    0.950571   0.983121
  1258.57117    1.042875   0.982820
  1258.57925    1.007963   0.982511
  1258.58732    0.838178   0.982218
  1258.59540    0.948283   0.981938
  1258.60347    0.920151   0.981561
  1258.61154    1.077090   0.981309
  1258.61960    1.014449   0.980998
  1258.62768    0.923719   0.980653
  1258.63576    0.864693   0.980324
  1258.64382    0.736525   0.980034
  1258.65190    0.818384   0.979784
  1258.65996    0.926888   0.979381
  1258.66804    0.958069   0.979044
  1258.67611    0.833177   0.978767
  1258.68419    0.899597   0.978437
  1258.69226    0.860238   0.978066
  1258.70033    0.812381   0.977750
  1258.70841    0.930122   0.977432
  1258.71647    0.838576   0.977109
  1258.72455    0.970978   0.976738
  1258.73261    0.805111   0.976413
  1258.74069    0.750396   0.976076
  1258.74876    0.792638   0.975728
  1258.75683    1.043664   0.975376
  1258.76491    0.974347   0.975013
  1258.77298    1.121451   0.974777
  1258.78105    1.156995   0.974362
  1258.78912    0.936776   0.973994
  1258.79720    0.969010   0.973652
  1258.80526    0.956305   0.973396
  1258.81334    0.865554   0.972924
  1258.82140    0.937637   0.972597
  1258.82948    0.902364   0.972288
  1258.83755    0.813833   0.971878
  1258.84562    0.785441   0.971510
  1258.85370    0.812267   0.971142
  1258.86177    0.929226   0.970832
  1258.86984    1.077590   0.970428
  1258.87791    0.995533   0.970069
  1258.88599    0.949963   0.969677
  1258.89405    0.931913   0.969337
  1258.90213    1.088415   0.969007
  1258.91019    1.091649   0.968525
  1258.91827    0.863921   0.968201
  1258.92635    0.942446   0.967846
  1258.93441    0.892911   0.967443
  1258.94249    0.891159   0.967037
  1258.95056    0.907064   0.966688
  1258.95864    0.815303   0.966335
  1258.96670    1.099748   0.965840
  1258.97478    1.093538   0.965569
  1258.98284    0.847328   0.965113
  1258.99092    0.948605   0.964810
  1258.99900    0.861796   0.964378
  1259.00706    0.756331   0.963939
  1259.01514    0.831905   0.963594
  1259.02320    0.751715   0.963252
  1259.03128    1.017736   0.962790
  1259.03935    0.873839   0.962325
  1259.04743    0.818731   0.962018
  1259.05549    0.994437   0.961632
  1259.06357    1.153287   0.961171
  1259.07163    0.772160   0.960801
  1259.07971    0.945957   0.960384
  1259.08779    0.747668   0.960000
  1259.09585    0.996787   0.959548
  1259.10392    0.907602   0.959143
  1259.11200    0.809911   0.958747
  1259.12007    1.052765   0.958378
  1259.12814    0.969545   0.957899
  1259.13622    1.132391   0.957500
  1259.14428    0.862408   0.957142
  1259.15236    0.821797   0.956677
  1259.16042    0.827853   0.956217
  1259.16850    0.911667   0.955875
  1259.17656    0.868417   0.955427
  1259.18464    0.783840   0.954987
  1259.19272    0.847110   0.954570
  1259.20079    0.965355   0.954157
  1259.20886    0.968693   0.953750
  1259.21693    0.812691   0.953306
  1259.22501    0.877559   0.952863
  1259.23307    0.930053   0.952432
  1259.24115    0.987240   0.952086
  1259.24921    0.859627   0.951495
  1259.25729    0.855432   0.951160
  1259.26537    0.999853   0.950707
  1259.27343    1.091508   0.950324
  1259.28151    1.045025   0.949775
  1259.28958    0.912766   0.949418
  1259.29765    0.866692   0.948934
  1259.30572    0.788110   0.948532
  1259.31380    0.815437   0.948061
  1259.32186    1.037800   0.947608
  1259.32994    0.875824   0.947215
  1259.33802    0.799792   0.946730
  1259.34608    0.602101   0.946249
  1259.35416    0.776149   0.945839
  1259.36222    1.012740   0.945420
  1259.37030    1.042345   0.944925
  1259.37837    0.891663   0.944476
  1259.38644    0.935565   0.944002
  1259.39451    0.915961   0.943599
  1259.40259    0.993636   0.943098
  1259.41067    0.901529   0.942646
  1259.41873    1.016385   0.942163
  1259.42681    0.706784   0.941798
  1259.43487    1.015425   0.941242
  1259.44295    0.779339   0.940823
  1259.45101    0.848743   0.940351
  1259.45909    0.821148   0.939927
  1259.46716    0.897717   0.939425
  1259.47524    0.880356   0.938932
  1259.48331    0.791509   0.938489
  1259.49138    0.865085   0.938085
  1259.49946    0.950855   0.937512
  1259.50752    0.774612   0.937082
  1259.51560    0.769767   0.936672
  1259.52366    0.950537   0.936163
  1259.53174    0.775786   0.935633
  1259.53980    0.973920   0.935171
  1259.54788    1.000766   0.934750
  1259.55595    0.904362   0.934304
  1259.56403    0.819651   0.933739
  1259.57210    0.880787   0.933264
  1259.58017    0.715510   0.932833
  1259.58825    0.710059   0.932369
  1259.59631    0.794075   0.931835
  1259.60439    0.997730   0.931329
  1259.61245    0.718807   0.930893
  1259.62053    0.834155   0.930430
  1259.62860    0.949910   0.929903
  1259.63667    0.735786   0.929409
  1259.64474    0.668950   0.928959
  1259.65282    0.716175   0.928450
  1259.66089    1.120939   0.927956
  1259.66896    0.622783   0.927453
  1259.67704    1.013353   0.926985
  1259.68510    0.949012   0.926513
  1259.69318    0.815262   0.925994
  1259.70124    0.763479   0.925454
  1259.70932    0.895559   0.925019
  1259.71740    0.949779   0.924497
  1259.72546    0.876046   0.923997
  1259.73353    0.847277   0.923499
  1259.74161    0.912596   0.923032
  1259.74968    0.988724   0.922533
  1259.75775    1.005829   0.921972
  1259.76583    0.999878   0.921495
  1259.77389    0.763146   0.920993
  1259.78197    0.864393   0.920564
  1259.79003    1.035887   0.919964
  1259.79811    0.805231   0.919479
  1259.80619    0.861450   0.919036
  1259.81425    0.857739   0.918472
  1259.82233    0.807463   0.917920
  1259.83040    0.860389   0.917427
  1259.83848    0.961325   0.916979
  1259.84654    0.904550   0.916411
  1259.85462    1.124587   0.915901
  1259.86268    1.004923   0.915425
  1259.87076    0.694707   0.915008
  1259.87882    0.862974   0.914417
  1259.88690    0.728142   0.913847
  1259.89498    0.959951   0.913352
  1259.90304    0.998443   0.912823
  1259.91112    0.625787   0.912320
  1259.91919    0.651569   0.911822
  1259.92727    1.015309   0.911365
  1259.93533    0.850973   0.910789
  1259.94341    0.785784   0.910249
  1259.95147    0.724399   0.909748
  1259.95955    0.853986   0.909157
  1259.96761    0.915140   0.908661
  1259.97569    0.816027   0.908183
  1259.98376    0.919352   0.907678
  1259.99184    0.871592   0.907132
  1259.99991    0.824933   0.906660
  1260.00798    0.901404   0.906132
  1260.01606    1.074969   0.905497
  1260.02412    0.899017   0.904947
  1260.03220    0.953814   0.904522
  1260.04026    0.868531   0.903928
  1260.04834    0.872384   0.903410
  1260.05640    0.901185   0.902985
  1260.06448    0.909087   0.902367
  1260.07256    1.101075   0.901830
  1260.08063    0.867586   0.901280
  1260.08870    0.864199   0.900747
  1260.09677    0.720367   0.900234
  1260.10485    0.723964   0.899730
  1260.11291    0.719493   0.899188
  1260.12099    1.225901   0.898631
  1260.12905    0.789490   0.898091
  1260.13713    0.818822   0.897548
  1260.14520    0.825844   0.897016
  1260.15327    0.743272   0.896486
  1260.16135    0.935871   0.896007
  1260.16942    0.842394   0.895426
  1260.17749    0.821726   0.894845
  1260.18556    0.985962   0.894295
  1260.19364    1.030076   0.893821
  1260.20170    1.033945   0.893318
  1260.20978    0.838184   0.892716
  1260.21784    0.732613   0.892169
  1260.22592    0.827404   0.891660
  1260.23399    0.987219   0.891086
  1260.24206    0.854964   0.890531
  1260.25014    0.977256   0.890043
  1260.25821    0.922339   0.889471
  1260.26628    0.900230   0.888955
  1260.27435    1.014805   0.888325
  1260.28243    0.665015   0.887764
  1260.29049    0.835046   0.887316
  1260.29857    1.030568   0.886749
  1260.30663    0.830830   0.886198
  1260.31471    1.021007   0.885626
  1260.32279    0.875791   0.885064
  1260.33085    1.141533   0.884557
  1260.33893    0.779561   0.883984
  1260.34700    0.936270   0.883437
  1260.35508    0.787401   0.882896
  1260.36314    1.113168   0.882314
  1260.37122    0.877002   0.881760
  1260.37928    1.005117   0.881220
  1260.38736    1.121733   0.880689
  1260.39544    0.732347   0.880178
  1260.40350    0.828533   0.879530
  1260.41158    0.938064   0.879020
  1260.41964    0.982091   0.878460
  1260.42772    1.037537   0.877962
  1260.43579    0.975849   0.877371
  1260.44387    0.790223   0.876725
  1260.45194    0.972595   0.876259
  1260.46001    0.946827   0.875728
  1260.46807    0.749553   0.875131
  1260.47615    0.961752   0.874509
  1260.48423    0.843082   0.874009
  1260.49229    0.781625   0.873521
  1260.50037    0.924912   0.872887
  1260.50844    0.860742   0.872345
  1260.51651    0.954826   0.871750
  1260.52458    0.909979   0.871261
  1260.53266    0.847982   0.870709
  1260.54072    0.997654   0.870087
  1260.54880    0.890669   0.869520
  1260.55686    0.894530   0.869005
  1260.56494    1.103037   0.868435
  1260.57302    0.796634   0.867843
  1260.58108    0.865895   0.867270
  1260.58916    0.880252   0.866765
  1260.59723    0.948995   0.866162
  1260.60530    0.678010   0.865600
  1260.61337    0.929465   0.865058
  1260.62145    1.191836   0.864514
  1260.62952    0.750426   0.863907
  1260.63759    0.864325   0.863369
  1260.64567    1.022118   0.862798
  1260.65373    1.023249   0.862263
  1260.66181    0.731780   0.861657
  1260.66987    0.860193   0.861152
  1260.67795    0.773944   0.860490
  1260.68602    0.840719   0.860009
  1260.69409    0.740477   0.859454
  1260.70216    0.797991   0.858876
  1260.71024    0.983447   0.858278
  1260.71832    0.949818   0.857718
  1260.72638    1.090128   0.857191
  1260.73444    0.945810   0.856614
  1260.74252    0.982526   0.856033
  1260.75060    0.972619   0.855435
  1260.75866    0.807822   0.854902
  1260.76674    0.948632   0.854341
  1260.77481    0.967260   0.853754
  1260.78288    0.990325   0.853217
  1260.79095    0.793986   0.852630
  1260.79903    0.883548   0.852085
  1260.80711    0.907294   0.851496
  1260.81517    0.953603   0.850941
  1260.82325    1.077906   0.850352
  1260.83131    0.798118   0.849794
  1260.83939    1.155847   0.849232
  1260.84747    0.836530   0.848664
  1260.85553    0.900216   0.848074
  1260.86360    1.061148   0.847501
  1260.87168    0.887547   0.846949
  1260.87975    0.888642   0.846385
  1260.88782    0.898370   0.845840
  1260.89590    1.046461   0.845242
  1260.90396    1.038704   0.844709
  1260.91204    0.879562   0.844107
  1260.92010    0.844002   0.843547
  1260.92818    0.979945   0.842960
  1260.93624    0.891316   0.842412
  1260.94432    0.914344   0.841873
  1260.95240    1.004563   0.841266
  1260.96047    0.847984   0.840710
  1260.96853    0.599012   0.840151
  1260.97661    0.746182   0.839584
  1260.98469    0.892059   0.838980
  1260.99275    0.992540   0.838407
  1261.00083    0.866444   0.837884
  1261.00889    0.803451   0.837312
  1261.01697    1.064787   0.836744
  1261.02504    0.744148   0.836175
  1261.03311    0.768979   0.835585
  1261.04118    0.935020   0.835046
  1261.04926    0.889234   0.834444
  1261.05733    0.789522   0.833886
  1261.06540    0.636977   0.833320
  1261.07348    0.833143   0.832742
  1261.08154    0.859691   0.832162
  1261.08962    0.892521   0.831528
  1261.09768    1.087653   0.830946
  1261.10576    0.630717   0.830570
  1261.11384    0.940982   0.829958
  1261.12190    0.756235   0.829343
  1261.12998    0.907125   0.828792
  1261.13805    0.807699   0.828230
  1261.14612    0.835785   0.827649
  1261.15419    0.915853   0.827070
  1261.16227    0.901492   0.826499
  1261.17033    0.723338   0.825966
  1261.17841    0.667114   0.825376
  1261.18647    0.581380   0.824841
  1261.19455    0.891422   0.824242
  1261.20263    0.889154   0.823669
  1261.21069    0.694711   0.823146
  1261.21877    0.693909   0.822557
  1261.22684    0.774671   0.821965
  1261.23492    0.940618   0.821459
  1261.24298    0.853780   0.820878
  1261.25106    1.125490   0.820290
  1261.25914    1.052700   0.819764
  1261.26720    0.653506   0.819196
  1261.27528    0.854352   0.818639
  1261.28334    1.060493   0.818051
  1261.29141    0.916594   0.817489
  1261.29948    0.811497   0.816909
  1261.30756    0.865289   0.816334
  1261.31563    1.182252   0.815807
  1261.32371    0.740680   0.815249
  1261.33177    0.752793   0.814708
  1261.33985    0.951539   0.814143
  1261.34791    0.961153   0.813573
  1261.35599    0.884848   0.813006
  1261.36407    1.063113   0.812472
  1261.37213    0.802352   0.811883
  1261.38021    0.693499   0.811323
  1261.38828    0.983453   0.810779
  1261.39635    0.780119   0.810221
  1261.40442    0.829664   0.809672
  1261.41250    0.908146   0.809108
  1261.42056    0.787413   0.808567
  1261.42864    0.808712   0.807992
  1261.43672    0.853039   0.807433
  1261.44478    1.035385   0.806839
  1261.45286    0.717727   0.806304
  1261.46092    0.765482   0.805737
  1261.46900    0.894127   0.805239
  1261.47707    0.967125   0.804677
  1261.48514    0.970282   0.804021
  1261.49321    1.039184   0.803558
  1261.50129    0.833596   0.803019
  1261.50935    0.960939   0.802485
  1261.51743    0.953695   0.801905
  1261.52551    0.873353   0.801311
  1261.53357    0.813365   0.800804
  1261.54164    0.743987   0.800234
  1261.54971    0.889595   0.799738
  1261.55779    0.773489   0.799112
  1261.56586    0.890140   0.798618
  1261.57393    0.942182   0.798066
  1261.58200    0.844637   0.797574
  1261.59008    0.742736   0.796973
  1261.59816    0.966837   0.796342
  1261.60622    0.822736   0.795868
  1261.61430    0.689877   0.795302
  1261.62236    0.790856   0.794820
  1261.63044    0.895930   0.794232
  1261.63850    0.858790   0.793690
  1261.64658    0.803790   0.793132
  1261.65465    0.780233   0.792625
  1261.66272    0.875138   0.792103
  1261.67079    0.915118   0.791583
  1261.67887    0.890906   0.790983
  1261.68695    0.840309   0.790458
  1261.69501    0.794680   0.789926
  1261.70309    0.888607   0.789380
  1261.71115    0.801648   0.788867
  1261.71923    0.749889   0.788300
  1261.72729    0.823402   0.787802
  1261.73537    0.871977   0.787290
  1261.74344    1.163989   0.786724
  1261.75152    1.019890   0.786213
  1261.75958    0.757740   0.785608
  1261.76766    0.807485   0.785118
  1261.77574    0.719924   0.784552
  1261.78380    0.912300   0.784087
  1261.79188    0.674876   0.783519
  1261.79994    0.886927   0.783015
  1261.80802    0.903491   0.782490
  1261.81610    1.044415   0.781988
  1261.82416    0.835587   0.781465
  1261.83223    0.861205   0.780930
  1261.84031    0.967325   0.780329
  1261.84838    0.916570   0.779886
  1261.85645    0.718017   0.779333
  1261.86453    0.743691   0.778830
  1261.87259    0.866506   0.778199
  1261.88067    0.881332   0.777719
  1261.88873    0.736259   0.777177
  1261.89681    0.704413   0.776742
  1261.90488    0.673572   0.776225
  1261.91295    0.660487   0.775683
  1261.92102    0.822959   0.775138
  1261.92910    0.965310   0.774609
  1261.93716    0.958571   0.774204
  1261.94524    0.616748   0.773641
  1261.95332    0.654917   0.773134
  1261.96138    0.824802   0.772540
  1261.96946    0.678572   0.772171
  1261.97752    0.826916   0.771647
  1261.98560    0.766221   0.771109
  1261.99367    0.878860   0.770645
  1262.00174    0.761623   0.770043
  1262.00982    0.581433   0.769584
  1262.01789    0.721988   0.769054
  1262.02596    1.044605   0.768614
  1262.03403    0.881226   0.768045
  1262.04211    0.688801   0.767530
  1262.05017    0.929242   0.767079
  1262.05825    0.954032   0.766546
  1262.06631    0.861892   0.766097
  1262.07439    0.609547   0.765573
  1262.08247    0.914710   0.765066
  1262.09053    0.865025   0.764502
  1262.09861    0.991162   0.764065
  1262.10668    0.807675   0.763587
  1262.11476    0.702504   0.763092
  1262.12282    0.931794   0.762646
  1262.13090    1.026224   0.762039
  1262.13896    0.719264   0.761700
  1262.14704    0.761402   0.761225
  1262.15510    0.683486   0.760736
  1262.16318    0.724836   0.760235
  1262.17126    0.803730   0.759661
  1262.17932    0.673839   0.759283
  1262.18740    0.811254   0.758807
  1262.19547    0.739581   0.758277
  1262.20355    0.930398   0.757832
  1262.21161    0.775457   0.757254
  1262.21969    1.040699   0.756795
  1262.22775    0.730649   0.756346
  1262.23583    0.784473   0.755968
  1262.24389    0.770016   0.755497
  1262.25197    0.597379   0.754994
  1262.26005    0.633190   0.754519
  1262.26812    0.986846   0.754026
  1262.27619    0.947950   0.753631
  1262.28426    0.737135   0.753138
  1262.29234    0.830387   0.752656
  1262.30040    0.656093   0.752190
  1262.30848    0.645260   0.751719
  1262.31654    0.714322   0.751238
  1262.32462    1.071661   0.750872
  1262.33268    0.813361   0.750375
  1262.34076    0.659752   0.749909
  1262.34884    0.710855   0.749471
  1262.35691    0.630009   0.748916
  1262.36498    0.692655   0.748524
  1262.37305    0.875189   0.748126
  1262.38113    0.646904   0.747683
  1262.38919    0.694229   0.747222
  1262.39727    0.720933   0.746758
  1262.40533    0.742127   0.746279
  1262.41341    0.794959   0.745856
  1262.42149    0.990258   0.745475
  1262.42955    0.867825   0.745044
  1262.43763    0.764502   0.744609
  1262.44570    0.736114   0.744208
  1262.45377    0.685799   0.743659
  1262.46184    0.862004   0.743248
  1262.46992    0.820513   0.742857
  1262.47798    0.661467   0.742436
  1262.48606    0.779953   0.741974
  1262.49414    0.739689   0.741602
  1262.50220    0.884070   0.741114
  1262.51028    0.879462   0.740702
  1262.51834    0.799035   0.740316
  1262.52642    0.860897   0.739913
  1262.53449    0.539303   0.739498
  1262.54256    0.826126   0.739114
  1262.55063    0.749887   0.738671
  1262.55871    0.830178   0.738262
  1262.56679    0.741619   0.737863
  1262.57485    0.571605   0.737426
  1262.58293    0.919230   0.737095
  1262.59099    0.604735   0.736635
  1262.59906    0.720739   0.736247
  1262.60713    0.696898   0.735748
  1262.61521    0.712731   0.735390
  1262.62328    0.792066   0.735044
  1262.63136    0.591225   0.734668
  1262.63942    0.739863   0.734267
  1262.64750    0.799439   0.733862
  1262.65558    1.010452   0.733465
  1262.66364    0.665440   0.733018
  1262.67172    0.656802   0.732674
  1262.67978    0.639833   0.732315
  1262.68786    0.829960   0.731975
  1262.69592    0.717503   0.731612
  1262.70400    0.906282   0.731198
  1262.71207    0.917060   0.730823
  1262.72015    0.594865   0.730390
  1262.72821    0.699675   0.730028
  1262.73629    0.703468   0.729702
  1262.74437    0.842563   0.729310
  1262.75243    0.707956   0.729032
  1262.76051    0.800449   0.728621
  1262.76857    0.664360   0.728259
  1262.77665    0.694958   0.727858
  1262.78472    0.748307   0.727494
  1262.79279    0.634666   0.727162
  1262.80086    0.753738   0.726837
  1262.80894    0.851295   0.726500
  1262.81700    0.780496   0.726165
  1262.82508    0.901012   0.725834
  1262.83316    0.715545   0.725408
  1262.84122    0.573871   0.725022
  1262.84930    0.806711   0.724695
  1262.85736    0.794890   0.724424
  1262.86544    0.860677   0.724077
  1262.87351    0.667212   0.723774
  1262.88160    0.876781   0.723440
  1262.88965    0.717829   0.723077
  1262.89773    0.847822   0.722789
  1262.90580    0.638273   0.722378
  1262.91387    0.745431   0.722108
  1262.92195    0.578546   0.721788
  1262.93001    0.862014   0.721497
  1262.93809    0.626399   0.721155
  1262.94615    0.737007   0.720873
  1262.95423    0.670507   0.720569
  1262.96230    0.780323   0.720226
  1262.97037    0.738673   0.719918
  1262.97844    0.739032   0.719566
  1262.98652    0.623118   0.719273
  1262.99460    0.694221   0.719052
  1263.00266    0.752388   0.718708
  1263.01074    0.845168   0.718467
  1263.01880    0.898084   0.718173
  1263.02688    0.935573   0.717902
  1263.03494    0.785990   0.717596
  1263.04302    0.746529   0.717197
  1263.05109    0.628925   0.716955
  1263.05916    0.693817   0.716680
  1263.06723    0.660701   0.716415
  1263.07531    0.756768   0.716153
  1263.08339    0.906243   0.715897
  1263.09145    0.709426   0.715661
  1263.09953    0.701228   0.715376
  1263.10759    0.778191   0.715129
  1263.11567    0.764647   0.714813
  1263.12373    0.692909   0.714532
  1263.13181    0.907703   0.714253
  1263.13988    0.611995   0.714031
  1263.14796    0.666232   0.713801
  1263.15602    0.762979   0.713559
  1263.16410    0.825486   0.713325
  1263.17218    0.617060   0.713095
  1263.18024    0.685001   0.712864
  1263.18832    0.515622   0.712615
  1263.19640    0.535792   0.712402
  1263.20446    0.590153   0.712105
  1263.21252    0.806264   0.711819
  1263.22060    0.696292   0.711594
  1263.22868    0.870567   0.711414
  1263.23675    0.756013   0.711166
  1263.24481    0.704542   0.710963
  1263.25289    0.649051   0.710782
  1263.26097    0.503160   0.710524
  1263.26903    0.626150   0.710369
  1263.27711    0.942264   0.710093
  1263.28517    0.490763   0.709937
  1263.29325    0.794655   0.709739
  1263.30133    0.819545   0.709517
  1263.30939    0.780037   0.709245
  1263.31747    0.731512   0.709025
  1263.32554    0.641859   0.708816
  1263.33361    0.672649   0.708666
  1263.34168    0.639431   0.708484
  1263.34976    0.756570   0.708372
  1263.35782    0.619131   0.708206
  1263.36590    0.732790   0.707956
  1263.37396    0.882218   0.707828
  1263.38204    0.644790   0.707662
  1263.39011    0.710787   0.707513
  1263.39818    0.660807   0.707306
  1263.40626    0.668894   0.707130
  1263.41433    0.710163   0.706952
  1263.42240    0.630221   0.706776
  1263.43047    0.669274   0.706566
  1263.43855    0.764169   0.706381
  1263.44661    0.689452   0.706237
  1263.45469    0.516649   0.706143
  1263.46275    0.765686   0.705958
  1263.47083    0.759504   0.705870
  1263.47891    0.659919   0.705702
  1263.48697    0.581446   0.705626
  1263.49505    0.779490   0.705456
  1263.50312    0.646416   0.705357
  1263.51120    0.747936   0.705215
  1263.51926    0.818910   0.705102
  1263.52734    0.734691   0.704956
  1263.53542    0.588208   0.704814
  1263.54348    0.674076   0.704749
  1263.55156    0.715681   0.704613
  1263.55962    0.594941   0.704525
  1263.56770    0.732439   0.704427
  1263.57576    0.796580   0.704262
  1263.58384    0.611429   0.704213
  1263.59191    0.779496   0.704014
  1263.59999    0.614300   0.703936
  1263.60805    0.602366   0.703828
  1263.61613    0.628765   0.703658
  1263.62419    0.687527   0.703568
  1263.63227    0.560478   0.703591
  1263.64033    0.695069   0.703460
  1263.64841    0.769692   0.703344
  1263.65648    0.607330   0.703318
  1263.66456    0.721371   0.703256
  1263.67263    0.563132   0.703179
  1263.68070    0.760016   0.703141
  1263.68878    0.671661   0.703036
  1263.69684    0.489125   0.702963
  1263.70492    0.689142   0.702978
  1263.71300    0.585947   0.702869
  1263.72106    0.647371   0.702915
  1263.72914    0.725398   0.702755
  1263.73720    0.587154   0.702765
  1263.74528    0.784820   0.702709
  1263.75335    0.669252   0.702664
  1263.76142    0.648516   0.702644
  1263.76949    0.658755   0.702589
  1263.77757    0.633137   0.702571
  1263.78563    0.579312   0.702534
  1263.79371    0.548405   0.702488
  1263.80179    0.669029   0.702436
  1263.80985    0.726680   0.702476
  1263.81793    0.680401   0.702457
  1263.82599    0.860681   0.702458
  1263.83407    0.626746   0.702442
  1263.84214    0.714634   0.702414
  1263.85021    0.702854   0.702411
  1263.85828    0.571623   0.702405
  1263.86636    0.770041   0.702450
  1263.87442    0.870032   0.702410
  1263.88250    0.861471   0.702447
  1263.89056    0.568959   0.702427
  1263.89864    0.571155   0.702429
  1263.90672    0.600078   0.702447
  1263.91478    0.682278   0.702471
  1263.92286    0.685032   0.702490
  1263.93093    0.646616   0.702527
  1263.93900    0.667275   0.702504
  1263.94707    0.691700   0.702586
  1263.95515    0.693952   0.702621
  1263.96323    0.619327   0.702614
  1263.97129    0.675148   0.702725
  1263.97937    0.757936   0.702659
  1263.98743    0.577095   0.702797
  1263.99551    0.656828   0.702754
  1264.00357    0.795780   0.702832
  1264.01165    0.756351   0.702901
  1264.01973    0.682790   0.702937
  1264.02780    0.525089   0.703013
  1264.03587    0.686906   0.703072
  1264.04394    0.671698   0.703077
  1264.05202    0.625913   0.703177
  1264.06008    0.738005   0.703303
  1264.06816    0.676459   0.703267
  1264.07622    0.797021   0.703339
  1264.08430    0.726710   0.703469
  1264.09236    0.474905   0.703602
  1264.10044    0.689448   0.703684
  1264.10851    0.726833   0.703830
  1264.11659    0.676099   0.703878
  1264.12466    0.699344   0.704023
  1264.13273    0.844415   0.704128
  1264.14081    0.725026   0.704206
  1264.14887    0.672061   0.704299
  1264.15695    0.653645   0.704396
  1264.16501    0.811679   0.704530
  1264.17309    0.770345   0.704632
  1264.18116    0.625815   0.704731
  1264.18923    0.632230   0.704879
  1264.19731    0.647093   0.704995
  1264.20538    0.584563   0.705092
  1264.21345    0.729030   0.705198
  1264.22155    0.557050   0.705355
  1264.22960    0.715438   0.705445
  1264.23766    0.567188   0.705586
  1264.24574    0.745665   0.705680
  1264.25380    0.750339   0.705839
  1264.26188    0.640295   0.705958
  1264.26995    0.567342   0.706176
  1264.27802    0.769653   0.706346
  1264.28610    0.663129   0.706525
  1264.29417    0.618408   0.706704
  1264.30224    0.600268   0.706885
  1264.31031    0.623880   0.706996
  1264.31839    0.619245   0.707163
  1264.32645    0.614712   0.707295
  1264.33453    0.627285   0.707485
  1264.34259    0.491473   0.707676
  1264.35067    0.744736   0.707799
  1264.35875    0.657718   0.707955
  1264.36681    0.551966   0.708116
  1264.37489    0.642855   0.708289
  1264.38296    0.701855   0.708466
  1264.39104    0.724289   0.708731
  1264.39910    0.776027   0.708944
  1264.40718    0.673723   0.709136
  1264.41524    0.613653   0.709312
  1264.42332    0.616866   0.709565
  1264.43138    0.747817   0.709741
  1264.43946    0.509601   0.709958
  1264.44753    0.674266   0.710100
  1264.45560    0.579630   0.710324
  1264.46368    0.575149   0.710538
  1264.47175    0.758495   0.710698
  1264.47983    0.658690   0.710922
  1264.48789    0.617667   0.711207
  1264.49597    0.710152   0.711440
  1264.50405    0.660325   0.711707
  1264.51211    0.494530   0.711979
  1264.52019    0.719487   0.712122
  1264.52825    0.680769   0.712345
  1264.53632    0.708921   0.712554
  1264.54440    0.717737   0.712804
  1264.55247    0.628218   0.713034
  1264.56054    0.651169   0.713224
  1264.56862    0.777029   0.713463
  1264.57668    0.706343   0.713801
  1264.58476    0.780672   0.714117
  1264.59282    0.560094   0.714322
  1264.60090    0.616599   0.714605
  1264.60896    0.648827   0.714770
  1264.61704    0.614272   0.715072
  1264.62512    0.780992   0.715340
  1264.63319    0.565331   0.715595
  1264.64126    0.651320   0.715841
  1264.64933    0.607091   0.716089
  1264.65741    0.798667   0.716423
  1264.66547    0.631236   0.716683
  1264.67355    0.757146   0.716988
  1264.68161    0.548658   0.717300
  1264.68969    0.733440   0.717557
  1264.69776    0.860960   0.717829
  1264.70583    0.692055   0.718117
  1264.71391    0.641916   0.718355
  1264.72198    0.710126   0.718536
  1264.73005    0.739916   0.718968
  1264.73812    0.663333   0.719297
  1264.74620    0.664184   0.719622
  1264.75426    0.658555   0.719891
  1264.76234    0.710042   0.720192
  1264.77042    0.667412   0.720518
  1264.77848    0.673896   0.720711
  1264.78656    0.767403   0.721050
  1264.79462    0.545927   0.721368
  1264.80270    0.546012   0.721728
  1264.81078    0.767238   0.722086
  1264.81884    0.681416   0.722353
  1264.82691    0.602973   0.722703
  1264.83499    0.712206   0.723016
  1264.84305    0.647528   0.723308
  1264.85113    0.776652   0.723622
  1264.85921    0.557889   0.723916
  1264.86727    0.715881   0.724314
  1264.87535    0.529244   0.724677
  1264.88341    0.736020   0.725016
  1264.89149    0.793485   0.725359
  1264.89956    0.674395   0.725591
  1264.90764    0.596329   0.726002
  1264.91570    0.737568   0.726301
  1264.92378    0.764373   0.726684
  1264.93184    0.666781   0.727004
  1264.93992    0.494135   0.727376
  1264.94800    0.733283   0.727738
  1264.95606    0.679515   0.728094
  1264.96414    0.688329   0.728408
  1264.97220    0.822595   0.728775
  1264.98028    0.639341   0.729074
  1264.98835    0.624319   0.729548
  1264.99643    0.871653   0.729916
  1265.00449    0.674035   0.730239
  1265.01257    0.831824   0.730618
  1265.02065    0.711968   0.730973
  1265.02871    0.671810   0.731333
  1265.03679    0.867966   0.731658
  1265.04485    0.662961   0.732076
  1265.05293    0.583828   0.732504
  1265.06100    0.760149   0.732872
  1265.06907    0.673347   0.733254
  1265.07714    0.715936   0.733633
  1265.08522    0.798030   0.733941
  1265.09329    0.719407   0.734357
  1265.10136    0.643188   0.734821
  1265.10944    0.607503   0.735197
  1265.11750    0.736751   0.735613
  1265.12558    0.641836   0.736005
  1265.13364    0.657324   0.736354
  1265.14172    0.565723   0.736730
  1265.14979    0.778101   0.737159
  1265.15786    0.715771   0.737575
  1265.16594    0.684003   0.737987
  1265.17401    0.670285   0.738360
  1265.18208    0.674634   0.738775
  1265.19015    0.698513   0.739149
  1265.19823    0.766272   0.739507
  1265.20629    0.830956   0.739966
  1265.21437    0.785843   0.740463
  1265.22243    0.730565   0.740831
  1265.23051    0.683088   0.741263
  1265.23858    0.729118   0.741616
  1265.24665    0.623467   0.742019
  1265.25472    0.678098   0.742542
  1265.26280    0.837353   0.742949
  1265.27088    0.697512   0.743356
  1265.27894    0.879160   0.743775
  1265.28702    0.727668   0.744137
  1265.29508    0.646685   0.744560
  1265.30316    0.637663   0.745067
  1265.31122    0.836271   0.745488
  1265.31930    0.753999   0.745970
  1265.32738    0.750349   0.746364
  1265.33544    0.783044   0.746793
  1265.34352    0.923127   0.747161
  1265.35159    0.509593   0.747663
  1265.35967    0.679450   0.748115
  1265.36773    0.773318   0.748542
  1265.37581    0.574822   0.749002
  1265.38387    0.630597   0.749408
  1265.39195    0.764741   0.749800
  1265.40003    0.803471   0.750314
  1265.40809    0.866671   0.750768
  1265.41617    0.864587   0.751270
  1265.42424    0.924742   0.751708
  1265.43231    0.711169   0.752112
  1265.44038    0.720959   0.752565
  1265.44846    0.772630   0.753057
  1265.45652    0.676265   0.753531
  1265.46460    0.725410   0.753929
  1265.47266    0.820131   0.754378
  1265.48074    0.544700   0.754827
  1265.48880    0.763844   0.755278
  1265.49688    0.719610   0.755864
  1265.50496    1.100195   0.756253
  1265.51303    0.671561   0.756678
  1265.52110    0.576570   0.757212
  1265.52917    0.626128   0.757636
  1265.53725    0.634568   0.758209
  1265.54531    0.708560   0.758631
  1265.55339    0.744961   0.759068
  1265.56145    0.689248   0.759540
  1265.56953    0.779345   0.759903
  1265.57761    0.772025   0.760428
  1265.58567    0.815015   0.760924
  1265.59375    0.981580   0.761420
  1265.60182    0.758285   0.761942
  1265.60989    0.618829   0.762325
  1265.61796    0.765184   0.762862
  1265.62604    0.818412   0.763376
  1265.63410    0.684246   0.763916
  1265.64218    0.703785   0.764367
  1265.65024    0.745757   0.764773
  1265.65832    0.638343   0.765340
  1265.66640    0.881971   0.765757
  1265.67446    0.739381   0.766339
  1265.68254    0.707284   0.766791
  1265.69061    0.792530   0.767328
  1265.69868    0.816491   0.767730
  1265.70675    0.826687   0.768177
  1265.71483    0.697176   0.768820
  1265.72289    0.697925   0.769243
  1265.73097    0.770794   0.769768
  1265.73905    0.712019   0.770247
  1265.74711    0.785000   0.770727
  1265.75519    0.663811   0.771258
  1265.76325    0.681051   0.771766
  1265.77133    0.736267   0.772262
  1265.77940    0.749005   0.772694
  1265.78748    0.750330   0.773230
  1265.79554    0.671718   0.773721
  1265.80362    0.673382   0.774278
  1265.81168    0.859015   0.774774
  1265.81976    0.674115   0.775265
  1265.82784    0.649390   0.775710
  1265.83590    0.817344   0.776229
  1265.84398    0.791799   0.776778
  1265.85204    0.719577   0.777239
  1265.86012    0.782013   0.777800
  1265.86819    0.545422   0.778274
  1265.87627    0.915688   0.778853
  1265.88433    0.875479   0.779358
  1265.89241    0.868482   0.779883
  1265.90049    1.020658   0.780386
  1265.90855    0.758375   0.780934
  1265.91663    0.822058   0.781385
  1265.92469    0.855113   0.781935
  1265.93277    0.726523   0.782418
  1265.94084    0.846234   0.782939
  1265.94891    0.748379   0.783422
  1265.95698    0.793961   0.784000
  1265.96506    0.734922   0.784549
  1265.97312    0.833812   0.785062
  1265.98120    0.856747   0.785589
  1265.98928    0.841924   0.786061
  1265.99734    0.774322   0.786586
  1266.00542    0.725608   0.787169
  1266.01348    0.784273   0.787658
  1266.02156    1.009706   0.788152
  1266.02963    0.899834   0.788712
  1266.03770    0.702108   0.789259
  1266.04577    0.810488   0.789814
  1266.05385    0.876455   0.790325
  1266.06191    0.801423   0.790806
  1266.06999    0.657935   0.791317
  1266.07807    0.702453   0.791855
  1266.08613    0.844772   0.792483
  1266.09421    0.780743   0.792969
  1266.10227    0.781325   0.793504
  1266.11035    0.697945   0.793947
  1266.11842    0.860030   0.794569
  1266.12649    0.915628   0.795051
  1266.13456    0.958469   0.795644
  1266.14264    0.849219   0.796140
  1266.15070    0.825192   0.796650
  1266.15878    0.629690   0.797245
  1266.16686    0.751198   0.797778
  1266.17492    0.719336   0.798333
  1266.18300    0.979855   0.798802
  1266.19106    0.778406   0.799368
  1266.19914    0.942987   0.799899
  1266.20721    0.652634   0.800479
  1266.21528    0.979853   0.801044
  1266.22335    0.752380   0.801498
  1266.23143    0.728911   0.802037
  1266.23951    0.829927   0.802631
  1266.24757    0.835027   0.803197
  1266.25565    0.838753   0.803716
  1266.26371    0.813492   0.804212
  1266.27179    0.633478   0.804802
  1266.27985    0.805795   0.805326
  1266.28793    0.849470   0.805839
  1266.29600    0.805762   0.806416
  1266.30408    0.861250   0.806935
  1266.31215    0.928550   0.807500
  1266.32022    0.695403   0.808047
  1266.32828    0.618304   0.808601
  1266.33636    0.634466   0.809133
  1266.34444    1.055277   0.809656
  1266.35250    0.996987   0.810247
  1266.36058    0.693993   0.810799
  1266.36865    0.777391   0.811326
  1266.37672    0.944447   0.811853
  1266.38480    0.842585   0.812445
  1266.39287    0.717292   0.812968
  1266.40094    0.847018   0.813509
  1266.40901    0.641026   0.814095
  1266.41709    0.718791   0.814622
  1266.42515    0.855250   0.815167
  1266.43323    0.788191   0.815729
  1266.44129    0.786803   0.816273
  1266.44937    0.852249   0.816830
  1266.45744    0.681124   0.817332
  1266.46551    0.893025   0.817969
  1266.47359    0.786468   0.818472
  1266.48166    0.888693   0.819063
  1266.48973    0.771102   0.819583
  1266.49780    0.722692   0.820141
  1266.50588    0.907666   0.820705
  1266.51394    0.682239   0.821230
  1266.52202    0.819525   0.821802
  1266.53008    0.902137   0.822329
  1266.53816    0.867167   0.822908
  1266.54623    0.717509   0.823468
  1266.55430    0.737715   0.824007
  1266.56238    0.889591   0.824561
  1266.57045    0.738893   0.825134
  1266.57852    0.791760   0.825675
  1266.58659    0.778638   0.826232
  1266.59467    0.679854   0.826754
  1266.60273    0.756792   0.827348
  1266.61081    0.825495   0.827936
  1266.61887    0.865940   0.828473
  1266.62695    0.797013   0.829033
  1266.63503    0.758309   0.829532
  1266.64309    0.797826   0.830117
  1266.65116    0.769575   0.830668
  1266.65924    0.830315   0.831186
  1266.66732    0.850605   0.831795
  1266.67538    0.679415   0.832322
  1266.68346    0.804990   0.832904
  1266.69152    1.129175   0.833464
  1266.69960    0.739404   0.834006
  1266.70766    0.928838   0.834572
  1266.71574    0.689875   0.835119
  1266.72382    0.898043   0.835681
  1266.73188    0.785539   0.836242
  1266.73996    0.931837   0.836794
  1266.74803    0.783998   0.837357
  1266.75611    0.721041   0.837909
  1266.76417    0.820897   0.838447
  1266.77225    0.796728   0.839008
  1266.78031    0.907721   0.839565
  1266.78839    0.748479   0.840129
  1266.79647    0.807853   0.840693
  1266.80453    0.944649   0.841236
  1266.81261    0.771793   0.841820
  1266.82068    0.800202   0.842360
  1266.82875    0.834870   0.842913
  1266.83682    0.880497   0.843494
  1266.84490    0.769002   0.844027
  1266.85296    0.783665   0.844573
  1266.86104    0.801248   0.845141
  1266.86912    0.854782   0.845705
  1266.87718    0.826081   0.846297
  1266.88526    1.073919   0.846769
  1266.89332    0.732644   0.847383
  1266.90140    0.833486   0.847922
  1266.90947    0.992477   0.848460
  1266.91754    0.645399   0.849012
  1266.92561    1.022818   0.849621
  1266.93369    0.814333   0.850168
  1266.94175    0.840229   0.850671
  1266.94983    0.945394   0.851282
  1266.95789    0.952233   0.851825
  1266.96597    0.901351   0.852369
  1266.97405    0.924563   0.852928
  1266.98211    0.686884   0.853449
  1266.99019    0.992701   0.854073
  1266.99826    0.927985   0.854588
  1267.00633    0.672712   0.855116
  1267.01440    0.902008   0.855749
  1267.02248    0.914563   0.856186
  1267.03054    0.738813   0.856801
  1267.03862    0.717676   0.857339
  1267.04670    0.975878   0.857895
  1267.05476    0.853112   0.858436
  1267.06284    0.908838   0.859051
  1267.07090    0.952915   0.859577
  1267.07898    0.919381   0.860095
  1267.08705    0.806803   0.860670
  1267.09512    0.610107   0.861206
  1267.10319    0.800496   0.861788
  1267.11127    1.160543   0.862287
  1267.11935    0.718574   0.862883
  1267.12741    0.691243   0.863414
  1267.13549    0.869231   0.864012
  1267.14355    0.957378   0.864550
  1267.15163    0.867312   0.865093
  1267.15969    0.706439   0.865596
  1267.16777    0.970437   0.866180
  1267.17584    1.088738   0.866776
  1267.18392    0.946270   0.867251
  1267.19198    0.993543   0.867827
  1267.20006    0.703333   0.868350
  1267.20814    0.961251   0.868988
  1267.21620    0.990194   0.869452
  1267.22428    0.856765   0.870003
  1267.23234    0.968685   0.870528
  1267.24042    0.893923   0.871199
  1267.24848    1.013665   0.871663
  1267.25656    0.719003   0.872173
  1267.26463    0.798436   0.872723
  1267.27271    0.873096   0.873332
  1267.28077    0.853596   0.873886
  1267.28885    1.045499   0.874370
  1267.29693    1.282345   0.874919
  1267.30499    0.901237   0.875524
  1267.31307    0.910873   0.876041
  1267.32113    1.048294   0.876592
  1267.32921    0.763718   0.877068
  1267.33728    1.005627   0.877690
  1267.34535    0.768428   0.878174
  1267.35342    0.807703   0.878741
  1267.36150    0.768230   0.879295
  1267.36956    0.898872   0.879799
  1267.37764    1.089034   0.880375
  1267.38572    0.918089   0.880848
  1267.39378    0.786180   0.881438
  1267.40186    1.035554   0.882066
  1267.40992    0.946915   0.882538
  1267.41800    1.049958   0.883041
  1267.42607    0.948136   0.883584
  1267.43414    0.839582   0.884119
  1267.44221    0.983353   0.884752
  1267.45029    0.927076   0.885241
  1267.45836    0.797595   0.885670
  1267.46643    0.964812   0.886301
  1267.47451    0.746878   0.886823
  1267.48257    0.879309   0.887361
  1267.49065    1.034000   0.887942
  1267.49871    0.950257   0.888417
  1267.50679    0.996881   0.888915
  1267.51486    1.022379   0.889515
  1267.52293    0.796913   0.889996
  1267.53101    0.814512   0.890529
  1267.53908    0.902433   0.891127
  1267.54716    0.981564   0.891594
  1267.55522    0.784690   0.892086
  1267.56330    0.875073   0.892659
  1267.57136    0.818702   0.893137
  1267.57944    0.971023   0.893728
  1267.58750    0.963314   0.894345
  1267.59558    0.944061   0.894756
  1267.60365    0.852136   0.895280
  1267.61172    0.831607   0.895862
  1267.61979    0.774696   0.896294
  1267.62787    1.030456   0.896816
  1267.63593    0.868272   0.897455
  1267.64401    1.052972   0.897973
  1267.65209    0.857069   0.898445
  1267.66015    0.756939   0.898993
  1267.66823    0.801893   0.899454
  1267.67629    1.039735   0.900044
  1267.68437    0.828286   0.900578
  1267.69245    0.927633   0.901104
  1267.70052    0.725686   0.901579
  1267.70859    0.895465   0.902149
  1267.71666    0.819833   0.902619
  1267.72474    1.095267   0.903028
  1267.73280    0.854754   0.903609
  1267.74088    1.196817   0.904161
  1267.74894    0.840705   0.904684
  1267.75702    0.932599   0.905218
  1267.76510    1.009788   0.905757
  1267.77316    0.820401   0.906208
  1267.78124    0.925532   0.906711
  1267.78930    0.850195   0.907212
  1267.79738    0.842630   0.907745
  1267.80545    1.108764   0.908203
  1267.81353    1.064629   0.908758
  1267.82159    0.916798   0.909352
  1267.82967    0.936559   0.909817
  1267.83773    0.978683   0.910264
  1267.84581    1.068878   0.910834
  1267.85388    1.051532   0.911334
  1267.86195    1.226693   0.911764
  1267.87003    0.958824   0.912314
  1267.87810    0.905438   0.912844
  1267.88617    0.642896   0.913382
  1267.89424    0.910347   0.913819
  1267.90232    0.965265   0.914326
  1267.91038    0.864425   0.914907
  1267.91846    0.826409   0.915330
  1267.92652    1.270356   0.915817
  1267.93460    1.055038   0.916266
  1267.94267    0.802162   0.916880
  1267.95074    1.012179   0.917322
  1267.95882    0.903125   0.917815
  1267.96689    0.778632   0.918337
  1267.97497    0.905575   0.918881
  1267.98303    1.029037   0.919286
  1267.99111    1.037690   0.919784
  1267.99917    0.876385   0.920279
  1268.00725    1.323260   0.920852
  1268.01533    1.191185   0.921322
  1268.02339    0.932166   0.921714
  1268.03147    1.015484   0.922274
  1268.03953    1.061087   0.922751
  1268.04761    0.971164   0.923244
  1268.05568    0.757309   0.923712
  1268.06376    0.824425   0.924184
  1268.07182    1.212071   0.924677
  1268.07990    1.082286   0.925183
  1268.08796    0.966905   0.925618
  1268.09604    0.912117   0.926179
  1268.10412    0.860489   0.926647
  1268.11218    1.103832   0.927056
  1268.12026    0.922276   0.927587
  1268.12833    0.890577   0.928050
  1268.13640    0.905175   0.928530
  1268.14447    0.743485   0.929044
  1268.15255    1.027369   0.929471
  1268.16061    0.976250   0.929959
  1268.16869    1.087002   0.930419
  1268.17677    0.868368   0.930902
  1268.18483    0.962481   0.931390
  1268.19291    0.905802   0.931814
  1268.20097    0.943328   0.932304
  1268.20905    0.976041   0.932794
  1268.21712    0.987432   0.933237
  1268.22519    0.929201   0.933733
  1268.23326    0.949199   0.934190
  1268.24134    0.917990   0.934647
  1268.24940    0.878917   0.935112
  1268.25748    0.951858   0.935568
  1268.26556    0.938446   0.935996
  1268.27362    1.053141   0.936565
  1268.28170    1.078594   0.936970
  1268.28976    0.871351   0.937403
  1268.29784    1.025952   0.937861
  1268.30591    0.996540   0.938380
  1268.31398    1.227706   0.938747
  1268.32206    1.025141   0.939224
  1268.33013    1.000151   0.939671
  1268.33820    0.934893   0.940191
  1268.34627    1.131078   0.940608
  1268.35435    1.259564   0.941086
  1268.36241    0.691651   0.941452
  1268.37049    0.893003   0.941992
  1268.37855    1.035248   0.942369
  1268.38663    1.053410   0.942819
  1268.39470    1.328587   0.943277
  1268.40277    1.045323   0.943768
  1268.41084    0.713340   0.944198
  1268.41892    1.088049   0.944578
  1268.42700    0.952695   0.945061
  1268.43506    1.088787   0.945497
  1268.44314    0.841646   0.945955
  1268.45120    0.940267   0.946301
  1268.45928    1.160278   0.946816
  1268.46734    0.794906   0.947293
  1268.47542    0.908732   0.947651
  1268.48349    1.421309   0.948102
  1268.49156    1.064930   0.948517
  1268.49964    0.987003   0.949002
  1268.50771    1.044356   0.949390
  1268.51579    0.997832   0.949819
  1268.52385    0.918648   0.950184
  1268.53193    1.060417   0.950715
  1268.53999    0.894348   0.951077
  1268.54807    0.876048   0.951488
  1268.55613    1.017246   0.951931
  1268.56421    1.119071   0.952438
  1268.57229    0.907631   0.952792
  1268.58036    0.986076   0.953217
  1268.58843    1.037826   0.953581
  1268.59650    1.236297   0.954044
  1268.60458    0.872835   0.954418
  1268.61264    1.154641   0.954850
  1268.62072    1.033284   0.955252
  1268.62878    1.170208   0.955732
  1268.63686    1.051871   0.956126
  1268.64492    1.034778   0.956475
  1268.65300    0.992379   0.956895
  1268.66108    1.072612   0.957367
  1268.66915    1.220119   0.957697
  1268.67722    1.070622   0.958082
  1268.68529    0.780102   0.958480
  1268.69337    1.181950   0.958980
  1268.70143    0.826103   0.959310
  1268.70951    1.039403   0.959712
  1268.71757    1.047267   0.960108
  1268.72565    1.152481   0.960573
  1268.73373    0.801793   0.960898
  1268.74179    0.905391   0.961259
  1268.74987    0.959814   0.961667
  1268.75794    1.151774   0.962114
  1268.76601    1.091112   0.962480
  1268.77408    1.049693   0.962788
  1268.78216    0.853423   0.963226
  1268.79022    1.021368   0.963684
  1268.79830    0.944943   0.963955
  1268.80636    1.055385   0.964421
  1268.81444    0.754512   0.964726
  1268.82252    1.081155   0.965190
  1268.83058    0.857747   0.965551
  1268.83865    1.129236   0.965871
  1268.84673    1.062998   0.966218
  1268.85480    1.118591   0.966686
  1268.86287    0.853429   0.967019
  1268.87095    0.998914   0.967353
  1268.87901    1.099023   0.967749
  1268.88709    1.018731   0.968152
  1268.89515    0.936760   0.968480
  1268.90323    0.850068   0.968822
  1268.91130    1.028116   0.969204
  1268.91937    1.085450   0.969620
  1268.92745    0.831824   0.969927
  1268.93552    0.965031   0.970304
  1268.94360    1.102729   0.970636
  1268.95166    0.930463   0.971018
  1268.95974    1.069954   0.971367
  1268.96780    0.798851   0.971694
  1268.97588    1.159404   0.972061
  1268.98396    1.002071   0.972424
  1268.99202    0.979753   0.972764
  1269.00010    1.106527   0.973084
  1269.00816    1.093303   0.973420
  1269.01624    1.082706   0.973847
  1269.02431    0.946259   0.974100
  1269.03239    0.959367   0.974431
  1269.04045    0.810893   0.974822
  1269.04853    0.860270   0.975159
  1269.05659    0.875301   0.975484
  1269.06467    1.000856   0.975798
  1269.07275    1.137017   0.976119
  1269.08081    1.182544   0.976509
  1269.08889    0.944651   0.976774
  1269.09696    0.944314   0.977129
  1269.10503    0.942836   0.977442
  1269.11310    1.092596   0.977815
  1269.12118    0.898972   0.978102
  1269.12924    1.058605   0.978347
  1269.13732    0.708740   0.978743
  1269.14540    1.030483   0.979098
  1269.15346    0.959306   0.979366
  1269.16154    0.999755   0.979632
  1269.16960    1.084585   0.980008
  1269.17768    1.031034   0.980325
  1269.18575    0.960286   0.980584
  1269.19382    1.188265   0.980883
  1269.20189    0.894742   0.981220
  1269.20997    1.096651   0.981527
  1269.21803    0.864421   0.981798
  1269.22611    1.085847   0.982098
  1269.23419    0.920622   0.982426
  1269.24225    1.091906   0.982704
  1269.25033    1.030850   0.982986
  1269.25839    1.025807   0.983287
  1269.26647    0.936911   0.983565
  1269.27454    1.012203   0.983907
  1269.28261    1.193902   0.984138
  1269.29068    1.001726   0.984399
  1269.29876    1.166521   0.984750
  1269.30682    0.803528   0.985032
  1269.31490    1.021436   0.985253
  1269.32296    0.946674   0.985536
  1269.33104    0.712551   0.985837
  1269.33912    0.789790   0.986160
  1269.34718    0.999094   0.986342
  1269.35526    1.095647   0.986595
  1269.36333    1.236234   0.986958
  1269.37140    0.997064   0.987170
  1269.37948    1.017718   0.987434
  1269.38755    1.037134   0.987687
  1269.39562    0.969236   0.987980
  1269.40369    1.108946   0.988244
  1269.41177    0.966568   0.988447
  1269.41983    1.085097   0.988711
  1269.42791    0.939914   0.989025
  1269.43597    1.227924   0.989177
  1269.44405    0.942489   0.989482
  1269.45212    1.075052   0.989686
  1269.46020    1.044719   0.990011
  1269.46826    1.036020   0.990205
  1269.47634    1.208247   0.990419
  1269.48442    1.033616   0.990642
  1269.49248    1.063335   0.990938
  1269.50056    1.086673   0.991132
  1269.50862    0.801285   0.991356
  1269.51670    1.042275   0.991560
  1269.52476    0.943242   0.991866
  1269.53284    0.933642   0.991999
  1269.54091    0.958348   0.992213
  1269.54899    0.915922   0.992479
  1269.55705    0.853116   0.992724
  1269.56513    0.980739   0.992908
  1269.57321    0.892223   0.993081
  1269.58127    0.942333   0.993317
  1269.58935    1.089424   0.993583
  1269.59741    1.173087   0.993736
  1269.60549    1.225264   0.993910
  1269.61356    0.781909   0.994125
  1269.62163    1.018088   0.994380
  1269.62970    0.859086   0.994544
  1269.63778    0.920316   0.994697
  1269.64585    1.021081   0.994923
  1269.65392    0.884125   0.995117
  1269.66200    1.103211   0.995291
  1269.67006    0.946915   0.995455
  1269.67814    0.942011   0.995639
  1269.68620    0.960655   0.995844
  1269.69428    1.051283   0.995997
  1269.70234    1.168928   0.996120
  1269.71042    0.876708   0.996345
  1269.71850    0.978528   0.996519
  1269.72657    1.083415   0.996683
  1269.73465    1.098887   0.996785
  1269.74271    1.024780   0.996969
  1269.75079    0.869830   0.997153
  1269.75885    1.109318   0.997286
  1269.76693    0.997979   0.997409
  1269.77499    0.869074   0.997593
  1269.78307    0.936568   0.997746
  1269.79114    0.985866   0.997858
  1269.79921    1.481249   0.997971
  1269.80728    0.791946   0.998155
  1269.81536    0.991015   0.998287
  1269.82344    0.900977   0.998389
  1269.83150    1.333121   0.998501
  1269.83958    1.223633   0.998685
  1269.84764    0.897415   0.998756
  1269.85572    0.851710   0.998857
  1269.86378    1.013778   0.998969
  1269.87186    1.077106   0.999122
  1269.87994    1.057273   0.999183
  1269.88801    1.038155   0.999264
  1269.89608    1.212585   0.999355
  1269.90415    0.986340   0.999497
  1269.91223    1.148622   0.999538
  1269.92029    0.909812   0.999598
  1269.92837    1.011922   0.999679
  1269.93643    0.940510   0.999800
  1269.94451    0.892219   0.999820
  1269.95257    1.138750   0.999860
  1269.96065    1.047894   0.999920
  1269.96873    0.950014   1.000000
  1269.97680    0.856493   1.000000
  1269.98487    1.051442   1.000000
  1269.99294    1.013596   1.000000
  1270.00102    0.975012   1.000000
  1270.00908    0.890957   1.000000
  1270.01716    0.927072   1.000000
  1270.02522    0.834470   1.000000
  1270.03330    1.034993   1.000000
  1270.04137    0.938517   1.000000
  1270.04944    0.894824   1.000000
  1270.05752    0.930767   1.000000
  1270.06559    1.016252   1.000000
  1270.07366    0.917207   1.000000
  1270.08173    1.104873   1.000000
  1270.08981    1.113162   1.000000
  1270.09787    0.845213   1.000000
  1270.10595    0.848286   1.000000
  1270.11403    1.066402   1.000000
  1270.12209    1.134471   1.000000
  1270.13017    0.862782   1.000000
  1270.13823    0.888666   1.000000
  1270.14631    1.049239   1.000000
  1270.15438    1.036622   1.000000
  1270.16245    1.174643   1.000000
  1270.17052    0.794606   1.000000
  1270.17860    1.032669   1.000000
  1270.18666    0.908237   1.000000
  1270.19474    1.207440   1.000000
  1270.20282    0.838990   1.000000
  1270.21088    1.160657   1.000000
  1270.21896    0.931419   1.000000
  1270.22702    0.985357   1.000000
  1270.23510    0.978085   1.000000
  1270.24317    1.055017   1.000000
  1270.25124    1.033663   1.000000
  1270.25931    0.931298   1.000000
  1270.26739    0.959481   1.000000
  1270.27545    0.853862   1.000000
  1270.28353    1.053088   1.000000
  1270.29159    1.069979   1.000000
  1270.29967    0.966713   1.000000
  1270.30775    1.158065   1.000000
  1270.31581    0.833145   1.000000
  1270.32389    1.045123   1.000000
  1270.33196    0.912213   1.000000
  1270.34004    0.907786   1.000000
  1270.34810    0.957652   1.000000
  1270.35618    1.047283   1.000000
  1270.36426    1.179231   1.000000
  1270.37232    1.203443   1.000000
  1270.38040    1.004292   1.000000
  1270.38846    1.103926   1.000000
  1270.39654    1.049443   1.000000
  1270.40460    0.891545   1.000000
  1270.41268    1.161905   1.000000
  1270.42075    0.890887   1.000000
  1270.42883    0.925555   1.000000
  1270.43689    1.032884   1.000000
  1270.44497    1.020095   1.000000
  1270.45305    0.888521   1.000000
  1270.46114    1.032173   1.000000
  1270.46919    1.075246   1.000000
  1270.47725    0.902676   1.000000
  1270.48533    1.046830   1.000000
  1270.49340    1.116223   1.000000
  1270.50147    1.132774   1.000000
  1270.50955    0.950906   1.000000
  1270.51762    0.991413   1.000000
  1270.52568    1.220787   1.000000
  1270.53376    0.945414   1.000000
  1270.54182    1.143620   1.000000
  1270.54990    1.022575   1.000000
  1270.55796    1.052475   1.000000
  1270.56604    0.823627   1.000000
  1270.57412    0.829047   1.000000
  1270.58219    1.016534   1.000000
  1270.59026    0.867765   1.000000
  1270.59833    0.821340   1.000000
  1270.60641    1.073094   1.000000
  1270.61448    1.039303   1.000000
  1270.62255    0.879917   1.000000
  1270.63063    0.953605   1.000000
  1270.63869    0.987401   1.000000
  1270.64677    1.097398   1.000000
  1270.65483    1.064213   1.000000
  1270.66291    0.910106   1.000000
  1270.67099    0.772871   1.000000
  1270.67905    0.832977   1.000000
  1270.68713    0.868860   1.000000
  1270.69520    0.914583   1.000000
  1270.70328    0.950476   1.000000
  1270.71134    0.891655   1.000000
  1270.71942    0.920304   1.000000
  1270.72748    0.986166   1.000000
  1270.73556    0.894687   1.000000
  1270.74362    0.823716   1.000000
  1270.75170    0.820635   1.000000
  1270.75977    1.019419   1.000000
  1270.76784    0.907262   1.000000
  1270.77592    0.841765   1.000000
  1270.78399    1.183424   1.000000
  1270.79205    0.836011   1.000000
  1270.80013    0.967677   1.000000
  1270.80821    0.866383   1.000000
  1270.81627    1.026710   1.000000
  1270.82435    0.846799   1.000000
  1270.83241    0.886185   1.000000
  1270.84049    1.316504   1.000000
  1270.84857    0.831297   1.000000
  1270.85664    1.002967   1.000000
  1270.86471    1.000088   1.000000
  1270.87278    0.844984   1.000000
  1270.88086    0.861322   1.000000
  1270.88892    0.944446   1.000000
  1270.89700    1.038892   1.000000
  1270.90506    0.963689   1.000000
  1270.91314    0.957144   1.000000
  1270.92120    1.168048   1.000000
  1270.92928    0.841973   1.000000
  1270.93736    0.956084   1.000000
  1270.94543    0.692300   1.000000
  1270.95350    0.838271   1.000000
  1270.96157    0.929748   1.000000
  1270.96965    0.883768   1.000000
  1270.97771    0.965378   1.000000
  1270.98579    0.773334   1.000000
  1270.99385    1.019948   1.000000
  1271.00193    0.964912   1.000000
  1271.01000    0.831117   1.000000
  1271.01807    0.933172   1.000000
  1271.02614    0.888103   1.000000
  1271.03422    0.866465   1.000000
  1271.04229    0.836887   1.000000
  1271.05036    1.047138   1.000000
  1271.05844    0.983496   1.000000
  1271.06650    0.716335   1.000000
  1271.07458    0.908425   1.000000
  1271.08264    0.936259   1.000000
  1271.09072    0.924830   1.000000
  1271.09880    0.813300   1.000000
  1271.10686    0.885885   1.000000
  1271.11494    0.815139   1.000000
  1271.12301    0.874632   1.000000
  1271.13108    0.626746   1.000000
  1271.13915    0.990394   1.000000
  1271.14723    1.070763   1.000000
  1271.15529    1.112333   1.000000
  1271.16337    0.802530   1.000000
  1271.17145    1.002826   1.000000
  1271.17951    1.203792   1.000000
  1271.18759    0.936020   1.000000
  1271.19565    0.903846   1.000000
  1271.20373    0.915197   1.000000
  1271.21180    0.993373   1.000000
  1271.21988    0.968679   1.000000
  1271.22794    0.880493   1.000000
  1271.23602    0.867902   1.000000
  1271.24408    0.752168   1.000000
  1271.25216    1.060620   1.000000
  1271.26022    0.945408   1.000000
  1271.26830    0.836955   1.000000
  1271.27638    0.837267   1.000000
  1271.28444    1.019592   1.000000
  1271.29252    1.025509   1.000000
  1271.30059    1.040979   1.000000
  1271.30867    0.746786   1.000000
  1271.31674    0.877839   1.000000
  1271.32481    0.972181   1.000000
  1271.33287    0.997712   1.000000
  1271.34095    1.221071   1.000000
  1271.34901    0.897043   1.000000
  1271.35709    1.115786   1.000000
  1271.36517    0.872910   1.000000
  1271.37324    1.011534   1.000000
  1271.38131    0.933781   1.000000
  1271.38938    0.918568   1.000000
  1271.39746    1.105659   1.000000
