   977.33340    1.001097   1.000000
   977.40000    1.070082   1.000000
   977.46660    1.022707   1.000000
   977.53320    1.070936   1.000000
   977.59980    1.067028   1.000000
   977.66640    0.741754   1.000000
   977.73360    0.731862   1.000000
   977.80020    0.731739   1.000000
   977.86680    0.848954   1.000000
   978.08340    0.750631   1.000000
   978.15000    1.046478   1.000000
   978.21660    0.984329   1.000000
   978.28320    0.981520   1.000000
   978.34980    1.004596   1.000000
   978.41640    1.027428   1.000000
   978.48360    0.991163   1.000000
   978.55020    1.018635   1.000000
   978.61680    1.000930   1.000000
   978.68340    0.949037   1.000000
   978.75000    1.052333   1.000000
   978.81660    1.046715   1.000000
   978.88320    1.004468   1.000000
   978.94980    0.983222   1.000000
   979.03320    1.013349   1.000000
   979.09980    1.019454   1.000000
   979.16640    1.022506   1.000000
   979.23360    0.977693   1.000000
   979.30020    0.983431   1.000000
   980.80020    1.027920   1.000000
   980.86680    1.049165   1.000000
   980.93340    0.991777   1.000000
   981.00000    0.985794   1.000000
   981.06660    0.971385   1.000000
   981.13320    1.001299   1.000000
   981.19980    1.029260   1.000000
   981.26640    1.004351   1.000000
   981.34980    1.012866   1.000000
   981.41640    1.034965   1.000000
   981.48360    1.035574   1.000000
   981.55020    0.971715   1.000000
   981.61680    1.005048   1.000000
   981.68340    1.034474   1.000000
   981.75000    1.014326   1.000000
   981.83340    0.993904   1.000000
   981.90000    1.002817   1.000000
   981.96660    1.042499   1.000000
   982.03320    1.013316   1.000000
   982.09980    0.993047   1.000000
   982.16640    0.983889   1.000000
   982.23360    1.024424   1.000000
   982.31640    1.038680   1.000000
   982.38360    0.990326   1.000000
   982.45020    0.983244   1.000000
   982.51680    0.968713   1.000000
   982.58340    0.998261   1.000000
   982.65000    0.972375   1.000000
   982.71660    1.052960   1.000000
   982.78320    1.026342   1.000000
   982.84980    0.991055   1.000000
   982.91640    1.001066   1.000000
   982.98360    1.009001   1.000000
   983.05020    0.989220   1.000000
   983.13360    1.012021   1.000000
   983.20020    0.984548   1.000000
   983.26680    1.001764   1.000000
   983.33340    1.029236   1.000000
   983.40000    0.992361   1.000000
   983.46660    0.982470   1.000000
   983.53320    0.991627   0.999999
   983.59980    1.022029   0.999998
   983.66640    1.015557   0.999997
   983.73360    1.008474   0.999993
   983.80020    1.044126   0.999989
   983.86680    1.029474   0.999983
   983.93340    0.984785   0.999974
   984.00000    1.004198   0.999963
   984.06660    1.006273   0.999950
   984.13320    1.025564   0.999933
   984.21660    0.981210   0.999907
   984.28320    1.016497   0.999882
   984.34980    1.010025   0.999853
   984.41640    1.017961   0.999819
   984.48360    1.005627   0.999780
   984.55020    1.001719   0.999736
   984.61680    0.994759   0.999686
   984.68340    1.025283   0.999630
   984.75000    1.018933   0.999568
   984.81660    1.001228   0.999500
   984.88320    0.991826   0.999424
   984.94980    0.983644   0.999341
   985.01640    1.020152   0.999250
   985.08360    1.000614   0.999150
   985.15020    0.954093   0.999043
   985.23360    1.007175   0.998896
   985.30020    1.035990   0.998769
   985.36680    1.025611   0.998632
   985.43340    1.014011   0.998486
   985.50000    0.993253   0.998330
   985.56660    1.004974   0.998164
   985.63320    0.961506   0.997987
   985.69980    0.993984   0.997800
   985.83360    1.005093   0.997389
   985.90020    0.999232   0.997168
   985.96680    1.019011   0.996935
   986.03340    1.002771   0.996690
   986.10000    1.031220   0.996432
   986.16660    0.976030   0.996162
   986.25000    0.997854   0.995806
   986.31660    0.973068   0.995508
   986.38320    0.969770   0.995196
   986.44980    0.994434   0.994870
   986.51640    0.999317   0.994532
   986.58360    0.960610   0.994176
   986.65020    0.982953   0.993810
   986.73360    1.008807   0.993331
   986.80020    1.008684   0.992933
   986.86680    0.990491   0.992521
   986.93340    0.965338   0.992095
   987.00000    0.936033   0.991654
   987.06660    1.003920   0.991198
   987.13320    0.999157   0.990728
   987.21660    1.002423   0.990119
   987.28320    1.001811   0.989616
   987.34980    0.982885   0.989098
   987.41640    1.004374   0.988565
   987.48360    1.019513   0.988012
   987.55020    0.998145   0.987449
   987.61680    1.025739   0.986872
   987.70020    1.026684   0.986127
   987.76680    1.005804   0.985516
   987.83340    0.983826   0.984891
   987.90000    0.999332   0.984250
   987.96660    1.011175   0.983595
   988.03320    1.007389   0.982926
   988.09980    0.975276   0.982242
   988.18320    0.989897   0.981365
   988.24980    1.007234   0.980649
   988.31640    1.016269   0.979919
   988.38360    0.990260   0.979168
   988.45020    0.969869   0.978411
   988.51680    0.987329   0.977640
   988.58340    1.008329   0.976856
   988.66680    0.986564   0.975857
   988.73340    0.976307   0.975044
   988.80000    0.988516   0.974220
   988.86660    0.980457   0.973383
   988.93320    0.964950   0.972535
   988.99980    1.005975   0.971676
   989.06640    0.946389   0.970806
   989.14980    0.970778   0.969703
   989.21640    0.980179   0.968811
   989.28360    0.938053   0.967901
   989.35020    0.915952   0.966989
   989.41680    0.977856   0.966069
   989.48340    0.961006   0.965139
   989.55000    0.960394   0.964201
   989.63340    0.948641   0.963014
   989.70000    0.981608   0.962056
   989.76660    0.947053   0.961091
   989.83320    0.957797   0.960118
   989.89980    0.983926   0.959136
   989.96640    0.946807   0.958148
   990.03360    0.949491   0.957142
   990.11640    0.989265   0.955893
   990.18360    0.953122   0.954871
   990.25020    0.935173   0.953852
   990.31680    0.973389   0.952825
   990.38340    0.990849   0.951792
   990.45000    0.933828   0.950752
   990.51660    0.963742   0.949706
   990.60000    0.936726   0.948387
   990.66660    0.939656   0.947326
   990.73320    0.918410   0.946260
   990.79980    0.937213   0.945187
   990.86640    0.969935   0.944109
   990.93360    0.967613   0.943015
   991.00020    0.931715   0.941926
   991.06680    0.947954   0.940830
   991.15020    0.930462   0.939451
   991.21680    0.968679   0.938344
   991.28340    0.989069   0.937232
   991.35000    0.945600   0.936115
   991.41660    0.931558   0.934993
   991.48320    0.926918   0.933866
   991.54980    0.941447   0.932734
   991.63320    0.927985   0.931310
   991.69980    0.941537   0.930168
   991.76640    0.925908   0.929022
   991.83360    0.899655   0.927860
   991.90020    0.945319   0.926705
   991.96680    0.939702   0.925546
   992.03340    0.953499   0.924383
   992.11680    0.920256   0.922921
   992.18340    0.924041   0.921749
   992.25000    0.935517   0.920573
   992.31660    0.933319   0.919394
   992.38320    0.928556   0.918211
   992.44980    0.906212   0.917025
   992.51640    0.909141   0.915835
   992.59980    0.920953   0.914340
   992.66640    0.923151   0.913143
   992.73360    0.928399   0.911932
   992.80020    0.921317   0.910729
   992.86680    0.918996   0.909523
   992.93340    0.894820   0.908315
   993.00000    0.893720   0.907103
   993.08340    0.935813   0.905582
   993.15000    0.926411   0.904365
   993.21660    0.875983   0.903145
   993.28320    0.891733   0.901923
   993.34980    0.932026   0.900698
   993.41640    0.894052   0.899472
   993.48360    0.890632   0.898232
   993.56640    0.892066   0.896702
   993.63360    0.911356   0.895457
   993.70020    0.887913   0.894222
   993.76680    0.928937   0.892986
   993.83340    0.879486   0.891747
   993.90000    0.856043   0.890508
   993.96660    0.905737   0.889266
   994.05000    0.889344   0.887710
   994.11660    0.879697   0.886465
   994.18320    0.888488   0.885220
   994.24980    0.890197   0.883973
   994.31640    0.885678   0.882726
   994.38360    0.868338   0.881466
   994.45020    0.899107   0.880217
   994.53360    0.849991   0.878651
   994.60020    0.856706   0.877401
   994.66680    0.844251   0.876149
   994.73340    0.857560   0.874897
   994.80000    0.854873   0.873645
   994.86660    0.877949   0.872393
   994.93320    0.856947   0.871140
   995.01660    0.846659   0.869572
   995.08320    0.839455   0.868319
   995.14980    0.881945   0.867067
   995.21640    0.890858   0.865815
   995.28360    0.859843   0.864552
   995.35020    0.874128   0.863300
   995.41680    0.872662   0.862050
   995.50020    0.873729   0.860484
   995.56680    0.831604   0.859235
   995.63340    0.850163   0.857986
   995.70000    0.857000   0.856739
   995.76660    0.842835   0.855492
   995.83320    0.846986   0.854247
   995.89980    0.822810   0.853003
   995.98320    0.840971   0.851447
   996.04980    0.866123   0.850206
   996.11640    0.853546   0.848967
   996.18360    0.858795   0.847718
   996.25020    0.842555   0.846482
   996.31680    0.818134   0.845248
   996.38340    0.835106   0.844016
   996.46680    0.840080   0.842476
   996.53340    0.871948   0.841249
   996.60000    0.836904   0.840025
   996.66660    0.854120   0.838802
   996.73320    0.865108   0.837583
   996.79980    0.797098   0.836366
   996.86640    0.849722   0.835152
   996.94980    0.839434   0.833635
   997.01640    0.848469   0.832428
   997.08360    0.826856   0.831213
   997.15020    0.841263   0.830012
   997.21680    0.838698   0.828814
   997.28340    0.851396   0.827620
   997.36680    0.834393   0.826130
   997.43340    0.835002   0.824944
   997.50000    0.839153   0.823762
   997.56660    0.845013   0.822584
   997.63320    0.830849   0.821411
   997.69980    0.847820   0.820241
   997.76640    0.808992   0.819076
   997.83360    0.798978   0.817905
   997.91640    0.807739   0.816469
   997.98360    0.859141   0.815309
   998.05020    0.816650   0.814164
   998.11680    0.814696   0.813025
   998.18340    0.834475   0.811890
   998.25000    0.797234   0.810761
   998.31660    0.809199   0.809637
   998.40000    0.813685   0.808238
   998.46660    0.810266   0.807127
   998.53320    0.814539   0.806022
   998.59980    0.786700   0.804923
   998.66640    0.809410   0.803830
   998.73360    0.835659   0.802733
   998.80020    0.831019   0.801653
   998.88360    0.798020   0.800310
   998.95020    0.798386   0.799245
   999.01680    0.804979   0.798187
   999.08340    0.824026   0.797136
   999.15000    0.790081   0.796092
   999.21660    0.804977   0.795055
   999.28320    0.799604   0.794026
   999.36660    0.796154   0.792748
   999.43320    0.820817   0.791737
   999.49980    0.778814   0.790733
   999.56640    0.764162   0.789737
   999.63360    0.806529   0.788741
   999.70020    0.784916   0.787762
   999.76680    0.804574   0.786791
   999.85020    0.790256   0.785588
   999.91680    0.796971   0.784638
   999.98340    0.765225   0.783696
  1000.05000    0.793673   0.782764
  1000.11660    0.781707   0.781840
  1000.18320    0.784026   0.780927
  1000.24980    0.788665   0.780022
  1000.33320    0.772273   0.778904
  1000.39980    0.748218   0.778022
  1000.46640    0.764091   0.777150
  1000.53360    0.795835   0.776281
  1000.60020    0.811585   0.775429
  1000.66680    0.779716   0.774588
  1000.73340    0.800717   0.773758
  1000.81680    0.783714   0.772734
  1000.88340    0.767474   0.771928
  1000.95000    0.760025   0.771134
  1001.01660    0.758681   0.770350
  1001.08320    0.756239   0.769579
  1001.14980    0.754040   0.768818
  1001.21640    0.772477   0.768069
  1001.29980    0.773178   0.767148
  1001.36640    0.762554   0.766426
  1001.43360    0.767193   0.765710
  1001.50020    0.758157   0.765012
  1001.56680    0.768657   0.764327
  1001.63340    0.764260   0.763654
  1001.70000    0.755835   0.762994
  1001.78340    0.761542   0.762185
  1001.85000    0.776682   0.761554
  1001.91660    0.768745   0.760935
  1001.98320    0.764104   0.760330
  1002.04980    0.758243   0.759737
  1002.11640    0.749573   0.759158
  1002.18360    0.749083   0.758587
  1002.26640    0.763704   0.757903
  1002.33360    0.739161   0.757362
  1002.40020    0.771394   0.756840
  1002.46680    0.747584   0.756331
  1002.53340    0.785557   0.755836
  1002.60000    0.747217   0.755354
  1002.68340    0.757686   0.754770
  1002.75000    0.770994   0.754318
  1002.81660    0.743643   0.753881
  1002.88320    0.768185   0.753457
  1002.94980    0.777586   0.753046
  1003.01640    0.767207   0.752649
  1003.08360    0.753041   0.752263
  1003.15020    0.749622   0.751893
  1003.23360    0.737136   0.751450
  1003.30020    0.740432   0.751111
  1003.36680    0.746170   0.750786
  1003.43340    0.773886   0.750474
  1003.50000    0.749099   0.750176
  1003.56660    0.742872   0.749892
  1003.65000    0.759079   0.749555
  1003.71660    0.761521   0.749301
  1003.78320    0.756880   0.749060
  1003.84980    0.741617   0.748833
  1003.91640    0.765060   0.748620
  1003.98360    0.756267   0.748418
  1004.05020    0.731480   0.748232
  1004.13360    0.755991   0.748017
  1004.20020    0.745856   0.747861
  1004.26680    0.754768   0.747718
  1004.33340    0.748052   0.747589
  1004.40000    0.758919   0.747472
  1004.46660    0.772227   0.747370
  1004.53320    0.751836   0.747280
  1004.61660    0.738129   0.747186
  1004.68320    0.758030   0.747127
  1004.74980    0.722987   0.747080
  1004.81640    0.732999   0.747047
  1004.88360    0.759615   0.747027
  1004.95020    0.719443   0.747020
  1005.01680    0.761201   0.747027
  1005.10020    0.750913   0.747053
  1005.16680    0.754697   0.747089
  1005.23340    0.747493   0.747139
  1005.30000    0.728933   0.747201
  1005.36660    0.762022   0.747276
  1005.43320    0.751765   0.747365
  1005.49980    0.746880   0.747466
  1005.58320    0.739889   0.747612
  1005.64980    0.735859   0.747743
  1005.71640    0.739643   0.747887
  1005.78360    0.741107   0.748045
  1005.85020    0.731582   0.748215
  1005.91680    0.704842   0.748398
  1005.98340    0.757955   0.748594
  1006.06680    0.723735   0.748858
  1006.13340    0.744003   0.749083
  1006.20000    0.755114   0.749321
  1006.26660    0.723367   0.749572
  1006.33320    0.748031   0.749836
  1006.39980    0.750472   0.750112
  1006.46640    0.751692   0.750402
  1006.54980    0.744213   0.750783
  1006.61640    0.726019   0.751101
  1006.68360    0.739815   0.751436
  1006.75020    0.746530   0.751780
  1006.81680    0.736517   0.752137
  1006.88340    0.718201   0.752506
  1006.96680    0.752114   0.752987
  1007.03340    0.755776   0.753385
  1007.10000    0.747228   0.753795
  1007.16660    0.756751   0.754219
  1007.23320    0.758338   0.754654
  1007.29980    0.740633   0.755102
  1007.36640    0.740022   0.755563
  1007.44980    0.749758   0.756157
  1007.51640    0.742310   0.756645
  1007.58360    0.761111   0.757150
  1007.65020    0.737545   0.757663
  1007.71680    0.756226   0.758188
  1007.78340    0.740841   0.758725
  1007.85000    0.743160   0.759273
  1007.93340    0.740442   0.759977
  1008.00000    0.734703   0.760552
  1008.06660    0.745325   0.761139
  1008.13320    0.760831   0.761738
  1008.19980    0.740196   0.762347
  1008.26640    0.762906   0.762968
  1008.33360    0.761927   0.763606
  1008.41640    0.741750   0.764408
  1008.48360    0.761773   0.765070
  1008.55020    0.756644   0.765738
  1008.61680    0.753713   0.766416
  1008.68340    0.758719   0.767104
  1008.75000    0.765189   0.767803
  1008.81660    0.739792   0.768512
  1008.88320    0.762380   0.769230
  1008.96660    0.754534   0.770144
  1009.03320    0.765034   0.770885
  1009.09980    0.777854   0.771635
  1009.16640    0.772481   0.772395
  1009.23360    0.732919   0.773170
  1009.30020    0.736825   0.773948
  1009.38360    0.754620   0.774935
  1009.45020    0.758283   0.775733
  1009.51680    0.740822   0.776539
  1009.58340    0.776108   0.777354
  1009.65000    0.767316   0.778178
  1009.71660    0.774764   0.779009
  1009.78320    0.751564   0.779849
  1009.86660    0.759957   0.780911
  1009.93320    0.763131   0.781768
  1009.99980    0.795121   0.782633
  1010.06640    0.764107   0.783505
  1010.13360    0.770576   0.784392
  1010.20020    0.773873   0.785278
  1010.26680    0.784128   0.786172
  1010.35020    0.764439   0.787301
  1010.41680    0.763461   0.788210
  1010.48340    0.750152   0.789125
  1010.55000    0.777746   0.790047
  1010.61660    0.771030   0.790975
  1010.68320    0.762238   0.791910
  1010.74980    0.750394   0.792850
  1010.81640    0.786534   0.793796
  1010.89980    0.787480   0.794990
  1010.96640    0.781496   0.795949
  1011.03360    0.793460   0.796922
  1011.10020    0.757807   0.797892
  1011.16680    0.792604   0.798867
  1011.23340    0.786621   0.799847
  1011.30000    0.781370   0.800833
  1011.38340    0.783170   0.802073
  1011.45000    0.807345   0.803069
  1011.51660    0.811252   0.804070
  1011.58320    0.811251   0.805075
  1011.64980    0.800261   0.806084
  1011.71640    0.788783   0.807098
  1011.78360    0.780113   0.808125
  1011.86640    0.837469   0.809396
  1011.93360    0.808530   0.810432
  1012.00020    0.825623   0.811462
  1012.06680    0.791190   0.812496
  1012.13340    0.823546   0.813533
  1012.20000    0.788259   0.814574
  1012.28340    0.805932   0.815882
  1012.35000    0.791767   0.816930
  1012.41660    0.825222   0.817982
  1012.48320    0.805686   0.819036
  1012.54980    0.821924   0.820093
  1012.61640    0.815330   0.821152
  1012.68360    0.812520   0.822224
  1012.75020    0.788710   0.823289
  1012.83360    0.837274   0.824626
  1012.90020    0.822622   0.825697
  1012.96680    0.839227   0.826769
  1013.03340    0.817981   0.827844
  1013.10000    0.837882   0.828921
  1013.16660    0.828846   0.829999
  1013.23320    0.830555   0.831080
  1013.31660    0.847740   0.832435
  1013.38320    0.838215   0.833520
  1013.44980    0.825760   0.834606
  1013.51640    0.859704   0.835693
  1013.58360    0.847736   0.836792
  1013.65020    0.824781   0.837882
  1013.71680    0.854328   0.838973
  1013.80020    0.850145   0.840341
  1013.86680    0.874565   0.841435
  1013.93340    0.909118   0.842530
  1014.00000    0.866016   0.843625
  1014.06660    0.863818   0.844722
  1014.13320    0.842938   0.845819
  1014.19980    0.871875   0.846917
  1014.28320    0.849133   0.848292
  1014.34980    0.868302   0.849391
  1014.41640    0.855115   0.850490
  1014.48360    0.882708   0.851600
  1014.55020    0.845955   0.852700
  1014.61680    0.859385   0.853800
  1014.68340    0.858774   0.854900
  1014.76680    0.870586   0.856277
  1014.83340    0.897448   0.857377
  1014.90000    0.861916   0.858477
  1014.96660    0.872050   0.859577
  1015.03320    0.896591   0.860677
  1015.09980    0.895736   0.861776
  1015.16640    0.853611   0.862874
  1015.24980    0.872383   0.864249
  1015.31640    0.903395   0.865347
  1015.38360    0.916336   0.866454
  1015.45020    0.877752   0.867550
  1015.51680    0.859192   0.868645
  1015.58340    0.883001   0.869740
  1015.65000    0.851377   0.870834
  1015.73340    0.895790   0.872202
  1015.80000    0.917889   0.873294
  1015.86660    0.884677   0.874384
  1015.93320    0.892857   0.875474
  1015.99980    0.856593   0.876562
  1016.06640    0.931318   0.877649
  1016.13360    0.898959   0.878744
  1016.21640    0.921273   0.880092
  1016.28360    0.873530   0.881185
  1016.35020    0.910648   0.882266
  1016.41680    0.925666   0.883345
  1016.48340    0.894896   0.884423
  1016.55000    0.883906   0.885499
  1016.61660    0.925054   0.886574
  1016.70000    0.929051   0.887917
  1016.76660    0.904875   0.888987
  1016.83320    0.919038   0.890056
  1016.89980    0.891198   0.891123
  1016.96640    0.881674   0.892188
  1017.03360    0.939548   0.893260
  1017.10020    0.908656   0.894320
  1017.18360    0.932067   0.895645
  1017.25020    0.896047   0.896701
  1017.31680    0.923153   0.897754
  1017.38340    0.911431   0.898805
  1017.45000    0.935850   0.899854
  1017.51660    0.910575   0.900900
  1017.58320    0.920708   0.901944
  1017.66660    0.920433   0.903248
  1017.73320    0.913594   0.904286
  1017.79980    0.929345   0.905321
  1017.86640    0.888074   0.906354
  1017.93360    0.897596   0.907394
  1018.00020    0.929708   0.908421
  1018.06680    0.932638   0.909446
  1018.15020    0.928943   0.910724
  1018.21680    0.955683   0.911743
  1018.28340    0.925890   0.912758
  1018.35000    0.944204   0.913770
  1018.41660    0.967158   0.914779
  1018.48320    0.928940   0.915784
  1018.56660    0.908152   0.917040
  1018.63320    0.904854   0.918038
  1018.69980    0.939042   0.919034
  1018.76640    0.920116   0.920026
  1018.83360    0.923166   0.921024
  1018.90020    0.932568   0.922009
  1018.96680    0.956987   0.922991
  1019.05020    0.926430   0.924215
  1019.11680    0.914586   0.925189
  1019.18340    0.896759   0.926160
  1019.25000    0.948284   0.927126
  1019.31660    0.949627   0.928089
  1019.38320    0.936195   0.929049
  1019.44980    0.932898   0.930004
  1019.53320    0.935430   0.931195
  1019.59980    0.940192   0.932142
  1019.66640    0.921388   0.933085
  1019.73360    0.920409   0.934032
  1019.80020    0.947026   0.934967
  1019.86680    0.937014   0.935897
  1019.93340    0.948124   0.936824
  1020.01680    0.947848   0.937978
  1020.08340    0.951755   0.938895
  1020.15000    0.955539   0.939807
  1020.21660    0.945771   0.940716
  1020.28320    0.924769   0.941620
  1020.34980    0.947845   0.942519
  1020.41640    0.931972   0.943414
  1020.49980    0.949645   0.944528
  1020.56640    0.934381   0.945413
  1020.63360    0.942805   0.946300
  1020.70020    0.979922   0.947175
  1020.76680    0.941949   0.948046
  1020.83340    0.974305   0.948911
  1020.90000    0.933401   0.949771
  1020.98340    0.946434   0.950842
  1021.05000    0.960963   0.951691
  1021.11660    0.954369   0.952535
  1021.18320    0.964991   0.953374
  1021.24980    0.969508   0.954208
  1021.31640    0.954001   0.955036
  1021.38360    0.958883   0.955867
  1021.46640    0.958975   0.956882
  1021.53360    0.963857   0.957700
  1021.60020    0.929180   0.958505
  1021.66680    0.949692   0.959305
  1021.73340    0.949325   0.960099
  1021.80000    0.966419   0.960886
  1021.88340    0.967730   0.961865
  1021.95000    0.958450   0.962639
  1022.01660    0.970904   0.963408
  1022.08320    0.959670   0.964170
  1022.14980    0.977740   0.964926
  1022.21640    0.936225   0.965676
  1022.28360    0.997274   0.966426
  1022.36640    0.955729   0.967341
  1022.43360    0.955239   0.968076
  1022.50020    0.965495   0.968798
  1022.56680    0.976849   0.969512
  1022.63340    0.959877   0.970220
  1022.70000    0.958533   0.970921
  1022.76660    0.996261   0.971614
  1022.85000    0.957402   0.972471
  1022.91660    0.986461   0.973147
  1022.98320    0.939696   0.973815
  1023.04980    0.947632   0.974474
  1023.11640    0.970220   0.975126
  1023.18360    0.977911   0.975774
  1023.25020    0.981329   0.976409
  1023.33360    0.986670   0.977191
  1023.40020    0.990088   0.977805
  1023.46680    0.994239   0.978411
  1023.53340    0.942834   0.979008
  1023.60000    0.985568   0.979596
  1023.66660    0.987644   0.980175
  1023.73320    0.985323   0.980745
  1023.79980    0.966763   0.981305
  1023.88320    0.990053   0.981994
  1023.94980    0.973569   0.982534
  1024.01640    0.992494   0.983065
  1024.08360    0.996033   0.983590
  1024.15020    0.996643   0.984102
  1024.21680    0.995909   0.984604
  1024.28340    0.967826   0.985097
  1024.36680    0.971824   0.985701
  1024.43340    0.985742   0.986173
  1024.50000    0.981346   0.986635
  1024.56660    0.979514   0.987088
  1024.63320    0.982810   0.987532
  1024.69980    0.995874   0.987966
  1024.78320    0.966661   0.988497
  1024.84980    1.012448   0.988911
  1024.91640    0.984852   0.989315
  1024.98360    0.962384   0.989714
  1025.05020    0.979478   0.990100
  1025.11680    0.966534   0.990476
  1025.18340    1.018426   0.990844
  1025.26680    0.985184   0.991292
  1025.33340    0.995073   0.991640
  1025.40000    0.997759   0.991979
  1025.46660    0.985304   0.992309
  1025.53320    0.982006   0.992630
  1025.59980    0.982494   0.992943
  1025.66640    0.991163   0.993247
  1025.74980    0.990032   0.993616
  1025.81640    0.985270   0.993901
  1025.88360    0.991373   0.994180
  1025.95020    0.969517   0.994449
  1026.01680    1.010297   0.994709
  1026.08340    1.004802   0.994962
  1026.15000    1.014570   0.995206
  1026.23340    1.019788   0.995501
  1026.30000    0.981693   0.995728
  1026.36660    0.977296   0.995948
  1026.43320    0.985721   0.996160
  1026.49980    0.982545   0.996364
  1026.56640    0.971800   0.996561
  1026.63360    0.979246   0.996753
  1026.71640    1.002171   0.996979
  1026.78360    1.002047   0.997155
  1026.85020    0.981900   0.997323
  1026.91680    0.953938   0.997483
  1026.98340    0.995696   0.997638
  1027.05000    0.993620   0.997785
  1027.11660    1.004974   0.997927
  1027.20000    0.991512   0.998096
  1027.26660    0.975150   0.998224
  1027.33320    1.017396   0.998346
  1027.39980    0.983207   0.998462
  1027.46640    0.966967   0.998573
  1027.53360    0.972826   0.998679
  1027.61640    1.005885   0.998802
  1027.68360    0.976457   0.998896
  1027.75020    0.986469   0.998984
  1027.81680    0.996724   0.999068
  1027.88340    0.989520   0.999146
  1027.95000    0.968152   0.999221
  1028.01660    0.973768   0.999290
  1028.10000    1.016593   0.999371
  1028.16660    0.999132   0.999431
  1028.23320    1.006214   0.999487
  1028.29980    1.023429   0.999539
  1028.36640    0.967751   0.999587
  1028.43360    1.008042   0.999633
  1028.50020    1.018054   0.999674
  1028.58360    0.986642   0.999721
  1028.65020    0.977362   0.999755
  1028.71680    0.999218   0.999786
  1028.78340    0.997630   0.999815
  1028.85000    1.019607   0.999840
  1028.91660    1.018630   0.999863
  1028.98320    0.991156   0.999884
  1029.06660    1.030807   0.999907
  1029.13320    0.979403   0.999922
  1029.19980    1.012857   0.999936
  1029.26640    0.984285   0.999948
  1029.33360    0.988557   0.999959
  1029.40020    1.007726   0.999968
  1029.46680    0.980253   0.999975
  1029.55020    1.008305   0.999983
  1029.61680    0.992309   0.999987
  1029.68340    0.987058   0.999991
  1029.75000    1.022955   0.999994
  1029.81660    0.977777   0.999996
  1029.88320    1.010621   0.999998
  1029.94980    1.011964   0.999999
  1030.03320    1.008514   1.000000
  1030.09980    1.017182   1.000000
  1030.16640    0.981162   1.000000
  1030.23360    1.005092   1.000000
  1030.30020    1.011563   1.000000
  1030.36680    1.006067   1.000000
  1030.43340    1.005212   1.000000
  1030.51680    1.001640   1.000000
  1030.58340    0.999319   1.000000
  1030.65000    0.962933   1.000000
  1030.71660    1.008109   1.000000
  1030.78320    0.962443   1.000000
  1030.84980    0.988572   1.000000
  1030.91640    1.007497   1.000000
  1030.99980    1.009541   1.000000
  1031.06640    0.992813   1.000000
  1031.13360    1.001602   1.000000
  1031.20020    0.991833   1.000000
  1031.26680    1.010270   1.000000
  1031.33340    0.994152   1.000000
  1031.40000    0.994762   1.000000
  1031.48340    1.001080   1.000000
  1031.55000    0.992776   1.000000
  1031.61660    1.002299   1.000000
  1031.68320    0.987036   1.000000
  1031.74980    0.983006   1.000000
  1031.81640    0.981785   1.000000
  1031.88360    0.994848   1.000000
  1031.96640    0.996527   1.000000
  1032.03360    1.019724   1.000000
  1032.10020    0.984192   1.000000
  1032.16680    0.982116   1.000000
  1032.23340    0.970882   1.000000
  1032.30000    0.963800   1.000000
  1032.38340    0.984281   1.000000
  1032.45000    1.010654   1.000000
  1032.51660    0.979884   1.000000
  1032.58320    1.011141   1.000000
  1032.64980    0.981104   1.000000
  1032.71640    0.999540   1.000000
  1032.78360    0.997585   1.000000
  1032.86640    0.972402   1.000000
  1032.93360    0.981924   1.000000
  1033.00020    1.003535   1.000000
  1033.06680    1.014768   1.000000
  1033.13340    1.025390   1.000000
  1033.20000    1.021726   1.000000
  1033.26660    0.985096   1.000000
  1033.35000    0.983111   1.000000
  1033.41660    1.008262   1.000000
  1033.48320    1.001180   1.000000
  1033.54980    0.994952   1.000000
  1033.61640    0.967235   1.000000
  1033.68360    1.006183   1.000000
  1033.75020    0.983350   1.000000
  1033.83360    0.981609   1.000000
  1033.90020    1.000045   1.000000
  1033.96680    1.015185   1.000000
  1034.03340    1.001754   1.000000
  1034.10000    0.993572   1.000000
  1034.16660    1.004194   1.000000
  1034.23320    0.975989   1.000000
  1034.31660    0.987190   1.000000
  1034.38320    1.001475   1.000000
  1034.44980    0.968142   1.000000
  1034.51640    1.002695   1.000000
  1034.58360    0.991949   1.000000
  1034.65020    1.004891   1.000000
  1034.71680    1.008919   1.000000
  1034.80020    1.026959   1.000000
  1034.86680    1.008765   1.000000
  1034.93340    0.991426   1.000000
  1035.00000    0.955650   1.000000
  1035.06660    1.028788   1.000000
  1035.13320    0.967737   1.000000
  1035.19980    1.018530   1.000000
  1035.28320    1.022284   1.000000
  1035.34980    1.009829   1.000000
  1035.41640    1.020939   1.000000
  1035.48360    0.998227   1.000000
  1035.55020    1.014466   1.000000
  1035.61680    0.988458   1.000000
  1035.70020    0.994653   1.000000
  1035.76680    0.994408   1.000000
  1035.83340    1.018095   1.000000
  1035.90000    1.012234   1.000000
