  1219.83754    1.032418   1.000000
  1220.07082    1.007989   1.000000
  1220.30424    1.016379   1.000000
  1220.55422    0.941577   1.000000
  1220.78750    0.975115   1.000000
  1221.02078    1.001511   1.000000
  1221.25421    1.059390   1.000000
  1221.50419    0.943313   1.000000
  1221.73747    0.934664   1.000000
  1221.97090    0.932085   1.000000
  1222.20418    0.977813   1.000000
  1222.45416    1.102188   1.000000
  1222.68744    1.074127   1.000000
  1222.92086    0.957317   1.000000
  1223.40413    1.092083   1.000000
  1223.63755    1.049677   1.000000
  1223.88754    0.919297   1.000000
  1224.12082    0.948540   1.000000
  1224.35424    0.945052   1.000000
  1224.58752    1.026729   1.000000
  1224.83750    0.996909   1.000000
  1225.07078    1.044854   1.000000
  1225.30421    0.989591   1.000000
  1225.53749    1.045817   1.000000
  1226.02090    1.079085   1.000000
  1226.25418    0.828430   1.000000
  1226.50416    1.085065   1.000000
  1226.73744    0.865079   1.000000
  1226.97086    0.936388   1.000000
  1227.22085    1.064279   0.999999
  1227.45413    1.009847   0.999993
  1227.68755    1.039096   0.999978
  1227.92083    0.990503   0.999946
  1228.17082    1.052581   0.999886
  1228.40424    0.917605   0.999801
  1228.63752    0.997828   0.999679
  1228.88750    1.027675   0.999501
  1229.12078    1.027675   0.999283
  1229.35421    1.134111   0.999008
  1229.58749    1.013574   0.998670
  1229.83747    0.921840   0.998230
  1230.07090    1.016379   0.997739
  1230.30418    0.895067   0.997166
  1230.53746    0.965285   0.996504
  1231.02086    0.964397   0.994826
  1231.25414    0.981422   0.993858
  1231.48757    0.915073   0.992779
  1231.73755    1.021070   0.991496
  1231.97083    1.004282   0.990178
  1232.20411    1.011709   0.988739
  1232.45424    1.031468   0.987058
  1232.68752    0.945052   0.985360
  1232.92080    1.018253   0.983534
  1233.40421    1.086065   0.979344
  1233.63749    0.975115   0.977125
  1233.87077    1.016379   0.974780
  1234.12090    0.945052   0.972130
  1234.35418    0.972424   0.969534
  1234.58746    0.917605   0.966825
  1234.83744    1.113411   0.963801
  1235.07086    0.862692   0.960876
  1235.30414    0.937250   0.957863
  1235.53757    1.001511   0.954764
  1236.48754    0.879540   0.941388
  1236.73752    0.915073   0.937689
  1236.97080    0.938114   0.934177
  1237.20422    0.917605   0.930610
  1237.45421    0.986860   0.926735
  1237.68749    0.811812   0.923070
  1237.92077    0.928658   0.919363
  1238.15419    0.876306   0.915614
  1238.40418    1.026729   0.911561
  1238.63746    0.857938   0.907745
  1238.87088    0.931227   0.903899
  1239.10416    0.870674   0.900031
  1239.35414    0.895892   0.895863
  1239.58757    0.917605   0.891955
  1239.82085    0.923540   0.888037
  1240.07083    0.926949   0.883829
  1240.30411    0.850072   0.879898
  1240.77082    0.891776   0.872042
  1241.02080    0.798465   0.867847
  1241.25422    0.794796   0.863947
  1241.48750    0.802889   0.860068
  1241.72078    0.805111   0.856215
  1241.97077    0.802150   0.852121
  1242.20419    0.814809   0.848335
  1242.43747    0.769583   0.844595
  1242.67090    0.893420   0.840900
  1242.92088    0.875499   0.837004
  1243.15416    0.871476   0.833431
  1243.38744    0.935526   0.829927
  1243.63757    0.826144   0.826251
  1243.87085    0.866674   0.822908
  1244.10413    0.802889   0.819653
  1244.33755    0.823106   0.816491
  1244.58754    0.829193   0.813220
  1244.82082    0.913389   0.810281
  1245.05424    0.702515   0.807458
  1245.28752    0.756930   0.804761
  1245.53750    0.826905   0.802017
  1245.77078    0.799200   0.799601
  1246.00421    0.786784   0.797329
  1246.23749    0.862692   0.795211
  1246.48747    0.757627   0.793117
  1246.72090    0.783891   0.791333
  1246.95418    0.839181   0.789720
  1247.20416    0.834556   0.788186
  1247.43744    0.778853   0.786942
  1247.67086    0.771002   0.785883
  1247.90414    0.767460   0.785012
  1248.15413    0.737659   0.784293
  1248.38755    0.781008   0.783823
  1248.62083    0.859519   0.783550
  1248.85411    0.768167   0.783476
  1249.10424    0.813309   0.783620
  1249.33752    0.773136   0.783962
  1249.57080    0.743799   0.784506
  1249.82078    0.786784   0.785312
  1250.05421    0.776704   0.786274
  1250.28749    0.788961   0.787434
  1250.53747    0.802150   0.788898
  1250.77090    0.811065   0.790468
  1251.00418    0.761826   0.792229
  1251.23746    0.830722   0.794180
  1251.48744    0.808827   0.796475
  1251.72086    0.819324   0.798805
  1251.95414    0.751373   0.801308
  1252.18757    0.703810   0.803982
  1252.43755    0.883600   0.807027
  1252.67083    0.773136   0.810029
  1252.90411    0.777420   0.813181
  1253.15424    0.888496   0.816717
  1253.38752    0.776704   0.820155
  1253.62080    0.793333   0.823719
  1253.85422    0.769583   0.827404
  1254.10421    0.790416   0.831474
  1254.33749    0.832254   0.835380
  1254.57077    0.881974   0.839381
  1254.82090    0.805853   0.843769
  1255.05418    0.873888   0.847944
  1255.28746    0.873888   0.852192
  1255.52088    0.914230   0.856508
  1255.77086    0.907519   0.861193
  1256.00414    0.868272   0.865618
  1256.23757    0.911708   0.870088
  1256.47085    0.967065   0.874591
  1256.72083    0.807339   0.879449
  1256.95411    0.904182   0.884005
  1257.18754    0.833788   0.888579
  1257.42082    0.918450   0.893158
  1257.67080    0.929513   0.898067
  1257.90422    0.941577   0.902646
  1258.13750    0.955555   0.907210
  1258.37078    0.939844   0.911755
  1258.62077    0.997828   0.916597
  1258.85419    0.883600   0.921086
  1259.08747    0.895067   0.925532
  1259.32090    0.912548   0.929936
  1259.80416    0.938979   0.938873
  1260.03744    0.883600   0.943086
  1260.27086    0.941577   0.947223
  1260.52085    0.920144   0.951558
  1260.75413    0.999668   0.955504
  1260.98755    0.959966   0.959343
  1261.23754    0.933804   0.963321
  1261.47082    0.944182   0.966888
  1261.70424    0.955555   0.970298
  1261.93752    0.867472   0.973534
  1262.18750    0.932085   0.976796
  1262.65421    0.954675   0.982287
  1262.88749    0.910030   0.984730
  1263.13747    0.887678   0.987120
  1263.37090    1.022011   0.989140
  1263.60418    0.984137   0.990958
  1263.85416    1.113411   0.992686
  1264.08744    0.971529   0.994099
  1264.32086    0.894243   0.995328
  1264.55414    0.956435   0.996381
  1264.80413    0.946794   0.997325
  1265.03755    1.013574   0.998047
  1265.27083    0.988680   0.998627
  1265.50411    1.165885   0.999081
  1265.75424    1.006134   0.999442
  1265.98752    1.020130   0.999679
  1266.22080    0.964397   0.999837
  1266.47078    1.028622   0.999936
  1266.70421    0.969741   0.999981
  1266.93749    1.034322   0.999997
  1267.17077    1.123714   1.000000
  1267.50413    0.921840   1.000000
  1267.75411    0.981422   1.000000
  1267.98754    0.976912   1.000000
  1268.22082    0.971529   1.000000
  1268.45424    1.008918   1.000000
  1268.70422    1.022011   1.000000
  1268.93750    1.036229   1.000000
  1269.17078    1.045817   1.000000
  1269.40421    1.067224   1.000000
  1269.65419    0.881974   1.000000
  1269.88747    0.960850   1.000000
  1270.37088    0.988680   1.000000
  1270.60416    1.026729   1.000000
  1270.83744    1.091078   1.000000
  1271.07086    0.991415   1.000000
  1271.32085    1.039096   1.000000
  1271.55413    1.020130   1.000000
  1271.78755    0.938114   1.000000
  1272.03754    1.082071   1.000000
  1272.27082    1.058414   1.000000
  1272.50424    1.073138   1.000000
  1272.73752    1.019191   1.000000
  1272.98750    0.952918   1.000000
  1273.22078    0.969741   1.000000
