   542.91240    0.946827   1.000000
   542.93340    0.983173   1.000000
   542.95500    0.991362   1.000000
   542.97600    1.005853   1.000000
   542.99760    0.993777   1.000000
   543.01860    0.968918   1.000000
   543.04020    0.978402   1.000000
   543.06180    1.013982   1.000000
   543.08280    0.965855   1.000000
   543.10440    0.987650   1.000000
   543.12540    1.006501   1.000000
   543.14700    0.988534   1.000000
   543.16800    0.957549   1.000000
   543.18960    0.939523   1.000000
   543.21060    1.010212   1.000000
   543.23220    1.068295   1.000000
   543.25380    0.928919   1.000000
   543.27480    0.955546   1.000000
   543.29640    0.961731   1.000000
   543.31740    1.034541   1.000000
   543.33900    1.010683   1.000000
   543.36000    0.960199   1.000000
   543.38160    1.028650   1.000000
   543.40260    0.985589   1.000000
   543.42420    1.011155   1.000000
   543.44580    0.979875   1.000000
   543.46680    1.007031   1.000000
   543.48840    0.995839   1.000000
   543.50940    0.959787   1.000000
   543.53100    1.015926   1.000000
   543.55200    1.017635   1.000000
   543.57360    0.983704   1.000000
   543.59460    1.042435   1.000000
   543.61620    0.958786   1.000000
   543.63780    1.010094   1.000000
   543.65880    1.055512   1.000000
   543.68040    0.945590   1.000000
   543.70140    0.928036   1.000000
   543.72300    1.009977   1.000000
   543.74400    0.999196   1.000000
   543.76560    0.966267   1.000000
   543.78660    0.952129   1.000000
   543.80820    1.032597   1.000000
   543.82980    1.052567   1.000000
   543.85080    1.023172   1.000000
   543.87240    0.962909   1.000000
   543.89340    1.002849   1.000000
   543.91500    1.028474   1.000000
   543.93600    1.033068   1.000000
   543.95760    1.002436   1.000000
   543.97860    0.979934   1.000000
   544.00020    1.062640   1.000000
   544.02180    1.077191   1.000000
   544.04280    0.999785   1.000000
   544.06440    1.028827   1.000000
   544.08540    1.032362   1.000000
   544.10700    1.067530   1.000000
   544.12800    1.015573   1.000000
   544.14960    0.991244   1.000000
   544.17060    1.031890   1.000000
   544.19220    1.009034   1.000000
   544.21380    1.036780   1.000000
   544.23480    1.100813   1.000000
   544.25640    1.001258   1.000000
   544.27740    0.975869   1.000000
   544.29900    0.996369   1.000000
   544.32000    1.058104   1.000000
   544.34160    1.044438   1.000000
   544.36260    0.984175   1.000000
   544.38420    0.947593   1.000000
   544.40580    1.002319   1.000000
   544.42680    1.011921   1.000000
   544.44840    1.025882   1.000000
   544.46940    1.024939   1.000000
   544.49100    1.090798   1.000000
   544.51200    1.055571   1.000000
   544.53360    0.960730   1.000000
   544.55460    0.928036   1.000000
   544.57620    0.998784   1.000000
   544.59780    1.087323   1.000000
   544.61880    0.994719   1.000000
   544.64040    1.059813   1.000000
   544.66140    1.075777   1.000000
   544.68300    1.027943   1.000000
   544.70400    1.034600   1.000000
   544.72560    0.932925   1.000000
   544.74660    1.066646   1.000000
   544.76820    1.087912   1.000000
   544.78980    1.008033   1.000000
   544.81080    0.986178   1.000000
   544.83240    0.957431   1.000000
   544.85340    1.014748   1.000000
   544.87500    1.074716   1.000000
   544.89600    1.034600   1.000000
   544.91760    0.987179   1.000000
   544.93860    1.019755   1.000000
   544.96020    1.036308   1.000000
   544.98180    1.067824   1.000000
   545.00280    0.976576   1.000000
   545.02440    0.990183   1.000000
   545.04540    1.056808   1.000000
   545.06700    1.021228   1.000000
   545.08800    0.991244   1.000000
   545.10960    1.037781   1.000000
   545.13060    1.054452   1.000000
   545.15220    1.037958   1.000000
   545.17380    1.028356   1.000000
   545.19480    1.005087   1.000000
   545.21640    1.002436   1.000000
   545.23740    0.979109   1.000000
   545.25900    0.976929   1.000000
   545.28000    0.961201   1.000000
   545.30160    1.023290   1.000000
   545.32260    0.978107   1.000000
   545.34420    0.958196   1.000000
   545.36580    1.055159   1.000000
   545.38680    1.030418   1.000000
   545.40840    0.951422   1.000000
   545.42940    0.982349   1.000000
   545.45100    0.995014   1.000000
   545.47200    0.983998   1.000000
   545.49360    0.908655   1.000000
   545.51460    1.009152   1.000000
   545.53620    1.011862   1.000000
   545.55780    0.994602   1.000000
   545.57880    1.005205   1.000000
   545.60040    1.045557   1.000000
   545.62140    1.022053   1.000000
   545.64300    1.027178   1.000000
   545.66400    0.999727   1.000000
   545.68560    0.946179   1.000000
   545.70660    0.931982   1.000000
   545.72820    1.008150   1.000000
   545.74980    1.060932   1.000000
   545.77080    1.092624   1.000000
   545.79240    0.964853   1.000000
   545.81340    0.979344   1.000000
   545.83500    1.076366   1.000000
   545.85600    0.996663   1.000000
   545.87760    0.926504   1.000000
   545.89860    0.965324   1.000000
   545.92020    1.018577   1.000000
   545.94180    1.032774   1.000000
   545.96280    1.006265   1.000000
   545.98440    0.973336   1.000000
   546.00540    1.036073   1.000000
   546.02700    0.965678   1.000000
   546.04800    0.951776   1.000000
   546.06960    1.075011   1.000000
   546.09060    1.013275   1.000000
   546.11220    0.986119   1.000000
   546.13380    0.953425   1.000000
   546.15480    1.025234   1.000000
   546.17640    1.026000   1.000000
   546.19740    1.052037   1.000000
   546.21900    1.030005   1.000000
   546.24000    0.992717   1.000000
   546.26160    1.005500   1.000000
   546.28260    0.962084   1.000000
   546.30420    0.989889   1.000000
   546.32580    0.955781   1.000000
   546.34680    1.038370   1.000000
   546.36840    0.972688   1.000000
   546.38940    1.066116   1.000000
   546.41100    0.978991   1.000000
   546.43200    1.020344   1.000000
   546.45360    1.023054   1.000000
   546.47460    1.043083   1.000000
   546.49620    0.995308   1.000000
   546.51780    1.005205   1.000000
   546.53880    1.073303   1.000000
   546.56040    0.982879   1.000000
   546.58140    0.951363   1.000000
   546.60300    0.903000   1.000000
   546.62400    0.943705   1.000000
   546.64560    1.042729   1.000000
   546.66660    1.005676   1.000000
   546.68820    1.038076   1.000000
   546.70980    0.995132   1.000000
   546.73080    1.011155   1.000000
   546.75240    1.040668   1.000000
   546.77340    0.975810   1.000000
   546.79500    1.028238   1.000000
   546.81600    1.014041   1.000000
   546.83760    0.966620   1.000000
   546.85860    0.949714   1.000000
   546.88020    1.011390   1.000000
   546.90180    1.054393   1.000000
   546.92280    1.008975   1.000000
   546.94440    0.994602   1.000000
   546.96540    0.967209   1.000000
   546.98700    0.908949   1.000000
   547.00800    0.974219   1.000000
   547.02960    1.013334   1.000000
   547.05060    0.979109   1.000000
   547.07220    0.986001   1.000000
   547.09380    0.969212   1.000000
   547.11480    0.921615   1.000000
   547.13640    0.900879   1.000000
   547.15740    0.993777   1.000000
   547.17900    0.943234   1.000000
   547.20000    0.972629   1.000000
   547.22160    0.968093   1.000000
   547.24260    0.930392   1.000000
   547.26420    1.005146   1.000000
   547.28580    0.962379   1.000000
   547.30680    0.958373   1.000000
   547.32840    0.968211   1.000000
   547.34940    1.029711   1.000000
   547.37100    0.976340   1.000000
   547.39200    0.941938   1.000000
   547.41360    1.041551   1.000000
   547.43460    0.985706   1.000000
   547.45620    0.938403   1.000000
   547.47780    0.999138   1.000000
   547.49880    1.006737   1.000000
   547.52040    0.980817   1.000000
   547.54140    0.975810   1.000000
   547.56300    0.953071   1.000000
   547.58400    1.000139   1.000000
   547.60560    1.015808   1.000000
   547.62660    0.964500   1.000000
   547.64820    0.939935   1.000000
   547.66980    0.976870   1.000000
   547.69080    0.984116   1.000000
   547.71240    1.005205   1.000000
   547.73340    0.998136   1.000000
   547.75500    1.009446   1.000000
   547.77600    0.963616   1.000000
   547.79760    0.940053   1.000000
   547.81860    1.011508   1.000000
   547.84020    0.978638   1.000000
   547.86180    0.976870   1.000000
   547.88280    0.956311   1.000000
   547.90440    0.985706   1.000000
   547.92540    0.987002   1.000000
   547.94700    0.936990   1.000000
   547.96800    0.999138   1.000000
   547.98960    1.014866   1.000000
   548.01060    1.007149   1.000000
   548.03220    0.969389   1.000000
   548.05380    1.010389   1.000000
   548.07480    1.048385   1.000000
   548.09640    0.964205   1.000000
   548.11740    0.915665   1.000000
   548.13900    1.039961   1.000000
   548.16000    1.021699   1.000000
   548.18160    0.963734   1.000000
   548.20260    1.040903   1.000000
   548.22420    1.074186   1.000000
   548.24580    0.998843   1.000000
   548.26680    1.027826   1.000000
   548.28840    1.022053   1.000000
   548.30940    1.008622   1.000000
   548.33100    0.992658   1.000000
   548.35200    0.961790   1.000000
   548.37360    0.979286   1.000000
   548.39460    0.972334   1.000000
   548.41620    1.041964   1.000000
   548.43780    1.000433   1.000000
   548.45880    0.954309   1.000000
   548.48040    0.970037   1.000000
   548.50140    1.064702   1.000000
   548.52300    1.034011   1.000000
   548.54400    0.954250   1.000000
   548.56560    0.991479   1.000000
   548.58660    1.008916   1.000000
   548.60820    0.993482   1.000000
   548.62980    1.021228   1.000000
   548.65080    1.037015   1.000000
   548.67240    1.018754   1.000000
   548.69340    0.979050   1.000000
   548.71500    1.011744   1.000000
   548.73600    1.005853   1.000000
   548.75760    0.975221   1.000000
   548.77860    0.971038   1.000000
   548.80020    0.974278   1.000000
   548.82180    1.090445   1.000000
   548.84280    1.068060   1.000000
   548.86440    0.999373   1.000000
   548.88540    0.957607   1.000000
   548.90700    0.989477   1.000000
   548.92800    1.055748   1.000000
   548.94960    1.039136   1.000000
   548.97060    0.982761   1.000000
   548.99220    0.994425   1.000000
   549.01380    1.041610   1.000000
   549.03480    1.018283   1.000000
   549.05640    1.005971   1.000000
   549.07740    1.041787   1.000000
   549.09900    1.009977   1.000000
   549.12000    1.027178   1.000000
   549.14160    1.007561   1.000000
   549.16260    1.014748   1.000000
   549.18420    0.991008   1.000000
   549.20580    1.019225   1.000000
   549.22680    0.986649   1.000000
   549.24840    0.996958   1.000000
   549.26940    1.017811   1.000000
   549.29100    0.977872   1.000000
   549.31200    0.957725   1.000000
   549.33360    1.029711   1.000000
   549.35460    0.996015   1.000000
   549.37620    0.948064   1.000000
   549.39780    1.030241   1.000000
   549.41880    1.039902   1.000000
   549.44040    0.970803   1.000000
   549.46140    0.978284   1.000000
   549.48300    1.049091   1.000000
   549.50400    0.998666   1.000000
   549.52560    0.978048   1.000000
   549.54660    0.998725   1.000000
   549.56820    0.992658   1.000000
   549.58980    1.029239   1.000000
   549.61080    1.028238   1.000000
   549.63240    0.988181   1.000000
   549.65340    1.003025   1.000000
   549.67500    1.028120   0.999970
   549.69600    0.990183   0.999927
   549.71760    0.988829   0.999826
   549.73860    1.035189   0.999743
   549.76020    1.083847   0.999560
   549.78180    1.004557   0.999443
   549.80280    0.999785   0.999218
   549.82440    1.049975   0.999018
   549.84540    1.012333   0.998782
   549.86700    1.025823   0.998533
   549.88800    1.071830   0.998279
   549.90960    1.052037   0.997976
   549.93060    1.012274   0.997732
   549.95220    1.018989   0.997372
   549.97380    1.026353   0.997114
   549.99480    1.075305   0.996712
   550.01640    1.067294   0.996374
   550.03740    1.031242   0.995990
   550.05900    1.020227   0.995597
   550.08000    1.032126   0.995242
   550.10160    1.062228   0.994809
   550.12260    1.034011   0.994427
   550.14420    0.998195   0.993952
   550.16580    1.005028   0.993592
   550.18680    1.080843   0.993057
   550.20840    1.090209   0.992643
   550.22940    1.051507   0.992140
   550.25100    1.020992   0.991652
   550.27200    1.010801   0.991162
   550.29360    1.039725   0.990631
   550.31460    1.018224   0.990153
   550.33620    0.993541   0.989590
   550.35780    1.035602   0.989102
   550.37880    0.984469   0.988525
   550.40040    1.007620   0.988017
   550.42140    1.008327   0.987418
   550.44300    1.018047   0.986879
   550.46400    1.005735   0.986239
   550.48560    0.951893   0.985702
   550.50660    1.012392   0.985039
   550.52820    0.964146   0.984454
   550.54980    0.944294   0.983828
   550.57080    0.970862   0.983219
   550.59240    0.969330   0.982582
   550.61340    0.939169   0.981936
   550.63500    0.970332   0.981309
   550.65600    0.972452   0.980641
   550.67760    0.962084   0.979987
   550.69860    0.908360   0.979275
   550.72020    0.955722   0.978621
   550.74180    0.960023   0.977906
   550.76280    0.987356   0.977271
   550.78440    0.994543   0.976533
   550.80540    0.901409   0.975918
   550.82700    0.891984   0.975176
   550.84800    0.954191   0.974493
   550.86960    0.910893   0.973710
   550.89060    0.933161   0.973056
   550.91220    0.978755   0.972248
   550.93380    1.004852   0.971556
   550.95480    0.887154   0.970777
   550.97640    0.912720   0.970039
   550.99740    0.948241   0.969324
   551.01900    1.004262   0.968588
   551.04000    0.990066   0.967805
   551.06160    0.927918   0.967052
   551.08260    0.937755   0.966211
   551.10420    0.909656   0.965536
   551.12580    0.983880   0.964671
   551.14680    0.934574   0.963954
   551.16840    0.920319   0.963151
   551.18940    0.967209   0.962377
   551.21100    0.979109   0.961525
   551.23200    0.906593   0.960762
   551.25360    0.891984   0.959966
   551.27460    0.942056   0.959209
   551.29620    0.944765   0.958393
   551.31780    0.943411   0.957516
   551.33880    0.905768   0.956797
   551.36040    0.948712   0.955877
   551.38140    0.955251   0.955111
   551.40300    0.896873   0.954249
   551.42400    0.922616   0.953483
   551.44560    0.960023   0.952556
   551.46660    0.894812   0.951823
   551.48820    0.920260   0.950892
   551.50980    0.971274   0.950087
   551.53080    0.943587   0.949287
   551.55240    0.873251   0.948366
   551.57340    0.933573   0.947571
   551.59500    0.943646   0.946757
   551.61600    0.937107   0.945961
   551.63760    0.951186   0.945067
   551.65860    0.881027   0.944262
   551.68020    0.912130   0.943330
   551.70180    0.990596   0.942533
   551.72280    0.970332   0.941679
   551.74440    0.989889   0.940822
   551.76540    0.903589   0.940034
   551.78700    0.948477   0.939079
   551.80800    0.918846   0.938302
   551.82960    0.878141   0.937368
   551.85060    0.932689   0.936502
   551.87220    0.987061   0.935669
   551.89380    0.937107   0.934784
   551.91480    0.932395   0.934020
   551.93640    0.918787   0.933158
   551.95740    0.925208   0.932365
   551.97900    0.998313   0.931408
   552.00000    0.960494   0.930633
   552.02160    0.933750   0.929783
   552.04260    0.890865   0.928870
   552.06420    0.865888   0.928024
   552.08580    0.922145   0.927154
   552.10680    0.939405   0.926330
   552.12840    0.912896   0.925546
   552.14940    0.880909   0.924653
   552.17100    0.950833   0.923790
   552.19200    0.909008   0.922960
   552.21360    0.904355   0.922126
   552.23460    0.927741   0.921343
   552.25620    0.852869   0.920461
   552.27780    0.937343   0.919611
   552.29880    0.939464   0.918807
   552.32040    0.915842   0.917993
   552.34140    0.949419   0.917169
   552.36300    0.872957   0.916297
   552.38400    0.916313   0.915459
   552.40560    0.852516   0.914701
   552.42660    0.833488   0.913866
   552.44820    0.952541   0.913067
   552.46980    0.833665   0.912327
   552.49080    0.834372   0.911407
   552.51240    0.924914   0.910595
   552.53340    0.912130   0.909851
   552.55500    0.846330   0.908981
   552.57600    0.868303   0.908225
   552.59760    0.902411   0.907433
   552.61860    0.836905   0.906742
   552.64020    0.880615   0.905898
   552.66180    0.897639   0.905109
   552.68280    0.885151   0.904374
   552.70440    0.852692   0.903532
   552.72540    0.857994   0.902838
   552.74700    0.886270   0.902020
   552.76800    0.873369   0.901325
   552.78960    0.876197   0.900554
   552.81060    0.877316   0.899707
   552.83220    0.847391   0.899074
   552.85380    0.860939   0.898426
   552.87480    0.887271   0.897574
   552.89640    0.871189   0.896837
   552.91740    0.876020   0.896188
   552.93900    0.916431   0.895375
   552.96000    0.884149   0.894712
   552.98160    0.869363   0.894007
   553.00260    0.858171   0.893375
   553.02420    0.922616   0.892558
   553.04580    0.887507   0.891818
   553.06680    0.899465   0.891290
   553.08840    0.914428   0.890624
   553.10940    0.932100   0.889863
   553.13100    0.927505   0.889193
   553.15200    0.881970   0.888730
   553.17360    0.919847   0.888013
   553.19460    0.900585   0.887277
   553.21620    0.875313   0.886638
   553.23780    0.856286   0.886075
   553.25880    0.901763   0.885486
   553.28040    0.884385   0.884703
   553.30140    0.892102   0.884163
   553.32300    0.855697   0.883587
   553.34400    0.885681   0.883022
   553.36560    0.881675   0.882363
   553.38660    0.880615   0.881773
   553.40820    0.912896   0.881309
   553.42980    0.889097   0.880658
   553.45080    0.919376   0.880074
   553.47240    0.871720   0.879544
   553.49340    0.895401   0.879073
   553.51500    0.874429   0.878462
   553.53600    0.910069   0.877933
   553.55760    0.877021   0.877575
   553.57860    0.932336   0.876922
   553.60020    0.889981   0.876386
   553.62180    0.863355   0.875951
   553.64280    0.929332   0.875517
   553.66440    0.909597   0.874976
   553.68540    0.882971   0.874490
   553.70700    0.988711   0.874101
   553.72800    0.874783   0.873618
   553.74960    0.877021   0.873145
   553.77060    0.925208   0.872773
   553.79220    0.874017   0.872382
   553.81380    0.887330   0.871899
   553.83480    0.893987   0.871482
   553.85640    0.890688   0.871087
   553.87740    0.870365   0.870715
   553.89900    0.904178   0.870311
   553.92000    0.872839   0.869976
   553.94160    0.926563   0.869660
   553.96260    0.911188   0.869240
   553.98420    0.867125   0.868927
   554.00580    0.914546   0.868568
   554.02680    0.878847   0.868184
   554.04840    0.871131   0.867966
   554.06940    0.875902   0.867665
   554.09100    0.869363   0.867382
   554.11200    0.930804   0.867074
   554.13360    0.853046   0.866825
   554.15460    0.762799   0.866547
   554.17620    0.791192   0.866273
   554.19780    0.930097   0.866052
   554.21880    0.883972   0.865735
   554.24040    0.814638   0.865622
   554.26140    0.851809   0.865325
   554.28300    0.925797   0.865133
   554.30400    0.855108   0.864967
   554.32560    0.858348   0.864824
   554.34660    0.849865   0.864558
   554.36820    0.858112   0.864483
   554.38980    0.868833   0.864252
   554.41080    0.869246   0.864250
   554.43240    0.931982   0.863986
   554.45340    0.835727   0.863935
   554.47500    0.851632   0.863790
   554.49600    0.904060   0.863726
   554.51760    0.869481   0.863600
   554.53860    0.852633   0.863541
   554.56020    0.847273   0.863439
   554.58180    0.917491   0.863416
   554.60280    0.886506   0.863315
   554.62440    0.848569   0.863316
   554.64540    0.887860   0.863252
   554.66700    0.848156   0.863268
   554.68800    0.867243   0.863276
   554.70960    0.895342   0.863247
   554.73060    0.918493   0.863238
   554.75220    0.843797   0.863294
   554.77380    0.842973   0.863292
   554.79480    0.918787   0.863405
   554.81640    0.908773   0.863385
   554.83740    0.867773   0.863509
   554.85900    0.836787   0.863500
   554.88000    0.881027   0.863639
   554.90160    0.888391   0.863725
   554.92260    0.862707   0.863815
   554.94420    0.879495   0.863911
   554.96580    0.882735   0.864096
   554.98680    0.870070   0.864186
   555.00840    0.880261   0.864388
   555.02940    0.876550   0.864538
   555.05100    0.882441   0.864675
   555.07200    0.870306   0.864911
   555.09360    0.872368   0.865052
   555.11460    0.912189   0.865272
   555.13620    0.878906   0.865480
   555.15780    0.899819   0.865685
   555.17880    0.917609   0.865883
   555.20040    0.876550   0.866155
   555.22140    0.877610   0.866449
   555.24300    0.881675   0.866647
   555.26400    0.884267   0.866987
   555.28560    0.913073   0.867259
   555.30660    0.889333   0.867471
   555.32820    0.847096   0.867846
   555.34980    0.862059   0.868160
   555.37080    0.932925   0.868395
   555.39240    0.888214   0.868880
   555.41340    0.878553   0.869112
   555.43500    0.906770   0.869477
   555.45600    0.900761   0.869831
   555.47760    0.891277   0.870171
   555.49860    0.895695   0.870621
   555.52020    0.888921   0.870962
   555.54180    0.882971   0.871363
   555.56280    0.854695   0.871820
   555.58440    0.900113   0.872312
   555.60540    0.927741   0.872569
   555.62700    0.904531   0.873007
   555.64800    0.898169   0.873586
   555.66960    0.898228   0.873928
   555.69060    0.874724   0.874356
   555.71220    0.876079   0.874893
   555.73380    0.913898   0.875385
   555.75480    0.888214   0.875852
   555.77640    0.919789   0.876352
   555.79740    0.868539   0.876904
   555.81900    0.882853   0.877357
   555.84000    0.900702   0.877887
   555.86160    0.853576   0.878417
   555.88260    0.919023   0.879043
   555.90420    0.899524   0.879516
   555.92580    0.869069   0.880020
   555.94680    0.922852   0.880670
   555.96840    0.895695   0.881273
   555.98940    0.895518   0.881777
   556.01100    0.866182   0.882322
   556.03200    0.844151   0.882993
   556.05360    0.910245   0.883636
   556.07460    0.879319   0.884166
   556.09620    0.889569   0.884729
   556.11780    0.884385   0.885436
   556.13880    0.915606   0.886102
   556.16040    0.900879   0.886765
   556.18140    0.889863   0.887400
   556.20300    0.915312   0.888002
   556.22400    0.889569   0.888698
   556.24560    0.895754   0.889396
   556.26660    0.845506   0.889965
   556.28820    0.888037   0.890639
   556.30980    0.904119   0.891397
   556.33080    0.897875   0.892140
   556.35240    0.880909   0.892833
   556.37340    0.869246   0.893501
   556.39500    0.865181   0.894261
   556.41600    0.844858   0.894881
   556.43760    0.882618   0.895635
   556.45860    0.914133   0.896430
   556.48020    0.871720   0.897223
   556.50180    0.885327   0.897760
   556.52280    0.915135   0.898603
   556.54440    0.843090   0.899411
   556.56540    0.878494   0.900150
   556.58700    0.881793   0.900942
   556.60800    0.879849   0.901635
   556.62960    0.883914   0.902480
   556.65060    0.878141   0.903214
   556.67220    0.857169   0.904030
   556.69380    0.909539   0.904833
   556.71480    0.892632   0.905688
   556.73640    0.871425   0.906457
   556.75740    0.927800   0.907172
   556.77900    0.913485   0.908091
   556.80000    0.900643   0.908832
   556.82160    0.923794   0.909655
   556.84260    0.917845   0.910474
   556.86420    0.969684   0.911301
   556.88580    0.931806   0.912204
   556.90680    0.925208   0.912978
   556.92840    0.903648   0.913802
   556.94940    0.923971   0.914708
   556.97100    0.882677   0.915500
   556.99200    0.931393   0.916342
   557.01360    0.941761   0.917251
   557.03460    0.917609   0.918033
   557.05620    0.940288   0.918949
   557.07780    0.966208   0.919775
   557.09880    0.937520   0.920667
   557.12040    0.906240   0.921504
   557.14140    0.893692   0.922392
   557.16300    0.899701   0.923271
   557.18400    0.978932   0.924114
   557.20560    0.967150   0.925000
   557.22660    0.965855   0.925861
   557.24820    0.936401   0.926688
   557.26980    0.913132   0.927682
   557.29080    0.938521   0.928503
   557.31240    0.949478   0.929447
   557.33340    0.981347   0.930236
   557.35500    0.941820   0.931197
   557.37600    0.920437   0.932060
   557.39760    0.934810   0.932946
   557.41860    0.905592   0.933843
   557.44020    0.983939   0.934672
   557.46180    0.973689   0.935673
   557.48280    0.899053   0.936452
   557.50440    0.921732   0.937412
   557.52540    0.949949   0.938250
   557.54700    0.918198   0.939197
   557.56800    0.925208   0.940088
   557.58960    0.894694   0.940968
   557.61060    0.921674   0.941872
   557.63220    0.939110   0.942771
   557.65380    0.859585   0.943653
   557.67480    0.903589   0.944506
   557.69640    0.894812   0.945431
   557.71740    0.964559   0.946226
   557.73900    0.906829   0.947239
   557.76000    0.933161   0.948018
   557.78160    0.927623   0.948987
   557.80260    0.927447   0.949815
   557.82420    0.966326   0.950740
   557.84580    0.923618   0.951576
   557.86680    0.926799   0.952512
   557.88840    0.965442   0.953396
   557.90940    0.999844   0.954269
   557.93100    0.988004   0.955093
   557.95200    0.916313   0.955933
   557.97360    0.922380   0.956826
   557.99460    0.932277   0.957706
   558.01620    0.927270   0.958517
   558.03780    0.970037   0.959411
   558.05880    0.851279   0.960242
   558.08040    0.868480   0.961114
   558.10140    0.919023   0.961974
   558.12300    0.966031   0.962745
   558.14400    0.956429   0.963650
   558.16560    0.881793   0.964450
   558.18660    0.982467   0.965270
   558.20820    0.920142   0.966144
   558.22980    0.821118   0.966946
   558.25080    0.912072   0.967805
   558.27240    0.946651   0.968599
   558.29340    0.899230   0.969452
   558.31500    0.943352   0.970164
   558.33600    0.878200   0.971091
   558.35760    0.916784   0.971762
   558.37860    0.927270   0.972636
   558.40020    0.976635   0.973370
   558.42180    0.971922   0.974192
   558.44280    0.961083   0.974919
   558.46440    0.951069   0.975710
   558.48540    0.980287   0.976453
   558.50700    0.951128   0.977215
   558.52800    0.921379   0.977939
   558.54960    0.974691   0.978693
   558.57060    1.017281   0.979433
   558.59220    0.959846   0.980122
   558.61380    0.973218   0.980921
   558.63480    0.951717   0.981533
   558.65640    0.964205   0.982322
   558.67740    0.991597   0.982929
   558.69900    0.940583   0.983673
   558.72000    1.020168   0.984271
   558.74160    0.991421   0.984995
   558.76260    0.959905   0.985595
   558.78420    0.952954   0.986276
   558.80580    0.965030   0.986913
   558.82680    1.017929   0.987551
   558.84840    1.006619   0.988224
   558.86940    0.931099   0.988758
   558.89100    0.920672   0.989422
   558.91200    0.977636   0.989933
   558.93360    0.986001   0.990564
   558.95460    1.013393   0.991076
   558.97620    0.967445   0.991649
   558.99780    0.925679   0.992211
   559.01880    0.950067   0.992714
   559.04040    0.985648   0.993313
   559.06140    0.986944   0.993709
   559.08300    0.946945   0.994296
   559.10400    1.020168   0.994694
   559.12560    0.957902   0.995222
   559.14660    0.943587   0.995620
   559.16820    0.969801   0.996089
   559.18980    1.025764   0.996560
   559.21080    0.956135   0.996872
   559.23240    0.921320   0.997331
   559.25340    1.010035   0.997656
   559.27500    0.954662   0.998031
   559.29600    0.950597   0.998356
   559.31760    0.977400   0.998645
   559.33860    1.009270   0.998995
   559.36020    0.950185   0.999199
   559.38180    0.987356   0.999452
   559.40280    0.923971   0.999643
   559.42440    0.967916   0.999822
   559.44540    0.961967   1.000000
   559.46700    1.022877   1.000000
   559.48800    0.964382   1.000000
   559.50960    0.940936   1.000000
   559.53060    0.958609   1.000000
   559.55220    0.978696   1.000000
   559.57380    0.958491   1.000000
   559.59480    0.979875   1.000000
   559.61640    1.003968   1.000000
   559.63740    0.978932   1.000000
   559.65900    0.985824   1.000000
   559.68000    0.951834   1.000000
   559.70160    1.020521   1.000000
   559.72260    1.005441   1.000000
   559.74420    0.940936   1.000000
   559.76580    0.984882   1.000000
   559.78680    0.968034   1.000000
   559.80840    1.002554   1.000000
   559.82940    1.008327   1.000000
   559.85100    0.976988   1.000000
   559.87200    1.003379   1.000000
   559.89360    0.965796   1.000000
   559.91460    0.953955   1.000000
   559.93620    0.976811   1.000000
   559.95780    1.010860   1.000000
   559.97880    0.960435   1.000000
   560.00040    0.960435   1.000000
   560.02140    1.021640   1.000000
   560.04300    0.968093   1.000000
   560.06400    0.993423   1.000000
   560.08560    0.996840   1.000000
   560.10660    0.976752   1.000000
   560.12820    1.013982   1.000000
   560.14980    1.027943   1.000000
   560.17080    1.033775   1.000000
   560.19240    1.013393   1.000000
   560.21340    1.017752   1.000000
   560.23500    1.020992   1.000000
   560.25600    1.016810   1.000000
   560.27760    1.010801   1.000000
   560.29860    1.036132   1.000000
   560.32020    1.066469   1.000000
   560.34180    1.055866   1.000000
   560.36280    1.066941   1.000000
   560.38440    1.047619   1.000000
   560.40540    0.989418   1.000000
   560.42700    1.069474   1.000000
   560.44800    0.972158   1.000000
   560.46960    0.935046   1.000000
   560.49060    1.017694   1.000000
   560.51220    0.991479   1.000000
   560.53380    1.030182   1.000000
   560.55480    1.003025   1.000000
   560.57640    0.954957   1.000000
   560.59740    1.052508   1.000000
   560.61900    1.002495   1.000000
   560.64000    1.006265   1.000000
   560.66160    0.994013   1.000000
   560.68260    0.950774   1.000000
   560.70420    1.025352   1.000000
   560.72580    1.019579   1.000000
   560.74680    0.995898   1.000000
   560.76840    1.000492   1.000000
   560.78940    0.981877   1.000000
   560.81100    1.064997   1.000000
   560.83200    1.070122   1.000000
   560.85360    1.004145   1.000000
   560.87460    1.030948   1.000000
   560.89620    1.022701   1.000000
   560.91780    1.011862   1.000000
   560.93880    1.009800   1.000000
   560.96040    1.031066   1.000000
   560.98140    1.084495   1.000000
   561.00300    1.030182   1.000000
   561.02400    1.016928   1.000000
   561.04560    1.053804   1.000000
   561.06660    1.079782   1.000000
   561.08820    1.019932   1.000000
   561.10980    0.990419   1.000000
   561.13080    1.030535   1.000000
   561.15240    1.020816   1.000000
   561.17340    1.093626   1.000000
   561.19500    1.009918   1.000000
   561.21600    0.933809   1.000000
   561.23760    1.008092   1.000000
   561.25860    0.996251   1.000000
   561.28020    0.967857   1.000000
   561.30180    1.032597   1.000000
   561.32280    1.084613   1.000000
   561.34440    0.961672   1.000000
   561.36540    0.992363   1.000000
   561.38700    1.039784   1.000000
   561.40800    0.940230   1.000000
   561.42960    0.979934   1.000000
   561.45060    1.038665   1.000000
   561.47220    1.009093   1.000000
   561.49380    0.993659   1.000000
   561.51480    1.016810   1.000000
   561.53640    1.002319   1.000000
   561.55740    1.031478   1.000000
   561.57900    0.930392   1.000000
   561.60000    0.997252   1.000000
   561.62160    0.965089   1.000000
   561.64260    0.962202   1.000000
   561.66420    0.961613   1.000000
   561.68580    0.983527   1.000000
   561.70680    1.028297   1.000000
   561.72840    1.005500   1.000000
   561.74940    0.952600   1.000000
   561.77100    0.964500   1.000000
   561.79200    0.950244   1.000000
   561.81360    1.010330   1.000000
   561.83460    1.040020   1.000000
   561.85620    0.963734   1.000000
   561.87780    0.986296   1.000000
   561.89880    0.972570   1.000000
   561.92040    1.002142   1.000000
   561.94140    1.052508   1.000000
   561.96300    0.990714   1.000000
   561.98400    0.988240   1.000000
   562.00560    0.989477   1.000000
   562.02660    0.979403   1.000000
   562.04820    1.030418   1.000000
   562.06980    1.047560   1.000000
   562.09080    1.003497   1.000000
   562.11240    1.034011   1.000000
   562.13340    1.029770   1.000000
   562.15500    0.999373   1.000000
   562.17600    0.987650   1.000000
   562.19760    1.005558   1.000000
   562.21860    1.054040   1.000000
   562.24020    1.022524   1.000000
   562.26180    0.976163   1.000000
   562.28280    0.971451   1.000000
   562.30440    1.022524   1.000000
   562.32540    0.992717   1.000000
   562.34700    1.012627   1.000000
   562.36800    0.989418   1.000000
   562.38960    1.053804   1.000000
   562.41060    1.018224   1.000000
   562.43220    0.963086   1.000000
   562.45380    0.987120   1.000000
   562.47480    1.078428   1.000000
   562.49640    0.935870   1.000000
   562.51740    0.933161   1.000000
   562.53900    1.010919   1.000000
   562.56000    1.046441   1.000000
   562.58160    1.080548   1.000000
   562.60260    0.991362   1.000000
   562.62420    0.967681   1.000000
   562.64580    1.012097   1.000000
   562.66680    1.013393   1.000000
   562.68840    1.005205   1.000000
   562.70940    0.977283   1.000000
   562.73100    0.959846   1.000000
   562.75200    1.020933   1.000000
   562.77360    1.092271   1.000000
   562.79460    1.052685   1.000000
   562.81620    0.992893   1.000000
   562.83780    0.929685   1.000000
   562.85880    0.951422   1.000000
   562.88040    1.026530   1.000000
   562.90140    1.021464   1.000000
   562.92300    1.005853   1.000000
   562.94400    0.999609   1.000000
   562.96560    1.012038   1.000000
   562.98660    1.059813   1.000000
   563.00820    0.996546   1.000000
   563.02980    0.945060   1.000000
   563.05080    0.960140   1.000000
   563.07240    1.028120   1.000000
   563.09340    0.970803   1.000000
   563.11500    1.016339   1.000000
   563.13600    1.000198   1.000000
   563.15760    0.919023   1.000000
   563.17860    0.970390   1.000000
   563.20020    0.942174   1.000000
   563.22180    0.970273   1.000000
   563.24280    1.010094   1.000000
   563.26440    0.982054   1.000000
   563.28540    1.000198   1.000000
   563.30700    1.010212   1.000000
   563.32800    0.975339   1.000000
   563.34960    0.988357   1.000000
   563.37060    1.017046   1.000000
   563.39220    1.032715   1.000000
   563.41380    1.016869   1.000000
   563.43480    1.064407   1.000000
   563.45640    1.019166   1.000000
   563.47740    1.032362   1.000000
   563.49900    1.021817   1.000000
   563.52000    0.951952   1.000000
   563.54160    0.974043   1.000000
   563.56260    0.928978   1.000000
   563.58420    1.030241   1.000000
   563.60580    1.090975   1.000000
   563.62680    0.950774   1.000000
   563.64840    1.023820   1.000000
   563.66940    1.005323   1.000000
   563.69100    1.007679   1.000000
   563.71200    0.985471   1.000000
   563.73360    0.948477   1.000000
   563.75460    1.000021   1.000000
   563.77620    1.023584   1.000000
   563.79780    0.982408   1.000000
   563.81880    1.007385   1.000000
   563.84040    1.072301   1.000000
   563.86140    1.009741   1.000000
   563.88300    0.984293   1.000000
   563.90400    1.036426   1.000000
   563.92560    1.094509   1.000000
   563.94660    1.037074   1.000000
   563.96820    1.053097   1.000000
   563.98980    1.015455   1.000000
   564.01080    1.018283   1.000000
   564.03240    1.097514   1.000000
   564.05340    1.054923   1.000000
   564.07500    1.120311   1.000000
   564.09600    1.074834   1.000000
   564.11760    1.000316   1.000000
   564.13860    1.029711   1.000000
