   283.89600    1.006659   1.000000
   283.91867    0.996367   1.000000
   283.93816    0.985668   1.000000
   283.95858    0.990837   1.000000
   283.97834    0.990760   1.000000
   283.99825    0.990626   1.000000
   284.01826    0.987172   1.000000
   284.03775    0.986320   1.000000
   284.06449    0.990947   1.000000
   284.08676    0.985969   1.000000
   284.10859    0.982947   1.000000
   284.13024    0.979483   1.000000
   284.15200    0.988971   1.000000
   284.17383    0.988036   1.000000
   284.19584    0.982285   1.000000
   284.21600    0.989436   1.000000
   284.23725    0.990352   1.000000
   284.25875    0.991283   1.000000
   284.28075    0.987094   1.000000
   284.30267    0.990500   1.000000
   284.32417    0.992450   1.000000
   284.34567    0.992168   1.000000
   284.36592    0.988606   1.000000
   284.38733    0.999865   1.000000
   284.40891    0.992859   1.000000
   284.43142    0.990739   1.000000
   284.45334    0.999045   1.000000
   284.47484    0.996119   1.000000
   284.49684    0.994592   1.000000
   284.51867    0.992512   1.000000
   284.54033    0.994955   1.000000
   284.56175    0.988924   1.000000
   284.58359    0.988379   1.000000
   284.60550    0.993269   1.000000
   284.62700    0.997475   1.000000
   284.64883    0.990324   1.000000
   284.67066    0.996895   1.000000
   284.69267    0.989843   1.000000
   284.71416    0.996973   1.000000
   284.73575    0.992132   1.000000
   284.75708    0.982275   1.000000
   284.77866    0.984903   1.000000
   284.80025    0.991398   1.000000
   284.82216    0.984997   1.000000
   284.84366    0.990661   1.000000
   284.86549    0.992742   1.000000
   284.88734    0.991094   1.000000
   284.90891    1.000416   1.000000
   284.93050    0.998225   1.000000
   284.95199    0.989597   1.000000
   284.97384    0.990700   1.000000
   284.99567    0.991204   1.000000
   285.01726    0.992372   1.000000
   285.03909    0.991615   1.000000
   285.06083    0.991327   1.000000
   285.08250    0.993684   1.000000
   285.10400    0.996290   1.000000
   285.12567    0.981395   1.000000
   285.14717    0.987013   1.000000
   285.16909    0.998754   1.000000
   285.19092    0.991190   1.000000
   285.21275    0.989491   1.000000
   285.23467    0.984411   1.000000
   285.25658    0.990260   1.000000
   285.27841    0.982667   1.000000
   285.30024    0.988817   1.000000
   285.32192    0.990315   1.000000
   285.34350    0.991237   1.000000
   285.36491    0.990307   1.000000
   285.38666    0.986612   1.000000
   285.40817    0.988487   1.000000
   285.43016    0.988626   1.000000
   285.45267    0.992254   1.000000
   285.47417    0.993126   1.000000
   285.49558    0.994658   1.000000
   285.51767    0.989336   1.000000
   285.53908    0.989473   1.000000
   285.56117    0.992066   1.000000
   285.58283    0.992271   1.000000
   285.60483    0.995322   1.000000
   285.62525    0.992662   1.000000
   285.64717    0.998743   1.000000
   285.66867    0.988012   1.000000
   285.69050    0.992380   1.000000
   285.71233    0.992077   1.000000
   285.73433    0.987036   1.000000
   285.75616    0.993655   1.000000
   285.77766    0.995989   1.000000
   285.79925    0.998927   1.000000
   285.82066    0.986360   1.000000
   285.84225    0.993386   1.000000
   285.86366    0.992245   1.000000
   285.88533    0.991818   1.000000
   285.90716    0.997587   1.000000
   285.92901    0.992811   1.000000
   285.95058    0.987504   1.000000
   285.97249    0.994516   1.000000
   285.99408    0.997384   1.000000
   286.01450    1.002825   1.000000
   286.03624    0.991267   1.000000
   286.05816    0.997411   1.000000
   286.07975    0.992725   1.000000
   286.10158    0.990459   1.000000
   286.12351    0.992819   1.000000
   286.14534    0.982039   1.000000
   286.16651    0.980552   1.000000
   286.18849    0.988455   1.000000
   286.20999    0.993998   1.000000
   286.23184    0.998746   1.000000
   286.25383    0.989357   1.000000
   286.27559    0.993738   1.000000
   286.29742    0.990393   1.000000
   286.31933    0.992826   1.000000
   286.34116    0.983804   1.000000
   286.36308    0.996306   1.000000
   286.38491    0.988668   1.000000
   286.40683    0.994688   1.000000
   286.42841    0.987718   1.000000
   286.44984    0.994108   1.000000
   286.47266    0.993775   1.000000
   286.49416    1.001970   1.000000
   286.51584    0.999618   1.000000
   286.53725    0.999656   1.000000
   286.55901    0.994148   1.000000
   286.58084    0.992831   1.000000
   286.60284    0.999141   1.000000
   286.62467    0.989082   1.000000
   286.64641    0.992711   1.000000
   286.66824    0.986794   1.000000
   286.68992    0.990150   1.000000
   286.71175    0.997124   1.000000
   286.73358    0.994142   1.000000
   286.75483    0.993675   1.000000
   286.77650    1.002416   1.000000
   286.79833    0.998252   1.000000
   286.82008    0.983959   1.000000
   286.84184    0.989903   1.000000
   286.86349    0.986162   1.000000
   286.88517    0.983081   1.000000
   286.90708    0.987624   1.000000
   286.92891    1.002760   1.000000
   286.95041    0.991820   1.000000
   286.97191    0.995623   1.000000
   286.99392    0.993946   1.000000
   287.01500    0.987731   1.000000
   287.03676    0.991607   1.000000
   287.05859    1.000236   1.000000
   287.08033    0.997467   1.000000
   287.10242    0.993525   1.000000
   287.12416    0.991035   1.000000
   287.14584    0.992772   1.000000
   287.16725    0.989578   1.000000
   287.18883    0.989363   1.000000
   287.21033    0.990626   1.000000
   287.23183    0.985863   1.000000
   287.25342    0.985890   1.000000
   287.27483    0.990072   1.000000
   287.29642    0.988548   1.000000
   287.31833    0.988053   1.000000
   287.34034    0.993846   1.000000
   287.36217    0.991806   1.000000
   287.38375    0.989615   1.000000
   287.40534    0.984606   1.000000
   287.42700    0.990507   1.000000
   287.44884    0.992604   1.000000
   287.47050    0.994223   1.000000
   287.49301    0.993937   1.000000
   287.51492    0.995281   1.000000
   287.53633    0.996476   1.000000
   287.55816    0.987911   1.000000
   287.58025    0.993873   1.000000
   287.60200    0.997099   1.000000
   287.62350    0.995164   1.000000
   287.64533    0.989957   1.000000
   287.66592    0.992239   1.000000
   287.68775    0.991650   1.000000
   287.70949    0.991603   1.000000
   287.73158    0.992587   1.000000
   287.75333    0.986437   1.000000
   287.77476    0.991115   1.000000
   287.79625    0.991112   1.000000
   287.81784    0.987327   1.000000
   287.83958    0.992187   1.000000
   287.86167    0.992102   1.000000
   287.88309    0.996496   1.000000
   287.90459    0.997041   1.000000
   287.92608    0.994832   1.000000
   287.94809    1.000713   1.000000
   287.97001    1.001110   1.000000
   287.99142    0.987494   1.000000
   288.01309    1.005296   1.000000
   288.03466    0.985588   1.000000
   288.05616    0.990496   1.000000
   288.07767    1.001531   1.000000
   288.09950    0.992286   1.000000
   288.12142    0.989151   1.000000
   288.14325    0.992719   1.000000
   288.16517    0.997500   1.000000
   288.18700    0.987519   1.000000
   288.20900    0.985703   1.000000
   288.23075    0.994715   1.000000
   288.25200    0.989633   1.000000
   288.27367    0.989462   1.000000
   288.29550    0.991918   1.000000
   288.31725    0.982278   1.000000
   288.33908    0.990647   1.000000
   288.36042    0.992229   1.000000
   288.38216    0.990155   1.000000
   288.40401    0.994767   1.000000
   288.42600    0.991884   1.000000
   288.44784    0.984066   1.000000
   288.46824    0.984716   1.000000
   288.49016    0.989249   1.000000
   288.51309    0.991649   1.000000
   288.53483    0.992108   1.000000
   288.55666    0.991047   1.000000
   288.57866    0.986792   1.000000
   288.60058    0.995201   1.000000
   288.62217    0.990458   1.000000
   288.64267    0.991860   1.000000
   288.66450    0.986307   1.000000
   288.68600    0.990955   1.000000
   288.70783    0.993592   1.000000
   288.72975    0.992995   1.000000
   288.75158    0.985048   1.000000
   288.77367    0.995158   1.000000
   288.79550    0.987608   1.000000
   288.81724    0.995161   1.000000
   288.83909    0.993336   1.000000
   288.86100    0.987824   1.000000
   288.88258    0.995271   1.000000
   288.90442    0.997031   1.000000
   288.92608    0.988748   1.000000
   288.94784    1.000737   1.000000
   288.96967    0.989019   1.000000
   288.99117    0.997397   1.000000
   289.01167    0.998826   1.000000
   289.03317    0.989871   1.000000
   289.05516    0.987813   1.000000
   289.07701    0.998717   1.000000
   289.09883    0.986827   1.000000
   289.12067    0.995327   1.000000
   289.14234    0.994485   1.000000
   289.16384    0.992300   1.000000
   289.18575    1.001826   1.000000
   289.20758    0.992081   1.000000
   289.22917    0.992059   1.000000
   289.25109    0.984704   1.000000
   289.27250    0.991015   1.000000
   289.29334    0.989799   1.000000
   289.31517    0.991764   1.000000
   289.33667    0.987430   1.000000
   289.35816    0.995431   1.000000
   289.37975    0.996181   1.000000
   289.40134    0.992756   1.000000
   289.42325    0.993904   1.000000
   289.44508    0.985296   1.000000
   289.46691    0.990750   1.000000
   289.48859    0.993157   1.000000
   289.51033    0.984295   1.000000
   289.53317    0.993577   1.000000
   289.55484    1.003160   1.000000
   289.57634    0.986974   1.000000
   289.59826    0.997973   1.000000
   289.61967    0.996850   1.000000
   289.64092    0.989621   1.000000
   289.66275    0.989522   1.000000
   289.68441    0.994330   1.000000
   289.70617    0.988678   1.000000
   289.72800    1.006299   1.000000
   289.74983    0.996026   1.000000
   289.77183    0.989350   1.000000
   289.79366    0.995192   1.000000
   289.81567    1.001741   1.000000
   289.83809    0.996547   1.000000
   289.86000    1.004290   1.000000
   289.88199    0.994183   1.000000
   289.90342    0.989278   1.000000
   289.92501    0.991218   1.000000
   289.94642    0.999826   1.000000
   289.96783    0.993991   1.000000
   289.98992    0.990368   1.000000
   290.01175    0.990551   1.000000
   290.03316    0.993283   1.000000
   290.05525    0.992827   1.000000
   290.07700    0.992902   1.000000
   290.09850    1.001485   1.000000
   290.12000    0.996932   1.000000
   290.14150    0.994788   1.000000
   290.16359    1.001214   1.000000
   290.18533    0.991284   1.000000
   290.20683    0.998142   1.000000
   290.22867    1.005585   1.000000
   290.25024    0.993534   1.000000
   290.27200    1.003517   1.000000
   290.29366    0.997674   1.000000
   290.31551    0.988616   1.000000
   290.33675    0.992539   1.000000
   290.35859    0.992143   1.000000
   290.38016    0.993301   1.000000
   290.40159    0.998409   1.000000
   290.42283    0.991060   1.000000
   290.44483    0.994240   1.000000
   290.46650    0.995588   1.000000
   290.48908    0.994750   1.000000
   290.51034    0.992797   1.000000
   290.53208    0.996069   1.000000
   290.55475    0.990891   1.000000
   290.57658    0.988142   1.000000
   290.59867    1.000353   1.000000
   290.62008    0.990590   1.000000
   290.64151    0.989886   1.000000
   290.66316    0.991108   1.000000
   290.68500    0.991910   1.000000
   290.70700    0.995776   1.000000
   290.72850    0.991924   1.000000
   290.75809    0.993109   1.000000
   290.78258    0.988040   1.000000
   290.80433    0.990201   1.000000
   290.82600    0.994690   1.000000
   290.84750    0.990481   1.000000
   290.86908    0.984356   1.000000
   290.89067    0.993663   1.000000
   290.91217    0.995090   1.000000
   290.93358    0.992118   1.000000
   290.95517    0.991595   1.000000
   290.97634    0.990153   1.000000
   290.99750    0.991712   1.000000
   291.01850    0.990495   1.000000
   291.04017    0.993010   1.000000
   291.06167    0.992768   1.000000
   291.08300    0.994481   1.000000
   291.10392    0.991210   1.000000
   291.12558    0.992714   1.000000
   291.14767    0.993251   1.000000
   291.16934    0.990528   1.000000
   291.19091    0.994336   1.000000
   291.21250    1.003135   1.000000
   291.23375    0.995473   1.000000
   291.25525    0.987902   1.000000
   291.27699    0.994062   1.000000
   291.29867    0.985507   1.000000
   291.31983    0.991444   1.000000
   291.34142    0.985688   1.000000
   291.36267    0.993172   1.000000
   291.38433    0.990666   1.000000
   291.40600    0.995024   1.000000
   291.42724    1.002193   1.000000
   291.44850    0.998590   1.000000
   291.47000    0.993696   1.000000
   291.49116    0.992280   1.000000
   291.51275    0.999832   1.000000
   291.53442    0.991497   0.999999
   291.55583    0.995045   0.999999
   291.57817    0.994217   0.999998
   291.59967    1.001663   0.999998
   291.62058    0.993625   0.999997
   291.64225    0.996939   0.999996
   291.66309    0.991465   0.999995
   291.68467    0.991765   0.999993
   291.70617    0.995516   0.999992
   291.72750    0.995745   0.999990
   291.74900    0.996231   0.999988
   291.77058    0.997312   0.999985
   291.79225    0.996156   0.999983
   291.81384    0.993098   0.999979
   291.83517    1.000759   0.999976
   291.85684    1.000932   0.999972
   291.87842    0.995120   0.999968
   291.89984    0.990377   0.999964
   291.92149    1.001426   0.999958
   291.94299    0.993406   0.999953
   291.96416    0.999467   0.999947
   291.98583    0.996812   0.999941
   292.00758    0.996518   0.999934
   292.02900    0.995207   0.999926
   292.05066    0.999610   0.999918
   292.07150    0.995617   0.999910
   292.09284    0.997239   0.999901
   292.11417    0.994398   0.999891
   292.13492    0.995498   0.999881
   292.15659    0.996870   0.999870
   292.17767    0.998327   0.999858
   292.19900    0.992509   0.999846
   292.22050    0.985823   0.999833
   292.24184    0.998027   0.999819
   292.26358    0.996150   0.999804
   292.28466    1.012737   0.999789
   292.30616    0.998451   0.999773
   292.32783    1.001747   0.999756
   292.34916    0.996004   0.999738
   292.37033    0.992331   0.999720
   292.39191    0.995864   0.999700
   292.41308    0.994468   0.999680
   292.43467    0.999583   0.999658
   292.45625    0.997139   0.999636
   292.47784    1.001578   0.999612
   292.49901    1.000996   0.999588
   292.52058    0.993602   0.999563
   292.54225    0.992929   0.999536
   292.56366    0.993505   0.999509
   292.58633    0.999990   0.999479
   292.60758    0.993223   0.999450
   292.62892    0.999158   0.999419
   292.65042    0.988453   0.999387
   292.67192    0.989758   0.999354
   292.69349    1.000967   0.999320
   292.71516    0.994755   0.999284
   292.73675    1.002186   0.999247
   292.75801    0.997115   0.999210
   292.77942    0.998306   0.999171
   292.80109    1.001094   0.999130
   292.82250    1.006447   0.999088
   292.84409    0.995748   0.999045
   292.86583    0.991992   0.999000
   292.88683    0.992138   0.998955
   292.90916    1.002553   0.998906
   292.93066    1.001542   0.998857
   292.95242    0.998072   0.998807
   292.97400    1.000501   0.998755
   292.99550    0.990228   0.998702
   293.01667    0.988347   0.998648
   293.03817    0.994077   0.998592
   293.05967    0.995119   0.998535
   293.08117    1.003055   0.998476
   293.10283    0.999531   0.998415
   293.12425    0.989511   0.998353
   293.14742    0.997188   0.998284
   293.17183    1.004885   0.998209
   293.19325    1.000383   0.998142
   293.21450    1.005993   0.998073
   293.23617    0.991806   0.998002
   293.25809    0.992087   0.997928
   293.27975    0.997951   0.997853
   293.30117    0.988545   0.997777
   293.32283    0.996302   0.997699
   293.34433    0.992191   0.997619
   293.36591    0.994222   0.997537
   293.38726    0.999279   0.997455
   293.40876    1.001882   0.997370
   293.43025    0.997888   0.997282
   293.45167    0.992940   0.997194
   293.47350    1.000932   0.997102
   293.49541    0.992272   0.997007
   293.51542    0.994209   0.996919
   293.54316    0.993004   0.996794
   293.56383    0.999178   0.996699
   293.58392    0.996299   0.996604
   293.60601    0.998264   0.996498
   293.62683    0.992788   0.996397
   293.64784    0.988725   0.996292
   293.66916    1.007025   0.996184
   293.69033    0.998957   0.996074
   293.71150    1.005658   0.995963
   293.73258    1.000722   0.995850
   293.75384    0.997211   0.995734
   293.77483    0.991153   0.995617
   293.79650    0.991121   0.995494
   293.81767    0.983636   0.995372
   293.83834    0.988015   0.995251
   293.85891    0.992237   0.995128
   293.88033    0.989390   0.994998
   293.90134    0.988438   0.994869
   293.92266    1.000276   0.994735
   293.94416    0.991113   0.994598
   293.96517    0.985163   0.994461
   293.98617    0.986420   0.994323
   294.00716    0.990144   0.994182
   294.02817    0.991556   0.994039
   294.04925    0.989946   0.993893
   294.07033    0.994915   0.993745
   294.09150    0.988445   0.993594
   294.11267    0.991789   0.993440
   294.13267    0.991674   0.993293
   294.15367    0.989454   0.993136
   294.17484    0.990336   0.992976
   294.19583    0.992387   0.992814
   294.21691    0.988178   0.992649
   294.23834    0.993136   0.992479
   294.25933    0.988760   0.992310
   294.27975    0.989703   0.992144
   294.30066    0.993953   0.991971
   294.32200    0.983226   0.991791
   294.34275    0.982810   0.991615
   294.36384    0.987405   0.991433
   294.38450    0.988588   0.991252
   294.40584    0.995224   0.991062
   294.42617    0.989331   0.990880
   294.44809    0.984314   0.990680
   294.46917    0.996783   0.990485
   294.49034    0.997482   0.990286
   294.51175    0.991482   0.990083
   294.53283    0.997263   0.989880
   294.55391    0.992577   0.989675
   294.57526    0.985317   0.989464
   294.59583    0.982316   0.989258
   294.61799    0.981004   0.989034
   294.63883    0.988070   0.988820
   294.66017    0.987351   0.988598
   294.68125    0.985204   0.988376
   294.70208    0.980505   0.988154
   294.72350    0.984810   0.987923
   294.74483    0.987543   0.987691
   294.76567    0.983842   0.987460
   294.78699    0.989717   0.987222
   294.80759    0.983889   0.986989
   294.82900    0.985178   0.986744
   294.85025    0.978346   0.986497
   294.87125    0.986395   0.986251
   294.89283    0.988492   0.985995
   294.91358    0.991165   0.985746
   294.93484    0.987684   0.985488
   294.95566    0.984069   0.985233
   294.97683    0.985244   0.984970
   294.99784    0.975094   0.984706
   295.01875    0.985265   0.984441
   295.03992    0.980990   0.984170
   295.06117    0.976835   0.983894
   295.08234    0.974669   0.983616
   295.10342    0.988478   0.983337
   295.12426    0.978511   0.983058
   295.14534    0.984663   0.982773
   295.16642    0.974361   0.982484
   295.18767    0.980029   0.982190
   295.20766    0.979007   0.981911
   295.22867    0.983193   0.981615
   295.24984    0.971954   0.981313
   295.27066    0.979436   0.981014
   295.29192    0.981134   0.980704
   295.31267    0.969949   0.980400
   295.33350    0.976496   0.980091
   295.36101    0.978138   0.979678
   295.38300    0.974703   0.979344
   295.40475    0.977306   0.979011
   295.42608    0.972638   0.978680
   295.44751    0.974824   0.978345
   295.46892    0.966140   0.978007
   295.49042    0.972197   0.977665
   295.51167    0.975134   0.977322
   295.53317    0.978363   0.976973
   295.55459    0.979470   0.976622
   295.57617    0.976836   0.976264
   295.59792    0.971932   0.975901
   295.61950    0.979441   0.975537
   295.64067    0.971368   0.975176
   295.66233    0.970736   0.974804
   295.68400    0.972302   0.974428
   295.70550    0.967093   0.974052
   295.72684    0.966759   0.973675
   295.74850    0.964076   0.973289
   295.77008    0.964270   0.972901
   295.79100    0.971249   0.972521
   295.81233    0.969563   0.972131
   295.83359    0.975292   0.971738
   295.85524    0.968393   0.971335
   295.87617    0.964539   0.970942
   295.89784    0.963727   0.970532
   295.91908    0.968554   0.970126
   295.94066    0.967084   0.969710
   295.96225    0.970654   0.969291
   295.98359    0.970439   0.968873
   296.00483    0.964648   0.968453
   296.02659    0.965601   0.968020
   296.04809    0.965801   0.967588
   296.06967    0.962524   0.967151
   296.09100    0.965791   0.966716
   296.11225    0.975623   0.966278
   296.13391    0.969561   0.965829
   296.15534    0.958004   0.965381
   296.17658    0.961199   0.964933
   296.19750    0.965123   0.964489
   296.21909    0.966551   0.964027
   296.24041    0.958786   0.963567
   296.26200    0.960380   0.963098
   296.28359    0.957598   0.962625
   296.30517    0.958043   0.962149
   296.32667    0.966950   0.961670
   296.34742    0.956358   0.961205
   296.36908    0.956872   0.960716
   296.39051    0.955627   0.960229
   296.41216    0.959367   0.959733
   296.43350    0.957632   0.959240
   296.45516    0.960174   0.958737
   296.47666    0.967035   0.958233
   296.49825    0.958954   0.957724
   296.51983    0.959333   0.957211
   296.54133    0.953438   0.956696
   296.56292    0.950841   0.956175
   296.58442    0.958203   0.955653
   296.60525    0.958488   0.955144
   296.62651    0.951229   0.954621
   296.64808    0.959071   0.954086
   296.66966    0.942650   0.953547
   296.69092    0.950560   0.953013
   296.71217    0.948007   0.952475
   296.73350    0.946931   0.951932
   296.75524    0.947019   0.951374
   296.77634    0.946367   0.950830
   296.79791    0.947265   0.950269
   296.81950    0.942187   0.949704
   296.84092    0.945297   0.949140
   296.86216    0.953545   0.948577
   296.88309    0.946971   0.948018
   296.90474    0.947771   0.947437
   296.92600    0.950066   0.946863
   296.94750    0.949308   0.946278
   296.96917    0.939802   0.945685
   296.99083    0.944851   0.945088
   297.01233    0.934938   0.944492
   297.03400    0.936826   0.943887
   297.05550    0.936373   0.943284
   297.07667    0.940682   0.942686
   297.09808    0.940396   0.942078
   297.11933    0.945599   0.941470
   297.14092    0.936381   0.940849
   297.16233    0.935709   0.940229
   297.18400    0.931659   0.939599
   297.20550    0.938845   0.938969
   297.22683    0.934288   0.938341
   297.24833    0.939452   0.937704
   297.26934    0.939804   0.937077
   297.29051    0.930191   0.936443
   297.31225    0.936196   0.935787
   297.33309    0.930900   0.935155
   297.35459    0.937014   0.934500
   297.37567    0.938626   0.933853
   297.39717    0.929463   0.933190
   297.41851    0.932244   0.932528
   297.43975    0.933048   0.931866
   297.46151    0.929454   0.931183
   297.48233    0.921082   0.930527
   297.50400    0.926131   0.929840
   297.52567    0.934017   0.929149
   297.54691    0.922710   0.928468
   297.56850    0.936094   0.927772
   297.59017    0.920480   0.927070
   297.61176    0.926024   0.926367
   297.63308    0.921827   0.925668
   297.65475    0.924841   0.924955
   297.67599    0.925497   0.924252
   297.69751    0.921489   0.923536
   297.71934    0.921333   0.922806
   297.74084    0.929270   0.922083
   297.76225    0.924764   0.921360
   297.78399    0.914131   0.920621
   297.80533    0.919765   0.919893
   297.82701    0.913927   0.919149
   297.84851    0.922466   0.918408
   297.86983    0.916787   0.917669
   297.89133    0.919123   0.916920
   297.91267    0.911333   0.916174
   297.93433    0.925527   0.915412
   297.95583    0.915027   0.914653
   297.97741    0.910478   0.913886
   297.99876    0.914342   0.913125
   298.01999    0.913137   0.912363
   298.04149    0.908038   0.911589
   298.06317    0.913116   0.910805
   298.08484    0.909095   0.910017
   298.10616    0.914625   0.909238
   298.12742    0.912178   0.908458
   298.14901    0.917841   0.907663
   298.17017    0.905552   0.906879
   298.19150    0.911077   0.906086
   298.21309    0.907516   0.905279
   298.23467    0.914626   0.904469
   298.25617    0.911521   0.903659
   298.27783    0.897999   0.902838
   298.29925    0.912745   0.902024
   298.32084    0.899788   0.901199
   298.34225    0.899974   0.900377
   298.36384    0.899776   0.899546
   298.38534    0.902067   0.898714
   298.40700    0.899004   0.897872
   298.42834    0.900251   0.897039
   298.44950    0.900885   0.896210
   298.47109    0.897768   0.895360
   298.49275    0.889658   0.894504
   298.51433    0.898157   0.893648
   298.53600    0.901282   0.892784
   298.55750    0.890941   0.891924
   298.57892    0.893190   0.891064
   298.60066    0.895512   0.890187
   298.62966    0.892709   0.889011
   298.66333    0.894352   0.887639
   298.68934    0.892032   0.886573
   298.71933    0.891267   0.885338
   298.74858    0.891796   0.884127
   298.77142    0.890221   0.883176
   298.79316    0.884127   0.882268
   298.81500    0.891597   0.881352
   298.83666    0.886125   0.880441
   298.85750    0.892973   0.879561
   298.87891    0.894347   0.878653
   298.90025    0.882474   0.877745
   298.92151    0.882106   0.876837
   298.94325    0.882703   0.875905
   298.96492    0.873312   0.874973
   298.98649    0.872985   0.874042
   299.00784    0.883433   0.873118
   299.02942    0.880868   0.872179
   299.05108    0.877713   0.871234
   299.07284    0.873261   0.870282
   299.09434    0.871656   0.869337
   299.11584    0.867032   0.868389
   299.13733    0.875366   0.867438
   299.15901    0.864729   0.866477
   299.18051    0.871615   0.865519
   299.20200    0.864928   0.864559
   299.22366    0.869335   0.863588
   299.24500    0.873143   0.862628
   299.26683    0.875419   0.861643
   299.28851    0.867793   0.860662
   299.31000    0.861067   0.859685
   299.33358    0.858413   0.858611
   299.35549    0.865284   0.857609
   299.37699    0.856840   0.856623
   299.39867    0.861563   0.855626
   299.41983    0.864445   0.854649
   299.44300    0.858947   0.853576
   299.46617    0.860621   0.852500
   299.49034    0.854665   0.851374
   299.51784    0.853499   0.850087
   299.53884    0.856401   0.849102
   299.56150    0.851385   0.848035
   299.58300    0.849949   0.847021
   299.60474    0.849836   0.845991
   299.62617    0.851193   0.844974
   299.64792    0.855080   0.843938
   299.67058    0.846801   0.842856
   299.69225    0.850585   0.841818
   299.71384    0.854754   0.840781
   299.73541    0.840504   0.839743
   299.75684    0.845784   0.838708
   299.77816    0.842386   0.837676
   299.79966    0.840319   0.836632
   299.82109    0.842667   0.835589
   299.84250    0.841973   0.834544
   299.86367    0.830222   0.833508
   299.88533    0.831577   0.832446
   299.90700    0.836047   0.831380
   299.92817    0.839495   0.830337
   299.94967    0.846623   0.829274
   299.97099    0.837540   0.828217
   299.99275    0.838248   0.827136
   300.01401    0.829409   0.826078
   300.03575    0.833611   0.824993
   300.05734    0.839514   0.823913
   300.07850    0.827877   0.822851
   300.09974    0.832437   0.821784
   300.12142    0.831452   0.820692
   300.14276    0.830028   0.819614
   300.16433    0.831675   0.818522
   300.18600    0.821820   0.817423
   300.20759    0.827655   0.816325
   300.22849    0.825378   0.815259
   300.25025    0.819398   0.814148
   300.27184    0.817738   0.813044
   300.29316    0.816826   0.811950
   300.31433    0.815499   0.810862
   300.33575    0.823376   0.809759
   300.35700    0.814212   0.808662
   300.37817    0.811356   0.807567
   300.39949    0.816427   0.806462
   300.42108    0.820983   0.805341
   300.44233    0.814647   0.804235
   300.46366    0.818338   0.803123
   300.48500    0.811048   0.802009
   300.50626    0.807770   0.800897
   300.52767    0.807809   0.799774
   300.54884    0.802801   0.798662
   300.57058    0.796996   0.797518
   300.59225    0.800691   0.796375
   300.61384    0.801636   0.795235
   300.63542    0.797379   0.794093
   300.65700    0.797037   0.792949
   300.67975    0.802957   0.791741
   300.70116    0.799023   0.790602
   300.72250    0.800668   0.789465
   300.74409    0.801977   0.788313
   300.76550    0.794374   0.787168
   300.78700    0.794515   0.786017
   300.80834    0.795533   0.784872
   300.82975    0.792381   0.783722
   300.85108    0.790158   0.782575
   300.87251    0.790614   0.781420
   300.89416    0.786779   0.780251
   300.91566    0.776668   0.779089
   300.93716    0.791282   0.777925
   300.95850    0.792548   0.776768
   300.98016    0.780730   0.775593
   301.00133    0.784904   0.774442
   301.02234    0.779636   0.773298
   301.04366    0.775994   0.772136
   301.06492    0.775534   0.770976
   301.08617    0.778026   0.769814
   301.10750    0.774387   0.768647
   301.12900    0.777098   0.767470
   301.15025    0.783008   0.766304
   301.17191    0.772605   0.765114
   301.19334    0.778106   0.763936
   301.21492    0.773530   0.762747
   301.23649    0.768754   0.761558
   301.25799    0.779747   0.760372
   301.27942    0.772220   0.759188
   301.30066    0.775397   0.758014
   301.32200    0.776300   0.756832
   301.34333    0.773504   0.755651
   301.36458    0.770824   0.754472
   301.38625    0.769420   0.753268
   301.40749    0.770774   0.752088
   301.42842    0.768328   0.750924
   301.44983    0.760359   0.749731
   301.47084    0.755978   0.748560
   301.49208    0.753484   0.747376
   301.51384    0.750298   0.746161
   301.53534    0.751202   0.744960
   301.55700    0.759651   0.743748
   301.57816    0.762761   0.742564
   301.59933    0.756897   0.741378
   301.62109    0.740823   0.740159
   301.64184    0.746232   0.738995
   301.66334    0.751701   0.737788
   301.68600    0.744787   0.736515
   301.70733    0.743932   0.735317
   301.72892    0.736446   0.734103
   301.75017    0.740909   0.732907
   301.77192    0.739820   0.731683
   301.79284    0.738286   0.730504
   301.81450    0.738475   0.729284
   301.83575    0.733782   0.728085
   301.85734    0.747303   0.726868
   301.87767    0.737588   0.725720
   301.89792    0.729130   0.724577
   301.91950    0.731051   0.723358
   301.94091    0.730801   0.722148
   301.96233    0.727654   0.720937
   301.98400    0.725340   0.719712
   302.00550    0.724579   0.718496
   302.02700    0.731232   0.717280
   302.04867    0.725981   0.716053
   302.07017    0.723588   0.714836
   302.09149    0.720357   0.713629
   302.11292    0.717672   0.712416
   302.13467    0.720173   0.711184
   302.15601    0.714927   0.709976
   302.17742    0.720387   0.708763
   302.19900    0.726606   0.707540
   302.22017    0.721099   0.706341
   302.24150    0.718225   0.705133
   302.26317    0.713256   0.703905
   302.28467    0.715846   0.702687
   302.30626    0.716362   0.701464
   302.32783    0.715938   0.700242
   302.34950    0.714418   0.699015
   302.37109    0.714284   0.697792
   302.39250    0.710529   0.696580
   302.41367    0.713193   0.695382
   302.43534    0.699916   0.694155
   302.45658    0.702181   0.692953
   302.47816    0.699880   0.691732
   302.49966    0.698537   0.690516
   302.52109    0.697192   0.689305
   302.54266    0.698102   0.688086
   302.56400    0.694380   0.686881
   302.58517    0.694175   0.685685
   302.60658    0.702871   0.684477
   302.62817    0.705174   0.683259
   302.64949    0.693116   0.682056
   302.67108    0.691607   0.680840
   302.69350    0.695351   0.679577
   302.71434    0.692509   0.678404
   302.73599    0.683244   0.677186
   302.75734    0.682776   0.675986
   302.77892    0.677274   0.674773
   302.80058    0.678932   0.673558
   302.82183    0.685229   0.672365
   302.84316    0.679114   0.671170
   302.86475    0.677904   0.669961
   302.88576    0.676270   0.668785
   302.90642    0.677179   0.667629
   302.92816    0.670261   0.666414
   302.94966    0.671652   0.665214
   302.97100    0.670263   0.664024
   302.99266    0.671916   0.662817
   303.01358    0.666329   0.661652
   303.03533    0.668148   0.660443
   303.05683    0.661670   0.659249
   303.07817    0.668803   0.658064
   303.09975    0.660382   0.656868
   303.12125    0.664141   0.655677
   303.14267    0.656097   0.654493
   303.16366    0.667981   0.653333
   303.18467    0.655687   0.652173
   303.20600    0.651438   0.650997
   303.22741    0.659290   0.649819
   303.24899    0.658732   0.648631
   303.26983    0.659210   0.647487
   303.29142    0.649123   0.646303
   303.31274    0.650230   0.645135
   303.33417    0.646729   0.643963
   303.35550    0.655583   0.642797
   303.37667    0.646241   0.641643
   303.39792    0.650941   0.640485
   303.41966    0.650674   0.639302
   303.44092    0.638614   0.638147
   303.46250    0.654917   0.636976
   303.48359    0.652089   0.635834
   303.50533    0.647168   0.634658
   303.52700    0.629537   0.633488
   303.54826    0.638707   0.632342
   303.56983    0.643677   0.631181
   303.59100    0.648869   0.630044
   303.61225    0.640531   0.628904
   303.63350    0.651001   0.627766
   303.65483    0.646320   0.626625
   303.67633    0.636068   0.625478
   303.69750    0.645312   0.624350
   303.71933    0.635213   0.623189
   303.74050    0.634936   0.622065
   303.76217    0.635376   0.620917
   303.78358    0.641481   0.619784
   303.80534    0.626022   0.618636
   303.82667    0.625821   0.617512
   303.84825    0.621313   0.616377
   303.87000    0.618738   0.615236
   303.89134    0.623341   0.614118
   303.91250    0.621877   0.613011
   303.93300    0.614093   0.611942
   303.95442    0.616089   0.610827
   303.97584    0.611156   0.609714
   303.99742    0.612140   0.608595
   304.01833    0.613255   0.607513
   304.03992    0.612203   0.606399
   304.06100    0.611493   0.605313
   304.08234    0.614043   0.604216
   304.10366    0.615048   0.603122
   304.12483    0.612998   0.602039
   304.14650    0.605029   0.600932
   304.16800    0.605539   0.599837
   304.18950    0.605168   0.598745
   304.21076    0.603600   0.597668
   304.23208    0.603327   0.596589
   304.25367    0.598498   0.595500
   304.27525    0.599388   0.594414
   304.29625    0.596002   0.593360
   304.31784    0.600576   0.592279
   304.33867    0.596971   0.591238
   304.36033    0.585837   0.590159
   304.38183    0.589152   0.589091
   304.40341    0.595032   0.588021
   304.42483    0.591027   0.586963
   304.44625    0.597859   0.585907
   304.46725    0.587984   0.584875
   304.48858    0.581444   0.583829
   304.51016    0.588862   0.582774
   304.53183    0.587328   0.581717
   304.55342    0.588149   0.580668
   304.57483    0.578718   0.579630
   304.59609    0.589422   0.578603
   304.61767    0.587668   0.577562
   304.63917    0.586465   0.576529
   304.66076    0.586266   0.575495
   304.68217    0.584861   0.574472
   304.70383    0.580570   0.573441
   304.72517    0.578270   0.572428
   304.74684    0.577364   0.571402
   304.76825    0.570629   0.570392
   304.78958    0.569819   0.569389
   304.81117    0.566214   0.568378
   304.83258    0.569820   0.567377
   304.85416    0.569883   0.566372
   304.87525    0.576814   0.565393
   304.89683    0.569112   0.564395
   304.91817    0.575992   0.563411
   304.93992    0.565584   0.562412
   304.96133    0.559580   0.561431
   304.98267    0.562241   0.560457
   305.00400    0.559091   0.559487
   305.02558    0.555903   0.558509
   305.04717    0.556255   0.557534
   305.06875    0.552580   0.556563
   305.09017    0.552480   0.555603
   305.11151    0.550636   0.554650
   305.13283    0.548971   0.553701
   305.15417    0.554138   0.552755
   305.17541    0.551806   0.551817
   305.19700    0.558483   0.550867
   305.21876    0.556840   0.549913
   305.24033    0.555331   0.548971
   305.26167    0.549627   0.548043
   305.28300    0.552657   0.547119
   305.30442    0.555415   0.546195
   305.32608    0.547595   0.545264
   305.34692    0.552007   0.544372
   305.36817    0.556513   0.543466
   305.38958    0.550585   0.542557
   305.41075    0.546384   0.541662
   305.43234    0.548340   0.540754
   305.45392    0.539136   0.539849
   305.47558    0.543676   0.538945
   305.49624    0.544055   0.538086
   305.51767    0.539526   0.537199
   305.53975    0.543604   0.536290
   305.57524    0.544302   0.534836
   305.60800    0.537955   0.533504
   305.64258    0.543299   0.532108
   305.66367    0.534147   0.531262
   305.68800    0.537812   0.530291
   305.72983    0.533066   0.528633
   305.75958    0.531292   0.527464
   305.78534    0.529632   0.526457
   305.80658    0.535181   0.525632
   305.82801    0.529151   0.524803
   305.84966    0.533937   0.523970
   305.87108    0.526626   0.523151
   305.89275    0.523084   0.522326
   305.91409    0.527425   0.521517
   305.93575    0.528207   0.520702
   305.95709    0.527439   0.519902
   305.97883    0.525738   0.519091
   306.00024    0.523236   0.518297
   306.02216    0.526654   0.517489
   306.04375    0.520003   0.516698
   306.06533    0.522462   0.515910
   306.08675    0.521205   0.515134
   306.10817    0.518751   0.514361
   306.12959    0.516228   0.513594
   306.15117    0.513433   0.512824
   306.17283    0.510744   0.512057
   306.19450    0.504462   0.511293
   306.21591    0.520012   0.510543
   306.23750    0.513441   0.509792
   306.25858    0.507466   0.509062
   306.28025    0.505160   0.508317
   306.30158    0.510557   0.507588
   306.32283    0.507072   0.506866
   306.34409    0.499679   0.506148
   306.36567    0.504057   0.505424
   306.38725    0.507244   0.504705
   306.40859    0.499345   0.503998
   306.43024    0.500862   0.503285
   306.45183    0.501287   0.502580
   306.47308    0.495381   0.501889
   306.49416    0.503952   0.501209
   306.51458    0.499222   0.500555
   306.53600    0.497635   0.499873
   306.55758    0.494521   0.499191
   306.57884    0.492654   0.498523
   306.60058    0.494175   0.497845
   306.62184    0.499419   0.497187
   306.64333    0.499964   0.496527
   306.66417    0.495658   0.495891
   306.68534    0.496410   0.495249
   306.70684    0.497553   0.494603
   306.72942    0.496329   0.493929
   306.75059    0.498337   0.493302
   306.77191    0.492840   0.492675
   306.79350    0.495154   0.492046
   306.81491    0.494030   0.491426
   306.83650    0.491991   0.490806
   306.85808    0.491803   0.490191
   306.87942    0.490210   0.489588
   306.90108    0.486693   0.488981
   306.92233    0.488451   0.488390
   306.94324    0.489880   0.487814
   306.96492    0.493110   0.487221
   306.98650    0.491727   0.486636
   307.00783    0.494277   0.486063
   307.02941    0.484213   0.485488
   307.05058    0.483485   0.484929
   307.07184    0.486575   0.484372
   307.09351    0.485428   0.483810
   307.11492    0.482165   0.483259
   307.13625    0.485176   0.482716
   307.15750    0.484169   0.482179
   307.17900    0.487217   0.481641
   307.20083    0.489226   0.481100
   307.22200    0.481805   0.480581
   307.24334    0.481093   0.480062
   307.26458    0.474399   0.479551
   307.28559    0.471922   0.479050
   307.30716    0.473342   0.478541
   307.32867    0.469093   0.478039
   307.35000    0.474049   0.477546
   307.37125    0.481559   0.477060
   307.39300    0.477251   0.476567
   307.41458    0.471136   0.476084
   307.43600    0.469611   0.475610
   307.45758    0.470933   0.475137
   307.47900    0.469287   0.474673
   307.50067    0.463925   0.474208
   307.52192    0.470575   0.473758
   307.54367    0.470733   0.473303
   307.56516    0.469352   0.472858
   307.58675    0.469395   0.472416
   307.60816    0.465642   0.471984
   307.62984    0.469314   0.471551
   307.65116    0.468514   0.471131
   307.67292    0.467635   0.470707
   307.69392    0.469024   0.470304
   307.71517    0.469576   0.469901
   307.73733    0.468135   0.469486
   307.75874    0.466874   0.469090
   307.78024    0.459767   0.468698
   307.80183    0.460750   0.468310
   307.82326    0.469040   0.467930
   307.84458    0.460245   0.467557
   307.86584    0.466354   0.467191
   307.88749    0.465539   0.466823
   307.90859    0.461973   0.466469
   307.93016    0.461372   0.466114
   307.95150    0.462385   0.465767
   307.97283    0.468527   0.465426
   307.99408    0.466037   0.465091
   308.01567    0.466920   0.464756
   308.03700    0.467189   0.464431
   308.05849    0.464260   0.464109
   308.08025    0.463279   0.463788
   308.10149    0.466970   0.463480
   308.12308    0.464502   0.463173
   308.14484    0.459373   0.462869
   308.16634    0.461158   0.462573
   308.18775    0.459143   0.462285
   308.20892    0.460065   0.462005
   308.23017    0.462080   0.461729
   308.25134    0.461236   0.461459
   308.27267    0.460011   0.461193
   308.29434    0.461430   0.460928
   308.31617    0.464699   0.460667
   308.33734    0.458379   0.460419
   308.35899    0.455564   0.460171
   308.38033    0.452678   0.459931
   308.40166    0.460937   0.459698
   308.42309    0.457574   0.459468
   308.44433    0.458077   0.459247
   308.46583    0.457151   0.459027
   308.48750    0.461873   0.458812
   308.50900    0.462533   0.458604
   308.53025    0.450045   0.458403
   308.55151    0.460478   0.458208
   308.57233    0.452504   0.458022
   308.59409    0.455584   0.457834
   308.61583    0.456661   0.457651
   308.63683    0.457454   0.457479
   308.65808    0.457619   0.457311
   308.67975    0.452553   0.457145
   308.70134    0.450634   0.456986
   308.72291    0.454117   0.456832
   308.74509    0.454877   0.456679
   308.76641    0.452805   0.456538
   308.78809    0.448505   0.456400
   308.80899    0.449759   0.456273
   308.83051    0.456431   0.456147
   308.85201    0.449620   0.456026
   308.87292    0.453205   0.455914
   308.89433    0.450331   0.455805
   308.91550    0.458728   0.455703
   308.93666    0.449624   0.455606
   308.95816    0.452925   0.455513
   308.97975    0.452190   0.455425
   309.00133    0.453705   0.455342
   309.02292    0.442407   0.455265
   309.04433    0.444201   0.455195
   309.06583    0.449214   0.455129
   309.08717    0.440950   0.455070
   309.10874    0.440234   0.455015
   309.13033    0.445136   0.454966
   309.15200    0.448353   0.454922
   309.17350    0.444535   0.454884
   309.19483    0.446109   0.454852
   309.21650    0.448555   0.454825
   309.23775    0.442754   0.454803
   309.25917    0.442646   0.454787
   309.28033    0.447086   0.454777
   309.30117    0.443805   0.454772
   309.32241    0.445144   0.454772
   309.34375    0.447086   0.454778
   309.36517    0.454706   0.454789
   309.38675    0.442884   0.454806
   309.40816    0.450052   0.454828
   309.43050    0.440958   0.454857
   309.45208    0.447830   0.454890
   309.47367    0.449910   0.454929
   309.49458    0.450337   0.454972
   309.51601    0.449384   0.455021
   309.53775    0.446782   0.455077
   309.55916    0.447973   0.455138
   309.58075    0.451296   0.455204
   309.60242    0.441693   0.455276
   309.62400    0.444133   0.455354
   309.64517    0.447407   0.455435
   309.66650    0.445685   0.455522
   309.68791    0.446344   0.455615
   309.70950    0.450104   0.455714
   309.73084    0.449733   0.455817
   309.75350    0.446952   0.455933
   309.77474    0.439267   0.456047
   309.79600    0.440862   0.456166
   309.81734    0.445492   0.456292
   309.83884    0.441246   0.456423
   309.86041    0.442931   0.456560
   309.88116    0.447645   0.456698
   309.90283    0.446086   0.456846
   309.92417    0.452693   0.456998
   309.94567    0.444700   0.457156
   309.96733    0.445534   0.457321
   309.98883    0.445737   0.457490
   310.01017    0.444516   0.457664
   310.03183    0.443987   0.457845
   310.05333    0.442898   0.458030
   310.07475    0.441250   0.458220
   310.09641    0.443036   0.458417
   310.11784    0.444231   0.458618
   310.13958    0.443158   0.458827
   310.16133    0.442080   0.459042
   310.18284    0.447228   0.459259
   310.20441    0.449808   0.459483
   310.22584    0.445051   0.459710
   310.24741    0.454019   0.459944
   310.26908    0.446941   0.460185
   310.29067    0.450335   0.460430
   310.31199    0.450223   0.460677
   310.33333    0.452949   0.460930
   310.35483    0.446919   0.461190
   310.37609    0.439557   0.461452
   310.39767    0.447420   0.461724
   310.41933    0.446448   0.462001
   310.44067    0.447196   0.462280
   310.46200    0.444778   0.462564
   310.48358    0.449611   0.462856
   310.50500    0.444431   0.463152
   310.52658    0.446084   0.463454
   310.54784    0.446585   0.463758
   310.56949    0.455614   0.464072
   310.59084    0.454939   0.464387
   310.61216    0.454226   0.464707
   310.63359    0.459978   0.465033
   310.65483    0.457894   0.465362
   310.67633    0.451178   0.465700
   310.69791    0.455043   0.466044
   310.71950    0.450315   0.466394
   310.74067    0.451766   0.466742
   310.76316    0.451474   0.467116
   310.78467    0.455376   0.467480
   310.80576    0.455957   0.467842
   310.82767    0.452395   0.468223
   310.84884    0.451956   0.468596
   310.86966    0.452760   0.468968
   310.89133    0.455378   0.469359
   310.91224    0.451165   0.469742
   310.93400    0.454126   0.470146
   310.95500    0.453850   0.470540
   310.97683    0.451161   0.470955
   310.99825    0.455001   0.471368
   311.01984    0.458975   0.471788
   311.04141    0.461771   0.472213
   311.06308    0.465931   0.472646
   311.08441    0.469823   0.473076
   311.10584    0.467829   0.473513
   311.12767    0.470513   0.473964
   311.15484    0.468922   0.474531
   311.17566    0.473248   0.474972
   311.19625    0.469182   0.475412
   311.21708    0.469124   0.475862
   311.23859    0.462793   0.476331
   311.25934    0.474209   0.476788
   311.28075    0.474551   0.477265
   311.30250    0.466842   0.477753
   311.32375    0.472116   0.478236
   311.34717    0.469911   0.478773
   311.36666    0.475813   0.479225
   311.38858    0.470802   0.479737
   311.40992    0.473868   0.480241
   311.43125    0.474820   0.480749
   311.45266    0.469270   0.481264
   311.47416    0.472866   0.481785
   311.49567    0.472372   0.482312
   311.51733    0.475661   0.482847
   311.53883    0.472814   0.483383
   311.56042    0.480919   0.483925
   311.58684    0.472598   0.484596
   311.61501    0.468266   0.485319
   311.63666    0.476741   0.485880
   311.65808    0.478409   0.486439
   311.67983    0.476745   0.487012
   311.70067    0.469824   0.487565
   311.72242    0.474886   0.488147
   311.74367    0.474498   0.488721
   311.76533    0.463975   0.489309
   311.78792    0.467947   0.489928
   311.80951    0.471048   0.490525
   311.83083    0.471907   0.491118
   311.85183    0.467918   0.491707
   311.87350    0.482810   0.492318
   311.89467    0.481470   0.492921
   311.91641    0.488228   0.493544
   311.93749    0.479329   0.494152
   311.95899    0.478673   0.494777
   311.98025    0.481722   0.495399
   312.00109    0.480041   0.496013
   312.02166    0.483408   0.496623
   312.04325    0.476014   0.497267
   312.06450    0.487991   0.497906
   312.08616    0.488452   0.498561
   312.10750    0.481267   0.499211
   312.12900    0.482693   0.499870
   312.15041    0.495559   0.500531
   312.17191    0.485947   0.501199
   312.19275    0.486271   0.501850
   312.21367    0.489946   0.502508
   312.23542    0.489860   0.503195
   312.25700    0.486315   0.503882
   312.27841    0.491070   0.504568
   312.29967    0.491799   0.505252
   312.32141    0.495239   0.505957
   312.34300    0.496558   0.506661
   312.36458    0.500319   0.507368
   312.38600    0.497238   0.508074
   312.40758    0.501171   0.508790
   312.42851    0.497100   0.509488
   312.44983    0.501055   0.510203
   312.47109    0.499115   0.510920
   312.49250    0.497052   0.511646
   312.51358    0.502674   0.512364
   312.53499    0.498960   0.513098
   312.55684    0.509175   0.513851
   312.57900    0.510982   0.514618
   312.60067    0.507106   0.515373
   312.62217    0.506675   0.516125
   312.64367    0.506168   0.516882
   312.66533    0.502962   0.517648
   312.68683    0.502636   0.518412
   312.70817    0.514224   0.519174
   312.72984    0.513084   0.519952
   312.75134    0.511752   0.520727
   312.77233    0.518374   0.521488
   312.79500    0.518081   0.522313
   312.81617    0.520815   0.523088
   312.83775    0.525801   0.523881
   312.85941    0.520329   0.524681
   312.88100    0.516777   0.525482
   312.90267    0.519285   0.526289
   312.92267    0.527158   0.527038
   312.94367    0.524119   0.527827
   312.96492    0.518426   0.528630
   312.98666    0.517698   0.529454
   313.00800    0.519977   0.530267
   313.02959    0.528366   0.531092
   313.05100    0.524308   0.531915
   313.07250    0.523168   0.532744
   313.09416    0.524780   0.533583
   313.11592    0.525695   0.534429
   313.13850    0.522977   0.535311
   313.15817    0.525585   0.536082
   313.18008    0.525654   0.536944
   313.20042    0.523628   0.537748
   313.22016    0.520790   0.538531
   313.24000    0.527785   0.539320
   313.25983    0.526283   0.540112
   313.27917    0.530495   0.540887
   313.29924    0.530164   0.541695
   313.31909    0.524674   0.542495
   313.33883    0.532211   0.543294
   313.35850    0.542596   0.544094
   313.37817    0.548510   0.544895
   313.39791    0.541828   0.545703
   313.41750    0.536055   0.546506
   313.43684    0.536409   0.547302
   313.45625    0.543392   0.548104
   313.47567    0.539848   0.548908
   313.49508    0.538468   0.549715
   313.51450    0.547475   0.550523
   313.53392    0.543150   0.551335
   313.55300    0.548796   0.552135
   313.57283    0.544238   0.552969
   313.59208    0.547427   0.553781
   313.61167    0.549354   0.554609
   313.63116    0.548502   0.555436
   313.65066    0.550972   0.556266
   313.67033    0.548076   0.557105
   313.69033    0.546687   0.557961
   313.70992    0.556405   0.558801
   313.73492    0.546215   0.559877
   313.75459    0.549156   0.560726
   313.77833    0.556468   0.561755
   313.80025    0.541572   0.562707
   313.82192    0.536482   0.563651
   313.84349    0.548815   0.564594
   313.86492    0.558087   0.565532
   313.88625    0.553398   0.566470
   313.90808    0.555556   0.567432
   313.92850    0.561601   0.568334
   313.94999    0.565200   0.569286
   313.97184    0.559767   0.570257
   313.99299    0.565996   0.571199
   314.01475    0.565200   0.572171
   314.03601    0.562636   0.573123
   314.05617    0.569939   0.574027
   314.07817    0.562867   0.575018
   314.09983    0.567386   0.575995
   314.12051    0.567773   0.576930
   314.14225    0.566691   0.577916
   314.16366    0.570683   0.578889
   314.18516    0.571119   0.579868
   314.20642    0.576561   0.580839
   314.22983    0.575749   0.581910
   314.25100    0.577209   0.582882
   314.27192    0.574310   0.583844
   314.29333    0.576310   0.584831
   314.31684    0.575588   0.585916
   314.33733    0.578845   0.586865
   314.35834    0.579347   0.587840
   314.37933    0.575634   0.588816
   314.40025    0.578439   0.589791
   314.42149    0.586120   0.590783
   314.44224    0.589460   0.591753
   314.46317    0.588463   0.592734
   314.48484    0.594557   0.593752
   314.50599    0.588624   0.594747
   314.52742    0.594895   0.595758
   314.54916    0.583049   0.596785
   314.57016    0.586157   0.597779
   314.59133    0.587936   0.598783
   314.61250    0.583349   0.599788
   314.63358    0.589794   0.600792
   314.65475    0.598599   0.601801
   314.67609    0.595251   0.602820
   314.69684    0.599330   0.603813
   314.71825    0.598708   0.604839
   314.73917    0.600466   0.605844
   314.75992    0.593197   0.606842
   314.78041    0.594905   0.607829
   314.80116    0.595323   0.608830
   314.82292    0.595439   0.609881
   314.84458    0.597563   0.610929
   314.86500    0.600745   0.611919
   314.88617    0.599315   0.612947
   314.90767    0.612187   0.613992
   314.92883    0.596504   0.615022
   314.95025    0.605942   0.616067
   314.97124    0.604226   0.617092
   314.99250    0.608330   0.618131
   315.01367    0.607517   0.619168
   315.04067    0.603661   0.620492
   315.06291    0.601835   0.621585
   315.08450    0.609572   0.622646
   315.10584    0.615429   0.623697
   315.12767    0.614561   0.624774
   315.14926    0.615734   0.625840
   315.17109    0.614159   0.626919
   315.19151    0.615454   0.627930
   315.21308    0.617282   0.628999
   315.23442    0.615125   0.630058
   315.25616    0.617567   0.631138
   315.27766    0.613191   0.632207
   315.29916    0.614598   0.633277
   315.32067    0.630034   0.634349
   315.34233    0.628840   0.635430
   315.36416    0.623754   0.636520
   315.38575    0.628212   0.637599
   315.40733    0.627955   0.638679
   315.42900    0.629621   0.639765
   315.45059    0.625948   0.640847
   315.47216    0.630580   0.641930
   315.49375    0.635257   0.643014
   315.51551    0.634958   0.644108
   315.53667    0.635559   0.645173
   315.55899    0.642317   0.646297
   315.58049    0.637366   0.647381
   315.60201    0.653558   0.648466
   315.62333    0.656404   0.649543
   315.64483    0.658644   0.650629
   315.66642    0.654095   0.651721
   315.68733    0.648585   0.652779
   315.70891    0.650905   0.653872
   315.73050    0.647010   0.654965
   315.75184    0.664355   0.656047
   315.77367    0.653564   0.657155
   315.79451    0.659523   0.658212
   315.81592    0.664023   0.659300
   315.83883    0.660157   0.660464
   315.86033    0.660492   0.661558
   315.88167    0.656771   0.662643
   315.90350    0.649281   0.663755
   315.92517    0.662736   0.664858
   315.94683    0.659205   0.665962
   315.96725    0.655925   0.667003
   315.98859    0.668334   0.668091
   316.00992    0.665628   0.669179
   316.03167    0.669248   0.670289
   316.05342    0.664375   0.671399
   316.07467    0.665730   0.672485
   316.09608    0.671924   0.673579
   316.11750    0.663644   0.674673
   316.13933    0.670343   0.675789
   316.16100    0.663568   0.676897
   316.18184    0.680201   0.677963
   316.20342    0.668081   0.679067
   316.22433    0.668036   0.680137
   316.24583    0.677000   0.681237
   316.26775    0.682014   0.682359
   316.28792    0.678912   0.683391
   316.30951    0.687656   0.684497
   316.33083    0.695356   0.685588
   316.35167    0.677957   0.686655
   316.37308    0.678156   0.687752
   316.39483    0.687660   0.688865
   316.41650    0.683055   0.689975
   316.43775    0.679405   0.691064
   316.45934    0.684206   0.692169
   316.48075    0.688985   0.693265
   316.50117    0.686573   0.694311
   316.52283    0.679966   0.695420
   316.54459    0.694268   0.696534
   316.56617    0.686958   0.697639
   316.58792    0.689043   0.698752
   316.60942    0.702358   0.699852
   316.63116    0.704027   0.700964
   316.65300    0.701408   0.702081
   316.67466    0.699480   0.703189
   316.69642    0.707202   0.704302
   316.71766    0.704363   0.705387
   316.73900    0.696499   0.706478
   316.76033    0.708312   0.707567
   316.78200    0.700637   0.708674
   316.80334    0.707921   0.709763
   316.82500    0.709881   0.710868
   316.84766    0.711788   0.712024
   316.86949    0.715275   0.713138
   316.89084    0.716831   0.714225
   316.91251    0.712301   0.715329
   316.93375    0.725118   0.716411
   316.95566    0.718055   0.717526
   316.97742    0.718802   0.718633
   316.99899    0.723948   0.719729
   317.02033    0.717264   0.720813
   317.04192    0.732796   0.721909
   317.06333    0.727768   0.722996
   317.08492    0.736096   0.724091
   317.10659    0.729039   0.725189
   317.12833    0.732922   0.726290
   317.14917    0.733639   0.727345
   317.17067    0.741741   0.728432
   317.19226    0.742616   0.729523
   317.21350    0.745096   0.730595
   317.23484    0.748489   0.731672
   317.25642    0.740746   0.732760
   317.27834    0.740448   0.733864
   317.29984    0.747943   0.734947
   317.32150    0.743787   0.736036
   317.34317    0.746234   0.737125
   317.36491    0.748119   0.738216
   317.38650    0.743000   0.739299
   317.40800    0.754773   0.740376
   317.42934    0.760990   0.741444
   317.45141    0.755219   0.742548
   317.47483    0.767212   0.743718
   317.49650    0.765945   0.744799
   317.51866    0.761791   0.745904
   317.54051    0.760014   0.746992
   317.56216    0.758662   0.748069
   317.58258    0.766522   0.749083
   317.60300    0.757493   0.750097
   317.62483    0.758848   0.751179
   317.64650    0.761579   0.752252
   317.66783    0.771145   0.753307
   317.68933    0.772619   0.754369
   317.71125    0.774171   0.755451
   317.73334    0.771561   0.756539
   317.75517    0.765804   0.757614
   317.77651    0.770427   0.758663
   317.79825    0.767864   0.759730
   317.81984    0.777507   0.760788
   317.84149    0.765473   0.761849
   317.86409    0.771998   0.762953
   317.88533    0.773658   0.763990
   317.90700    0.774889   0.765047
   317.92867    0.778952   0.766102
   317.95024    0.789608   0.767151
   317.97183    0.782541   0.768199
   317.99350    0.786011   0.769250
   318.01491    0.780656   0.770286
   318.03667    0.780992   0.771338
   318.05833    0.783603   0.772383
   318.07983    0.782528   0.773419
   318.10084    0.790166   0.774430
   318.12250    0.783128   0.775470
   318.14433    0.785758   0.776518
   318.16584    0.780816   0.777548
   318.18734    0.787324   0.778576
   318.20900    0.794709   0.779609
   318.23025    0.794190   0.780622
   318.25158    0.801495   0.781637
   318.27750    0.798681   0.782868
   318.29867    0.796658   0.783871
   318.32058    0.795503   0.784908
   318.34225    0.807008   0.785932
   318.36334    0.798325   0.786926
   318.38466    0.806525   0.787929
   318.40942    0.802231   0.789092
   318.43259    0.799882   0.790179
   318.45400    0.807517   0.791180
   318.47525    0.804364   0.792173
   318.49884    0.810737   0.793273
   318.52233    0.809671   0.794365
   318.54349    0.807870   0.795348
   318.56517    0.806978   0.796352
   318.58649    0.810781   0.797339
   318.60850    0.814510   0.798354
   318.63000    0.813739   0.799345
   318.65200    0.817999   0.800356
   318.67383    0.815472   0.801358
   318.69508    0.815151   0.802331
   318.71650    0.828598   0.803310
   318.73817    0.821215   0.804298
   318.75949    0.823988   0.805268
   318.78117    0.821622   0.806253
   318.80284    0.822789   0.807235
   318.82416    0.829567   0.808199
   318.84566    0.820135   0.809169
   318.86725    0.823376   0.810141
   318.88883    0.822573   0.811111
   318.91016    0.829048   0.812067
   318.93166    0.828406   0.813029
   318.95342    0.822022   0.814000
   318.97516    0.830410   0.814968
   318.99666    0.826261   0.815923
   319.01816    0.832853   0.816876
   319.03992    0.827498   0.817838
   319.06166    0.828722   0.818798
   319.08200    0.841345   0.819693
   319.10341    0.842924   0.820633
   319.12475    0.843916   0.821568
   319.14608    0.840009   0.822501
   319.16766    0.839252   0.823442
   319.18916    0.842570   0.824377
   319.21075    0.838773   0.825314
   319.23233    0.835909   0.826249
   319.25392    0.838291   0.827181
   319.27524    0.842254   0.828100
   319.29683    0.848203   0.829027
   319.31824    0.848455   0.829945
   319.34016    0.844939   0.830882
   319.36175    0.856349   0.831803
   319.38333    0.848587   0.832721
   319.40516    0.857834   0.833647
   319.42659    0.854947   0.834554
   319.44741    0.847169   0.835432
   319.46908    0.845411   0.836345
   319.49050    0.851556   0.837244
   319.51225    0.856312   0.838155
   319.53375    0.859063   0.839053
   319.55550    0.852752   0.839958
   319.57741    0.865134   0.840869
   319.59883    0.860434   0.841756
   319.62000    0.863131   0.842630
   319.64167    0.856034   0.843523
   319.66308    0.859077   0.844402
   319.68451    0.857307   0.845280
   319.70601    0.857401   0.846159
   319.72766    0.866877   0.847041
   319.74949    0.873013   0.847927
   319.77108    0.867772   0.848802
   319.79267    0.867270   0.849673
   319.81416    0.868032   0.850539
   319.83516    0.875366   0.851382
   319.85701    0.873736   0.852257
   319.87892    0.878642   0.853131
   319.90025    0.874760   0.853980
   319.92192    0.870389   0.854840
   319.94333    0.875846   0.855687
   319.96516    0.870415   0.856548
   319.98666    0.879309   0.857393
   320.00833    0.882027   0.858243
   320.02975    0.877651   0.859080
   320.05083    0.879228   0.859901
   320.07233    0.879317   0.860736
   320.09433    0.887290   0.861588
   320.11567    0.880898   0.862412
   320.13733    0.894201   0.863245
   320.15892    0.885461   0.864073
   320.18050    0.888773   0.864898
   320.20200    0.883022   0.865717
   320.22350    0.887979   0.866534
   320.24458    0.885293   0.867332
   320.26599    0.882599   0.868141
   320.28751    0.888009   0.868950
   320.30901    0.893305   0.869756
   320.32983    0.893755   0.870534
   320.35133    0.893339   0.871335
   320.37234    0.891495   0.872116
   320.39392    0.899124   0.872914
   320.41542    0.889511   0.873707
   320.43734    0.887396   0.874513
   320.45900    0.904528   0.875307
   320.48034    0.898536   0.876086
   320.50200    0.903741   0.876874
   320.52349    0.897191   0.877653
   320.54484    0.893864   0.878424
   320.56633    0.898241   0.879198
   320.58808    0.912439   0.879979
   320.60984    0.901101   0.880757
   320.63116    0.890715   0.881516
   320.65250    0.907351   0.882274
   320.67425    0.904630   0.883043
   320.69566    0.904077   0.883798
   320.71725    0.903433   0.884556
   320.73859    0.903212   0.885303
   320.76000    0.905058   0.886050
   320.78141    0.907934   0.886793
   320.80317    0.908765   0.887547
   320.82500    0.913256   0.888299
   320.84650    0.911777   0.889038
   320.86833    0.906764   0.889785
   320.89067    0.914725   0.890547
   320.91201    0.916606   0.891272
   320.93392    0.917119   0.892013
   320.95567    0.912761   0.892746
   320.97725    0.916205   0.893471
   320.99900    0.913040   0.894198
   321.02058    0.916359   0.894917
   321.04234    0.917389   0.895640
   321.06384    0.916806   0.896350
   321.08541    0.917197   0.897061
   321.10733    0.917080   0.897779
   321.12900    0.914503   0.898487
   321.15059    0.913329   0.899190
   321.17067    0.920117   0.899841
   321.19233    0.932653   0.900540
   321.21416    0.926049   0.901242
   321.23601    0.926146   0.901942
   321.25751    0.924630   0.902628
   321.27901    0.927356   0.903311
   321.30099    0.923431   0.904006
   321.32216    0.930320   0.904673
   321.34366    0.937618   0.905348
   321.36516    0.934037   0.906020
   321.38700    0.934639   0.906700
   321.40859    0.929226   0.907368
   321.43025    0.927629   0.908037
   321.45183    0.943400   0.908700
   321.47366    0.939981   0.909368
   321.49500    0.938080   0.910018
   321.51633    0.935991   0.910665
   321.53809    0.937253   0.911322
   321.55983    0.948386   0.911976
   321.58158    0.940197   0.912627
   321.60241    0.935074   0.913249
   321.62350    0.935368   0.913874
   321.64517    0.935898   0.914515
   321.66691    0.934899   0.915155
   321.68850    0.938358   0.915787
   321.71017    0.939078   0.916420
   321.73200    0.944085   0.917053
   321.75367    0.957834   0.917680
   321.77517    0.947903   0.918299
   321.79692    0.941273   0.918922
   321.81867    0.948966   0.919542
   321.84033    0.956385   0.920157
   321.86174    0.958253   0.920762
   321.88359    0.934482   0.921376
   321.90625    0.939337   0.922011
   321.92800    0.955027   0.922616
   321.94967    0.954864   0.923217
   321.97009    0.954278   0.923781
   321.99192    0.965723   0.924380
   322.01333    0.948215   0.924966
   322.03467    0.947923   0.925547
   322.05642    0.945709   0.926136
   322.07741    0.945916   0.926702
   322.09884    0.951501   0.927277
   322.12067    0.955554   0.927860
   322.14267    0.952456   0.928444
   322.16400    0.952649   0.929008
   322.18442    0.961697   0.929546
   322.20575    0.949778   0.930104
   322.22742    0.961188   0.930669
   322.24916    0.959984   0.931233
   322.27066    0.961345   0.931788
   322.29233    0.954160   0.932344
   322.31408    0.961444   0.932900
   322.33583    0.956410   0.933453
   322.35749    0.971291   0.934001
   322.37901    0.962485   0.934542
   322.40025    0.963270   0.935074
   322.42216    0.957546   0.935619
   322.44267    0.949647   0.936128
   322.46433    0.957101   0.936662
   322.48575    0.966349   0.937187
   322.50699    0.968586   0.937706
   322.52833    0.961212   0.938224
   322.54983    0.964323   0.938743
   322.57184    0.955487   0.939272
   322.59349    0.958570   0.939789
   322.61492    0.968135   0.940298
   322.63625    0.969682   0.940803
   322.65750    0.959782   0.941303
   322.67900    0.963621   0.941806
   322.70059    0.971129   0.942308
   322.72183    0.973988   0.942800
   322.74367    0.974076   0.943302
   322.76533    0.975458   0.943798
   322.78667    0.969358   0.944284
   322.80875    0.970815   0.944784
   322.83033    0.965435   0.945270
   322.85242    0.973516   0.945765
   322.87517    0.960751   0.946271
   322.89751    0.968346   0.946765
   322.91950    0.972010   0.947249
   322.94117    0.967703   0.947723
   322.96308    0.971549   0.948200
   322.98500    0.980571   0.948674
   323.00683    0.974282   0.949143
   323.02833    0.978258   0.949603
   323.05025    0.976718   0.950069
   323.07183    0.971362   0.950525
   323.09351    0.971021   0.950980
   323.11475    0.971141   0.951424
   323.13558    0.980322   0.951856
   323.15733    0.967401   0.952305
   323.17867    0.971741   0.952743
   323.20041    0.984895   0.953187
   323.22200    0.980592   0.953625
   323.24409    0.979638   0.954070
   323.26592    0.977952   0.954507
   323.28724    0.978727   0.954932
   323.30891    0.987516   0.955361
   323.33026    0.979215   0.955781
   323.35108    0.983467   0.956188
   323.37108    0.976887   0.956577
   323.39300    0.974391   0.957001
   323.41450    0.974591   0.957413
   323.43617    0.979280   0.957827
   323.45749    0.973423   0.958232
   323.47899    0.973756   0.958637
   323.50067    0.983948   0.959043
   323.52234    0.987821   0.959446
   323.54366    0.988079   0.959841
   323.56534    0.986774   0.960239
   323.58675    0.988414   0.960630
   323.60858    0.990950   0.961026
   323.63017    0.976327   0.961416
   323.65184    0.979431   0.961804
   323.67367    0.969431   0.962192
   323.69517    0.973641   0.962572
   323.71691    0.974153   0.962954
   323.73867    0.999123   0.963334
   323.75951    0.980276   0.963695
   323.78116    0.978863   0.964068
   323.80266    0.961886   0.964436
   323.82400    0.966257   0.964798
   323.84559    0.970771   0.965162
   323.86725    0.969472   0.965526
   323.88866    0.962363   0.965882
   323.91042    0.967572   0.966242
   323.93359    0.971188   0.966622
   323.95483    0.983455   0.966969
   323.97608    0.966592   0.967313
   323.99749    0.970239   0.967657
   324.01917    0.970001   0.968003
   324.04084    0.971120   0.968347
   324.06250    0.984645   0.968688
   324.08392    0.977984   0.969023
   324.10549    0.977905   0.969358
   324.12684    0.971219   0.969687
   324.14833    0.980041   0.970016
   324.16983    0.984141   0.970343
   324.19142    0.969885   0.970669
   324.21316    0.976670   0.970994
   324.23450    0.973387   0.971312
   324.25616    0.972501   0.971631
   324.27750    0.988033   0.971944
   324.29933    0.976900   0.972262
   324.32083    0.982644   0.972572
   324.34275    0.984311   0.972886
   324.36350    0.982116   0.973182
   324.38500    0.981863   0.973485
   324.40667    0.983387   0.973789
   324.42833    0.980249   0.974090
   324.45025    0.976723   0.974393
   324.47167    0.974162   0.974687
   324.49324    0.980361   0.974980
   324.51492    0.984039   0.975272
   324.53667    0.984408   0.975563
   324.55817    0.978732   0.975849
   324.57974    0.984000   0.976133
   324.60016    0.976761   0.976400
   324.62184    0.980309   0.976682
   324.64316    0.986806   0.976956
   324.66459    0.979274   0.977230
   324.68600    0.971094   0.977502
   324.70750    0.978908   0.977772
   324.72900    0.990466   0.978040
   324.75100    0.980746   0.978312
   324.77266    0.978546   0.978578
   324.79409    0.972775   0.978839
   324.81583    0.978841   0.979101
   324.83724    0.979599   0.979358
   324.85892    0.987856   0.979615
   324.88050    0.985448   0.979869
   324.90209    1.000035   0.980121
   324.92401    0.992991   0.980375
   324.94641    0.992592   0.980632
   324.96775    0.983724   0.980875
   324.98934    0.987574   0.981119
   325.01100    0.985485   0.981361
   325.03258    0.992432   0.981601
   325.05417    1.002845   0.981838
   325.07558    0.989552   0.982072
   325.09750    0.996493   0.982308
   325.11933    0.989767   0.982542
   325.14100    0.992100   0.982772
   325.16234    0.985844   0.982997
   325.18400    0.993413   0.983223
   325.20534    0.999485   0.983444
   325.22684    1.004148   0.983664
   325.24825    0.998156   0.983882
   325.26999    0.990164   0.984100
   325.29050    0.985107   0.984305
   325.31224    0.984534   0.984520
   325.33400    0.984892   0.984733
   325.35533    0.988780   0.984940
   325.37709    0.988234   0.985149
   325.39733    0.994443   0.985342
   325.41908    1.002316   0.985548
   325.44050    0.999872   0.985748
   325.46225    0.988911   0.985949
   325.48359    0.993808   0.986145
   325.50434    0.987332   0.986334
   325.52633    0.990861   0.986532
   325.54767    0.993379   0.986722
   325.56875    0.991044   0.986909
   325.58950    0.994435   0.987090
   325.61117    0.988297   0.987278
   325.63259    0.982467   0.987462
   325.65384    0.985062   0.987643
   325.67558    0.993625   0.987826
   325.69700    0.988626   0.988004
   325.71875    0.993113   0.988184
   325.74050    0.989414   0.988361
   325.76149    0.988310   0.988531
   325.78283    0.991650   0.988702
   325.80475    0.987953   0.988875
   325.82634    0.995955   0.989044
   325.84825    0.991318   0.989214
   325.87000    1.000334   0.989381
   325.89134    1.000628   0.989543
   325.91317    1.000370   0.989708
   325.93392    1.005962   0.989862
   325.95641    0.994346   0.990027
   325.97833    1.001472   0.990187
   325.99967    1.006787   0.990340
   326.02108    0.995645   0.990493
   326.04142    0.995697   0.990636
   326.06276    0.998201   0.990785
   326.08467    1.000527   0.990936
   326.10534    0.998748   0.991077
   326.12700    0.998490   0.991223
   326.14900    0.997783   0.991370
   326.17058    0.994541   0.991512
   326.19226    1.000266   0.991654
   326.21367    0.992157   0.991792
   326.23533    0.989174   0.991930
   326.25717    0.985605   0.992068
   326.27883    0.992352   0.992202
   326.30067    0.998303   0.992337
   326.32200    0.996020   0.992467
   326.34333    0.993513   0.992595
   326.36517    0.999597   0.992725
   326.38716    0.998874   0.992854
   326.40859    1.000313   0.992978
   326.43000    0.992135   0.993100
   326.45167    0.996686   0.993223
   326.47366    1.000778   0.993346
   326.49500    1.000771   0.993464
   326.51633    0.994932   0.993580
   326.53817    0.995909   0.993698
   326.55992    1.002462   0.993814
   326.58100    0.999196   0.993924
   326.60283    0.996193   0.994038
   326.62417    1.004189   0.994147
   326.64567    1.004680   0.994256
   326.66734    1.009710   0.994364
   326.68884    1.008536   0.994470
   326.70999    1.003087   0.994573
   326.73074    1.006510   0.994672
   326.75242    0.998469   0.994775
   326.77400    0.998802   0.994876
   326.79467    1.006491   0.994971
   326.81583    0.995785   0.995068
   326.83725    0.998129   0.995164
   326.85900    1.003396   0.995260
   326.88033    0.999692   0.995354
   326.90200    0.994422   0.995447
   326.92284    1.005690   0.995536
   326.94366    1.006512   0.995623
   326.96617    0.997129   0.995716
   326.98767    1.008421   0.995804
   327.00917    0.998638   0.995890
   327.03049    1.003270   0.995975
   327.05117    0.998072   0.996056
   327.07233    0.998892   0.996137
   327.09349    0.998569   0.996218
   327.11517    0.991969   0.996299
   327.13633    1.001049   0.996377
   327.15801    1.001598   0.996456
   327.17933    1.000697   0.996532
   327.20059    0.998386   0.996607
   327.22191    0.991830   0.996681
   327.24374    0.989300   0.996756
   327.26500    1.002866   0.996827
   327.28634    0.995293   0.996898
   327.30817    0.989325   0.996969
   327.32976    0.996198   0.997038
   327.35133    0.992406   0.997107
   327.37291    0.993397   0.997174
   327.39434    0.998364   0.997239
   327.41567    0.998030   0.997303
   327.43734    1.000905   0.997368
   327.45875    1.010244   0.997430
   327.48000    1.001114   0.997491
   327.50158    0.999284   0.997552
   327.52292    1.001456   0.997611
   327.54483    0.999769   0.997670
   327.56633    1.000686   0.997728
   327.58816    0.997964   0.997785
   327.60984    1.007202   0.997841
   327.63167    1.000628   0.997897
   327.65334    1.002526   0.997951
   327.67525    1.002204   0.998004
   327.69667    1.006275   0.998056
   327.71834    1.003349   0.998107
   327.74017    0.989269   0.998157
   327.76200    1.000846   0.998207
   327.78359    0.997131   0.998255
   327.80500    1.003431   0.998302
   327.82667    0.994697   0.998348
   327.84850    0.994897   0.998394
   327.87000    0.994814   0.998439
   327.89150    0.995406   0.998482
   327.91275    0.996886   0.998524
   327.93441    0.990774   0.998567
   327.95483    0.994840   0.998605
   327.97701    0.995171   0.998647
   327.99866    0.995057   0.998687
   328.02034    1.001069   0.998725
   328.04150    0.998223   0.998763
   328.06333    0.994498   0.998800
   328.08542    0.995740   0.998837
   328.10642    0.992010   0.998872
   328.12783    0.997279   0.998906
   328.14900    1.000821   0.998940
   328.17050    0.998651   0.998973
   328.19224    0.994407   0.999006
   328.21358    1.004081   0.999037
   328.23517    0.996365   0.999069
   328.25683    1.006830   0.999099
   328.27766    1.004616   0.999128
   328.29883    1.003336   0.999156
   328.32066    0.997983   0.999185
   328.34100    0.991027   0.999211
   328.36234    0.999529   0.999238
   328.38417    0.998139   0.999265
   328.40600    0.994627   0.999291
   328.42750    1.004066   0.999316
   328.44917    0.999030   0.999340
   328.47067    1.003343   0.999364
   328.49225    1.001542   0.999387
   328.51351    0.990968   0.999410
   328.53466    0.997830   0.999431
   328.55625    0.998370   0.999453
   328.57816    0.996929   0.999474
   328.59966    0.998069   0.999494
   328.62125    1.010005   0.999514
   328.64283    1.007921   0.999534
   328.66451    0.998671   0.999552
   328.68616    1.001034   0.999571
   328.70750    1.005555   0.999588
   328.72916    1.006115   0.999605
   328.75066    1.004423   0.999622
   328.77242    1.014080   0.999638
   328.79367    1.006606   0.999653
   328.81517    1.005771   0.999669
   328.83683    1.001854   0.999683
   328.85817    0.999864   0.999697
   328.87976    0.994383   0.999711
   328.89974    1.004685   0.999723
   328.92142    1.007979   0.999736
   328.94316    0.993113   0.999749
   328.96516    1.000955   0.999761
   328.98734    1.009228   0.999773
   329.00833    0.998457   0.999784
   329.03016    0.995877   0.999795
   329.05133    0.989021   0.999805
   329.07283    1.001594   0.999815
   329.09409    1.005303   0.999825
   329.11567    1.004140   0.999834
   329.13750    0.996291   0.999843
   329.15900    0.997481   0.999852
   329.17984    1.001492   0.999860
   329.20108    0.999213   0.999868
   329.22284    0.990414   0.999876
   329.24367    1.001333   0.999883
   329.26500    0.999485   0.999890
   329.28617    0.992669   0.999896
   329.30758    1.000109   0.999903
   329.32892    0.991345   0.999909
   329.35067    0.994425   0.999915
   329.37234    0.984899   0.999920
   329.39408    0.996923   0.999926
   329.41542    0.999859   0.999931
   329.43699    1.006611   0.999935
   329.45891    1.010559   0.999940
   329.48025    0.997313   0.999944
   329.50166    1.001072   0.999948
   329.52325    1.001114   0.999952
   329.54433    0.989471   0.999956
   329.56600    0.997177   0.999959
   329.58766    0.994939   0.999963
   329.60900    0.996867   0.999966
   329.63033    0.985016   0.999969
   329.65200    1.003460   0.999971
   329.67367    0.993961   0.999974
   329.69508    0.991883   0.999976
   329.71650    0.999363   0.999979
   329.73817    1.002339   0.999981
   329.75967    0.992881   0.999983
   329.78117    0.996187   0.999984
   329.80300    1.001110   0.999986
   329.82500    1.004472   0.999988
   329.84683    1.002165   0.999989
   329.86800    0.993883   0.999990
   329.88992    1.005047   0.999991
   329.91124    0.992852   0.999992
   329.93258    0.997496   0.999993
   329.95391    0.992710   0.999994
   329.97567    0.987176   0.999995
   330.00133    0.991727   0.999996
   330.02217    0.994806   0.999997
   330.04450    0.991756   0.999997
   330.06967    0.989905   0.999998
   330.09166    1.000814   0.999998
   330.11434    0.996102   0.999998
   330.13584    1.005734   0.999999
   330.15917    0.996302   0.999999
   330.18049    0.995809   0.999999
   330.20241    0.994923   0.999999
   330.22309    0.994063   1.000000
   330.24466    0.992487   1.000000
   330.26800    0.989067   1.000000
   330.28917    0.990772   1.000000
   330.30999    0.999308   1.000000
   330.33259    0.999574   1.000000
   330.35400    1.004349   1.000000
   330.37559    1.000383   1.000000
   330.39717    0.995531   1.000000
   330.41909    0.995755   1.000000
   330.44050    0.989220   1.000000
   330.46224    0.998018   1.000000
   330.48333    0.999383   1.000000
   330.50484    0.997006   1.000000
   330.52524    0.996590   1.000000
   330.54700    0.990577   1.000000
   330.56866    0.991860   1.000000
   330.59051    1.006041   1.000000
   330.61350    0.996214   1.000000
   330.63375    0.996114   1.000000
   330.65516    0.998065   1.000000
   330.67650    0.994235   1.000000
   330.69825    0.994857   1.000000
   330.71983    0.997833   1.000000
   330.74150    0.991100   1.000000
   330.76316    1.005702   1.000000
   330.78492    0.990854   1.000000
   330.80700    1.008422   1.000000
   330.82842    0.992078   1.000000
   330.84983    0.989771   1.000000
   330.87167    0.991568   1.000000
   330.89334    0.993366   1.000000
   330.91492    0.994440   1.000000
   330.93684    0.992330   1.000000
   330.95817    0.994551   1.000000
   330.97942    0.993760   1.000000
   331.00108    1.005269   1.000000
   331.02383    1.002079   1.000000
   331.04517    0.991729   1.000000
   331.06650    0.990668   1.000000
   331.08683    1.004059   1.000000
   331.10875    0.996891   1.000000
   331.13051    0.993889   1.000000
   331.15200    0.988853   1.000000
   331.17375    0.991330   1.000000
   331.19516    0.989939   1.000000
   331.21617    0.987950   1.000000
   331.23776    1.005178   1.000000
   331.25950    0.992936   1.000000
   331.28159    0.997857   1.000000
   331.30333    0.999452   1.000000
   331.32433    0.995496   1.000000
   331.34484    0.991704   1.000000
   331.36616    0.997405   1.000000
   331.38775    0.997962   1.000000
   331.40916    0.995122   1.000000
   331.43067    0.991579   1.000000
   331.45242    0.997948   1.000000
   331.47416    1.007129   1.000000
   331.49559    1.001254   1.000000
   331.51733    0.996222   1.000000
   331.53908    0.993524   1.000000
   331.56083    1.003576   1.000000
   331.58258    0.995529   1.000000
   331.60383    0.997244   1.000000
   331.62558    0.993144   1.000000
   331.64683    0.994066   1.000000
   331.66875    0.993609   1.000000
   331.69033    0.994098   1.000000
   331.71150    1.008161   1.000000
   331.73316    0.999618   1.000000
   331.75525    1.002543   1.000000
   331.77708    0.995493   1.000000
   331.79851    0.989762   1.000000
   331.82034    1.000497   1.000000
   331.84192    0.995534   1.000000
   331.86275    0.991498   1.000000
   331.88417    0.998181   1.000000
   331.90574    1.000196   1.000000
   331.92742    0.997964   1.000000
   331.94876    0.988528   1.000000
   331.96967    0.995712   1.000000
   331.99101    0.981655   1.000000
   332.01251    0.997572   1.000000
   332.03500    0.983840   1.000000
   332.05658    0.988812   1.000000
   332.07800    0.989319   1.000000
   332.09967    0.988691   1.000000
   332.12141    0.998581   1.000000
   332.14317    0.998568   1.000000
   332.16458    0.998748   1.000000
   332.18633    0.982424   1.000000
   332.20734    0.990127   1.000000
   332.22800    0.988952   1.000000
   332.24975    0.988698   1.000000
   332.27124    0.987075   1.000000
   332.29274    0.986096   1.000000
   332.31450    0.983506   1.000000
   332.33616    0.992768   1.000000
   332.35767    0.988026   1.000000
   332.37917    0.990298   1.000000
   332.40067    0.990275   1.000000
   332.42217    0.995633   1.000000
   332.44334    0.993520   1.000000
   332.46500    0.996065   1.000000
   332.48667    0.982569   1.000000
   332.50808    0.983254   1.000000
   332.52975    0.997632   1.000000
   332.55108    0.988334   1.000000
   332.57267    0.994423   1.000000
   332.59467    0.993689   1.000000
   332.61600    1.000056   1.000000
   332.63749    0.999906   1.000000
   332.65875    0.994511   1.000000
   332.68051    0.988508   1.000000
   332.70183    0.997160   1.000000
   332.72375    0.990807   1.000000
   332.74549    0.993055   1.000000
   332.76692    0.987604   1.000000
   332.78858    0.996269   1.000000
   332.81034    0.996044   1.000000
   332.83100    1.001948   1.000000
   332.85226    0.996570   1.000000
   332.87383    1.010863   1.000000
   332.89550    0.998355   1.000000
   332.91708    0.987251   1.000000
   332.93858    0.998311   1.000000
   332.96000    0.997861   1.000000
   332.98167    0.998241   1.000000
   333.00200    1.005535   1.000000
   333.02367    1.000453   1.000000
   333.04566    1.009690   1.000000
   333.06775    1.009622   1.000000
   333.08916    1.002284   1.000000
   333.11033    0.991377   1.000000
   333.13216    1.004741   1.000000
   333.15399    0.991434   1.000000
   333.17542    0.993214   1.000000
   333.19692    0.995380   1.000000
   333.21866    0.997407   1.000000
   333.24034    1.005579   1.000000
   333.26184    1.016976   1.000000
   333.28316    1.007881   1.000000
   333.30516    1.001627   1.000000
   333.32616    1.009213   1.000000
   333.34783    1.007132   1.000000
   333.36966    0.998300   1.000000
   333.39116    0.998301   1.000000
   333.41275    1.004172   1.000000
   333.43442    1.005012   1.000000
   333.45600    1.008311   1.000000
   333.47817    0.998596   1.000000
   333.49933    1.004616   1.000000
   333.52125    0.967901   1.000000
   333.54284    1.073387   1.000000
   333.56449    0.982040   1.000000
   333.58599    0.968822   1.000000
   333.60733    0.986087   1.000000
   333.62883    0.983137   1.000000
   333.65016    0.980406   1.000000
   333.67167    0.987451   1.000000
   333.69317    0.979025   1.000000
   333.71450    0.979719   1.000000
   333.73600    0.979851   1.000000
   333.75758    0.981002   1.000000
   333.77900    0.978823   1.000000
   333.80058    0.990825   1.000000
   333.82109    0.982789   1.000000
   333.84300    0.980660   1.000000
   333.86409    0.975844   1.000000
   333.88541    0.973059   1.000000
   333.90733    0.975358   1.000000
   333.92883    0.991715   1.000000
   333.95059    1.028774   1.000000
   333.97191    0.993874   1.000000
   333.99416    0.995805   1.000000
   334.01592    0.986342   1.000000
   334.03725    0.984681   1.000000
   334.06000    0.974844   1.000000
   334.08216    0.982136   1.000000
   334.10392    0.983181   1.000000
   334.12517    1.002324   1.000000
   334.14692    0.993713   1.000000
   334.16850    0.978440   1.000000
   334.19051    0.976229   1.000000
   334.21200    0.977228   1.000000
   334.23434    0.980955   1.000000
   334.25483    0.977626   1.000000
   334.27659    0.982317   1.000000
   334.29833    0.983347   1.000000
   334.31983    0.985390   1.000000
   334.34150    0.984813   1.000000
   334.36349    0.981710   1.000000
   334.38483    0.994064   1.000000
   334.40666    0.987636   1.000000
   334.42816    0.980990   1.000000
   334.44984    0.979899   1.000000
   334.47125    0.978580   1.000000
   334.49266    0.981284   1.000000
   334.51292    0.986494   1.000000
   334.53400    0.986470   1.000000
   334.55533    0.985001   1.000000
   334.57766    0.992232   1.000000
   334.59925    0.996403   1.000000
   334.62108    0.989060   1.000000
   334.64192    0.980973   1.000000
   334.66366    0.988625   1.000000
   334.68533    0.982896   1.000000
   334.70525    0.981425   1.000000
   334.72483    0.980243   1.000000
   334.74433    0.992052   1.000000
   334.76367    0.979372   1.000000
   334.78350    0.980716   1.000000
   334.81125    0.975189   1.000000
   334.83300    0.975106   1.000000
   337.71625    0.986842   1.000000
   337.73908    0.987879   1.000000
   337.76100    0.984727   1.000000
   337.78233    0.983802   1.000000
   337.80200    0.983164   1.000000
   337.82149    0.973175   1.000000
   337.84101    0.989088   1.000000
   337.86033    0.981517   1.000000
   337.87983    0.980014   1.000000
   337.89950    0.976885   1.000000
   337.91833    0.971310   1.000000
   337.93849    0.985244   1.000000
   337.95900    0.972807   1.000000
   337.98158    0.975054   1.000000
   338.00275    0.979639   1.000000
   338.02292    0.987371   1.000000
   338.05058    0.979005   1.000000
   338.07017    0.972747   1.000000
   338.08949    0.963151   1.000000
   338.11726    0.972881   1.000000
   338.13867    0.961790   1.000000
   338.16033    0.968561   1.000000
   338.18158    0.969428   1.000000
   338.20317    0.979178   1.000000
   338.22451    0.968028   1.000000
   338.24608    0.978085   1.000000
   338.26766    0.966155   1.000000
   338.28900    0.962857   1.000000
   338.31550    0.959227   1.000000
   338.33491    0.957576   1.000000
   338.35500    0.972061   1.000000
   338.37434    0.965163   1.000000
   338.39408    0.969724   1.000000
   338.41351    0.970501   1.000000
   338.43283    0.960727   1.000000
   338.45250    0.969135   1.000000
   338.47183    0.968083   1.000000
   338.49508    0.967520   1.000000
   338.53051    0.972423   1.000000
   338.56708    0.976009   1.000000
   338.60400    0.974892   1.000000
   338.63849    0.970502   1.000000
   338.67717    0.967284   1.000000
   338.71383    0.971532   1.000000
   338.75591    0.963931   1.000000
   338.79217    0.965597   1.000000
   338.82901    0.962239   1.000000
   338.85625    0.967688   1.000000
   338.87700    0.969664   1.000000
   338.90875    0.963179   1.000000
   338.93083    0.966325   1.000000
   339.03374    1.064163   1.000000
   339.07958    1.073675   1.000000
   339.09883    1.062209   1.000000
   339.11850    1.048484   1.000000
   339.13776    1.052957   1.000000
   339.15717    1.042754   1.000000
   339.17651    1.035569   1.000000
   339.19609    1.034220   1.000000
   339.21550    1.034029   1.000000
   339.23533    1.024218   1.000000
   339.25476    1.024844   1.000000
   339.27434    1.024654   1.000000
   339.29433    1.023424   1.000000
   339.31358    1.016385   1.000000
   339.33283    1.001989   1.000000
   339.35266    1.002724   1.000000
   339.37792    1.003413   1.000000
   339.40750    1.005618   1.000000
   339.42684    1.000665   1.000000
   339.44651    1.000857   1.000000
   339.46550    1.000826   1.000000
   339.61967    1.069402   1.000000
   339.64458    1.063147   1.000000
   339.66458    1.058583   1.000000
   339.68717    1.053574   1.000000
   339.71759    1.052588   1.000000
   339.74199    1.047301   1.000000
   339.79091    1.038578   1.000000
   339.82425    1.025323   1.000000
   339.86984    1.030396   1.000000
   339.89941    1.034834   1.000000
   339.93717    1.024138   1.000000
   339.95400    1.016460   1.000000
   339.97333    1.020262   1.000000
   339.99300    1.006758   1.000000
   340.01234    0.999381   1.000000
   340.03184    1.002237   1.000000
   340.05116    1.003016   1.000000
   340.07059    0.989840   1.000000
   340.09000    0.993416   1.000000
   340.10934    0.989222   1.000000
   340.12899    0.985232   1.000000
   340.14833    0.985816   1.000000
   340.16800    0.993779   1.000000
   340.18775    0.986327   1.000000
   340.20708    0.977503   1.000000
   340.23450    0.980255   1.000000
   340.25600    0.980569   1.000000
   340.27741    0.977204   1.000000
   340.29900    0.982599   1.000000
   340.32050    0.966299   1.000000
   340.34149    0.973271   1.000000
   340.36334    0.968722   1.000000
   340.38442    0.966519   1.000000
   340.40533    0.978800   1.000000
   340.42683    0.979203   1.000000
   340.44833    0.975213   1.000000
   340.47009    0.962899   1.000000
   340.49150    0.977957   1.000000
   340.51275    0.981412   1.000000
   340.53441    0.977564   1.000000
   340.55533    0.976613   1.000000
   340.57683    0.984410   1.000000
   340.59851    0.980205   1.000000
   340.62008    0.971495   1.000000
   340.64150    0.972916   1.000000
   340.66316    0.975252   1.000000
   340.68466    0.979895   1.000000
   340.70616    0.975349   1.000000
   340.72867    0.971405   1.000000
   340.75025    0.964557   1.000000
   340.77149    0.967951   1.000000
   340.79283    0.964327   1.000000
   340.81400    0.964302   1.000000
   340.83575    0.963777   1.000000
   340.85717    0.973559   1.000000
   340.87900    0.967373   1.000000
   340.90042    0.964246   1.000000
   340.92192    0.963768   1.000000
   340.94284    0.958472   1.000000
   340.96434    0.963718   1.000000
   340.98575    0.965996   1.000000
