   126.00120    1.029923   0.996018
   126.01020    1.084246   0.995903
   126.01860    1.026084   0.995807
   126.02760    0.828801   0.995719
   126.03660    0.923022   0.995640
   126.04560    1.130426   0.995535
   126.05460    0.994561   0.995473
   126.06360    0.933840   0.995332
   126.07200    0.934887   0.995227
   126.08100    0.878122   0.995122
   126.09000    0.962572   0.995042
   126.09900    0.960711   0.994920
   126.10800    1.052955   0.994841
   126.11640    0.956872   0.994779
   126.12540    1.001308   0.994639
   126.13440    1.033180   0.994551
   126.14340    0.954197   0.994401
   126.15240    0.984324   0.994296
   126.16140    0.963968   0.994217
   126.16980    0.994096   0.994138
   126.17880    1.095413   0.994059
   126.18780    1.040974   0.993883
   126.19680    1.002471   0.993769
   126.20580    0.915694   0.993664
   126.21480    1.040508   0.993559
   126.22320    0.980020   0.993471
   126.23220    1.005379   0.993366
   126.24120    0.912553   0.993260
   126.25020    0.942565   0.993173
   126.25920    0.965364   0.992997
   126.26820    0.972925   0.992901
   126.27660    0.928489   0.992787
   126.28560    1.028294   0.992708
   126.29460    1.013987   0.992577
   126.30360    1.033645   0.992489
   126.31260    1.031203   0.992384
   126.32160    0.909994   0.992209
   126.33000    0.975019   0.992121
   126.33900    0.874516   0.991972
   126.34800    0.934771   0.991876
   126.35700    0.976066   0.991788
   126.36600    1.143454   0.991675
   126.37500    1.088782   0.991596
   126.38340    1.124610   0.991403
   126.39240    1.026782   0.991290
   126.40140    1.087503   0.991202
   126.41040    0.976996   0.991054
   126.41940    0.987465   0.990966
   126.42840    1.008636   0.990844
   126.43680    1.019105   0.990748
   126.44580    1.060865   0.990617
   126.45480    0.962339   0.990468
   126.46380    1.015150   0.990320
   126.47280    0.907202   0.990206
   126.48180    0.957338   0.990102
   126.49020    0.912437   0.990032
   126.49920    0.972576   0.989892
   126.50820    0.989675   0.989761
   126.51720    0.884170   0.989614
   126.52620    0.931398   0.989448
   126.53460    0.936981   0.989387
   126.54360    0.920463   0.989239
   126.55260    0.961525   0.989126
   126.56160    0.979904   0.989003
   126.57060    1.004216   0.988934
   126.57960    1.067612   0.988778
   126.58800    0.997004   0.988604
   126.59700    0.968272   0.988473
   126.60600    1.019919   0.988378
   126.61500    1.049233   0.988239
   126.62400    1.015964   0.988143
   126.63300    0.969551   0.988012
   126.64140    1.101578   0.987925
   126.65040    0.903945   0.987718
   126.65940    0.884636   0.987588
   126.66840    1.054932   0.987502
   126.67740    1.072497   0.987354
   126.68640    0.983743   0.987223
   126.69480    0.955942   0.987120
   126.70380    0.955709   0.987015
   126.71280    1.054351   0.986843
   126.72180    1.017476   0.986687
   126.73080    0.957803   0.986557
   126.73980    1.010846   0.986462
   126.74820    0.971180   0.986307
   126.75720    0.953034   0.986211
   126.76620    0.971645   0.986099
   126.77520    0.933142   0.985977
   126.78420    0.977112   0.985806
   126.79320    1.016662   0.985659
   126.80160    0.932910   0.985556
   126.81060    0.966760   0.985383
   126.81960    1.021199   0.985245
   126.82860    1.029923   0.985150
   126.83760    1.042370   0.985020
   126.84660    1.038415   0.984908
   126.85500    1.040159   0.984763
   126.86400    0.990141   0.984600
   126.87300    1.010148   0.984489
   126.88200    0.982231   0.984325
   126.89100    0.997469   0.984205
   126.90000    0.983278   0.984153
   126.90840    0.884752   0.983981
   126.91740    0.933142   0.983852
   126.92640    1.029341   0.983681
   126.93540    1.050047   0.983553
   126.94440    1.016081   0.983355
   126.95280    1.041323   0.983244
   126.96180    0.993630   0.983116
   126.97080    0.979439   0.983030
   126.97980    0.894407   0.982858
   126.98880    0.972808   0.982764
   126.99780    0.907202   0.982628
   127.00620    1.010148   0.982433
   127.01520    1.042486   0.982322
   127.02420    0.995259   0.982185
   127.03320    0.935004   0.982075
   127.04220    0.900223   0.981964
   127.05120    0.935701   0.981791
   127.05960    1.000493   0.981672
   127.06860    0.980137   0.981545
   127.07760    0.967574   0.981350
   127.08660    0.899874   0.981230
   127.09560    0.966294   0.981078
   127.10460    0.907668   0.980977
   127.11300    0.950125   0.980831
   127.12200    0.825311   0.980686
   127.13100    0.922092   0.980601
   127.14000    0.960129   0.980482
   127.14900    0.952801   0.980298
   127.15800    1.006775   0.980154
   127.16640    1.086456   0.980003
   127.17540    0.906621   0.979900
   127.18440    1.063075   0.979730
   127.19340    1.039113   0.979603
   127.20240    0.984906   0.979492
   127.21140    1.002006   0.979339
   127.21980    0.957454   0.979196
   127.22880    0.974786   0.979037
   127.23780    0.950242   0.978903
   127.24680    0.943844   0.978767
   127.25580    0.983278   0.978625
   127.26480    0.865326   0.978498
   127.27320    0.921743   0.978397
   127.28220    0.961990   0.978261
   127.29120    0.918718   0.978117
   127.30020    0.844504   0.977994
   127.30920    0.885683   0.977844
   127.31760    0.913018   0.977676
   127.32660    0.947683   0.977524
   127.33560    0.856137   0.977398
   127.34460    1.078895   0.977279
   127.35360    0.992234   0.977128
   127.36260    0.952219   0.977010
   127.37100    1.113908   0.976909
   127.38000    0.986069   0.976727
   127.38900    0.987349   0.976553
   127.39800    0.950940   0.976411
   127.40700    0.911972   0.976319
   127.41600    0.933491   0.976159
   127.42440    0.995259   0.976034
   127.43340    0.977461   0.975892
   127.44240    0.974437   0.975809
   127.45140    0.982231   0.975657
   127.46040    0.995142   0.975493
   127.46940    0.996306   0.975354
   127.47780    0.938958   0.975238
   127.48680    0.937795   0.975044
   127.49580    1.033296   0.974894
   127.50480    0.937563   0.974787
   127.51380    0.927094   0.974644
   127.52280    0.974786   0.974510
   127.53120    1.004565   0.974411
   127.54020    0.952801   0.974272
   127.54920    0.972111   0.974108
   127.55820    1.046790   0.973935
   127.56720    0.973274   0.973810
   127.57620    1.011311   0.973704
   127.58460    0.933142   0.973537
   127.59360    1.076103   0.973420
   127.60260    0.950940   0.973306
   127.61160    0.966527   0.973190
   127.62060    1.072614   0.973072
   127.62960    0.934306   0.972886
   127.63800    0.912902   0.972748
   127.64700    0.931165   0.972641
   127.65600    1.002471   0.972478
   127.66500    1.000610   0.972336
   127.67400    0.975368   0.972204
   127.68300    1.058887   0.972072
   127.69140    0.945356   0.971930
   127.70040    0.957221   0.971830
   127.70940    0.902433   0.971684
   127.71840    1.022711   0.971525
   127.72740    0.979206   0.971367
   127.73580    0.940820   0.971238
   127.74480    0.930816   0.971132
   127.75380    0.984673   0.971010
   127.76280    1.008520   0.970812
   127.77180    1.008403   0.970705
   127.78080    0.992700   0.970623
   127.78920    1.018058   0.970509
   127.79820    0.899176   0.970346
   127.80720    1.049000   0.970202
   127.81620    1.038531   0.970056
   127.82520    0.992932   0.969920
   127.83420    1.029341   0.969763
   127.84260    1.022827   0.969649
   127.85160    0.998632   0.969522
   127.86060    1.013521   0.969454
   127.86960    0.989559   0.969283
   127.87860    1.089713   0.969168
   127.88760    0.968970   0.969046
   127.89600    0.880099   0.968854
   127.90500    0.890219   0.968693
   127.91400    0.863232   0.968580
   127.92300    1.028643   0.968451
   127.93200    0.924651   0.968319
   127.94100    0.985488   0.968182
   127.94940    0.934422   0.968068
   127.95840    1.040857   0.967948
   127.96740    0.860790   0.967818
   127.97640    0.952917   0.967694
   127.98540    0.921277   0.967545
   127.99440    0.944309   0.967394
   128.00280    1.008054   0.967266
   128.01180    1.052373   0.967114
   128.02080    0.918718   0.967026
   128.02980    0.914880   0.966882
   128.03880    0.960711   0.966777
   128.04780    0.983975   0.966639
   128.05620    0.975368   0.966494
   128.06520    0.975135   0.966398
   128.07420    1.004797   0.966316
   128.08320    0.857067   0.966127
   128.09220    0.964550   0.966010
   128.10120    0.930118   0.965877
   128.10960    0.971762   0.965775
   128.11860    0.968970   0.965612
   128.12760    0.901037   0.965492
   128.13660    0.925698   0.965389
   128.14560    0.886264   0.965268
   128.15400    0.929769   0.965131
   128.16300    0.854973   0.965027
   128.17200    0.928257   0.964931
   128.18100    0.862302   0.964834
   128.19000    0.957919   0.964634
   128.19900    0.879634   0.964468
   128.20740    0.940703   0.964349
   128.21640    0.946752   0.964247
   128.22540    0.923720   0.964103
   128.23440    0.961874   0.963967
   128.24340    1.006077   0.963873
   128.25240    0.844504   0.963769
   128.26080    0.951987   0.963652
   128.26980    0.930932   0.963528
   128.27880    0.905225   0.963408
   128.28780    0.973739   0.963295
   128.29680    0.920347   0.963114
   128.30580    0.967458   0.962950
   128.31420    0.873818   0.962854
   128.32320    1.013987   0.962737
   128.33220    0.916043   0.962619
   128.34120    0.987698   0.962498
   128.35020    0.890684   0.962380
   128.35920    0.957338   0.962279
   128.36760    0.933840   0.962177
   128.37660    0.935469   0.962049
   128.38560    0.982812   0.961985
   128.39460    1.072962   0.961809
   128.40360    0.902898   0.961720
   128.41260    0.904992   0.961530
   128.42100    0.901619   0.961406
   128.43000    0.852531   0.961310
   128.43900    0.899409   0.961211
   128.44800    0.949428   0.961067
   128.45700    0.921743   0.960950
   128.46600    0.989094   0.960857
   128.47440    0.960711   0.960738
   128.48340    0.915345   0.960651
   128.49240    0.960711   0.960526
   128.50140    0.902782   0.960454
   128.51040    0.953964   0.960305
   128.51880    1.065867   0.960184
   128.52780    0.987698   0.960052
   128.53680    1.017360   0.959923
   128.54580    1.096925   0.959804
   128.55480    1.008752   0.959743
   128.56380    0.970831   0.959577
   128.57220    0.894523   0.959482
   128.58120    0.968970   0.959375
   128.59020    1.071683   0.959281
   128.59920    0.984092   0.959163
   128.60820    1.003634   0.959068
   128.61720    1.025968   0.958959
   128.62560    0.908366   0.958848
   128.63460    0.936399   0.958713
   128.64360    0.991420   0.958581
   128.65260    0.893476   0.958499
   128.66160    1.015732   0.958369
   128.67060    0.914065   0.958286
   128.67900    0.912902   0.958159
   128.68800    0.933491   0.958026
   128.69700    0.964899   0.957943
   128.70600    0.906853   0.957842
   128.71500    0.838688   0.957733
   128.72400    1.050280   0.957617
   128.73240    0.950125   0.957528
   128.74140    1.029923   0.957453
   128.75040    1.007473   0.957335
   128.75940    1.069822   0.957200
   128.76840    1.095994   0.957094
   128.77740    0.972111   0.956995
   128.78580    1.046208   0.956891
   128.79480    1.014568   0.956783
   128.80380    1.073777   0.956674
   128.81280    1.029341   0.956523
   128.82180    0.887660   0.956428
   128.83080    0.928606   0.956393
   128.83920    0.921161   0.956268
   128.84820    0.967458   0.956189
   128.85720    1.040508   0.956083
   128.86620    1.040741   0.956014
   128.87520    0.960478   0.955923
   128.88420    1.007938   0.955767
   128.89260    0.984673   0.955669
   128.90160    1.037717   0.955580
   128.91060    1.035972   0.955476
   128.91960    0.978159   0.955354
   128.92860    1.008752   0.955244
   128.93700    1.014685   0.955164
   128.94600    1.162182   0.955041
   128.95500    1.072381   0.955003
   128.96400    1.067263   0.954873
   128.97300    1.132636   0.954784
   128.98200    0.984673   0.954724
   128.99040    0.998748   0.954630
   128.99940    1.011777   0.954561
   129.00840    0.998981   0.954455
   129.01740    1.011428   0.954355
   129.02640    0.883705   0.954270
   129.03540    0.981184   0.954108
   129.04380    0.946519   0.954018
   129.05280    0.886148   0.953944
   129.06180    0.963852   0.953871
   129.07080    0.887544   0.953774
   129.07980    0.885450   0.953695
   129.08880    0.914065   0.953571
   129.09720    0.810887   0.953484
   129.10620    0.932677   0.953387
   129.11520    0.925814   0.953297
   129.12420    0.986535   0.953260
   129.13320    0.963037   0.953134
   129.14220    0.961874   0.953039
   129.15060    1.020850   0.952981
   129.15960    1.017593   0.952917
   129.16860    0.992234   0.952851
   129.17760    1.022944   0.952736
   129.18660    0.957570   0.952588
   129.19560    0.944426   0.952509
   129.20400    0.934655   0.952449
   129.21300    0.931049   0.952344
   129.22200    0.955476   0.952262
   129.23100    0.911274   0.952159
   129.24000    0.879401   0.952090
   129.24900    0.888242   0.952025
   129.25740    0.894290   0.951951
   129.26640    0.914065   0.951828
   129.27540    0.848459   0.951784
   129.28440    0.991769   0.951681
   129.29340    0.845900   0.951653
   129.30240    0.912204   0.951593
   129.31080    0.977229   0.951516
   129.31980    1.031668   0.951418
   129.32880    1.030505   0.951369
   129.33780    1.003867   0.951295
   129.34680    1.000842   0.951199
   129.35520    0.900921   0.951118
   129.36420    0.998865   0.950997
   129.37320    0.920463   0.950934
   129.38220    0.911274   0.950855
   129.39120    1.011079   0.950759
   129.40020    1.035739   0.950661
   129.40860    0.929071   0.950584
   129.41760    0.983743   0.950514
   129.42660    0.928489   0.950466
   129.43560    1.002238   0.950401
   129.44460    0.927559   0.950314
   129.45360    0.961641   0.950234
   129.46200    0.951172   0.950159
   129.47100    1.057957   0.950107
   129.48000    0.933142   0.950061
   129.48900    0.925349   0.949983
   129.49800    0.873469   0.949915
   129.50700    0.969086   0.949882
   129.51540    0.978974   0.949792
   129.52440    0.983278   0.949753
   129.53340    0.957221   0.949661
   129.54240    0.971994   0.949587
   129.55140    1.029458   0.949544
   129.56040    0.930816   0.949493
   129.56880    0.980951   0.949375
   129.57780    0.939540   0.949304
   129.58680    0.887427   0.949200
   129.59580    1.076568   0.949113
   129.60480    0.962921   0.949087
   129.61380    0.905341   0.949054
   129.62220    0.907900   0.948961
   129.63120    0.967341   0.948881
   129.64020    0.961060   0.948846
   129.64920    0.907319   0.948769
   129.65820    0.886730   0.948726
   129.66720    0.946636   0.948711
   129.67560    0.980835   0.948652
   129.68460    0.971296   0.948561
   129.69360    0.996771   0.948504
   129.70260    1.040043   0.948426
   129.71160    0.929304   0.948412
   129.72000    0.984557   0.948339
   129.72900    0.925000   0.948314
   129.73800    0.858812   0.948243
   129.74700    0.911041   0.948198
   129.75600    0.931514   0.948117
   129.76500    0.937214   0.948088
   129.77340    0.988279   0.948061
   129.78240    0.976996   0.947993
   129.79140    0.962223   0.947940
   129.80040    1.021897   0.947898
   129.80940    0.949079   0.947828
   129.81840    0.955244   0.947759
   129.82680    0.894756   0.947693
   129.83580    1.050861   0.947630
   129.84480    1.025386   0.947561
   129.85380    0.946403   0.947504
   129.86280    0.983743   0.947477
   129.87180    0.942681   0.947396
   129.88020    0.996306   0.947378
   129.88920    0.977345   0.947305
   129.89820    1.054351   0.947246
   129.90720    0.993979   0.947227
   129.91620    0.983626   0.947183
   129.92520    0.928606   0.947167
   129.93360    0.941867   0.947099
   129.94260    0.944309   0.947067
   129.95160    0.903364   0.947019
   129.96060    1.010497   0.946979
   129.96960    1.020501   0.946951
   129.97860    1.026084   0.946901
   129.98700    0.959431   0.946865
   129.99600    0.972459   0.946795
   130.00500    0.962107   0.946768
   130.01400    1.013754   0.946722
   130.02300    0.904643   0.946704
   130.03200    0.906853   0.946686
   130.04040    0.900572   0.946634
   130.04940    0.989326   0.946590
   130.05840    0.884636   0.946544
   130.06740    0.882891   0.946545
   130.07640    0.958501   0.946513
   130.08540    0.912088   0.946483
   130.09380    0.903945   0.946435
   130.10280    1.010381   0.946398
   130.11180    0.953732   0.946367
   130.12080    1.041555   0.946319
   130.12980    0.950707   0.946311
   130.13820    0.997818   0.946295
   130.14720    0.922906   0.946264
   130.15620    0.962223   0.946175
   130.16520    0.973855   0.946156
   130.17420    0.878703   0.946079
   130.18320    0.921277   0.946032
   130.19160    0.892546   0.946033
   130.20060    0.972459   0.946010
   130.20960    0.884287   0.945990
   130.21860    1.047720   0.945956
   130.22760    1.023874   0.945921
   130.23660    0.930583   0.945912
   130.24500    0.883589   0.945867
   130.25400    0.835315   0.945874
   130.26300    0.927210   0.945835
   130.27200    0.915927   0.945815
   130.28100    0.843806   0.945742
   130.29000    0.888242   0.945733
   130.29840    0.862302   0.945702
   130.30740    0.930118   0.945688
   130.31640    0.890801   0.945708
   130.32540    0.984324   0.945674
   130.33440    0.961758   0.945647
   130.34340    0.890801   0.945627
   130.35180    0.864861   0.945589
   130.36080    0.906388   0.945538
   130.36980    0.959780   0.945523
   130.37880    0.895454   0.945576
   130.38780    0.988279   0.945546
   130.39680    0.855206   0.945506
   130.40520    0.926512   0.945476
   130.41420    0.943728   0.945503
   130.42320    0.948148   0.945478
   130.43220    0.927559   0.945464
   130.44120    0.921277   0.945451
   130.45020    0.924185   0.945421
   130.45860    0.882193   0.945404
   130.46760    0.924418   0.945364
   130.47660    0.932677   0.945398
   130.48560    0.964317   0.945350
   130.49460    0.938842   0.945371
   130.50360    0.944426   0.945394
   130.51200    1.018291   0.945374
   130.52100    1.025503   0.945344
   130.53000    1.013173   0.945312
   130.53900    0.989559   0.945335
   130.54800    1.000377   0.945307
   130.55640    0.923371   0.945284
   130.56540    0.931979   0.945309
   130.57440    0.962339   0.945342
   130.58340    1.017244   0.945328
   130.59240    0.952103   0.945279
   130.60140    0.968505   0.945256
   130.60980    0.910692   0.945285
   130.61880    0.962921   0.945286
   130.62780    0.846831   0.945258
   130.63680    0.945589   0.945275
   130.64580    0.951870   0.945292
   130.65480    0.954662   0.945292
   130.66320    0.915461   0.945271
   130.67220    0.984324   0.945262
   130.68120    0.977694   0.945274
   130.69020    0.877540   0.945284
   130.69920    0.931398   0.945264
   130.70820    0.906853   0.945273
   130.71660    1.041090   0.945303
   130.72560    0.951289   0.945303
   130.73460    0.980137   0.945307
   130.74360    0.939075   0.945284
   130.75260    1.017593   0.945286
   130.76160    1.032482   0.945312
   130.77000    0.978741   0.945278
   130.77900    0.938726   0.945309
   130.78800    0.967458   0.945351
   130.79700    0.931630   0.945366
   130.80600    0.938958   0.945343
   130.81500    0.865908   0.945310
   130.82340    0.912902   0.945348
   130.83240    0.974088   0.945371
   130.84140    0.913251   0.945365
   130.85040    0.862651   0.945399
   130.85940    0.904760   0.945414
   130.86840    0.957338   0.945431
   130.87680    0.949777   0.945450
   130.88580    0.943611   0.945429
   130.89480    1.065750   0.945447
   130.90380    0.982231   0.945421
   130.91280    1.040508   0.945455
   130.92180    0.992467   0.945489
   130.93020    1.020152   0.945533
   130.93920    0.937214   0.945526
   130.94820    0.958384   0.945534
   130.95720    0.943960   0.945599
   130.96620    0.917671   0.945575
   130.97460    0.941401   0.945595
   130.98360    1.085525   0.945640
   130.99260    0.978508   0.945657
   131.00160    0.946519   0.945658
   131.01060    0.936167   0.945634
   131.01960    0.958850   0.945707
   131.02800    0.904411   0.945716
   131.03700    0.850553   0.945755
   131.04600    0.891382   0.945797
   131.05500    0.902433   0.945830
   131.06400    0.899292   0.945808
   131.07300    0.983161   0.945827
   131.08140    0.928955   0.945828
   131.09040    0.863000   0.945881
   131.09940    0.943960   0.945907
   131.10840    0.979788   0.945943
   131.11740    1.010148   0.946000
   131.12640    0.986535   0.946003
   131.13480    0.978392   0.946002
   131.14380    0.902666   0.946065
   131.15280    0.936748   0.946128
   131.16180    0.947566   0.946187
   131.17080    0.922092   0.946160
   131.17980    0.950474   0.946211
   131.18820    0.909529   0.946205
   131.19720    0.912204   0.946261
   131.20620    0.986767   0.946324
   131.21520    0.882193   0.946387
   131.22420    0.933142   0.946399
   131.23320    1.028062   0.946415
   131.24160    0.980835   0.946510
   131.25060    0.924651   0.946487
   131.25960    0.952452   0.946533
   131.26860    0.988977   0.946542
   131.27760    0.970831   0.946604
   131.28660    1.002820   0.946618
   131.29500    0.957454   0.946677
   131.30400    1.013638   0.946738
   131.31300    0.942448   0.946711
   131.32200    0.942681   0.946759
   131.33100    0.977345   0.946861
   131.33940    0.996655   0.946898
   131.34840    0.898245   0.946904
   131.35740    0.913949   0.946941
   131.36640    0.922324   0.946947
   131.37540    0.966992   0.946986
   131.38440    0.994096   0.947047
   131.39280    0.952452   0.947101
   131.40180    0.917904   0.947128
   131.41080    0.862069   0.947158
   131.41980    0.938028   0.947246
   131.42880    0.978508   0.947260
   131.43780    0.925814   0.947314
   131.44620    0.880215   0.947411
   131.45520    0.903015   0.947439
   131.46420    0.930583   0.947452
   131.47320    0.853577   0.947492
   131.48220    0.899641   0.947542
   131.49120    0.906504   0.947613
   131.49960    0.918137   0.947636
   131.50860    0.986418   0.947713
   131.51760    0.973390   0.947751
   131.52660    0.902317   0.947790
   131.53560    0.950009   0.947870
   131.54460    0.900107   0.947998
   131.55300    0.966178   0.948025
   131.56200    0.931049   0.948075
   131.57100    1.004216   0.948114
   131.58000    0.909878   0.948192
   131.58900    0.906621   0.948261
   131.59800    0.985488   0.948307
   131.60640    0.951172   0.948334
   131.61540    0.902200   0.948395
   131.62440    0.872654   0.948422
   131.63340    0.920812   0.948453
   131.64240    0.992816   0.948537
   131.65140    0.948846   0.948631
   131.65980    0.881728   0.948649
   131.66880    0.928838   0.948707
   131.67780    1.013289   0.948770
   131.68680    0.905574   0.948828
   131.69580    0.945007   0.948922
   131.70480    0.884054   0.948970
   131.71320    0.893360   0.949035
   131.72220    0.974321   0.949062
   131.73120    0.931514   0.949120
   131.74020    1.069473   0.949187
   131.74920    1.003518   0.949292
   131.75760    0.964782   0.949328
   131.76660    1.007007   0.949372
   131.77560    0.903364   0.949451
   131.78460    0.848459   0.949502
   131.79360    0.871957   0.949642
   131.80260    0.879750   0.949685
   131.81100    0.839502   0.949751
   131.82000    0.858114   0.949816
   131.82900    0.902666   0.949901
   131.83800    0.951405   0.949980
   131.84700    0.935585   0.950006
   131.85600    0.953732   0.950065
   131.86440    0.948497   0.950173
   131.87340    0.983161   0.950197
   131.88240    1.047604   0.950296
   131.89140    1.093901   0.950387
   131.90040    1.048651   0.950454
   131.90940    1.010613   0.950513
   131.91780    0.979206   0.950549
   131.92680    0.853112   0.950659
   131.93580    0.983278   0.950736
   131.94480    0.871724   0.950802
   131.95380    0.998632   0.950862
   131.96280    1.019338   0.950939
   131.97120    0.996422   0.951004
   131.98020    0.964433   0.951118
   131.98920    0.904643   0.951204
   131.99820    0.928257   0.951282
   132.00720    0.918602   0.951367
   132.01620    0.921975   0.951454
   132.02460    0.957570   0.951571
   132.03360    0.955127   0.951616
   132.04260    0.901851   0.951653
   132.05160    0.906155   0.951725
   132.06060    0.980486   0.951816
   132.06960    1.034111   0.951920
   132.07800    0.938726   0.951980
   132.08700    1.014568   0.952046
   132.09600    0.919765   0.952132
   132.10500    0.936865   0.952240
   132.11400    0.933026   0.952314
   132.12300    0.932212   0.952393
   132.13140    0.936981   0.952459
   132.14040    0.897315   0.952544
   132.14940    0.984673   0.952624
   132.15840    0.882193   0.952722
   132.16740    0.880332   0.952850
   132.17580    0.976182   0.952932
   132.18480    0.935585   0.953031
   132.19380    0.918253   0.953071
   132.20280    0.947334   0.953208
   132.21180    0.916624   0.953254
   132.22080    0.872189   0.953334
   132.22920    0.863000   0.953405
   132.23820    0.867885   0.953521
   132.24720    0.815889   0.953638
   132.25620    0.862767   0.953683
   132.26520    0.908482   0.953806
   132.27420    0.975251   0.953862
   132.28260    0.915112   0.953962
   132.29160    1.033413   0.954086
   132.30060    0.928489   0.954147
   132.30960    0.978276   0.954249
   132.31860    0.975368   0.954331
   132.32760    0.981533   0.954468
   132.33600    0.932677   0.954608
   132.34500    0.900572   0.954687
   132.35400    0.881146   0.954744
   132.36300    0.872422   0.954838
   132.37200    0.893127   0.954965
   132.38100    0.962688   0.955007
   132.38940    1.020966   0.955095
   132.39840    1.023642   0.955177
   132.40740    1.005844   0.955302
   132.41640    1.081221   0.955390
   132.42540    0.983510   0.955478
   132.43440    0.963619   0.955608
   132.44280    0.906039   0.955647
   132.45180    0.958733   0.955781
   132.46080    0.932561   0.955905
   132.46980    0.995026   0.956015
   132.47880    0.904411   0.956124
   132.48780    0.918718   0.956211
   132.49620    0.951638   0.956351
   132.50520    0.844621   0.956421
   132.51420    0.903131   0.956491
   132.52320    0.954429   0.956576
   132.53220    0.962572   0.956730
   132.54060    1.000261   0.956830
   132.54960    0.955476   0.956883
   132.55860    0.968970   0.956990
   132.56760    1.031203   0.957074
   132.57660    0.981649   0.957200
   132.58560    0.970715   0.957298
   132.59400    1.029923   0.957419
   132.60300    0.909412   0.957541
   132.61200    0.965945   0.957677
   132.62100    1.033529   0.957754
   132.63000    0.922557   0.957856
   132.63900    0.956640   0.957963
   132.64740    1.050977   0.958050
   132.65640    0.908715   0.958177
   132.66540    1.000144   0.958261
   132.67440    0.864628   0.958339
   132.68340    1.053653   0.958454
   132.69240    0.962921   0.958616
   132.70080    1.006077   0.958696
   132.70980    0.995957   0.958770
   132.71880    0.992700   0.958918
   132.72780    0.939656   0.959029
   132.73680    1.082268   0.959189
   132.74580    0.958268   0.959293
   132.75420    1.100415   0.959385
   132.76320    1.042719   0.959482
   132.77220    1.000028   0.959617
   132.78120    0.997353   0.959709
   132.79020    0.954429   0.959804
   132.79920    0.983975   0.959888
   132.80760    0.923953   0.959997
   132.81660    0.872422   0.960154
   132.82560    0.943728   0.960246
   132.83460    0.971529   0.960380
   132.84360    1.043882   0.960480
   132.85260    0.920812   0.960635
   132.86100    0.918835   0.960787
   132.87000    0.912670   0.960857
   132.87900    0.892546   0.960977
   132.88800    1.025154   0.961065
   132.89700    0.856253   0.961183
   132.90600    0.952452   0.961301
   132.91440    0.949311   0.961395
   132.92340    0.932444   0.961482
   132.93240    0.978043   0.961649
   132.94140    0.941401   0.961732
   132.95040    1.025386   0.961874
   132.95880    0.941634   0.962012
   132.96780    0.923953   0.962146
   132.97680    0.991885   0.962269
   132.98580    1.000610   0.962394
   132.99480    0.889056   0.962506
   133.00380    0.920463   0.962622
   133.01220    1.031668   0.962746
   133.02120    0.980602   0.962842
   133.03020    0.904178   0.962945
   133.03920    0.934887   0.963089
   133.04820    0.890801   0.963230
   133.05720    0.972343   0.963340
   133.06560    0.923953   0.963441
   133.07460    0.893593   0.963619
   133.08360    0.987698   0.963747
   133.09260    1.109372   0.963839
   133.10160    0.973157   0.963943
   133.11060    0.860208   0.964088
   133.11900    0.939540   0.964168
   133.12800    0.993979   0.964311
   133.13700    0.964899   0.964405
   133.14600    0.881844   0.964526
   133.15500    0.967574   0.964687
   133.16400    0.914763   0.964795
   133.17240    0.993747   0.964906
   133.18140    1.061679   0.965053
   133.19040    1.045510   0.965212
   133.19940    1.030039   0.965300
   133.20840    0.948032   0.965443
   133.21740    1.025619   0.965532
   133.22580    1.019454   0.965662
   133.23480    0.973157   0.965789
   133.24380    0.961874   0.965886
   133.25280    0.879401   0.966013
   133.26180    0.954429   0.966150
   133.27080    0.929769   0.966291
   133.27920    0.873818   0.966418
   133.28820    0.916276   0.966543
   133.29720    0.962107   0.966703
   133.30620    0.986651   0.966819
   133.31520    0.941634   0.966938
   133.32420    0.978625   0.967044
   133.33260    1.014568   0.967181
   133.34160    0.997236   0.967320
   133.35060    0.852763   0.967441
   133.35960    0.995491   0.967552
   133.36860    0.967923   0.967670
   133.37700    0.946868   0.967865
   133.38600    0.944658   0.967988
   133.39500    1.010613   0.968111
   133.40400    1.010613   0.968282
   133.41300    0.941401   0.968375
   133.42200    0.995491   0.968485
   133.43040    1.091341   0.968599
   133.43940    0.994096   0.968745
   133.44840    0.945589   0.968875
   133.45740    0.943379   0.969004
   133.46640    1.018756   0.969132
   133.47540    1.039229   0.969313
   133.48380    0.986535   0.969461
   133.49280    1.068542   0.969558
   133.50180    0.991071   0.969640
   133.51080    1.072962   0.969786
   133.51980    1.018989   0.969910
   133.52880    0.908598   0.970024
   133.53720    0.983743   0.970161
   133.54620    0.944193   0.970282
   133.55520    0.849041   0.970430
   133.56420    0.908598   0.970598
   133.57320    0.964550   0.970749
   133.58220    0.956058   0.970865
   133.59060    0.936516   0.971006
   133.59960    0.971413   0.971096
   133.60860    1.026782   0.971234
   133.61760    1.017593   0.971359
   133.62660    0.997702   0.971515
   133.63560    0.980020   0.971645
   133.64400    0.903015   0.971783
   133.65300    1.049000   0.971928
   133.66200    0.931863   0.972091
   133.67100    0.976880   0.972222
   133.68000    1.019221   0.972345
   133.68900    0.940354   0.972453
   133.69740    1.036670   0.972586
   133.70640    0.911041   0.972691
   133.71540    0.973157   0.972814
   133.72440    0.952103   0.972970
   133.73340    1.060400   0.973093
   133.74180    0.972343   0.973272
   133.75080    0.975600   0.973401
   133.75980    0.959897   0.973509
   133.76880    0.984441   0.973659
   133.77780    0.899176   0.973782
   133.78680    0.910459   0.973857
   133.79520    0.986884   0.974055
   133.80420    1.028411   0.974180
   133.81320    1.005030   0.974311
   133.82220    0.947683   0.974459
   133.83120    0.979206   0.974648
   133.84020    0.944193   0.974789
   133.84860    1.002006   0.974897
   133.85760    0.917439   0.975004
   133.86660    0.876493   0.975140
   133.87560    0.921975   0.975296
   133.88460    0.976647   0.975387
   133.89360    0.848343   0.975535
   133.90200    0.944775   0.975686
   133.91100    0.970947   0.975832
   133.92000    0.973390   0.975988
   133.92900    1.016430   0.976097
   133.93800    0.940471   0.976232
   133.94700    0.939773   0.976348
   133.95540    0.980253   0.976456
   133.96440    0.994910   0.976565
   133.97340    1.032598   0.976774
   133.98240    0.964084   0.976889
   133.99140    0.862534   0.977046
   134.00040    0.930002   0.977229
   134.00880    1.080640   0.977356
   134.01780    0.836943   0.977447
   134.02680    0.967341   0.977572
   134.03580    0.926163   0.977690
   134.04480    0.915578   0.977866
   134.05380    0.972692   0.977958
   134.06220    0.938493   0.978074
   134.07120    0.912321   0.978274
   134.08020    0.918137   0.978415
   134.08920    0.976763   0.978541
   134.09820    1.047022   0.978651
   134.10720    1.029109   0.978812
   134.11560    0.968737   0.978903
   134.12460    0.947101   0.979054
   134.13360    0.946403   0.979130
   134.14260    1.035041   0.979349
   134.15160    0.974670   0.979532
   134.16000    0.931165   0.979657
   134.16900    0.964899   0.979758
   134.17800    1.004914   0.979886
   134.18700    0.900572   0.979995
   134.19600    1.017942   0.980121
   134.20500    1.029109   0.980257
   134.21340    0.902549   0.980425
   134.22240    0.864977   0.980542
   134.23140    0.904643   0.980708
   134.24040    0.947334   0.980836
   134.24940    0.971645   0.980964
   134.25840    0.938958   0.981082
   134.26680    1.048535   0.981183
   134.27580    0.931398   0.981362
   134.28480    1.067844   0.981455
   134.29380    0.921743   0.981624
   134.30280    1.011660   0.981775
   134.31180    1.027713   0.981987
   134.32020    0.959548   0.982054
   134.32920    1.042719   0.982165
   134.33820    0.914647   0.982283
   134.34720    0.930467   0.982412
   134.35620    0.951638   0.982522
   134.36520    0.978741   0.982674
   134.37360    1.015732   0.982800
   134.38260    1.023060   0.982986
   134.39160    0.945473   0.983097
   134.40060    1.071916   0.983207
   134.40960    0.962572   0.983386
   134.41860    0.896035   0.983506
   134.42700    0.925465   0.983608
   134.43600    0.944077   0.983727
   134.44500    1.020152   0.983881
   134.45400    0.935701   0.984084
   134.46300    1.073777   0.984160
   134.47200    0.985255   0.984263
   134.48040    0.980486   0.984417
   134.48940    0.987698   0.984520
   134.49840    1.103788   0.984631
   134.50740    0.920114   0.984751
   134.51640    1.023176   0.984904
   134.52540    0.964084   0.985107
   134.53380    0.977229   0.985201
   134.54280    0.944077   0.985320
   134.55180    0.917555   0.985501
   134.56080    0.967109   0.985561
   134.56980    0.904294   0.985689
   134.57820    1.012358   0.985826
   134.58720    0.957686   0.985937
   134.59620    0.938144   0.986134
   134.60520    1.050745   0.986245
   134.61420    1.009101   0.986348
   134.62320    0.928257   0.986477
   134.63160    0.924534   0.986554
   134.64060    0.883240   0.986692
   134.64960    1.008985   0.986854
   134.65860    0.930932   0.986990
   134.66760    0.985953   0.987161
   134.67660    1.027015   0.987265
   134.68500    0.981998   0.987359
   134.69400    1.032598   0.987497
   134.70300    1.009683   0.987583
   134.71200    0.890917   0.987738
   134.72100    1.030970   0.987841
   134.73000    1.034460   0.987987
   134.73840    1.027131   0.988133
   134.74740    0.957338   0.988270
   134.75640    1.014336   0.988365
   134.76540    1.017942   0.988468
   134.77440    0.988279   0.988597
   134.78340    0.955011   0.988753
   134.79180    0.991187   0.988813
   134.80080    0.944077   0.988976
   134.80980    0.939656   0.989140
   134.81880    1.106347   0.989226
   134.82780    0.989559   0.989347
   134.83680    1.000493   0.989451
   134.84520    1.018756   0.989554
   134.85420    1.020966   0.989675
   134.86320    1.011311   0.989821
   134.87220    1.037251   0.990001
   134.88120    1.136940   0.990097
   134.89020    1.086107   0.990157
   134.89860    0.959897   0.990296
   134.90760    0.996655   0.990399
   134.91660    1.022595   0.990520
   134.92560    1.076917   0.990624
   134.93460    1.026899   0.990779
   134.94360    1.016779   0.990925
   134.95200    1.140313   0.991020
   134.96100    1.074009   0.991133
   134.97000    0.932444   0.991237
   134.97900    1.061795   0.991306
   134.98800    0.977345   0.991462
   134.99640    0.994910   0.991582
   135.00540    1.036204   0.991738
   135.01440    0.979439   0.991816
   135.02340    1.028876   0.991928
   135.03240    0.959199   0.992049
   135.04140    0.898594   0.992136
   135.04980    1.061447   0.992222
   135.05880    1.029109   0.992360
   135.06780    0.868350   0.992482
   135.07680    0.987000   0.992637
   135.08580    0.967923   0.992706
   135.09480    1.047255   0.992801
   135.10320    1.038415   0.992905
   135.11220    1.086107   0.993000
   135.12120    0.948730   0.993156
   135.13020    1.054583   0.993243
   135.13920    1.055747   0.993390
   135.14820    1.015499   0.993468
   135.15660    1.043067   0.993563
   135.16560    0.963503   0.993684
   135.17460    0.950358   0.993761
   135.18360    0.998516   0.993840
   135.19260    1.050977   0.993978
   135.20160    0.892429   0.994134
   135.21000    0.936981   0.994212
   135.21900    0.947101   0.994299
   135.22800    0.951172   0.994376
   135.23700    0.999446   0.994505
   135.24600    1.079128   0.994584
   135.25500    1.171255   0.994713
   135.26340    1.068193   0.994826
   135.27240    1.125657   0.994930
   135.28140    1.084246   0.995007
   135.29040    1.042719   0.995094
   135.29940    1.065053   0.995180
   135.30840    1.080989   0.995267
   135.31680    0.941285   0.995388
   135.32580    1.072846   0.995544
   135.33480    1.078313   0.995586
   135.34380    0.964433   0.995690
   135.35280    1.109139   0.995768
   135.36120    1.040508   0.995845
   135.37020    1.001191   0.995950
   135.37920    1.014336   0.996044
   135.38820    0.970947   0.996174
   135.39720    1.028411   0.996251
   135.40620    1.084362   0.996321
   135.41460    1.071101   0.996390
   135.42360    1.008171   0.996467
   135.43260    1.127053   0.996570
   135.44160    1.019919   0.996665
   135.45060    0.997818   0.996795
   135.45960    0.968737   0.996847
   135.46800    1.066914   0.996941
   135.47700    0.980486   0.996992
   135.48600    1.048418   0.997088
   135.49500    1.013405   0.997157
   135.50400    1.046790   0.997260
   135.51300    1.011311   0.997380
   135.52140    1.012940   0.997449
   135.53040    1.041672   0.997492
   135.53940    1.088317   0.997578
   135.54840    1.059469   0.997646
   135.55740    1.132287   0.997724
   135.56640    1.072962   0.997819
   135.57480    1.016779   0.997914
   135.58380    0.950823   0.997998
   135.59280    0.930467   0.998024
   135.60180    1.030272   0.998110
   135.61080    0.878238   0.998169
   135.61980    0.905690   0.998247
   135.62820    0.954546   0.998341
   135.63720    0.998981   0.998427
   135.64620    0.947334   0.998469
   135.65520    0.867071   0.998529
   135.66420    0.943728   0.998580
   135.67320    1.013521   0.998648
   135.68160    1.063540   0.998725
   135.69060    0.956989   0.998828
   135.69960    0.923022   0.998878
   135.70860    1.046208   0.998904
   135.71760    0.901735   0.998963
   135.72660    0.935585   0.999014
   135.73500    1.099833   0.999073
   135.74400    0.944309   0.999150
   135.75300    1.005728   0.999235
   135.76200    1.008403   0.999268
   135.77100    0.959664   0.999302
   135.77940    0.886613   0.999336
   135.78840    0.993747   0.999394
   135.79740    0.951056   0.999437
   135.80640    0.939889   0.999538
   135.81540    1.035739   0.999572
   135.82440    0.984324   0.999596
   135.83280    1.061098   0.999629
   135.84180    1.000959   0.999655
   135.85080    0.999097   0.999704
   135.85980    0.975600   0.999754
   135.86880    0.936283   0.999821
   135.87780    0.867885   0.999837
   135.88620    0.917788   0.999854
   135.89520    0.976182   0.999870
   135.90420    1.045743   0.999902
   135.91320    1.016546   0.999919
   135.92220    0.956058   0.999984
   135.93120    1.039694   1.000000
   135.93960    1.018407   1.000000
   135.94860    1.004681   1.000000
   135.95760    1.017942   1.000000
   135.96660    1.082501   1.000000
   135.97560    1.039927   1.000000
   135.98460    1.013754   1.000000
   135.99300    1.020733   1.000000
   136.00200    0.969202   1.000000
   136.01100    0.993514   1.000000
   136.02000    0.979788   1.000000
   136.02900    0.940471   1.000000
   136.03800    1.035274   1.000000
   136.04640    1.091923   1.000000
   136.05540    1.024456   1.000000
   136.06440    0.937446   1.000000
   136.07340    1.049116   1.000000
   136.08240    0.949893   1.000000
   136.09140    1.055049   1.000000
   136.09980    1.027248   1.000000
   136.10880    1.053188   1.000000
   136.11780    0.991885   1.000000
   136.12680    1.017593   1.000000
   136.13580    0.949311   1.000000
   136.14480    0.981533   1.000000
   136.15320    1.017360   1.000000
   136.16220    0.962339   1.000000
   136.17120    0.941983   1.000000
   136.18020    1.025270   1.000000
   136.18920    0.985139   1.000000
   136.19760    1.041206   1.000000
   136.20660    0.960711   1.000000
   136.21560    1.005263   1.000000
   136.22460    1.028527   1.000000
   136.23360    0.973623   1.000000
   136.24260    0.918951   1.000000
   136.25100    0.970133   1.000000
   136.26000    0.964782   1.000000
   136.26900    0.916508   1.000000
   136.27800    0.994561   1.000000
   136.28700    0.927443   1.000000
   136.29600    1.026084   1.000000
   136.30440    1.074591   1.000000
   136.31340    1.000959   1.000000
   136.32240    1.039461   1.000000
   136.33140    0.979788   1.000000
   136.34040    0.992932   1.000000
   136.34940    0.935701   1.000000
   136.35780    0.943495   1.000000
   136.36680    0.934538   1.000000
   136.37580    0.912670   1.000000
   136.38480    0.935585   1.000000
   136.39380    0.852763   1.000000
   136.40280    0.930583   1.000000
   136.41120    0.969202   1.000000
   136.42020    0.979904   1.000000
   136.42920    1.020617   1.000000
   136.43820    0.904411   1.000000
   136.44720    0.994677   1.000000
   136.45620    0.969668   1.000000
   136.46460    0.989559   1.000000
   136.47360    0.883356   1.000000
   136.48260    1.012126   1.000000
   136.49160    0.997818   1.000000
   136.50060    0.987581   1.000000
   136.50960    1.001308   1.000000
   136.51800    0.936167   1.000000
   136.52700    1.020036   1.000000
   136.53600    0.991653   1.000000
   136.54500    0.977578   1.000000
   136.55400    0.922557   1.000000
   136.56240    0.887078   1.000000
   136.57140    0.920114   1.000000
   136.58040    1.029807   1.000000
   136.58940    0.955709   1.000000
   136.59840    0.958384   1.000000
   136.60740    1.010962   1.000000
   136.61580    0.979206   1.000000
   136.62480    0.968505   1.000000
   136.63380    0.916159   1.000000
   136.64280    1.030505   1.000000
   136.65180    1.017593   1.000000
   136.66080    0.971878   1.000000
   136.66920    0.907784   1.000000
   136.67820    0.967690   1.000000
   136.68720    0.996538   1.000000
   136.69620    1.025503   1.000000
   136.70520    0.980369   1.000000
   136.71420    1.024223   1.000000
   136.72260    0.923720   1.000000
   136.73160    0.941634   1.000000
   136.74060    1.070171   1.000000
   136.74960    0.974088   1.000000
   136.75860    0.964084   1.000000
   136.76760    0.977229   1.000000
   136.77600    1.044463   1.000000
   136.78500    0.901270   1.000000
   136.79400    0.992700   1.000000
   136.80300    1.031086   1.000000
   136.81200    1.143687   1.000000
   136.82100    1.027480   1.000000
   136.82940    1.131124   1.000000
   136.83840    1.070985   1.000000
   136.84740    1.070636   1.000000
   136.85640    1.027131   1.000000
   136.86540    1.065750   1.000000
   136.87440    1.020152   1.000000
   136.88280    1.152993   1.000000
   136.89180    1.249773   1.000000
   136.90080    1.227556   1.000000
   136.90980    1.169743   1.000000
   136.91880    1.106115   1.000000
   136.92780    1.007124   1.000000
   136.93620    1.033064   1.000000
   136.94520    0.931863   1.000000
   136.95420    0.986767   1.000000
   136.96320    1.018523   1.000000
   136.97220    1.054816   1.000000
   136.98060    1.030156   1.000000
   136.98960    1.055747   1.000000
   136.99860    1.063424   1.000000
