   950.13335    1.030659   1.000000
   950.15113    1.031197   1.000000
   950.16893    1.014852   1.000000
   950.18673    1.008886   1.000000
   950.20452    1.035578   1.000000
   950.22232    1.023800   1.000000
   950.24012    1.005657   1.000000
   950.25792    1.026399   1.000000
   950.27570    0.999122   1.000000
   950.29350    1.022908   1.000000
   950.31130    1.015974   1.000000
   950.32910    1.006410   1.000000
   950.34688    1.005979   1.000000
   950.36468    1.026167   1.000000
   950.38248    1.017987   1.000000
   950.40028    1.004826   1.000000
   950.41807    1.019063   1.000000
   950.43587    1.017110   1.000000
   950.45367    1.004364   1.000000
   950.47145    0.986497   1.000000
   950.48925    0.964756   1.000000
   950.50705    0.958237   1.000000
   950.52485    0.959882   1.000000
   950.54263    0.993216   1.000000
   950.56043    1.018939   1.000000
   950.57823    0.993046   1.000000
   950.59603    0.983206   1.000000
   950.61382    0.991493   1.000000
   950.63162    1.002133   1.000000
   950.64942    0.978454   1.000000
   950.66722    0.983697   1.000000
   950.68500    0.981606   1.000000
   950.70280    0.980899   1.000000
   950.72060    1.010497   1.000000
   950.73838    1.005223   1.000000
   950.75618    1.031361   1.000000
   950.77398    1.014740   1.000000
   950.79178    1.038664   1.000000
   950.80957    1.050688   1.000000
   950.82737    1.021197   1.000000
   950.84517    1.024088   1.000000
   950.86297    1.028639   1.000000
   950.88075    1.033190   1.000000
   950.89855    1.016292   1.000000
   950.91635    1.011710   1.000000
   950.93415    1.025117   1.000000
   950.95193    0.995073   1.000000
   950.96973    1.011387   1.000000
   950.98753    1.005006   1.000000
   951.00532    1.003883   1.000000
   951.02312    0.994873   1.000000
   951.04092    1.001638   1.000000
   951.05872    1.005082   1.000000
   951.07650    1.004375   1.000000
   951.09430    1.030928   1.000000
   951.11210    1.044197   1.000000
   951.12990    1.033665   1.000000
   951.14768    1.025900   1.000000
   951.16548    1.021179   1.000000
   951.18328    1.043166   1.000000
   951.20108    1.052146   1.000000
   951.21887    1.035801   1.000000
   951.23667    1.037723   1.000000
   951.25447    1.019856   1.000000
   951.27227    1.038522   1.000000
   951.29005    1.022039   1.000000
   951.30785    1.021055   1.000000
   951.32565    1.019379   1.000000
   951.34343    1.010092   1.000000
   951.36123    1.007863   1.000000
   951.37903    0.990965   1.000000
   951.39683    0.992056   1.000000
   951.41462    1.005740   1.000000
   951.43242    0.998806   1.000000
   951.45022    1.005709   1.000000
   951.46802    0.985075   1.000000
   951.48580    0.981323   1.000000
   951.50360    1.001650   1.000000
   951.52140    0.993055   1.000000
   951.53920    0.992209   1.000000
   951.55698    0.988595   1.000000
   951.57478    0.998405   1.000000
   951.59258    1.013196   1.000000
   951.61037    1.021484   1.000000
   951.62817    1.028941   1.000000
   951.64597    1.011904   1.000000
   951.66377    1.012581   1.000000
   951.68155    1.004539   1.000000
   951.69935    0.987503   1.000000
   951.71715    0.974895   1.000000
   951.73495    0.996605   1.000000
   951.75273    1.006414   1.000000
   951.77053    1.011104   1.000000
   951.78833    0.994898   1.000000
   951.80613    0.999864   1.000000
   951.82392    0.995974   1.000000
   951.84172    0.994713   1.000000
   951.85952    1.003692   1.000000
   951.87730    1.017238   1.000000
   951.89510    1.006429   1.000000
   951.91290    0.991883   1.000000
   951.93070    0.998787   1.000000
   951.94848    0.993098   1.000000
   951.96628    0.998617   1.000000
   951.98408    1.027385   1.000000
   952.00188    1.003430   1.000000
   952.01967    1.008396   1.000000
   952.03747    1.006996   1.000000
   952.05527    1.007811   1.000000
   952.07307    0.992297   1.000000
   952.09085    0.992282   1.000000
   952.10865    0.986731   1.000000
   952.12645    0.989345   1.000000
   952.14423    0.995279   1.000000
   952.16203    0.949322   1.000000
   952.17983    0.973384   1.000000
   952.19763    0.988452   1.000000
   952.21542    0.966019   1.000000
   952.23322    0.954241   1.000000
   952.25102    0.991727   1.000000
   952.26882    0.997523   1.000000
   952.28660    0.975505   1.000000
   952.30440    0.990297   1.000000
   952.32220    1.004257   1.000000
   952.34000    0.962313   1.000000
   952.35778    0.959668   1.000000
   952.37558    0.961175   1.000000
   952.39338    0.973613   1.000000
   952.41118    0.967232   1.000000
   952.42897    0.973167   1.000000
   952.44677    0.986851   1.000000
   952.46457    0.997076   1.000000
   952.48235    0.984053   1.000000
   952.50015    0.982377   1.000000
   952.51795    0.989003   1.000000
   952.53575    1.005040   1.000000
   952.55353    1.005578   1.000000
   952.57133    0.997398   1.000000
   952.58913    0.998074   1.000000
   952.60693    0.975641   1.000000
   952.62472    0.962203   1.000000
   952.64252    0.958451   1.000000
   952.66032    0.974349   1.000000
   952.67812    0.972950   1.000000
   952.69590    0.977501   1.000000
   952.71370    0.975825   1.000000
   952.73150    0.993661   1.000000
   952.74928    0.970951   1.000000
   952.76708    0.973426   1.000000
   952.78488    0.961925   1.000000
   952.80268    0.965092   1.000000
   952.82047    0.965353   1.000000
   952.83827    0.968659   1.000000
   952.85607    0.957711   1.000000
   952.87387    0.968213   1.000000
   952.89165    0.963631   1.000000
   952.90945    0.963200   1.000000
   952.92725    0.948378   1.000000
   952.94505    0.973963   1.000000
   952.96283    0.982527   1.000000
   952.98063    1.010464   1.000000
   952.99843    1.037986   1.000000
   953.01622    1.027731   1.000000
   953.03402    1.017337   1.000000
   953.05182    0.990752   1.000000
   953.06962    0.980358   1.000000
   953.08740    0.975222   1.000000
   953.10520    0.995964   0.999999
   953.12300    1.006604   0.999998
   953.14080    1.002299   0.999996
   953.15858    1.015014   0.999993
   953.17638    0.987599   0.999989
   953.19418    0.988829   0.999983
   953.21198    0.976913   0.999976
   953.22977    0.963751   0.999968
   953.24757    0.992657   0.999957
   953.26537    1.001221   0.999943
   953.28315    0.989305   0.999928
   953.30095    0.984446   0.999909
   953.31875    0.994532   0.999888
   953.33655    0.989535   0.999863
   953.35433    1.000037   0.999834
   953.37213    1.008739   0.999802
   953.38993    1.002773   0.999766
   953.40773    0.975774   0.999725
   953.42552    0.980048   0.999680
   953.44332    0.971038   0.999630
   953.46112    0.956215   0.999575
   953.47892    0.975988   0.999515
   953.49670    0.984552   0.999449
   953.51450    0.978725   0.999377
   953.53230    0.976219   0.999299
   953.55010    0.973159   0.999215
   953.56788    0.982415   0.999124
   953.58568    0.976034   0.999027
   953.60348    0.969376   0.998922
   953.62127    0.959397   0.998811
   953.63907    0.975710   0.998692
   953.65687    0.972512   0.998565
   953.67467    0.958105   0.998430
   953.69245    0.958505   0.998287
   953.71025    0.971635   0.998136
   953.72805    0.971620   0.997976
   953.74585    0.979492   0.997808
   953.76363    0.989025   0.997630
   953.78143    0.985273   0.997444
   953.79923    0.987748   0.997248
   953.81703    0.972649   0.997042
   953.83482    1.006952   0.996828
   953.85262    1.031292   0.996603
   953.87042    1.006644   0.996368
   953.88820    1.000955   0.996123
   953.90600    1.005229   0.995867
   953.92380    0.997326   0.995601
   953.94160    1.005198   0.995325
   953.95938    0.990653   0.995038
   953.97718    0.977353   0.994739
   953.99498    0.977337   0.994430
   954.01278    0.998494   0.994110
   954.03057    0.961946   0.993778
   954.04837    0.957502   0.993435
   954.06617    0.983503   0.993081
   954.08397    0.973247   0.992715
   954.10175    0.986793   0.992338
   954.11955    0.984978   0.991949
   954.13735    0.986346   0.991548
   954.15513    0.993942   0.991135
   954.17293    0.962099   0.990711
   954.19073    0.963467   0.990274
   954.20853    0.994310   0.989826
   954.22632    0.986269   0.989366
   954.24412    1.005903   0.988894
   954.26192    0.995094   0.988409
   954.27972    0.991619   0.987913
   954.29750    0.974583   0.987405
   954.31530    0.981902   0.986885
   954.33310    0.967079   0.986352
   954.35090    0.970938   0.985808
   954.36868    0.945738   0.985253
   954.38648    0.952918   0.984685
   954.40428    0.968401   0.984105
   954.42207    0.977380   0.983514
   954.43987    0.957161   0.982910
   954.45767    0.966832   0.982295
   954.47547    0.980793   0.981669
   954.49325    0.976350   0.981032
   954.51105    0.999997   0.980383
   954.52885    0.990572   0.979722
   954.54665    0.962327   0.979051
   954.56443    0.970060   0.978369
   954.58223    0.991217   0.977676
   954.60003    0.984836   0.976972
   954.61783    0.966693   0.976258
   954.63562    0.978301   0.975534
   954.65342    0.979254   0.974799
   954.67122    0.975503   0.974054
   954.68902    0.965939   0.973299
   954.70680    0.981007   0.972536
   954.72460    0.969506   0.971762
   954.74240    0.967830   0.970979
   954.76018    0.945950   0.970188
   954.77798    0.908157   0.969388
   954.79578    0.920734   0.968579
   954.81358    0.934556   0.967762
   954.83137    0.919872   0.966938
   954.84917    0.950854   0.966106
   954.86697    0.946134   0.965267
   954.88477    0.950961   0.964421
   954.90255    0.942643   0.963568
   954.92035    0.931004   0.962709
   954.93815    0.953544   0.961843
   954.95595    0.956020   0.960971
   954.97373    0.955589   0.960095
   954.99153    0.970795   0.959211
   955.00933    0.988631   0.958323
   955.02712    0.993320   0.957430
   955.04492    0.996072   0.956531
   955.06272    0.978344   0.955628
   955.08052    0.997840   0.954720
   955.09830    0.969734   0.953808
   955.11610    0.957402   0.952892
   955.13390    0.953927   0.951971
   955.15170    0.970517   0.951047
   955.16948    0.946977   0.950120
   955.18728    0.934507   0.949188
   955.20508    0.940442   0.948253
   955.22288    0.941395   0.947316
   955.24067    0.963382   0.946376
   955.25847    0.973469   0.945433
   955.27627    0.950205   0.944487
   955.29405    0.951989   0.943540
   955.31185    0.946438   0.942590
   955.32965    0.933691   0.941638
   955.34745    0.930770   0.940684
   955.36523    0.913595   0.939729
   955.38303    0.931016   0.938773
   955.40083    0.921867   0.937814
   955.41863    0.926556   0.936855
   955.43642    0.956985   0.935896
   955.45422    0.942716   0.934935
   955.47202    0.949896   0.933974
   955.48982    0.968285   0.933012
   955.50760    0.951249   0.932051
   955.52540    0.933244   0.931089
   955.54320    0.934474   0.930128
   955.56098    0.908443   0.929167
   955.57878    0.926832   0.928206
   955.59658    0.946882   0.927246
   955.61438    0.951848   0.926286
   955.63217    0.918067   0.925329
   955.64997    0.923587   0.924372
   955.66777    0.901154   0.923416
   955.68557    0.915807   0.922461
   955.70335    0.912055   0.921509
   955.72115    0.916883   0.920558
   955.73895    0.936241   0.919610
   955.75675    0.913254   0.918663
   955.77453    0.903552   0.917719
   955.79233    0.915299   0.916777
   955.81013    0.936179   0.915838
   955.82793    0.955951   0.914902
   955.84572    0.934072   0.913969
   955.86352    0.960764   0.913039
   955.88132    0.946495   0.912112
   955.89910    0.929459   0.911189
   955.91690    0.930550   0.910269
   955.93470    0.924308   0.909353
   955.95250    0.908793   0.908441
   955.97028    0.896600   0.907534
   955.98808    0.878734   0.906630
   956.00588    0.899752   0.905731
   956.02368    0.902089   0.904836
   956.04147    0.896815   0.903947
   956.05927    0.881301   0.903062
   956.07707    0.872429   0.902182
   956.09487    0.866740   0.901307
   956.11265    0.873920   0.900439
   956.13045    0.875150   0.899575
   956.14825    0.889111   0.898716
   956.16603    0.865433   0.897865
   956.18383    0.863757   0.897018
   956.20163    0.854331   0.896178
   956.21943    0.857913   0.895344
   956.23722    0.870352   0.894517
   956.25502    0.830206   0.893696
   956.27282    0.838355   0.892882
   956.29062    0.881515   0.892075
   956.30840    0.843444   0.891275
   956.32620    0.833465   0.890482
   956.34400    0.825424   0.889696
   956.36180    0.820427   0.888918
   956.37958    0.833972   0.888148
   956.39738    0.865231   0.887385
   956.41518    0.893860   0.886629
   956.43297    0.915432   0.885883
   956.45077    0.892584   0.885144
   956.46857    0.870981   0.884413
   956.48637    0.845642   0.883691
   956.50415    0.899733   0.882978
   956.52195    0.895151   0.882272
   956.53975    0.915339   0.881576
   956.55755    0.926256   0.880889
   956.57533    0.920151   0.880211
   956.59313    0.935219   0.879542
   956.61093    0.943368   0.878883
   956.62873    0.922319   0.878232
   956.64652    0.905559   0.877592
   956.66432    0.924779   0.876961
   956.68212    0.899440   0.876340
   956.69990    0.887662   0.875730
   956.71770    0.890137   0.875129
   956.73550    0.874900   0.874538
   956.75330    0.859801   0.873957
   956.77108    0.872655   0.873387
   956.78888    0.854788   0.872827
   956.80668    0.871101   0.872278
   956.82448    0.879804   0.871740
   956.84227    0.871070   0.871213
   956.86007    0.871885   0.870696
   956.87787    0.846546   0.870191
   956.89567    0.836844   0.869696
   956.91345    0.851081   0.869213
   956.93125    0.843593   0.868742
   956.94905    0.869178   0.868281
   956.96685    0.884108   0.867832
   956.98463    0.864442   0.867395
   957.00243    0.872591   0.866969
   957.02023    0.860260   0.866556
   957.03802    0.847929   0.866154
   957.05582    0.852756   0.865764
   957.07362    0.838764   0.865386
   957.09142    0.835013   0.865019
   957.10920    0.851880   0.864666
   957.12700    0.853109   0.864324
   957.14480    0.850188   0.863995
   957.16260    0.895284   0.863678
   957.18038    0.891118   0.863373
   957.19818    0.891379   0.863081
   957.21598    0.875865   0.862802
   957.23378    0.888165   0.862535
   957.25157    0.899773   0.862281
   957.26937    0.899481   0.862039
   957.28717    0.905278   0.861810
   957.30495    0.899727   0.861594
   957.32275    0.880892   0.861391
   957.34055    0.863717   0.861201
   957.35835    0.877401   0.861023
   957.37613    0.867284   0.860859
   957.39393    0.894529   0.860708
   957.41173    0.889532   0.860569
   957.42953    0.867514   0.860444
   957.44732    0.880506   0.860332
   957.46512    0.874679   0.860232
   957.48292    0.863593   0.860146
   957.50072    0.881290   0.860073
   957.51850    0.865914   0.860014
   957.53630    0.865069   0.859967
   957.55410    0.848171   0.859933
   957.57188    0.872648   0.859913
   957.58968    0.875124   0.859906
   957.60748    0.849646   0.859912
   957.62528    0.857103   0.859931
   957.64307    0.868158   0.859963
   957.66087    0.887239   0.860009
   957.67867    0.862454   0.860067
   957.69647    0.841404   0.860139
   957.71425    0.864637   0.860224
   957.73205    0.863237   0.860322
   957.74985    0.887854   0.860433
   957.76765    0.878567   0.860557
   957.78543    0.884917   0.860694
   957.80323    0.883517   0.860844
   957.82103    0.902045   0.861007
   957.83882    0.881134   0.861183
   957.85662    0.888314   0.861372
   957.87442    0.886223   0.861574
   957.89222    0.881641   0.861789
   957.91000    0.885638   0.862016
   957.92780    0.894756   0.862256
   957.94560    0.880764   0.862509
   957.96340    0.895832   0.862774
   957.98118    0.878934   0.863052
   957.99898    0.871169   0.863342
   958.01678    0.861329   0.863645
   958.03458    0.870308   0.863961
   958.05237    0.853410   0.864288
   958.07017    0.858791   0.864628
   958.08797    0.874966   0.864980
   958.10577    0.872045   0.865344
   958.12355    0.852794   0.865720
   958.14135    0.878241   0.866108
   958.15915    0.879056   0.866508
   958.17693    0.886236   0.866920
   958.19473    0.848581   0.867343
   958.21253    0.878594   0.867779
   958.23033    0.874842   0.868226
   958.24812    0.872751   0.868683
   958.26592    0.855438   0.869153
   958.28372    0.857221   0.869634
   958.30152    0.857206   0.870126
   958.31930    0.858297   0.870629
   958.33710    0.876686   0.871143
   958.35490    0.873211   0.871668
   958.37270    0.875687   0.872204
   958.39048    0.877747   0.872750
   958.40828    0.871643   0.873307
   958.42608    0.882283   0.873875
   958.44387    0.871058   0.874452
   958.46167    0.876301   0.875041
   958.47947    0.873518   0.875639
   958.49727    0.863954   0.876247
   958.51505    0.879714   0.876865
   958.53285    0.871534   0.877493
   958.55065    0.875255   0.878131
   958.56845    0.877038   0.878778
   958.58623    0.885741   0.879434
   958.60403    0.879498   0.880100
   958.62183    0.880451   0.880776
   958.63963    0.885002   0.881460
   958.65742    0.889969   0.882153
   958.67522    0.878329   0.882855
   958.69302    0.885648   0.883565
   958.71080    0.882173   0.884284
   958.72860    0.867766   0.885012
   958.74640    0.890721   0.885748
   958.76420    0.877975   0.886492
   958.78198    0.898024   0.887243
   958.79978    0.896348   0.888003
   958.81758    0.889829   0.888771
   958.83538    0.896732   0.889546
   958.85317    0.877897   0.890328
   958.87097    0.901130   0.891119
   958.88877    0.895579   0.891916
   958.90657    0.886154   0.892720
   958.92435    0.893057   0.893531
   958.94215    0.889582   0.894349
   958.95995    0.893026   0.895173
   958.97773    0.889413   0.896004
   958.99553    0.901713   0.896841
   959.01333    0.901282   0.897685
   959.03113    0.901682   0.898534
   959.04892    0.870116   0.899389
   959.06672    0.883661   0.900250
   959.08452    0.889735   0.901117
   959.10232    0.885014   0.901989
   959.12010    0.890949   0.902865
   959.13790    0.879725   0.903748
   959.15570    0.880955   0.904635
   959.17350    0.891318   0.905528
   959.19128    0.897668   0.906424
   959.20908    0.900558   0.907325
   959.22688    0.904002   0.908231
   959.24468    0.908415   0.909141
   959.26247    0.912136   0.910054
   959.28027    0.896483   0.910972
   959.29807    0.889410   0.911893
   959.31585    0.915687   0.912818
   959.33365    0.907369   0.913746
   959.35145    0.909014   0.914678
   959.36925    0.894745   0.915613
   959.38703    0.916178   0.916550
   959.40483    0.896790   0.917490
   959.42263    0.892761   0.918433
   959.44043    0.897312   0.919379
   959.45822    0.908367   0.920326
   959.47602    0.905722   0.921276
   959.49382    0.898788   0.922228
   959.51162    0.920913   0.923181
   959.52940    0.910519   0.924136
   959.54720    0.890162   0.925092
   959.56500    0.911042   0.926051
   959.58278    0.918222   0.927009
   959.60058    0.891914   0.927969
   959.61838    0.888716   0.928930
   959.63618    0.885102   0.929891
   959.65397    0.908888   0.930852
   959.67177    0.899601   0.931815
   959.68957    0.889069   0.932777
   959.70737    0.891683   0.933739
   959.72515    0.907858   0.934700
   959.74295    0.912132   0.935662
   959.76075    0.917652   0.936623
   959.77855    0.934242   0.937584
   959.79633    0.943359   0.938542
   959.81413    0.929644   0.939500
   959.83193    0.927415   0.940457
   959.84972    0.934041   0.941412
   959.86752    0.922540   0.942366
   959.88532    0.921556   0.943318
   959.90312    0.926661   0.944269
   959.92090    0.941590   0.945216
   959.93870    0.942682   0.946161
   959.95650    0.929243   0.947105
   959.97430    0.929228   0.948045
   959.99208    0.936270   0.948982
   960.00988    0.923938   0.949916
   960.02768    0.921432   0.950847
   960.04548    0.946463   0.951775
   960.06327    0.949354   0.952698
   960.08107    0.944910   0.953619
   960.09887    0.951260   0.954535
   960.11665    0.965913   0.955446
   960.13445    0.965759   0.956353
   960.15225    0.966159   0.957256
   960.17005    0.959639   0.958154
   960.18783    0.960731   0.959046
   960.20563    0.952689   0.959934
   960.22343    0.988514   0.960816
   960.24123    0.967188   0.961692
   960.25902    0.963713   0.962562
   960.27682    0.968264   0.963426
   960.29462    0.961053   0.964284
   960.31242    0.990928   0.965135
   960.33020    0.974998   0.965978
   960.34800    0.991589   0.966815
   960.36580    0.990051   0.967644
   960.38360    0.967894   0.968465
   960.40138    0.948782   0.969277
   960.41918    0.975751   0.970081
   960.43698    0.978918   0.970877
   960.45477    0.984023   0.971663
   960.47257    0.991342   0.972440
   960.49037    0.993125   0.973208
   960.50817    0.987159   0.973966
   960.52595    0.971368   0.974713
   960.54375    0.955162   0.975452
   960.56155    0.974243   0.976180
   960.57935    0.962742   0.976897
   960.59713    0.984037   0.977604
   960.61493    0.988865   0.978300
   960.63273    0.982484   0.978985
   960.65053    0.967247   0.979660
   960.66832    0.981761   0.980322
   960.68612    0.990879   0.980975
   960.70392    1.003456   0.981615
   960.72170    1.000950   0.982244
   960.73950    1.001903   0.982861
   960.75730    0.986112   0.983467
   960.77510    1.012527   0.984062
   960.79288    1.020814   0.984643
   960.81068    1.024673   0.985214
   960.82848    1.015802   0.985773
   960.84628    1.018000   0.986319
   960.86407    1.039987   0.986854
   960.88187    1.051596   0.987376
   960.89967    1.000103   0.987887
   960.91747    0.995244   0.988386
   960.93525    1.031899   0.988872
   960.95305    1.009327   0.989346
   960.97085    1.003500   0.989809
   960.98863    1.019813   0.990259
   961.00643    1.013294   0.990697
   961.02423    1.007190   0.991124
   961.04203    0.982404   0.991539
   961.05982    1.012417   0.991941
   961.07762    0.993305   0.992332
   961.09542    0.995227   0.992711
   961.11322    1.023164   0.993079
   961.13100    1.002392   0.993435
   961.14880    1.003207   0.993779
   961.16660    1.003468   0.994113
   961.18440    0.989337   0.994435
   961.20218    1.003298   0.994745
   961.21998    0.997886   0.995045
   961.23778    0.985970   0.995333
   961.25558    0.978343   0.995611
   961.27337    0.985108   0.995878
   961.29117    1.007787   0.996134
   961.30897    1.011370   0.996381
   961.32675    1.012046   0.996616
   961.34455    0.995010   0.996842
   961.36235    1.003297   0.997058
   961.38015    1.011723   0.997264
   961.39793    1.029697   0.997460
   961.41573    1.040752   0.997648
   961.43353    1.037553   0.997825
   961.45133    1.029927   0.997994
   961.46912    1.031849   0.998154
   961.48692    1.033079   0.998306
   961.50472    1.031818   0.998449
   961.52252    0.998729   0.998584
   961.54030    1.032617   0.998711
   961.55810    1.020009   0.998830
   961.57590    1.033001   0.998942
   961.59368    1.030218   0.999046
   961.61148    1.020516   0.999143
   961.62928    1.025897   0.999233
   961.64708    1.003602   0.999317
   961.66487    0.993485   0.999394
   961.68267    0.990425   0.999466
   961.70047    1.002034   0.999531
   961.71827    1.006446   0.999591
   961.73605    1.025389   0.999645
   961.75385    1.032846   0.999694
   961.77165    1.026327   0.999739
   961.78945    1.039181   0.999779
   961.80723    1.007891   0.999814
   961.82503    1.007460   0.999846
   961.84283    1.028756   0.999873
   961.86062    1.014210   0.999897
   961.87842    1.038688   0.999918
   961.89622    1.019161   0.999935
   961.91402    1.025234   0.999950
   961.93180    1.008059   0.999963
   961.94960    1.016208   0.999973
   961.96740    1.028647   0.999981
   961.98520    1.017423   0.999987
   962.00298    1.013809   0.999992
   962.02078    0.985702   0.999995
   962.03858    0.982643   0.999997
   962.05638    0.994251   0.999999
   962.07417    1.008074   1.000000
   962.09197    1.019544   1.000000
   962.10977    0.984103   1.000000
   962.12755    1.000139   1.000000
   962.14535    0.994312   1.000000
   962.16315    0.984056   1.000000
   962.18095    0.991098   1.000000
   962.19873    1.002153   1.000000
   962.21653    0.995357   1.000000
   962.23433    0.999078   1.000000
   962.25213    1.001553   1.000000
   962.26992    1.015929   1.000000
   962.28772    1.024355   1.000000
   962.30552    1.017420   1.000000
   962.32332    1.032211   1.000000
   962.34110    1.037316   1.000000
   962.35890    1.028306   1.000000
   962.37670    1.039637   1.000000
   962.39450    1.051107   1.000000
   962.41228    1.039330   1.000000
   962.43008    1.030458   1.000000
   962.44788    1.041513   1.000000
   962.46567    1.010638   1.000000
   962.48347    1.023492   1.000000
   962.50127    1.052398   1.000000
   962.51907    1.016819   1.000000
   962.53685    1.008501   1.000000
   962.55465    1.020663   1.000000
   962.57245    1.030472   1.000000
   962.59025    1.001535   1.000000
   962.60803    1.005671   1.000000
   962.62583    0.980885   1.000000
   962.64363    0.987789   1.000000
   962.66143    1.011575   1.000000
   962.67922    1.027473   1.000000
   962.69702    1.002272   1.000000
   962.71482    1.018170   1.000000
   962.73260    1.014557   1.000000
   962.75040    1.039173   1.000000
   962.76820    1.014664   1.000000
   962.78600    1.015064   1.000000
   962.80378    1.010759   1.000000
   962.82158    1.024858   1.000000
   962.83938    1.050581   1.000000
   962.85718    1.035344   1.000000
   962.87497    1.014848   1.000000
   962.89277    1.042647   1.000000
   962.91057    1.030731   1.000000
   962.92837    1.028501   1.000000
   962.94615    1.034021   1.000000
   962.96395    1.039126   1.000000
   962.98175    1.037726   1.000000
   962.99953    1.044353   1.000000
   963.01733    1.028009   1.000000
   963.03513    1.062588   1.000000
   963.05293    1.047489   1.000000
   963.07072    1.052594   1.000000
   963.08852    1.036665   1.000000
   963.10632    1.044260   1.000000
   963.12412    1.055730   1.000000
   963.14190    1.058067   1.000000
   963.15970    1.034527   1.000000
   963.17750    1.042261   1.000000
   963.19530    1.034357   1.000000
   963.21308    1.025070   1.000000
   963.23088    1.025747   1.000000
   963.24868    1.028637   1.000000
   963.26647    0.991259   1.000000
   963.28427    1.017121   1.000000
   963.30207    1.027760   1.000000
   963.31987    1.015844   1.000000
   963.33765    1.035340   1.000000
   963.35545    1.003497   1.000000
   963.37325    0.997947   1.000000
   963.39105    0.983401   1.000000
   963.40883    0.994456   1.000000
   963.42663    0.994994   1.000000
   963.44443    1.034279   1.000000
   963.46223    1.031219   1.000000
   963.48002    1.015566   1.000000
   963.49782    1.006556   1.000000
   963.51562    1.025914   1.000000
   963.53342    1.007355   1.000000
   963.55120    1.020624   1.000000
   963.56900    1.011891   1.000000
   963.58680    0.997345   1.000000
   963.60458    1.019609   1.000000
   963.62238    0.995100   1.000000
   963.64018    0.986090   1.000000
   963.65798    1.014719   1.000000
   963.67577    1.016226   1.000000
   963.69357    0.997252   1.000000
   963.71137    0.990041   1.000000
   963.72917    0.995007   1.000000
   963.74695    0.999835   1.000000
   963.76475    0.957752   1.000000
   963.78255    0.967700   1.000000
   963.80035    1.005462   1.000000
   963.81813    0.991470   1.000000
   963.83593    0.979415   1.000000
   963.85373    0.966531   1.000000
   963.87152    0.989209   1.000000
   963.88932    1.004554   1.000000
   963.90712    0.981983   1.000000
   963.92492    0.972142   1.000000
   963.94270    0.998281   1.000000
   963.96050    0.998957   1.000000
   963.97830    0.988148   1.000000
   963.99610    0.981490   1.000000
   964.01388    0.978292   1.000000
   964.03168    0.983396   1.000000
   964.04948    0.993621   1.000000
   964.06728    1.000524   1.000000
   964.08507    0.983488   1.000000
   964.10287    0.990530   1.000000
   964.12067    0.990930   1.000000
   964.13845    0.981643   1.000000
   964.15625    0.995465   1.000000
   964.17405    0.996557   1.000000
   964.19185    0.982703   1.000000
   964.20963    0.988084   1.000000
   964.22743    1.026815   1.000000
   964.24523    1.015730   1.000000
   964.26303    1.011978   1.000000
   964.28082    1.022618   1.000000
   964.29862    1.027722   1.000000
   964.31642    1.030889   1.000000
   964.33422    1.018420   1.000000
   964.35200    1.024078   1.000000
   964.36980    1.044819   1.000000
   964.38760    1.056428   1.000000
   964.40538    1.027076   1.000000
   964.42318    1.015713   1.000000
   964.44098    1.023447   1.000000
   964.45878    1.025092   1.000000
   964.47657    1.017880   1.000000
   964.49437    1.023400   1.000000
   964.51217    1.013698   1.000000
   964.52997    0.993202   1.000000
   964.54775    1.005364   1.000000
   964.56555    1.002304   1.000000
   964.58335    1.006717   1.000000
   964.60115    1.027320   1.000000
   964.61893    1.040866   1.000000
   964.63673    1.060916   1.000000
   964.65453    1.053289   1.000000
   964.67233    1.083302   1.000000
   964.69012    1.077475   1.000000
   964.70792    1.053658   1.000000
   964.72572    1.032470   1.000000
   964.74350    1.042556   1.000000
   964.76130    1.050152   1.000000
   964.77910    1.018309   1.000000
   964.79690    1.032546   1.000000
   964.81468    1.015372   1.000000
   964.83248    1.010236   1.000000
   964.85028    1.016171   1.000000
   964.86808    0.994568   1.000000
   964.88587    0.971166   1.000000
   964.90367    0.984850   1.000000
   964.92147    0.996459   1.000000
   964.93927    0.998934   1.000000
   964.95705    1.022443   1.000000
   964.97485    1.020075   1.000000
   964.99265    0.986572   1.000000
   965.01043    0.998180   1.000000
   965.02823    1.001486   1.000000
   965.04603    0.994966   1.000000
   965.06383    1.019306   1.000000
   965.08162    0.989954   1.000000
   965.09942    1.007236   1.000000
   965.11722    1.006252   1.000000
   965.13502    1.020904   1.000000
   965.15280    1.021304   1.000000
   965.17060    1.020458   1.000000
   965.18840    1.050748   1.000000
   965.20620    1.052116   1.000000
   965.22398    1.032589   1.000000
   965.24178    1.016522   1.000000
   965.25958    0.973331   1.000000
   965.27737    0.992551   1.000000
   965.29517    1.005128   1.000000
   965.31297    0.986846   1.000000
   965.33077    0.990290   1.000000
   965.34855    1.026530   1.000000
   965.36635    1.007972   1.000000
   965.38415    0.990244   1.000000
   965.40195    1.000053   1.000000
   965.41973    0.999484   1.000000
   965.43753    0.984108   1.000000
   965.45533    0.984646   1.000000
   965.47313    0.978127   1.000000
   965.49092    0.974375   1.000000
   965.50872    1.002451   1.000000
   965.52652    1.002712   1.000000
   965.54430    0.996608   1.000000
   965.56210    1.013198   1.000000
   965.57990    1.006125   1.000000
   965.59770    0.984522   1.000000
   965.61548    0.960152   1.000000
   965.63328    0.953909   1.000000
   965.65108    0.955831   1.000000
   965.66888    0.942254   1.000000
   965.68667    0.965763   1.000000
   965.70447    0.973912   1.000000
   965.72227    1.002818   1.000000
   965.74007    1.001280   1.000000
   965.75785    1.006523   1.000000
   965.77565    0.999451   1.000000
   965.79345    1.011751   1.000000
   965.81125    1.001080   1.000000
   965.82903    1.011305   1.000000
   965.84683    1.023190   1.000000
   965.86463    1.054448   1.000000
   965.88242    1.009874   1.000000
   965.90022    0.980245   1.000000
   965.91802    0.984796   1.000000
   965.93582    0.998066   1.000000
   965.95360    1.002063   1.000000
   965.97140    1.007998   1.000000
   965.98920    1.010473   1.000000
   966.00700    0.991223   1.000000
   966.02478    0.977784   1.000000
   966.04258    0.982612   1.000000
   966.06038    1.007505   1.000000
   966.07818    0.990607   1.000000
   966.09597    1.003046   1.000000
   966.11377    1.003030   1.000000
   966.13157    0.989039   1.000000
   966.14935    0.994835   1.000000
   966.16715    1.010733   1.000000
   966.18495    1.018605   1.000000
   966.20275    0.978875   1.000000
   966.22053    0.982595   1.000000
   966.23833    0.987147   1.000000
   966.25613    0.995295   1.000000
   966.27393    0.997632   1.000000
   966.29172    0.999139   1.000000
   966.30952    0.986808   1.000000
   966.32732    0.984855   1.000000
   966.34512    1.007395   1.000000
   966.36290    0.983994   1.000000
   966.38070    0.991866   1.000000
   966.39850    0.988391   1.000000
   966.41628    0.975644   1.000000
   966.43408    0.981579   1.000000
   966.45188    0.971877   1.000000
   966.46968    0.978919   1.000000
   966.48747    0.986237   1.000000
   966.50527    0.996601   1.000000
   966.52307    0.981778   1.000000
   966.54087    0.969862   1.000000
   966.55865    0.964173   1.000000
   966.57645    0.976888   1.000000
   966.59425    0.971061   1.000000
   966.61205    0.974228   1.000000
   966.62983    0.979471   1.000000
   966.64763    0.970184   1.000000
   966.66543    0.976534   1.000000
   966.68322    0.974858   1.000000
   966.70102    1.015111   1.000000
   966.71882    0.972336   1.000000
   966.73662    0.970245   1.000000
   966.75440    0.976457   1.000000
   966.77220    0.982530   1.000000
   966.79000    0.970198   1.000000
   966.80780    0.979870   1.000000
   966.82558    0.967261   1.000000
   966.84338    0.990771   1.000000
   966.86118    0.984251   1.000000
   966.87898    0.976348   1.000000
   966.89677    1.000964   1.000000
   966.91457    0.995137   1.000000
   966.93237    0.968414   1.000000
   966.95017    0.955114   1.000000
   966.96795    0.952054   1.000000
   966.98575    0.971965   1.000000
   967.00355    0.987171   1.000000
   967.02133    0.975947   1.000000
   967.03913    0.988524   1.000000
   967.05693    0.992522   1.000000
   967.07473    1.000532   1.000000
   967.09252    1.007851   1.000000
   967.11032    0.992475   1.000000
   967.12812    0.967966   1.000000
   967.14592    0.959371   1.000000
   967.16370    0.956173   1.000000
   967.18150    0.972625   1.000000
   967.19930    0.983265   1.000000
   967.21710    0.970103   1.000000
   967.23488    0.972578   1.000000
   967.25268    1.015599   1.000000
   967.27048    1.009910   1.000000
   967.28827    0.987754   1.000000
   967.30607    0.992997   1.000000
   967.32387    1.001699   1.000000
   967.34167    0.978159   1.000000
   967.35945    0.978143   1.000000
   967.37725    0.970655   1.000000
   967.39505    0.958739   1.000000
   967.41285    0.979757   1.000000
   967.43063    0.996763   1.000000
   967.44843    0.989136   1.000000
   967.46623    0.982617   1.000000
   967.48403    0.983847   1.000000
   967.50182    1.002513   1.000000
   967.51962    0.999314   1.000000
   967.53742    0.976881   1.000000
   967.55520    0.976312   1.000000
   967.57300    0.972145   1.000000
   967.59080    0.949020   1.000000
   967.60860    0.934060   1.000000
   967.62638    0.944561   1.000000
   967.64418    0.967932   1.000000
   967.66198    0.966394   1.000000
   967.67978    0.952956   1.000000
   967.69757    0.982969   1.000000
   967.71537    1.010353   1.000000
   967.73317    0.981000   1.000000
   967.75097    0.974066   1.000000
   967.76875    0.962565   1.000000
   967.78655    0.978601   1.000000
   967.80435    0.964748   1.000000
   967.82213    0.966254   1.000000
   967.83993    0.971082   1.000000
   967.85773    0.953769   1.000000
   967.87553    0.960396   1.000000
   967.89332    0.957613   1.000000
   967.91112    0.968806   1.000000
   967.92892    0.944712   1.000000
   967.94672    0.968913   1.000000
   967.96450    0.945097   1.000000
   967.98230    0.948541   1.000000
