  1338.19860    0.000000   1.000000
  1338.21540    1.278727   1.000000
  1338.23220    1.242060   1.000000
  1338.24900    0.855154   1.000000
  1338.26580    1.103819   1.000000
  1338.28200    1.220143   1.000000
  1338.29880    0.933968   1.000000
  1338.31560    0.987916   1.000000
  1338.33240    1.034698   1.000000
  1338.34860    1.035120   1.000000
  1338.36540    1.002246   1.000000
  1338.38220    0.864426   1.000000
  1338.39900    1.270719   1.000000
  1338.41580    0.913316   1.000000
  1338.43200    1.040599   1.000000
  1338.44880    0.899408   1.000000
  1338.46560    1.004774   1.000000
  1338.48240    0.716492   1.000000
  1338.49860    0.950405   1.000000
  1338.51540    1.084853   1.000000
  1338.53220    0.976115   1.000000
  1338.54900    0.939869   1.000000
  1338.56580    0.857683   1.000000
  1338.58200    0.916688   1.000000
  1338.59880    1.051136   1.000000
  1338.61560    1.060829   1.000000
  1338.63240    1.021633   1.000000
  1338.64860    1.073895   1.000000
  1338.66540    1.152709   1.000000
  1338.68220    0.879599   1.000000
  1338.69900    0.977801   1.000000
  1338.71580    1.024162   1.000000
  1338.73200    0.966842   1.000000
  1338.74880    1.080217   1.000000
  1338.76560    0.789405   1.000000
  1338.78240    1.060408   1.000000
  1338.79860    0.850939   1.000000
  1338.81540    1.154816   1.000000
  1338.83220    1.156502   1.000000
  1338.84900    1.297693   1.000000
  1338.86580    0.926803   1.000000
  1338.88200    0.854311   1.000000
  1338.89880    0.829445   1.000000
  1338.91560    1.193591   1.000000
  1338.93240    0.776340   1.000000
  1338.94860    0.976115   1.000000
  1338.96540    0.995081   1.000000
  1338.98220    1.298536   1.000000
  1338.99900    1.125314   1.000000
  1339.01580    1.009410   1.000000
  1339.03200    0.778447   1.000000
  1339.04880    1.022476   1.000000
  1339.06560    0.916688   1.000000
  1339.08240    0.879178   1.000000
  1339.09860    0.949984   1.000000
  1339.11540    0.933125   1.000000
  1339.13220    1.182211   1.000000
  1339.14900    1.154816   1.000000
  1339.16580    1.114777   1.000000
  1339.18200    1.307387   1.000000
  1339.19880    1.223936   1.000000
  1339.21560    1.174625   1.000000
  1339.23240    0.901515   1.000000
  1339.24860    0.926382   1.000000
  1339.26540    1.116463   1.000000
  1339.28220    1.281256   1.000000
  1339.29900    1.181790   1.000000
  1339.31580    1.051136   1.000000
  1339.33200    0.772125   1.000000
  1339.34880    0.837452   1.000000
  1339.36560    0.982015   1.000000
  1339.38240    1.027533   1.000000
  1339.39860    0.953777   1.000000
  1339.41540    0.853047   1.000000
  1339.43220    1.069259   1.000000
  1339.44900    1.110141   1.000000
  1339.46580    0.871591   1.000000
  1339.48200    1.110562   1.000000
  1339.49880    1.027533   1.000000
  1339.51560    1.148916   1.000000
  1339.53240    0.826073   1.000000
  1339.54860    1.053243   1.000000
  1339.56540    1.298957   1.000000
  1339.58220    1.104662   1.000000
  1339.59900    1.191062   1.000000
  1339.61580    1.093704   1.000000
  1339.63200    1.095389   1.000000
  1339.64880    1.093704   1.000000
  1339.66560    0.979065   1.000000
  1339.68240   -0.060691   1.000000
  1339.69860    1.236159   1.000000
  1339.71540    1.153552   1.000000
  1339.73220    0.907416   1.000000
  1339.74900    0.950827   1.000000
  1339.76580    0.748523   1.000000
  1339.78200    1.115620   1.000000
  1339.79880    1.020790   1.000000
  1339.81560    0.988759   1.000000
  1339.83240    0.951248   1.000000
  1339.84860    1.044814   1.000000
  1339.86540    0.985387   1.000000
  1339.88220    0.882971   1.000000
  1339.89900    1.049871   1.000000
  1339.91580    0.963049   1.000000
  1339.93200    0.900672   1.000000
  1339.94880    0.831973   1.000000
  1339.96560    0.939026   1.000000
  1339.98240    1.092439   1.000000
  1339.99860    1.197806   1.000000
  1340.01540    1.185162   1.000000
  1340.03220    0.878335   1.000000
  1340.04900    1.105926   1.000000
  1340.06580    0.992552   1.000000
  1340.08200    0.836188   1.000000
  1340.09880    0.885500   1.000000
  1340.11560    0.963471   1.000000
  1340.13240    0.976958   1.000000
  1340.14860    1.008146   1.000000
  1340.16540    0.996766   1.000000
  1340.18220    0.962206   1.000000
  1340.19900    0.916267   1.000000
  1340.21580    0.906151   1.000000
  1340.23200    1.058722   1.000000
  1340.24880    1.010253   1.000000
  1340.26560    0.998452   1.000000
  1340.28240    0.832395   1.000000
  1340.29860    1.169146   1.000000
  1340.31540    1.026269   1.000000
  1340.33220    0.903623   1.000000
  1340.34900    0.941133   1.000000
  1340.36580    0.994659   1.000000
  1340.38200    0.934390   1.000000
  1340.39880    1.100868   1.000000
  1340.41560    0.972321   1.000000
  1340.43240    1.151023   1.000000
  1340.44860    1.167039   1.000000
  1340.46540    1.026691   1.000000
  1340.48220    1.088646   1.000000
  1340.49900    1.105505   1.000000
  1340.51580    1.003510   1.000000
  1340.53200    1.290528   1.000000
  1340.54880    1.118992   1.000000
  1340.56560    1.020369   1.000000
  1340.58240    0.954620   1.000000
  1340.59860    1.202442   1.000000
  1340.61540    0.828602   1.000000
  1340.63220    1.002667   1.000000
  1340.64900    1.088646   1.000000
  1340.66580    1.104662   1.000000
  1340.68200    1.030484   1.000000
  1340.69880    1.041863   1.000000
  1340.71560    1.085274   1.000000
  1340.73240    1.284628   1.000000
  1340.74860    0.998874   1.000000
  1340.76540    1.432562   1.000000
  1340.78220    1.080638   1.000000
  1340.79900    1.204971   1.000000
  1340.81580    1.083167   1.000000
  1340.83200    0.973164   1.000000
  1340.84880    1.234473   1.000000
  1340.86560    1.258075   1.000000
  1340.88240    1.216350   1.000000
  1340.89860    1.395895   1.000000
  1340.91540    1.062515   1.000000
  1340.93220    1.093282   1.000000
  1340.94900    1.089067   1.000000
  1340.96580    0.769596   1.000000
  1340.98200    1.004774   1.000000
  1340.99880    1.107190   1.000000
  1341.01560    0.905730   1.000000
  1341.03240    0.941554   1.000000
  1341.04860    0.876227   1.000000
  1341.06540    0.738829   1.000000
  1341.08220    1.251753   1.000000
  1341.09900    0.786034   1.000000
  1341.11580    0.982858   1.000000
  1341.13200    1.079795   1.000000
  1341.14880    0.912895   1.000000
  1341.16560    0.873277   1.000000
  1341.18240    1.161981   1.000000
  1341.19860    0.938604   1.000000
  1341.21540    0.927646   1.000000
  1341.23220    0.875806   1.000000
  1341.24900    1.037649   1.000000
  1341.26580    1.081481   1.000000
  1341.28200    0.937340   1.000000
  1341.29880    1.164510   1.000000
  1341.31560    0.664651   1.000000
  1341.33240    1.020790   1.000000
  1341.34860    0.968107   1.000000
  1341.36540    0.765803   1.000000
  1341.38220    0.942397   1.000000
  1341.39900    0.801628   1.000000
  1341.41580    0.821437   1.000000
  1341.43200    0.915424   1.000000
  1341.44880    0.931439   1.000000
  1341.46560    0.798678   1.000000
  1341.48240    1.121520   1.000000
  1341.49860    1.086117   1.000000
  1341.51540    1.013625   1.000000
  1341.53220    1.155238   0.999961
  1341.54900    1.247960   0.999934
  1341.56580    0.893929   0.999836
  1341.58200    0.949984   0.999773
  1341.59880    0.957992   0.999636
  1341.61560    1.141329   0.999535
  1341.63240    0.895193   0.999357
  1341.64860    1.027112   0.999224
  1341.66540    0.937340   0.999037
  1341.68220    1.030062   0.998865
  1341.69900    1.069259   0.998635
  1341.71580    0.925117   0.998420
  1341.73200    0.869484   0.998191
  1341.74880    0.886342   0.997953
  1341.76560    0.950405   0.997725
  1341.78240    1.301486   0.997434
  1341.79860    0.932282   0.997230
  1341.81540    1.030484   0.996895
  1341.83220    1.061672   0.996642
  1341.84900    0.796570   0.996243
  1341.86580    0.961785   0.996005
  1341.88200    0.856840   0.995653
  1341.89880    0.954198   0.995362
  1341.91560    1.139222   0.994960
  1341.93240    0.966421   0.994644
  1341.94860    0.964735   0.994232
  1341.96540    0.981172   0.993914
  1341.98220    1.180947   0.993524
  1341.99900    0.936918   0.993156
  1342.01580    0.896036   0.992718
  1342.03200    0.805000   0.992327
  1342.04880    0.978643   0.991948
  1342.06560    0.553806   0.991509
  1342.08240    0.657487   0.991138
  1342.09860    0.906994   0.990640
  1342.11540    0.829023   0.990261
  1342.13220    1.106348   0.989730
  1342.14900    0.835345   0.989286
  1342.16580    0.909102   0.988799
  1342.18200    0.943662   0.988436
  1342.19880    0.926382   0.987891
  1342.21560    0.860212   0.987430
  1342.23240    0.745151   0.986943
  1342.24860    1.185583   0.986410
  1342.26540    1.004353   0.986039
  1342.28220    1.027955   0.985408
  1342.29900    1.024583   0.984938
  1342.31580    1.240374   0.984402
  1342.33200    1.071787   0.983893
  1342.34880    1.049871   0.983350
  1342.36560    0.835767   0.982818
  1342.38240    0.891400   0.982265
  1342.39860    1.220143   0.981743
  1342.41540    1.009410   0.981229
  1342.43220    0.814272   0.980591
  1342.44900    1.000138   0.980050
  1342.46580    0.802892   0.979440
  1342.48200    1.126999   0.978936
  1342.49880    1.176311   0.978321
  1342.51560    0.828602   0.977750
  1342.53240    0.722814   0.977180
  1342.54860    1.218036   0.976537
  1342.56540    0.937761   0.976011
  1342.58220    1.084010   0.975312
  1342.59900    0.888028   0.974781
  1342.61580    1.249646   0.974124
  1342.63200    1.042285   0.973531
  1342.64880    0.921324   0.972921
  1342.66560    0.923431   0.972272
  1342.68240    0.789827   0.971669
  1342.69860    0.946612   0.971061
  1342.71540    1.022054   0.970401
  1342.73220    0.762432   0.969726
  1342.74900    0.873277   0.969107
  1342.76580    0.853890   0.968429
  1342.78200    1.135850   0.967771
  1342.79880    0.919638   0.967206
  1342.81560    0.963049   0.966466
  1342.83240    1.014468   0.965836
  1342.84860    1.129950   0.965184
  1342.86540    0.783083   0.964482
  1342.88220    0.961363   0.963899
  1342.89900    0.926803   0.963121
  1342.91580    1.003510   0.962431
  1342.93200    1.187269   0.961771
  1342.94880    0.893507   0.961097
  1342.96560    0.870327   0.960479
  1342.98240    1.213821   0.959726
  1342.99860    0.898986   0.959068
  1343.01540    1.008989   0.958336
  1343.03220    1.061251   0.957647
  1343.04900    1.037227   0.956981
  1343.06580    1.000981   0.956232
  1343.08200    0.888871   0.955601
  1343.09880    0.895615   0.954841
  1343.11560    0.811322   0.954139
  1343.13240    1.209185   0.953513
  1343.14860    1.061672   0.952728
  1343.16540    0.794041   0.952025
  1343.18220    1.126156   0.951318
  1343.19900    1.055350   0.950539
  1343.21580    0.973586   0.949909
  1343.23200    0.867798   0.949133
  1343.24880    1.089489   0.948421
  1343.26560    0.971479   0.947711
  1343.28240    0.944083   0.946960
  1343.29860    0.907837   0.946318
  1343.31540    0.783083   0.945503
  1343.33220    1.051557   0.944798
  1343.34900    0.902358   0.944095
  1343.36580    0.889293   0.943288
  1343.38200    1.001403   0.942626
  1343.39880    1.000560   0.941893
  1343.41560    0.932704   0.941147
  1343.43240    0.790670   0.940444
  1343.44860    0.779290   0.939708
  1343.46540    1.084853   0.938967
  1343.48220    0.972743   0.938279
  1343.49900    0.995924   0.937521
  1343.51580    0.803314   0.936763
  1343.53200    0.903623   0.936026
  1343.54880    0.829445   0.935338
  1343.56560    0.969371   0.934610
  1343.58240    0.786877   0.933846
  1343.59860    0.995081   0.933087
  1343.61540    0.780976   0.932423
  1343.63220    1.038070   0.931628
  1343.64900    0.853890   0.930925
  1343.66580    1.067151   0.930192
  1343.68200    0.995924   0.929476
  1343.69880    0.827759   0.928677
  1343.71560    0.992552   0.928003
  1343.73240    0.832395   0.927227
  1343.74860    1.062515   0.926501
  1343.76540    1.237845   0.925832
  1343.78220    0.866112   0.924991
  1343.79900    0.719021   0.924335
  1343.81580    0.986651   0.923588
  1343.83200    1.003510   0.922877
  1343.84880    0.859369   0.922150
  1343.86560    1.108876   0.921484
  1343.88240    0.884657   0.920724
  1343.89860    0.842931   0.920001
  1343.91540    0.998452   0.919318
  1343.93220    0.730822   0.918555
  1343.94900    0.729557   0.917799
  1343.96580    0.902358   0.917129
  1343.98200    0.941133   0.916404
  1343.99880    0.769175   0.915677
  1344.01560    0.876649   0.915024
  1344.03240    0.706798   0.914231
  1344.04860    0.969371   0.913596
  1344.06540    0.733772   0.912895
  1344.08220    0.936497   0.912279
  1344.09900    1.172518   0.911447
  1344.11580    0.981594   0.910774
  1344.13200    0.840824   0.910201
  1344.14880    0.540319   0.909387
  1344.16560    0.778869   0.908673
  1344.18240    0.911209   0.908033
  1344.19860    1.017840   0.907405
  1344.21540    0.861054   0.906702
  1344.23220    1.017418   0.905973
  1344.24900    0.947034   0.905299
  1344.26580    1.082324   0.904578
  1344.28200    0.682774   0.903876
  1344.29880    0.796992   0.903335
  1344.31560    0.821437   0.902675
  1344.33240    1.135007   0.901952
  1344.34860    1.098340   0.901287
  1344.36540    0.863162   0.900618
  1344.38220    0.839981   0.900018
  1344.39900    1.146387   0.899294
  1344.41580    0.759060   0.898655
  1344.43200    0.955041   0.898210
  1344.44880    0.787719   0.897426
  1344.46560    1.152287   0.896771
  1344.48240    0.828180   0.896136
  1344.49860    1.024162   0.895512
  1344.51540    0.934390   0.894957
  1344.53220    0.873698   0.894325
  1344.54900    0.800363   0.893678
  1344.56580    0.919638   0.893103
  1344.58200    0.717335   0.892427
  1344.59880    1.008989   0.891894
  1344.61560    0.958835   0.891247
  1344.63240    0.846303   0.890710
  1344.64860    0.826494   0.890139
  1344.66540    0.921746   0.889466
  1344.68220    0.829866   0.888875
  1344.69900    0.896036   0.888345
  1344.71580    0.751473   0.887824
  1344.73200    0.694576   0.887233
  1344.74880    0.967685   0.886628
  1344.76560    0.717335   0.885977
  1344.78240    1.067573   0.885560
  1344.79860    1.018683   0.885048
  1344.81540    0.734615   0.884393
  1344.83220    0.777604   0.883892
  1344.84900    0.866534   0.883300
  1344.86580    0.794884   0.882858
  1344.88200    0.821015   0.882393
  1344.89880    0.751052   0.881780
  1344.91560    0.862319   0.881282
  1344.93240    0.990444   0.880778
  1344.94860    0.915424   0.880299
  1344.96540    0.965157   0.879861
  1344.98220    1.327617   0.879271
  1344.99900    1.032591   0.878742
  1345.01580    1.078109   0.878315
  1345.03200    0.696261   0.877873
  1345.04880    0.721549   0.877459
  1345.06560    1.175468   0.876896
  1345.08240    0.814693   0.876402
  1345.09860    0.971479   0.876058
  1345.11540    0.931861   0.875537
  1345.13220    0.913738   0.875125
  1345.14900    0.877913   0.874724
  1345.16580    0.635992   0.874264
  1345.18200    1.009410   0.873878
  1345.19880    0.779290   0.873368
  1345.21560    0.738408   0.872976
  1345.23240    0.674345   0.872650
  1345.24860    0.807950   0.872180
  1345.26540    0.772547   0.871885
  1345.28220    0.706798   0.871493
  1345.29900    0.689939   0.871021
  1345.31580    0.902358   0.870668
  1345.33200    1.018261   0.870346
  1345.34880    0.986651   0.869993
  1345.36560    0.931018   0.869572
  1345.38240    0.846303   0.869274
  1345.39860    1.125735   0.869017
  1345.41540    1.078109   0.868588
  1345.43220    0.817222   0.868284
  1345.44900    0.582466   0.867946
  1345.46580    0.697947   0.867590
  1345.48200    0.753159   0.867354
  1345.49880    0.882549   0.867064
  1345.51560    0.759481   0.866799
  1345.53240    0.917531   0.866453
  1345.54860    0.794463   0.866244
  1345.56540    0.965999   0.865955
  1345.58220    1.089067   0.865659
  1345.59900    0.889714   0.865448
  1345.61580    0.853047   0.865094
  1345.63200    0.758638   0.864978
  1345.64880    0.852625   0.864696
  1345.66560    0.873698   0.864443
  1345.68240    0.647793   0.864234
  1345.69860    0.700898   0.863981
  1345.71540    0.839560   0.863806
  1345.73220    0.868641   0.863636
  1345.74900    0.965578   0.863431
  1345.76580    0.834924   0.863306
  1345.78200    0.967264   0.863113
  1345.79880    0.815536   0.862888
  1345.81560    1.024162   0.862798
  1345.83240    0.794884   0.862587
  1345.84860    1.062515   0.862540
  1345.86540    1.023319   0.862303
  1345.88220    0.941133   0.862236
  1345.89900    0.778447   0.862052
  1345.91580    0.873698   0.861915
  1345.93200    0.760746   0.861822
  1345.94880    0.823966   0.861702
  1345.96560    0.836188   0.861620
  1345.98240    0.868641   0.861533
  1345.99860    0.822701   0.861489
  1346.01540    0.908259   0.861448
  1346.03220    0.619555   0.861295
  1346.04900    1.098761   0.861299
  1346.06580    0.929332   0.861193
  1346.08200    0.767068   0.861201
  1346.09880    1.082324   0.861132
  1346.11560    0.940712   0.861108
  1346.13240    0.833238   0.861060
  1346.14860    1.008568   0.861110
  1346.16540    1.038913   0.861014
  1346.18220    0.841246   0.861112
  1346.19900    0.984544   0.861067
  1346.21580    0.835345   0.861146
  1346.23200    0.775918   0.861186
  1346.24880    0.786034   0.861195
  1346.26560    0.800785   0.861290
  1346.28240    0.811322   0.861340
  1346.29860    0.925960   0.861338
  1346.31540    0.685303   0.861442
  1346.33220    0.888871   0.861470
  1346.34900    0.865269   0.861589
  1346.36580    0.728293   0.861701
  1346.38200    0.635149   0.861724
  1346.39880    0.954620   0.861910
  1346.41560    0.795727   0.861939
  1346.43240    0.912052   0.862111
  1346.44860    0.753159   0.862167
  1346.46540    0.957992   0.862339
  1346.48220    0.917531   0.862489
  1346.49900    0.854311   0.862586
  1346.51580    0.846303   0.862825
  1346.53200    0.996766   0.862948
  1346.54880    1.039335   0.863159
  1346.56560    0.933125   0.863334
  1346.58240    0.874963   0.863524
  1346.59860    0.810057   0.863662
  1346.61540    0.837031   0.863927
  1346.63220    0.837874   0.864131
  1346.64900    0.839560   0.864273
  1346.66580    0.915002   0.864545
  1346.68200    1.008146   0.864731
  1346.69880    1.110562   0.864988
  1346.71560    0.987073   0.865324
  1346.73240    0.960520   0.865507
  1346.74860    0.672659   0.865813
  1346.76540    0.825230   0.865984
  1346.78220    0.944505   0.866309
  1346.79900    0.977801   0.866560
  1346.81580    0.625034   0.866869
  1346.83200    0.891400   0.867275
  1346.84880    0.799520   0.867416
  1346.86560    0.830287   0.867778
  1346.88240    0.881285   0.868179
  1346.89860    0.797413   0.868400
  1346.91540    1.011518   0.868758
  1346.93220    0.989180   0.869079
  1346.94900    0.898565   0.869465
  1346.96580    1.009410   0.869871
  1346.98200    0.779290   0.870160
  1346.99880    0.887607   0.870521
  1347.01560    0.971057   0.871012
  1347.03240    0.836609   0.871222
  1347.04860    0.714806   0.871633
  1347.06540    0.705955   0.872085
  1347.08220    0.565607   0.872518
  1347.09900    0.608175   0.872860
  1347.11580    0.816379   0.873223
  1347.13200    0.748102   0.873667
  1347.14880    1.068837   0.874207
  1347.16560    1.013204   0.874512
  1347.18240    0.998874   0.874963
  1347.19860    0.904887   0.875417
  1347.21540    0.741358   0.875842
  1347.23220    0.738408   0.876341
  1347.24900    0.975272   0.876793
  1347.26580    0.813007   0.877274
  1347.28200    0.896036   0.877771
  1347.29880    0.980751   0.878227
  1347.31560    0.952091   0.878647
  1347.33240    1.065465   0.879242
  1347.34860    0.911209   0.879618
  1347.36540    1.095811   0.880167
  1347.38220    0.782240   0.880677
  1347.39900    0.876649   0.881139
  1347.41580    1.113091   0.881717
  1347.43200    0.720285   0.882163
  1347.44880    0.869905   0.882786
  1347.46560    1.216350   0.883420
  1347.48240    1.156502   0.883848
  1347.49860    0.740515   0.884381
  1347.51540    0.825230   0.884889
  1347.53220    0.630934   0.885457
  1347.54900    0.897301   0.886139
  1347.56580    0.906151   0.886688
  1347.58200    0.967685   0.887128
  1347.59880    0.965157   0.887785
  1347.61560    0.831130   0.888363
  1347.63240    0.890136   0.888989
  1347.64860    0.936075   0.889597
  1347.66540    1.025426   0.890159
  1347.68220    0.803314   0.890813
  1347.69900    1.021211   0.891312
  1347.71580    0.936075   0.891948
  1347.73200    0.934390   0.892603
  1347.74880    1.276198   0.893209
  1347.76560    1.157766   0.893875
  1347.78240    0.749366   0.894452
  1347.79860    0.906573   0.895009
  1347.81540    0.795306   0.895731
  1347.83220    1.002246   0.896281
  1347.84900    0.887607   0.896949
  1347.86580    0.782240   0.897744
  1347.88200    0.875384   0.898373
  1347.89880    0.800363   0.898969
  1347.91560    1.084010   0.899590
  1347.93240    0.992130   0.900270
  1347.94860    1.202442   0.900965
  1347.96540    0.756110   0.901624
  1347.98220    0.778447   0.902373
  1347.99900    0.860633   0.903021
  1348.01580    0.863583   0.903714
  1348.03200    0.971900   0.904450
  1348.04880    0.757795   0.905056
  1348.06560    1.030062   0.905704
  1348.08240    0.833238   0.906459
  1348.09860    1.010253   0.907108
  1348.11540    0.927225   0.907835
  1348.13220    0.802049   0.908581
  1348.14900    0.815536   0.909277
  1348.16580    0.882549   0.909988
  1348.18200    0.673502   0.910658
  1348.19880    0.846725   0.911468
  1348.21560    0.916267   0.912098
  1348.23240    0.884657   0.912836
  1348.24860    0.928910   0.913622
  1348.26540    0.834502   0.914295
  1348.28220    0.721128   0.915029
  1348.29900    0.971057   0.915784
  1348.31580    0.975693   0.916542
  1348.33200    0.816379   0.917253
  1348.34880    0.842510   0.918038
  1348.36560    0.946191   0.918720
  1348.38240    1.160717   0.919494
  1348.39860    0.982015   0.920188
  1348.41540    0.839560   0.920930
  1348.43220    0.866955   0.921706
  1348.44900    1.054929   0.922442
  1348.46580    0.856418   0.923196
  1348.48200    0.855154   0.923977
  1348.49880    0.912895   0.924790
  1348.51560    0.734193   0.925454
  1348.53240    0.816379   0.926265
  1348.54860    0.969371   0.926915
  1348.56540    0.956306   0.927729
  1348.58220    0.962628   0.928585
  1348.59900    1.110562   0.929275
  1348.61580    0.888028   0.930080
  1348.63200    0.793620   0.930820
  1348.64880    1.140065   0.931505
  1348.66560    0.929332   0.932392
  1348.68240    1.051978   0.933073
  1348.69860    1.043549   0.933835
  1348.71540    0.919217   0.934624
  1348.73220    0.965578   0.935359
  1348.74900    0.949562   0.936165
  1348.76580    0.877913   0.936950
  1348.78200    0.797413   0.937697
  1348.79880    0.664651   0.938509
  1348.81560    0.935654   0.939245
  1348.83240    0.945769   0.940032
  1348.84860    1.060829   0.940740
  1348.86540    1.027533   0.941490
  1348.88220    0.890979   0.942318
  1348.89900    0.864005   0.943037
  1348.91580    0.940712   0.943804
  1348.93200    0.886342   0.944576
  1348.94880    0.815958   0.945322
  1348.96560    1.168303   0.946143
  1348.98240    0.729979   0.946904
  1348.99860    1.153973   0.947592
  1349.01540    1.071366   0.948449
  1349.03220    1.098761   0.949140
  1349.04900    0.942397   0.949965
  1349.06580    1.234473   0.950713
  1349.08200    0.809636   0.951370
  1349.09880    0.771282   0.952162
  1349.11560    0.843353   0.952916
  1349.13240    0.941976   0.953749
  1349.14860    0.803314   0.954413
  1349.16540    0.987073   0.955199
  1349.18220    0.987073   0.955961
  1349.19900    0.812164   0.956646
  1349.21580    0.945769   0.957457
  1349.23200    0.995924   0.958093
  1349.24880    0.844196   0.958898
  1349.26560    0.590895   0.959617
  1349.28240    0.795306   0.960277
  1349.29860    1.047764   0.961096
  1349.31540    1.121520   0.961795
  1349.33220    0.802049   0.962615
  1349.34900    0.947876   0.963266
  1349.36580    1.016997   0.963998
  1349.38200    0.750630   0.964654
  1349.39880    1.174204   0.965412
  1349.41560    0.962206   0.966073
  1349.43240    0.911209   0.966847
  1349.44860    1.036806   0.967559
  1349.46540    0.984965   0.968223
  1349.48220    0.892664   0.968963
  1349.49900    0.934390   0.969595
  1349.51580    1.218457   0.970282
  1349.53200    0.974007   0.970977
  1349.54880    0.818908   0.971658
  1349.56560    0.895193   0.972389
  1349.58240    0.907837   0.972995
  1349.59860    1.188533   0.973713
  1349.61540    0.995924   0.974336
  1349.63220    0.992552   0.975058
  1349.64900    1.046078   0.975637
  1349.66580    0.834924   0.976319
  1349.68200    0.845460   0.976932
  1349.69880    0.806264   0.977633
  1349.71560    1.019526   0.978284
  1349.73240    1.030062   0.978822
  1349.74860    1.050714   0.979499
  1349.76540    0.863583   0.980061
  1349.78220    0.653693   0.980768
  1349.79900    0.984122   0.981321
  1349.81580    0.776340   0.982040
  1349.83200    0.844196   0.982525
  1349.84880    0.997188   0.983127
  1349.86560    1.016154   0.983726
  1349.88240    1.284628   0.984307
  1349.89860    1.156081   0.984855
  1349.91540    0.873698   0.985404
  1349.93220    1.128264   0.986000
  1349.94900    1.122363   0.986542
  1349.96580    1.054507   0.987093
  1349.98200    0.761167   0.987610
  1349.99880    0.866112   0.988188
  1350.01560    1.006460   0.988670
  1350.03240    0.939026   0.989237
  1350.04860    1.182211   0.989696
  1350.06540    1.000560   0.990242
  1350.08220    0.954620   0.990667
  1350.09900    0.925960   0.991238
  1350.11580    1.001403   0.991724
  1350.13200    0.762010   0.992174
  1350.14880    0.698790   0.992552
  1350.16560    1.060829   0.993052
  1350.18240    0.995502   0.993479
  1350.19860    0.959677   0.993896
  1350.21540    1.062094   0.994324
  1350.23220    0.960520   0.994741
  1350.24900    1.035541   0.995133
  1350.26580    1.020369   0.995514
  1350.28200    0.884657   0.995894
  1350.29880    1.089489   0.996262
  1350.31560    0.968528   0.996644
  1350.33240    0.965578   0.996964
  1350.34860    0.861897   0.997322
  1350.36540    0.607332   0.997641
  1350.38220    0.974429   0.997949
  1350.39900    0.858947   0.998196
  1350.41580    0.872856   0.998528
  1350.43200    1.089067   0.998726
  1350.44880    0.980329   0.999008
  1350.46560    1.017840   0.999205
  1350.48240    1.170410   0.999439
  1350.49860    1.100447   0.999586
  1350.51540    0.816801   0.999782
  1350.53220    0.925539   0.999866
  1350.54900    1.254703   1.000000
  1350.56580    1.059143   1.000000
  1350.58200    0.971057   1.000000
  1350.59880    0.875384   1.000000
  1350.61560    1.003088   1.000000
  1350.63240    0.923431   1.000000
  1350.64860    0.277324   1.000000
  1350.66540    0.923431   1.000000
  1350.68220    0.877492   1.000000
  1350.69900    0.975693   1.000000
  1350.71580    0.944926   1.000000
  1350.73200    1.009410   1.000000
  1350.74880    0.770439   1.000000
  1350.76560    0.885921   1.000000
  1350.78240    1.062094   1.000000
  1350.79860    1.119413   1.000000
  1350.81540    1.070944   1.000000
  1350.83220    0.890979   1.000000
  1350.84900    0.854733   1.000000
  1350.86580    0.923431   1.000000
  1350.88200    1.036384   1.000000
  1350.89880    1.094547   1.000000
  1350.91560    0.817222   1.000000
  1350.93240    0.944926   1.000000
  1350.94860    1.131214   1.000000
  1350.96540    1.140486   1.000000
  1350.98220    1.108876   1.000000
  1350.99900    1.126999   1.000000
  1351.01580    1.051136   1.000000
  1351.03200    1.166196   1.000000
  1351.04880    1.109719   1.000000
  1351.06560    1.016575   1.000000
  1351.08240    0.926803   1.000000
  1351.09860    1.075159   1.000000
  1351.11540    1.160295   1.000000
  1351.13220    0.885921   1.000000
  1351.14900    1.121942   1.000000
  1351.16580    1.126156   1.000000
  1351.18200    1.218879   1.000000
  1351.19880    0.933547   1.000000
  1351.21560    1.073473   1.000000
  1351.23240    0.825651   1.000000
  1351.24860    0.840824   1.000000
  1351.26540    0.978643   1.000000
  1351.28220    1.089067   1.000000
  1351.29900    0.987916   1.000000
  1351.31580    0.858947   1.000000
  1351.33200    1.116041   1.000000
  1351.34880    1.230680   1.000000
  1351.36560    1.221829   1.000000
  1351.38240    1.022897   1.000000
  1351.39860    1.066308   1.000000
  1351.41540    0.859369   1.000000
  1351.43220    1.057458   1.000000
  1351.44900    1.156081   1.000000
  1351.46580    1.055350   1.000000
  1351.48200    1.104240   1.000000
  1351.49880    1.179683   1.000000
  1351.51560    0.981594   1.000000
  1351.53240    0.860212   1.000000
  1351.54860    1.089489   1.000000
  1351.56540    0.862319   1.000000
  1351.58220    0.855997   1.000000
  1351.59900    0.985387   1.000000
  1351.61580    1.013625   1.000000
  1351.63200    1.171675   1.000000
  1351.64880    1.110562   1.000000
  1351.66560    1.105505   1.000000
  1351.68240    0.889714   1.000000
  1351.69860    1.357120   1.000000
  1351.71540    0.774233   1.000000
  1351.73220    1.119834   1.000000
  1351.74900    1.147230   1.000000
  1351.76580    0.976958   1.000000
  1351.78200    0.970214   1.000000
  1351.79880    0.754424   1.000000
  1351.81560    1.089910   1.000000
  1351.83240    0.856840   1.000000
  1351.84860    0.848411   1.000000
  1351.86540    0.882128   1.000000
  1351.88220    0.971900   1.000000
  1351.89900    1.015311   1.000000
  1351.91580    0.901515   1.000000
  1351.93200    1.055350   1.000000
  1351.94880    0.817644   1.000000
  1351.96560    1.111405   1.000000
  1351.98240    0.948298   1.000000
  1351.99860    1.115620   1.000000
  1352.01540    0.906151   1.000000
  1352.03220    0.781397   1.000000
  1352.04900    0.897301   1.000000
  1352.06580    0.931439   1.000000
  1352.08200    0.952091   1.000000
  1352.09880    0.992973   1.000000
  1352.11560    1.071366   1.000000
  1352.13240    1.010253   1.000000
  1352.14860    1.135007   1.000000
  1352.16540    1.025005   1.000000
  1352.18220    1.105926   1.000000
  1352.19900    0.758638   1.000000
  1352.21580    0.915424   1.000000
  1352.23200    0.907837   1.000000
  1352.24880    0.830709   1.000000
  1352.26560    1.269455   1.000000
  1352.28240    0.883814   1.000000
  1352.29860    1.188533   1.000000
  1352.31540    1.180947   1.000000
  1352.33220    0.931018   1.000000
  1352.34900    0.898986   1.000000
  1352.36580    0.871591   1.000000
  1352.38200    1.067573   1.000000
  1352.39880    0.917109   1.000000
  1352.41560    1.458693   1.000000
  1352.43240    1.197806   1.000000
  1352.44860    1.142172   1.000000
  1352.46540    1.017418   1.000000
  1352.48220    0.991709   1.000000
  1352.49900    0.917531   1.000000
  1352.51580    0.788984   1.000000
  1352.53200    1.024583   1.000000
  1352.54880    0.989602   1.000000
  1352.56560    0.841667   1.000000
  1352.58240    1.215507   1.000000
  1352.59860    0.820594   1.000000
  1352.61540    1.112670   1.000000
  1352.63220    1.164510   1.000000
  1352.64900    1.169567   1.000000
  1352.66580    1.045235   1.000000
  1352.68200    1.032591   1.000000
  1352.69880    0.949562   1.000000
  1352.71560    0.785191   1.000000
  1352.73240    1.035120   1.000000
  1352.74860    1.287999   1.000000
  1352.76540    1.156081   1.000000
  1352.78220    0.981594   1.000000
  1352.79900    1.088646   1.000000
  1352.81580    0.968950   1.000000
  1352.83200    0.808793   1.000000
  1352.84880    1.056615   1.000000
  1352.86560    1.110141   1.000000
  1352.88240    1.235316   1.000000
  1352.89860    0.900251   1.000000
  1352.91540    0.970636   1.000000
  1352.93220    0.878335   1.000000
  1352.94900    1.030905   1.000000
  1352.96580    0.931439   1.000000
  1352.98200    1.198649   1.000000
