     2.76705    0.936357   1.000000
     2.78838    1.043648   1.000000
     2.80972    1.075395   1.000000
     2.83105    0.914746   1.000000
     2.85238    0.948788   1.000000
     2.87372    1.064111   1.000000
     2.89505    0.985125   1.000000
     2.91638    1.062008   1.000000
     2.93772    1.040970   1.000000
     2.95905    0.980535   1.000000
     2.98038    0.972312   1.000000
     3.00172    0.989333   1.000000
     3.02305    0.981874   1.000000
     3.04438    1.017638   1.000000
     3.06572    0.957394   1.000000
     3.08705    1.021080   1.000000
     3.10838    0.944389   1.000000
     3.12972    1.005398   1.000000
     3.15105    1.002720   1.000000
     3.17238    1.077308   1.000000
     3.19372    1.096815   1.000000
     3.21505    1.125885   1.000000
     3.23638    1.088783   1.000000
     3.25772    1.154381   1.000000
     3.27905    1.140420   1.000000
     3.30038    1.025288   1.000000
     3.32172    1.099493   1.000000
     3.34305    1.127224   1.000000
     3.36438    1.151704   1.000000
     3.38572    1.171211   1.000000
     3.40705    1.188232   1.000000
     3.42838    1.078646   1.000000
     3.44972    1.020698   1.000000
     3.47105    1.047090   1.000000
     3.49238    0.979005   1.000000
     3.51372    1.009797   1.000000
     3.53505    1.044987   1.000000
     3.55638    1.013813   1.000000
     3.57772    1.000043   1.000000
     3.59905    1.050342   1.000000
     3.62038    1.006928   1.000000
     3.64172    1.059330   1.000000
     3.66305    1.078455   1.000000
     3.68438    1.105804   1.000000
     3.70572    1.088783   1.000000
     3.72705    1.075969   1.000000
     3.74838    1.075204   1.000000
     3.76972    1.044222   1.000000
     3.79105    1.081706   1.000000
     3.81238    1.100831   1.000000
     3.83372    1.114984   1.000000
     3.85505    1.083428   1.000000
     3.87638    1.009414   1.000000
     3.89772    1.124929   1.000000
     3.91905    1.171211   1.000000
     3.94038    1.072909   1.000000
     3.96172    1.112115   1.000000
     3.98305    1.067745   1.000000
     4.00438    1.080750   1.000000
     4.02572    1.092416   1.000000
     4.04705    1.076925   1.000000
     4.06838    1.035424   1.000000
     4.08972    1.088783   1.000000
     4.11105    1.138316   1.000000
     4.13238    1.092990   1.000000
     4.15372    1.044987   1.000000
     4.17505    1.026818   1.000000
     4.19638    1.114601   1.000000
     4.21772    1.008458   1.000000
     4.23905    1.053019   1.000000
     4.26038    1.046134   1.000000
     4.28172    1.040970   1.000000
     4.30305    1.059713   1.000000
     4.32438    1.085149   1.000000
     4.34572    1.032173   1.000000
     4.36705    1.035615   1.000000
     4.38838    0.985125   1.000000
     4.40972    1.053019   1.000000
     4.43105    1.002912   1.000000
     4.45238    0.997939   1.000000
     4.47372    1.061051   1.000000
     4.49505    1.033129   1.000000
     4.51638    1.049959   1.000000
     4.53772    1.012283   1.000000
     4.55905    1.048812   1.000000
     4.58038    1.117088   1.000000
     4.60172    1.053210   1.000000
     4.62305    0.999469   1.000000
     4.64438    1.064494   1.000000
     4.66572    1.042692   1.000000
     4.68705    1.088591   1.000000
     4.70838    1.054358   1.000000
     4.72972    1.091843   1.000000
     4.75105    1.092416   1.000000
     4.77238    1.102170   1.000000
     4.79372    1.105995   1.000000
     4.81505    1.057609   1.000000
     4.83638    1.028157   1.000000
     4.85772    1.026627   1.000000
     4.87905    0.980727   1.000000
     4.90038    0.996027   1.000000
     4.92172    0.995835   1.000000
     4.94305    0.984360   1.000000
     4.96438    1.000425   1.000000
     4.98572    0.978049   1.000000
     5.00705    0.948979   1.000000
     5.02838    0.973077   1.000000
     5.04972    0.959689   1.000000
     5.07105    0.987803   1.000000
     5.09238    0.975372   1.000000
     5.11372    0.956629   1.000000
     5.13505    0.983213   1.000000
     5.15638    0.970591   1.000000
     5.17772    1.016682   1.000000
     5.19905    0.990863   1.000000
     5.22038    0.959881   1.000000
     5.24172    1.007693   1.000000
     5.26305    1.049577   1.000000
     5.28438    1.021845   1.000000
     5.30572    1.044604   1.000000
     5.32705    1.043074   1.000000
     5.34838    1.078838   1.000000
     5.36972    1.169490   1.000000
     5.39105    1.035807   1.000000
     5.41238    0.976519   1.000000
     5.43372    1.094329   1.000000
     5.45505    1.094711   1.000000
     5.47638    1.031599   1.000000
     5.49772    1.040014   1.000000
     5.51905    1.004824   1.000000
     5.54038    1.014387   1.000000
     5.56172    1.030643   1.000000
     5.58305    1.038102   1.000000
     5.60438    1.068893   1.000000
     5.62572    1.007119   1.000000
     5.64705    1.048620   1.000000
     5.66838    1.076351   1.000000
     5.68972    1.035615   1.000000
     5.71105    1.072335   1.000000
     5.73238    0.989333   1.000000
     5.75372    1.032555   1.000000
     5.77505    1.051298   1.000000
     5.79638    0.998130   1.000000
     5.81772    1.044987   1.000000
     5.83905    1.055123   1.000000
     5.86038    1.011327   1.000000
     5.88172    1.053210   1.000000
     5.90305    1.119574   1.000000
     5.92438    1.099684   1.000000
     5.94572    1.105804   1.000000
     5.96705    1.081133   1.000000
     5.98838    1.030452   1.000000
     6.00972    1.000999   1.000000
     6.03105    1.062581   1.000000
     6.05238    1.021272   1.000000
     6.07372    1.041544   0.999999
     6.09505    1.081898   0.999998
     6.11638    1.040970   0.999996
     6.13772    1.019742   0.999994
     6.15905    1.098728   0.999990
     6.18038    1.141759   0.999985
     6.20172    1.142906   0.999979
     6.22305    1.061625   0.999971
     6.24438    1.126841   0.999962
     6.26572    1.102744   0.999951
     6.28705    1.081515   0.999937
     6.30838    1.113071   0.999922
     6.32972    1.105613   0.999903
     6.35105    1.040014   0.999882
     6.37238    0.998513   0.999858
     6.39372    0.967148   0.999831
     6.41505    1.002338   0.999801
     6.43638    0.969061   0.999767
     6.45772    1.011709   0.999730
     6.47905    1.005589   0.999688
     6.50038    1.025862   0.999642
     6.52172    0.995070   0.999592
     6.54305    1.005207   0.999538
     6.56438    0.983595   0.999479
     6.58572    0.973077   0.999415
     6.60705    0.967531   0.999345
     6.62838    0.970973   0.999271
     6.64972    1.000808   0.999191
     6.67105    1.017447   0.999105
     6.69238    1.052445   0.999013
     6.71372    1.012857   0.998915
     6.73505    1.017447   0.998811
     6.75638    1.053975   0.998701
     6.77772    1.010753   0.998583
     6.79905    1.008267   0.998459
     6.82038    1.048812   0.998328
     6.84172    1.071379   0.998190
     6.86305    1.034659   0.998044
     6.88438    0.942668   0.997891
     6.90572    1.081515   0.997730
     6.92705    1.090121   0.997562
     6.94838    1.029495   0.997385
     6.96972    0.988568   0.997200
     6.99105    1.017064   0.997007
     7.01238    0.980535   0.996805
     7.03372    0.942668   0.996594
     7.05505    0.975372   0.996375
     7.07638    1.005398   0.996147
     7.09772    1.016682   0.995910
     7.11905    0.997557   0.995663
     7.14038    1.015152   0.995407
     7.16172    1.034085   0.995141
     7.18305    1.075395   0.994866
     7.20438    1.046899   0.994581
     7.22572    1.033512   0.994287
     7.24705    1.009988   0.993982
     7.26838    0.916658   0.993667
     7.28972    0.958159   0.993341
     7.31105    0.925647   0.993006
     7.33238    1.001955   0.992660
     7.35372    0.953952   0.992303
     7.37505    1.004250   0.991935
     7.39638    0.923352   0.991557
     7.41772    0.963323   0.991168
     7.43905    0.964853   0.990768
     7.46038    0.979005   0.990357
     7.48172    0.962749   0.989934
     7.50305    0.936166   0.989501
     7.52438    1.020698   0.989056
     7.54572    1.034850   0.988600
     7.56705    0.951083   0.988132
     7.58838    0.986082   0.987653
     7.60972    0.959307   0.987163
     7.63105    1.024332   0.986660
     7.65238    1.081324   0.986147
     7.67372    0.959116   0.985621
     7.69505    1.006545   0.985084
     7.71638    1.026818   0.984535
     7.73772    0.945919   0.983975
     7.75905    0.978623   0.983402
     7.78038    1.037910   0.982818
     7.80172    0.961793   0.982222
     7.82305    0.927751   0.981614
     7.84438    1.013813   0.980994
     7.86572    0.939991   0.980362
     7.88705    0.931958   0.979719
     7.90838    0.991437   0.979063
     7.92972    0.975946   0.978396
     7.95105    1.010562   0.977717
     7.97238    0.980727   0.977026
     7.99372    0.915511   0.976323
     8.01505    1.026627   0.975608
     8.03638    0.945728   0.974882
     8.05772    0.994879   0.974144
     8.07905    0.955864   0.973394
     8.10038    0.935401   0.972633
     8.12172    1.013430   0.971860
     8.14305    0.956056   0.971075
     8.16438    0.986464   0.970279
     8.18572    0.988377   0.969472
     8.20705    0.942477   0.968653
     8.22838    0.963514   0.967823
     8.24972    0.967339   0.966982
     8.27105    0.948214   0.966130
     8.29238    0.979962   0.965267
     8.31372    0.897533   0.964393
     8.33505    0.924308   0.963508
     8.35638    1.044987   0.962612
     8.37772    0.948979   0.961706
     8.39905    0.960454   0.960789
     8.42038    0.938078   0.959862
     8.44172    0.919144   0.958925
     8.46305    0.948788   0.957977
     8.48438    0.858710   0.957020
     8.50572    0.906713   0.956053
     8.52705    0.915128   0.955076
     8.54838    0.877070   0.954090
     8.56972    0.867125   0.953094
     8.59105    0.893900   0.952089
     8.61238    0.879173   0.951075
     8.63372    0.897916   0.950052
     8.65505    0.978814   0.949021
     8.67638    0.963897   0.947981
     8.69772    0.890840   0.946933
     8.71905    0.959881   0.945876
     8.74038    0.919718   0.944812
     8.76172    0.958924   0.943741
     8.78305    0.920483   0.942662
     8.80438    0.845896   0.941576
     8.82572    0.862152   0.940482
     8.84705    0.782210   0.939382
     8.86838    0.856415   0.938276
     8.88972    0.847235   0.937163
     8.91105    0.847235   0.936043
     8.93238    0.847808   0.934917
     8.95372    0.903462   0.933785
     8.97505    0.836907   0.932647
     8.99638    0.869993   0.931504
     9.01772    0.845513   0.930354
     9.03905    0.891222   0.929200
     9.06038    0.910156   0.928039
     9.08172    0.843792   0.926874
     9.10305    0.828875   0.925703
     9.12438    0.817400   0.924527
     9.14572    0.799040   0.923346
     9.16705    0.902888   0.922161
     9.18838    0.924117   0.920971
     9.20972    0.856032   0.919776
     9.23105    0.889883   0.918576
     9.25238    0.910347   0.917373
     9.27372    0.943242   0.916165
     9.29505    0.906522   0.914953
     9.31638    0.978432   0.913737
     9.33772    0.924499   0.912518
     9.35905    0.896768   0.911294
     9.38038    0.899446   0.910067
     9.40172    0.908626   0.908836
     9.42305    0.917997   0.907602
     9.44438    0.906713   0.906365
     9.46572    0.926986   0.905124
     9.48705    0.877835   0.903880
     9.50838    0.848382   0.902634
     9.52972    0.890648   0.901384
     9.55105    0.822564   0.900131
     9.57238    0.895430   0.898876
     9.59372    0.824476   0.897618
     9.61505    0.825050   0.896358
     9.63638    0.880130   0.895096
     9.65772    0.845896   0.893831
     9.67905    0.821799   0.892563
     9.70038    0.845131   0.891294
     9.72172    0.832126   0.890023
     9.74305    0.814722   0.888750
     9.76438    0.817591   0.887475
     9.78572    0.837863   0.886198
     9.80705    0.830596   0.884920
     9.82838    0.774177   0.883641
     9.84972    0.829448   0.882360
     9.87105    0.864830   0.881077
     9.89238    0.843218   0.879794
     9.91372    0.835951   0.878509
     9.93505    0.846470   0.877223
     9.95638    0.785652   0.875937
     9.97772    0.777429   0.874649
     9.99905    0.765380   0.873361
    10.02038    0.783931   0.872072
    10.04172    0.778767   0.870783
    10.06305    0.734015   0.869493
    10.08438    0.778002   0.868203
    10.10572    0.766910   0.866912
    10.12705    0.780106   0.865622
    10.14838    0.842453   0.864331
    10.16972    0.803630   0.863040
    10.19105    0.802291   0.861750
    10.21238    0.870567   0.860459
    10.23372    0.821034   0.859169
    10.25505    0.853546   0.857879
    10.27638    0.843218   0.856590
    10.29772    0.887780   0.855301
    10.31905    0.810515   0.854013
    10.34038    0.781827   0.852726
    10.36172    0.800570   0.851439
    10.38305    0.804777   0.850153
    10.40438    0.833465   0.848869
    10.42572    0.860048   0.847585
    10.44705    0.848191   0.846302
    10.46838    0.838437   0.845021
    10.48972    0.848000   0.843741
    10.51105    0.854885   0.842463
    10.53238    0.903271   0.841186
    10.55372    0.868081   0.839910
    10.57505    0.876305   0.838637
    10.59638    0.875348   0.837365
    10.61772    0.851251   0.836095
    10.63905    0.789477   0.834827
    10.66038    0.791964   0.833560
    10.68172    0.838628   0.832296
    10.70305    0.832317   0.831034
    10.72438    0.856032   0.829775
    10.74572    0.824667   0.828518
    10.76705    0.835951   0.827263
    10.78838    0.802674   0.826010
    10.80972    0.807837   0.824761
    10.83105    0.815105   0.823514
    10.85238    0.858901   0.822269
    10.87372    0.864256   0.821028
    10.89505    0.808411   0.819789
    10.91638    0.800187   0.818554
    10.93772    0.845131   0.817321
    10.95905    0.756965   0.816092
    10.98038    0.801335   0.814866
    11.00172    0.817017   0.813644
    11.02305    0.799422   0.812424
    11.04438    0.750271   0.811208
    11.06572    0.761364   0.809996
    11.08705    0.887780   0.808788
    11.10838    0.890648   0.807583
    11.12972    0.875922   0.806382
    11.15105    0.860813   0.805184
    11.17238    0.871715   0.803991
    11.19372    0.922396   0.802802
    11.21505    0.819312   0.801617
    11.23638    0.833273   0.800436
    11.25772    0.765762   0.799259
    11.27905    0.739179   0.798086
    11.30038    0.738414   0.796918
    11.32172    0.717759   0.795755
    11.34305    0.712786   0.794596
    11.36438    0.748550   0.793442
    11.38572    0.676449   0.792292
    11.40705    0.677788   0.791147
    11.42838    0.722731   0.790007
    11.44972    0.708005   0.788872
    11.47105    0.742048   0.787742
    11.49238    0.747594   0.786617
    11.51372    0.702650   0.785497
    11.53505    0.713169   0.784382
    11.55638    0.758304   0.783273
    11.57772    0.728278   0.782169
    11.59905    0.754287   0.781070
    11.62038    0.711830   0.779977
    11.64172    0.731146   0.778889
    11.66305    0.702076   0.777807
    11.68438    0.733633   0.776731
    11.70572    0.737075   0.775661
    11.72705    0.737649   0.774596
    11.74838    0.738796   0.773537
    11.76972    0.761746   0.772484
    11.79105    0.799805   0.771438
    11.81238    0.812045   0.770397
    11.83372    0.732485   0.769363
    11.85505    0.746064   0.768335
    11.87638    0.780106   0.767312
    11.89772    0.782210   0.766297
    11.91905    0.743004   0.765288
    11.94038    0.820077   0.764286
    11.96172    0.783166   0.763290
    11.98305    0.737458   0.762300
    12.00438    0.797127   0.761318
    12.02572    0.740135   0.760342
    12.04705    0.741091   0.759373
    12.06838    0.749698   0.758410
    12.08972    0.769014   0.757455
    12.11105    0.773221   0.756507
    12.13238    0.782019   0.755566
    12.15372    0.790051   0.754632
    12.17505    0.758877   0.753705
    12.19638    0.706093   0.752785
    12.21772    0.724261   0.751873
    12.23905    0.690601   0.750968
    12.26038    0.671477   0.750071
    12.28172    0.663444   0.749181
    12.30305    0.760790   0.748298
    12.32438    0.754479   0.747423
    12.34572    0.702268   0.746556
    12.36705    0.664209   0.745697
    12.38838    0.727513   0.744845
    12.40972    0.698634   0.744001
    12.43105    0.664783   0.743165
    12.45238    0.749315   0.742337
    12.47372    0.688689   0.741517
    12.49505    0.706475   0.740705
    12.51638    0.748168   0.739901
    12.53772    0.732294   0.739105
    12.55905    0.715846   0.738317
    12.58038    0.757539   0.737538
    12.60172    0.747594   0.736766
    12.62305    0.752949   0.736004
    12.64438    0.710491   0.735249
    12.66572    0.773221   0.734503
    12.68705    0.829640   0.733766
    12.70838    0.823137   0.733037
    12.72972    0.793302   0.732316
    12.75105    0.803056   0.731605
    12.77238    0.707240   0.730902
    12.79372    0.716611   0.730207
    12.81505    0.707814   0.729522
    12.83638    0.653690   0.728845
    12.85772    0.666313   0.728177
    12.87905    0.685629   0.727518
    12.90038    0.683143   0.726868
    12.92172    0.699973   0.726226
    12.94305    0.683908   0.725594
    12.96438    0.735928   0.724971
    12.98572    0.711830   0.724357
    13.00705    0.716420   0.723753
    13.02838    0.726556   0.723157
    13.04972    0.760407   0.722571
    13.07105    0.751036   0.721994
    13.09238    0.742621   0.721426
    13.11372    0.793111   0.720867
    13.13505    0.751801   0.720318
    13.15638    0.715081   0.719778
    13.17772    0.780297   0.719248
    13.19905    0.798466   0.718727
    13.22038    0.745873   0.718215
    13.24172    0.805734   0.717714
    13.26305    0.787182   0.717221
    13.28438    0.767292   0.716739
    13.30572    0.784696   0.716266
    13.32705    0.785270   0.715802
    13.34838    0.727704   0.715349
    13.36972    0.828110   0.714904
    13.39105    0.766910   0.714470
    13.41238    0.756009   0.714046
    13.43372    0.725791   0.713631
    13.45505    0.764806   0.713226
    13.47638    0.753331   0.712831
    13.49772    0.769970   0.712446
    13.51905    0.747594   0.712071
    13.54038    0.767866   0.711705
    13.56172    0.789860   0.711350
    13.58305    0.820842   0.711004
    13.60438    0.810324   0.710669
    13.62572    0.752757   0.710343
    13.64705    0.803821   0.710028
    13.66838    0.770926   0.709723
    13.68972    0.803247   0.709427
    13.71105    0.813575   0.709142
    13.73238    0.769970   0.708867
    13.75372    0.746446   0.708602
    13.77505    0.758686   0.708347
    13.79638    0.707814   0.708102
    13.81772    0.743769   0.707867
    13.83905    0.663827   0.707643
    13.86038    0.707814   0.707428
    13.88172    0.671859   0.707224
    13.90305    0.704563   0.707030
    13.92438    0.706858   0.706847
    13.94572    0.757347   0.706673
    13.96705    0.739179   0.706510
    13.98838    0.724835   0.706357
    14.00972    0.747785   0.706214
    14.03105    0.773030   0.706081
    14.05238    0.799040   0.705959
    14.07372    0.769970   0.705847
    14.09505    0.788904   0.705745
    14.11638    0.789860   0.705654
    14.13772    0.774177   0.705572
    14.15905    0.772074   0.705502
    14.18038    0.787947   0.705441
    14.20172    0.766719   0.705390
    14.22305    0.845896   0.705350
    14.24438    0.778959   0.705320
    14.26572    0.767675   0.705301
    14.28705    0.848382   0.705291
    14.30838    0.773795   0.705292
    14.32972    0.807264   0.705303
    14.35105    0.754861   0.705325
    14.37238    0.732103   0.705357
    14.39372    0.728278   0.705398
    14.41505    0.742239   0.705451
    14.43638    0.704180   0.705513
    14.45772    0.686585   0.705586
    14.47905    0.745299   0.705669
    14.50038    0.751992   0.705762
    14.52172    0.711830   0.705865
    14.54305    0.653308   0.705978
    14.56438    0.692131   0.706102
    14.58572    0.638773   0.706236
    14.60705    0.690410   0.706380
    14.62838    0.650439   0.706534
    14.64972    0.670520   0.706698
    14.67105    0.658089   0.706872
    14.69238    0.662870   0.707056
    14.71372    0.714699   0.707251
    14.73505    0.693279   0.707455
    14.75638    0.764424   0.707670
    14.77772    0.716994   0.707894
    14.79905    0.740135   0.708129
    14.82038    0.736501   0.708373
    14.84172    0.763659   0.708628
    14.86305    0.770161   0.708892
    14.88438    0.839967   0.709166
    14.90572    0.779341   0.709450
    14.92705    0.843792   0.709745
    14.94838    0.754670   0.710048
    14.96972    0.766719   0.710362
    14.99105    0.740518   0.710685
    15.01238    0.779150   0.711019
    15.03372    0.832508   0.711362
    15.05505    0.805925   0.711714
    15.07638    0.833465   0.712077
    15.09772    0.823902   0.712449
    15.11905    0.770544   0.712830
    15.14038    0.773795   0.713221
    15.16172    0.707049   0.713622
    15.18305    0.733824   0.714032
    15.20438    0.683143   0.714452
    15.22572    0.707240   0.714881
    15.24705    0.743769   0.715320
    15.26838    0.803821   0.715768
    15.28972    0.851251   0.716225
    15.31105    0.769587   0.716692
    15.33238    0.779724   0.717168
    15.35372    0.712786   0.717654
    15.37505    0.746446   0.718148
    15.39638    0.775707   0.718652
    15.41772    0.773795   0.719165
    15.43905    0.797319   0.719686
    15.46038    0.818165   0.720217
    15.48172    0.849721   0.720757
    15.50305    0.813957   0.721306
    15.52438    0.774751   0.721864
    15.54572    0.839967   0.722431
    15.56705    0.823137   0.723007
    15.58838    0.843027   0.723591
    15.60972    0.845896   0.724184
    15.63105    0.788904   0.724786
    15.65238    0.807264   0.725397
    15.67372    0.820842   0.726016
    15.69505    0.799422   0.726644
    15.71638    0.798466   0.727281
    15.73772    0.856988   0.727926
    15.75905    0.799614   0.728579
    15.78038    0.808985   0.729241
    15.80172    0.904036   0.729911
    15.82305    0.856032   0.730589
    15.84438    0.927751   0.731276
    15.86572    0.832126   0.731971
    15.88705    0.778194   0.732674
    15.90838    0.807455   0.733385
    15.92972    0.729043   0.734104
    15.95105    0.712595   0.734832
    15.97238    0.670520   0.735567
    15.99372    0.669947   0.736310
    16.01505    0.696530   0.737061
    16.03638    0.742048   0.737820
    16.05772    0.778576   0.738586
    16.07905    0.753905   0.739360
    16.10038    0.711065   0.740142
    16.12172    0.688880   0.740932
    16.14305    0.746255   0.741728
    16.16438    0.729043   0.742533
    16.18572    0.689454   0.743345
    16.20705    0.663827   0.744164
    16.22838    0.703989   0.744990
    16.24972    0.726365   0.745824
    16.27105    0.727895   0.746665
    16.29238    0.750845   0.747513
    16.31372    0.772456   0.748368
    16.33505    0.795789   0.749230
    16.35638    0.759642   0.750099
    16.37772    0.751992   0.750975
    16.39905    0.724835   0.751858
    16.42038    0.766910   0.752747
    16.44172    0.824094   0.753644
    16.46305    0.849530   0.754547
    16.48438    0.868463   0.755456
    16.50572    0.870376   0.756372
    16.52705    0.845322   0.757295
    16.54838    0.770352   0.758224
    16.56972    0.759069   0.759159
    16.59105    0.768057   0.760101
    16.61238    0.740326   0.761048
    16.63372    0.744725   0.762003
    16.65505    0.745873   0.762963
    16.67638    0.708005   0.763929
    16.69772    0.704180   0.764901
    16.71905    0.685629   0.765879
    16.74038    0.692323   0.766862
    16.76172    0.686776   0.767852
    16.78305    0.734589   0.768847
    16.80438    0.713169   0.769848
    16.82572    0.690410   0.770855
    16.84705    0.694044   0.771867
    16.86838    0.673389   0.772884
    16.88972    0.702650   0.773907
    16.91105    0.736310   0.774935
    16.93238    0.723305   0.775968
    16.95372    0.751992   0.777007
    16.97505    0.758112   0.778051
    16.99638    0.735736   0.779099
    17.01772    0.739753   0.780153
    17.03905    0.734398   0.781211
    17.06038    0.777811   0.782275
    17.08172    0.744343   0.783343
    17.10305    0.738414   0.784416
    17.12438    0.696721   0.785494
    17.14572    0.729043   0.786576
    17.16705    0.699973   0.787662
    17.18838    0.751610   0.788753
    17.20972    0.722731   0.789849
    17.23105    0.810515   0.790948
    17.25238    0.789860   0.792052
    17.27372    0.793494   0.793160
    17.29505    0.763850   0.794272
    17.31638    0.777237   0.795388
    17.33772    0.771882   0.796508
    17.35905    0.778194   0.797632
    17.38038    0.823520   0.798760
    17.40172    0.813766   0.799891
    17.42305    0.854693   0.801026
    17.44438    0.827345   0.802165
    17.46572    0.738605   0.803307
    17.48705    0.786800   0.804452
    17.50838    0.745681   0.805601
    17.52972    0.786417   0.806753
    17.55105    0.727895   0.807909
    17.57238    0.788904   0.809067
    17.59372    0.733059   0.810229
    17.61505    0.750654   0.811394
    17.63638    0.778767   0.812561
    17.65772    0.741091   0.813732
    17.67905    0.731146   0.814905
    17.70038    0.767866   0.816081
    17.72172    0.772647   0.817259
    17.74305    0.724644   0.818440
    17.76438    0.760216   0.819624
    17.78572    0.716803   0.820810
    17.80705    0.757347   0.821998
    17.82838    0.756200   0.823189
    17.84972    0.748550   0.824382
    17.87105    0.757921   0.825577
    17.89238    0.749124   0.826774
    17.91372    0.738605   0.827973
    17.93505    0.763276   0.829174
    17.95638    0.774942   0.830376
    17.97772    0.761555   0.831581
    17.99905    0.743195   0.832787
    18.02038    0.795024   0.833994
    18.04172    0.739179   0.835204
    18.06305    0.801335   0.836414
    18.08438    0.741856   0.837626
    18.10572    0.798275   0.838840
    18.12705    0.817591   0.840054
    18.14838    0.906713   0.841270
    18.16972    0.896195   0.842487
    18.19105    0.924691   0.843704
    18.21238    0.914363   0.844923
    18.23372    0.919336   0.846143
    18.25505    0.892752   0.847363
    18.27638    0.947832   0.848584
    18.29772    0.895238   0.849805
    18.31905    0.852972   0.851028
    18.34038    0.854885   0.852250
    18.36172    0.874392   0.853473
    18.38305    0.885676   0.854696
    18.40438    0.862726   0.855920
    18.42572    0.874775   0.857144
    18.44705    0.888545   0.858367
    18.46838    0.822372   0.859591
    18.48972    0.795597   0.860815
    18.51105    0.830213   0.862038
    18.53238    0.857180   0.863262
    18.55372    0.746064   0.864485
    18.57505    0.852398   0.865707
    18.59638    0.848956   0.866929
    18.61772    0.812810   0.868151
    18.63905    0.793876   0.869372
    18.66038    0.741283   0.870592
    18.68172    0.738414   0.871812
    18.70305    0.733250   0.873030
    18.72438    0.777811   0.874248
    18.74572    0.774751   0.875465
    18.76705    0.811662   0.876680
    18.78838    0.835568   0.877895
    18.80972    0.826389   0.879108
    18.83105    0.829066   0.880320
    18.85238    0.826389   0.881530
    18.87372    0.804586   0.882739
    18.89505    0.805351   0.883946
    18.91638    0.865595   0.885152
    18.93772    0.791964   0.886356
    18.95905    0.911303   0.887558
    18.98038    0.864065   0.888758
    19.00172    0.767292   0.889957
    19.02305    0.854885   0.891153
    19.04438    0.877070   0.892347
    19.06572    0.855650   0.893539
    19.08705    0.865786   0.894728
    19.10838    0.882998   0.895916
    19.12972    0.924691   0.897100
    19.15105    0.846661   0.898283
    19.17238    0.821607   0.899462
    19.19372    0.937122   0.900639
    19.21505    0.894473   0.901813
    19.23638    0.906522   0.902984
    19.25772    1.039823   0.904152
    19.27905    1.013239   0.905318
    19.30038    0.930811   0.906480
    19.32172    0.956247   0.907638
    19.34305    1.006163   0.908794
    19.36438    0.974607   0.909946
    19.38572    0.888736   0.911095
    19.40705    0.950701   0.912240
    19.42838    0.833273   0.913381
    19.44972    0.836333   0.914519
    19.47105    0.900976   0.915653
    19.49238    0.877643   0.916783
    19.51372    0.937696   0.917909
    19.53505    0.884911   0.919031
    19.55638    0.905566   0.920149
    19.57772    0.982065   0.921262
    19.59905    0.894091   0.922371
    19.62038    0.897916   0.923476
    19.64172    0.862152   0.924576
    19.66305    0.798466   0.925672
    19.68438    0.847617   0.926762
    19.70572    0.851251   0.927848
    19.72705    0.903653   0.928930
    19.74838    0.934253   0.930006
    19.76972    0.860048   0.931077
    19.79105    0.815105   0.932142
    19.81238    0.835568   0.933203
    19.83372    0.808602   0.934258
    19.85505    0.862726   0.935308
    19.87638    0.841688   0.936352
    19.89772    0.837098   0.937390
    19.91905    0.930046   0.938423
    19.94038    0.980153   0.939449
    19.96172    1.020124   0.940470
    19.98305    0.941329   0.941484
    20.00438    0.850677   0.942492
    20.02572    0.835568   0.943494
    20.04705    0.895621   0.944490
    20.06838    1.005207   0.945479
    20.08972    0.933488   0.946461
    20.11105    1.001573   0.947436
    20.13238    1.003868   0.948404
    20.15372    1.018403   0.949365
    20.17505    1.000808   0.950319
    20.19638    1.020698   0.951266
    20.21772    1.002720   0.952205
    20.23905    1.012474   0.953136
    20.26038    0.970591   0.954059
    20.28172    0.977284   0.954974
    20.30305    0.971164   0.955881
    20.32438    0.954526   0.956780
    20.34572    1.020507   0.957670
    20.36705    0.970208   0.958552
    20.38838    0.927559   0.959425
    20.40972    0.901167   0.960289
    20.43105    0.940947   0.961144
    20.45238    0.968487   0.961990
    20.47372    1.020698   0.962827
    20.49505    1.013048   0.963655
    20.51638    0.931576   0.964474
    20.53772    0.952422   0.965283
    20.55905    0.912068   0.966083
    20.58038    0.910347   0.966873
    20.60172    0.890266   0.967654
    20.62305    0.856797   0.968425
    20.64438    0.874201   0.969186
    20.66572    0.898107   0.969937
    20.68705    0.931958   0.970679
    20.70838    0.903079   0.971410
    20.72972    0.928324   0.972132
    20.75105    0.926221   0.972844
    20.77238    1.041927   0.973546
    20.79372    1.000234   0.974237
    20.81505    0.974416   0.974919
    20.83638    0.908817   0.975590
    20.85772    0.914746   0.976251
    20.87905    0.865021   0.976902
    20.90038    0.891987   0.977543
    20.92172    0.919144   0.978174
    20.94305    0.880130   0.978794
    20.96438    0.867316   0.979404
    20.98572    0.917614   0.980004
    21.00705    0.874966   0.980594
    21.02838    0.852590   0.981173
    21.04972    0.888545   0.981743
    21.07105    0.830596   0.982302
    21.09238    0.843792   0.982850
    21.11372    0.890457   0.983389
    21.13505    0.855841   0.983917
    21.15638    0.828683   0.984436
    21.17772    0.880703   0.984944
    21.19905    0.848191   0.985442
    21.22038    0.833847   0.985930
    21.24172    0.899063   0.986408
    21.26305    0.876113   0.986876
    21.28438    0.835377   0.987334
    21.30572    0.879365   0.987782
    21.32705    0.904609   0.988220
    21.34838    0.891413   0.988649
    21.36972    0.895430   0.989067
    21.39105    0.876878   0.989476
    21.41238    0.870567   0.989876
    21.43372    0.867890   0.990266
    21.45505    0.914172   0.990646
    21.47638    1.001764   0.991017
    21.49772    1.052636   0.991378
    21.51905    1.035233   0.991731
    21.54038    0.988377   0.992074
    21.56172    1.010562   0.992407
    21.58305    1.025288   0.992732
    21.60438    0.996983   0.993048
    21.62572    1.010753   0.993355
    21.64705    0.947258   0.993653
    21.66838    0.958733   0.993942
    21.68972    0.926221   0.994223
    21.71105    0.931958   0.994495
    21.73238    1.002529   0.994759
    21.75372    0.995835   0.995014
    21.77505    0.947067   0.995262
    21.79638    0.969634   0.995501
    21.81772    0.926029   0.995732
    21.83905    0.915319   0.995955
    21.86038    0.981874   0.996171
    21.88172    1.024332   0.996378
    21.90305    1.009605   0.996579
    21.92438    1.049768   0.996772
    21.94572    1.097198   0.996957
    21.96705    1.009032   0.997136
    21.98838    0.978623   0.997307
    22.00972    1.066980   0.997471
    22.03105    1.088018   0.997629
    22.05238    1.035233   0.997780
    22.07372    1.000043   0.997925
    22.09505    0.993540   0.998063
    22.11638    0.958733   0.998195
    22.13772    1.060669   0.998320
    22.15905    1.065833   0.998440
    22.18038    1.010370   0.998554
    22.20172    0.981300   0.998662
    22.22305    1.003294   0.998764
    22.24438    1.054358   0.998862
    22.26572    1.096815   0.998953
    22.28705    1.025097   0.999040
    22.30838    1.001190   0.999122
    22.32972    1.121869   0.999199
    22.35105    1.023375   0.999271
    22.37238    1.030834   0.999338
    22.39372    0.986273   0.999401
    22.41505    0.970017   0.999460
    22.43638    0.991245   0.999515
    22.45772    1.000043   0.999566
    22.47905    0.984934   0.999613
    22.50038    0.972121   0.999657
    22.52172    1.007310   0.999697
    22.54305    0.967722   0.999734
    22.56438    1.130284   0.999767
    22.58572    1.096433   0.999798
    22.60705    0.990098   0.999825
    22.62838    0.970782   0.999850
    22.64972    0.998130   0.999873
    22.67105    0.996792   0.999893
    22.69238    1.022228   0.999910
    22.71372    1.066789   0.999926
    22.73505    0.953952   0.999939
    22.75638    0.991245   0.999951
    22.77772    1.002912   0.999961
    22.79905    0.937504   0.999970
    22.82038    0.891413   0.999977
    22.84172    0.944963   0.999983
    22.86305    0.949171   0.999987
    22.88438    0.911494   0.999991
    22.90572    0.948979   0.999994
    22.92705    0.929089   0.999996
    22.94838    0.916084   0.999998
    22.96972    0.838437   0.999999
    22.99105    0.890266   0.999999
    23.01238    0.978814   1.000000
    23.03372    0.899828   1.000000
    23.05505    0.937504   1.000000
    23.07638    1.076160   1.000000
    23.09772    0.988377   1.000000
    23.11905    1.008458   1.000000
    23.14038    0.993158   1.000000
    23.16172    1.028922   1.000000
    23.18305    1.050915   1.000000
    23.20438    0.989715   1.000000
    23.22572    1.024140   1.000000
    23.24705    1.055314   1.000000
    23.26838    1.007119   1.000000
    23.28972    0.958159   1.000000
    23.31105    0.973459   1.000000
    23.33238    0.947258   1.000000
    23.35372    1.009988   1.000000
    23.37505    1.049385   1.000000
    23.39638    1.009032   1.000000
    23.41772    1.007119   1.000000
    23.43905    1.026627   1.000000
    23.46038    1.045752   1.000000
    23.48172    1.036572   1.000000
    23.50305    1.026053   1.000000
    23.52438    1.018785   1.000000
    23.54572    1.151130   1.000000
    23.56705    1.107716   1.000000
    23.58838    1.027965   1.000000
    23.60972    1.001955   1.000000
    23.63105    1.046325   1.000000
    23.65238    1.077116   1.000000
    23.67372    0.843218   1.000000
    23.69505    0.844557   1.000000
    23.71638    1.004442   1.000000
    23.73772    1.027965   1.000000
    23.75905    0.948979   1.000000
    23.78038    1.021080   1.000000
    23.80172    1.004633   1.000000
    23.82305    1.030834   1.000000
    23.84438    0.943816   1.000000
    23.86572    1.010944   1.000000
    23.88705    1.033512   1.000000
    23.90838    0.982257   1.000000
    23.92972    1.065833   1.000000
    23.95105    0.970017   1.000000
    23.97238    0.927368   1.000000
    23.99372    1.028348   1.000000
    24.01505    1.012283   1.000000
    24.03638    1.010370   1.000000
    24.05772    1.071188   1.000000
    24.07905    1.011709   1.000000
    24.10038    1.074821   1.000000
    24.12172    0.943816   1.000000
    24.14305    0.917997   1.000000
    24.16438    1.043839   1.000000
    24.18572    0.992584   1.000000
    24.20705    1.009414   1.000000
    24.22838    0.979770   1.000000
    24.24972    0.894856   1.000000
    24.27105    0.968487   1.000000
    24.29238    0.891031   1.000000
    24.31372    0.984169   1.000000
    24.33505    1.124164   1.000000
    24.35638    1.060478   1.000000
    24.37772    1.111159   1.000000
    24.39905    1.080559   1.000000
    24.42038    1.033703   1.000000
    24.44172    1.083236   1.000000
    24.46305    1.044413   1.000000
    24.48438    1.009605   1.000000
    24.50572    1.035807   1.000000
    24.52705    1.083619   1.000000
    24.54838    1.025288   1.000000
    24.56972    0.970591   1.000000
    24.59105    0.989524   1.000000
    24.61238    1.030834   1.000000
    24.63372    0.976519   1.000000
    24.65505    1.028922   1.000000
    24.67638    1.098536   1.000000
    24.69772    0.925647   1.000000
    24.71905    0.970017   1.000000
    24.74038    1.058948   1.000000
    24.76172    0.973842   1.000000
    24.78305    1.004824   1.000000
    24.80438    1.023949   1.000000
    24.82572    0.944772   1.000000
    24.84705    0.946684   1.000000
    24.86838    0.918188   1.000000
    24.88972    0.954334   1.000000
    24.91105    0.956629   1.000000
    24.93238    0.940947   1.000000
    24.95372    0.932914   1.000000
    24.97505    1.000234   1.000000
    24.99638    0.950127   1.000000
    25.01772    0.931958   1.000000
    25.03905    0.887780   1.000000
    25.06038    0.973268   1.000000
    25.08172    0.932532   1.000000
    25.10305    1.018403   1.000000
    25.12438    0.974224   1.000000
    25.14572    0.905757   1.000000
    25.16705    0.914746   1.000000
    25.18838    0.996027   1.000000
    25.20972    0.994879   1.000000
    25.23105    0.904036   1.000000
    25.25238    0.949171   1.000000
    25.27372    0.935401   1.000000
    25.29505    0.928707   1.000000
    25.31638    0.951848   1.000000
    25.33772    0.964471   1.000000
    25.35905    0.990098   1.000000
