   457.29383    0.992113   1.000000
   457.31134    1.004452   1.000000
   457.32866    1.011714   1.000000
   457.34616    1.000978   1.000000
   457.36350    1.001965   1.000000
   457.38099    0.990526   1.000000
   457.39833    1.004679   1.000000
   457.41583    1.000276   1.000000
   457.43316    0.995256   1.000000
   457.45066    1.006722   1.000000
   457.46800    1.001445   1.000000
   457.48534    0.994236   1.000000
   457.50266    1.002754   1.000000
   457.52000    1.004735   1.000000
   457.53751    0.995053   1.000000
   457.55483    1.004108   1.000000
   457.57217    1.008091   1.000000
   457.58951    0.988268   1.000000
   457.60683    1.005028   1.000000
   457.62417    0.997865   1.000000
   457.64166    1.017963   1.000000
   457.65900    1.014741   1.000000
   457.67650    1.008190   1.000000
   457.69366    1.002679   1.000000
   457.71100    1.004404   1.000000
   457.72834    1.000721   1.000000
   457.74567    0.995035   1.000000
   457.76300    1.010912   1.000000
   457.78016    0.994855   1.000000
   457.79767    1.006247   1.000000
   457.81517    0.996718   1.000000
   457.83251    0.998968   1.000000
   457.84983    0.998702   1.000000
   457.86734    0.997423   1.000000
   457.88466    1.000578   1.000000
   457.90217    0.982879   1.000000
   457.91950    1.005481   1.000000
   457.93701    0.992649   1.000000
   457.95450    1.001700   1.000000
   457.97184    1.011683   1.000000
   457.98916    0.993043   1.000000
   458.00650    0.998692   1.000000
   458.02384    0.982346   1.000000
   458.04133    0.994142   1.000000
   458.05850    1.005343   1.000000
   458.07600    1.004795   1.000000
   458.09333    0.993807   1.000000
   458.11067    1.012743   1.000000
   458.12799    1.000713   1.000000
   458.14533    1.008555   1.000000
   458.16283    1.008460   1.000000
   458.18016    1.006265   1.000000
   458.19750    1.005785   1.000000
   458.21500    0.988672   1.000000
   458.23234    1.001090   1.000000
   458.24983    1.001119   1.000000
   458.26700    1.008098   1.000000
   458.28467    1.001088   1.000000
   458.30200    1.009455   1.000000
   458.31933    0.990615   1.000000
   458.33699    1.002986   1.000000
   458.35451    0.999226   1.000000
   458.37183    0.992076   1.000000
   458.38917    0.999092   1.000000
   458.40666    1.010305   1.000000
   458.42400    0.993224   1.000000
   458.44150    0.990711   1.000000
   458.45901    0.996741   1.000000
   458.47617    0.994587   1.000000
   458.49367    0.995854   1.000000
   458.51100    1.008785   1.000000
   458.52833    1.007372   1.000000
   458.54584    0.996725   1.000000
   458.56333    0.989825   1.000000
   458.58067    1.010425   1.000000
   458.59800    1.001059   1.000000
   458.61516    1.003839   1.000000
   458.63250    1.010039   1.000000
   458.64999    1.001416   1.000000
   458.66733    1.006806   1.000000
   458.68467    1.007763   1.000000
   458.70216    1.012878   1.000000
   458.71950    1.008053   1.000000
   458.73700    0.990971   1.000000
   458.75416    0.997745   1.000000
   458.77166    1.007692   1.000000
   458.78884    0.997722   1.000000
   458.80633    1.003949   1.000000
   458.82383    1.011821   1.000000
   458.84100    1.013083   1.000000
   458.85833    1.006254   1.000000
   458.87567    1.005748   1.000000
   458.89334    1.004588   1.000000
   458.91084    1.006368   1.000000
   458.92817    1.006001   1.000000
   458.94567    1.006975   1.000000
   458.96316    1.001042   1.000000
   458.98050    1.004848   1.000000
   458.99784    1.005247   1.000000
   459.01534    0.992685   1.000000
   459.03283    1.007080   1.000000
   459.05017    0.993767   1.000000
   459.06749    0.993748   1.000000
   459.08483    1.006016   1.000000
   459.10233    1.007213   1.000000
   459.11951    1.008873   1.000000
   459.13700    1.008180   1.000000
   459.15434    1.006056   1.000000
   459.17166    0.997951   1.000000
   459.18917    1.007336   1.000000
   459.20650    0.996485   1.000000
   459.22383    1.005683   1.000000
   459.24117    1.003038   1.000000
   459.25849    1.005645   1.000000
   459.27583    1.007588   1.000000
   459.29350    0.994064   1.000000
   459.31084    1.004185   1.000000
   459.32816    1.006671   1.000000
   459.34550    1.013351   1.000000
   459.36317    1.002981   1.000000
   459.38033    0.993874   1.000000
   459.39783    1.001136   1.000000
   459.41517    0.999097   1.000000
   459.43250    0.990214   1.000000
   459.44983    1.004455   1.000000
   459.46734    0.998229   1.000000
   459.48466    0.993664   1.000000
   459.50217    0.991268   1.000000
   459.51949    0.991986   1.000000
   459.53700    1.000739   1.000000
   459.55450    1.001534   1.000000
   459.57184    0.987528   1.000000
   459.58900    0.994690   1.000000
   459.60650    0.998500   1.000000
   459.62366    0.996997   1.000000
   459.64116    1.000026   1.000000
   459.65850    1.003675   1.000000
   459.67583    0.991318   1.000000
   459.69317    1.001973   1.000000
   459.71050    0.995119   1.000000
   459.72801    0.998793   1.000000
   459.74533    1.015152   1.000000
   459.76284    0.994751   1.000000
   459.78016    0.981050   1.000000
   459.79767    1.003964   1.000000
   459.81500    0.994280   1.000000
   459.83251    0.988225   1.000000
   459.84983    0.989749   1.000000
   459.86733    0.997681   1.000000
   459.88466    1.005820   1.000000
   459.90200    1.005232   1.000000
   459.91934    0.996788   1.000000
   459.93699    0.999820   1.000000
   459.95433    0.998855   1.000000
   459.97167    0.999221   1.000000
   459.98901    1.015171   1.000000
   460.00633    0.994405   1.000000
   460.02384    1.005696   1.000000
   460.04116    0.996275   1.000000
   460.05867    1.001713   1.000000
   460.07600    1.019789   1.000000
   460.09333    0.993978   1.000000
   460.11067    0.989016   1.000000
   460.12800    0.994709   1.000000
   460.14533    0.988472   1.000000
   460.16267    1.001288   1.000000
   460.18017    1.002939   1.000000
   460.19750    1.011646   1.000000
   460.21483    1.001143   1.000000
   460.23216    1.004583   1.000000
   460.24966    1.009061   1.000000
   460.26717    1.000176   1.000000
   460.28434    0.989182   1.000000
   460.30183    0.988770   1.000000
   460.31917    1.002146   1.000000
   460.33649    0.991764   1.000000
   460.35383    0.994953   1.000000
   460.37117    0.994467   1.000000
   460.38866    1.000314   1.000000
   460.40600    0.993793   1.000000
   460.42334    0.996193   1.000000
   460.44084    0.999059   1.000000
   460.45833    1.004081   1.000000
   460.47583    0.985238   1.000000
   460.49334    0.987722   1.000000
   460.51066    1.007776   1.000000
   460.52800    0.992913   1.000000
   460.54534    0.991209   1.000000
   460.56283    0.999619   1.000000
   460.58017    1.000150   1.000000
   460.59767    0.998877   1.000000
   460.61500    0.995785   1.000000
   460.63233    1.000264   1.000000
   460.64966    0.994849   1.000000
   460.66733    1.000250   1.000000
   460.68467    0.992807   1.000000
   460.70199    0.998742   1.000000
   460.71950    1.003140   1.000000
   460.73683    1.008390   1.000000
   460.75401    1.002404   1.000000
   460.77183    1.004365   1.000000
   460.78933    1.003871   1.000000
   460.80649    1.004138   1.000000
   460.82383    0.993143   1.000000
   460.84117    1.001279   1.000000
   460.85867    0.990007   1.000000
   460.87600    1.002414   1.000000
   460.89333    0.999192   1.000000
   460.91084    0.995286   1.000000
   460.92816    1.006309   1.000000
   460.94550    1.000062   1.000000
   460.96284    1.004644   1.000000
   460.98033    0.994873   1.000000
   460.99767    0.993229   1.000000
   461.01567    1.001825   1.000000
   461.03316    0.996888   1.000000
   461.05050    0.999038   1.000000
   461.06784    1.000283   1.000000
   461.08516    1.012753   1.000000
   461.10267    1.004701   1.000000
   461.12000    1.005410   1.000000
   461.13733    0.996222   1.000000
   461.15467    0.993321   1.000000
   461.17184    1.002628   1.000000
   461.18966    1.000994   1.000000
   461.20716    1.000972   1.000000
   461.22450    0.995013   1.000000
   461.24217    0.989225   1.000000
   461.25950    1.008555   1.000000
   461.27683    1.005006   1.000000
   461.29416    1.003879   1.000000
   461.31150    0.989222   1.000000
   461.32884    0.993762   1.000000
   461.34616    0.985574   1.000000
   461.36350    1.003490   1.000000
   461.38100    0.991208   1.000000
   461.39833    1.002286   1.000000
   461.41583    0.988176   1.000000
   461.43317    1.001541   1.000000
   461.45066    0.994784   1.000000
   461.46800    0.979688   1.000000
   461.48550    1.002777   1.000000
   461.50284    1.011995   1.000000
   461.52033    1.000108   1.000000
   461.53767    0.990223   1.000000
   461.55516    1.004696   1.000000
   461.57250    1.006749   1.000000
   461.58984    1.008101   1.000000
   461.60716    0.999360   1.000000
   461.62466    0.988968   1.000000
   461.64200    0.989495   1.000000
   461.65933    0.986847   1.000000
   461.67683    0.997382   1.000000
   461.69400    1.007780   1.000000
   461.71166    0.988782   1.000000
   461.72916    0.998723   1.000000
   461.74650    1.008398   1.000000
   461.76417    1.006498   1.000000
   461.78150    0.998408   0.999825
   461.79900    0.997597   0.999330
   461.81634    1.008422   0.998521
   461.83350    0.991241   0.997660
   461.85084    1.008011   0.996689
   461.86816    1.004903   0.995498
   461.88550    0.988305   0.994230
   461.90284    0.986286   0.992802
   461.92033    0.995728   0.991327
   461.93767    1.004818   0.989848
   461.95517    0.996870   0.988093
   461.97233    0.983884   0.986444
   461.98967    0.984498   0.984578
   462.00717    0.995051   0.982682
   462.02450    0.975662   0.980764
   462.04217    0.985491   0.978679
   462.05950    0.966395   0.976642
   462.07683    0.958674   0.974396
   462.09400    0.974183   0.972312
   462.11149    0.960508   0.970037
   462.12883    0.952864   0.967571
   462.14617    0.971172   0.965189
   462.16351    0.968449   0.962729
   462.18100    0.957346   0.960266
   462.19833    0.965642   0.957735
   462.21551    0.954109   0.955048
   462.23316    0.958853   0.952396
   462.25050    0.956087   0.949661
   462.26784    0.948684   0.946914
   462.28533    0.945841   0.944192
   462.30267    0.933021   0.941249
   462.32001    0.944007   0.938415
   462.33733    0.916157   0.935444
   462.35467    0.931022   0.932476
   462.37216    0.929612   0.929524
   462.38967    0.927924   0.926333
   462.40700    0.913225   0.923329
   462.42433    0.916566   0.920225
   462.44167    0.915838   0.917057
   462.45899    0.927862   0.913874
   462.47651    0.907522   0.910550
   462.49383    0.905656   0.907356
   462.51117    0.891165   0.904196
   462.52850    0.898913   0.900727
   462.54583    0.893101   0.897412
   462.56316    0.893131   0.894053
   462.58050    0.885105   0.890680
   462.59817    0.878607   0.887298
   462.61534    0.885965   0.883713
   462.63300    0.873650   0.880269
   462.65033    0.882959   0.876792
   462.66767    0.866078   0.873321
   462.68516    0.873297   0.869745
   462.70267    0.870336   0.866123
   462.72000    0.871070   0.862547
   462.73733    0.860682   0.859100
   462.75450    0.854405   0.855485
   462.77184    0.860242   0.851875
   462.78933    0.842224   0.848311
   462.80667    0.841021   0.844600
   462.82417    0.837276   0.840921
   462.84150    0.840016   0.837248
   462.85884    0.826519   0.833659
   462.87600    0.834593   0.829947
   462.89333    0.820496   0.826246
   462.91067    0.831182   0.822596
   462.92800    0.810219   0.818892
   462.94533    0.817374   0.815237
   462.96284    0.802584   0.811431
   462.98033    0.818852   0.807690
   462.99783    0.805156   0.804000
   463.01499    0.797320   0.800285
   463.03250    0.801118   0.796542
   463.04983    0.791390   0.792764
   463.06734    0.795598   0.789099
   463.08466    0.790051   0.785417
   463.10217    0.781117   0.781684
   463.11949    0.787540   0.777929
   463.13701    0.782621   0.774231
   463.15417    0.772786   0.770632
   463.17149    0.759017   0.766931
   463.18900    0.766299   0.763170
   463.20667    0.765025   0.759497
   463.22400    0.760724   0.755917
   463.24133    0.754770   0.752277
   463.25883    0.750723   0.748612
   463.27617    0.752440   0.744999
   463.29551    0.745446   0.741085
   463.31300    0.740620   0.737492
   463.33034    0.739983   0.733947
   463.34766    0.724798   0.730463
   463.36500    0.730595   0.726958
   463.38234    0.728415   0.723431
   463.39983    0.728993   0.720009
   463.41717    0.712799   0.716727
   463.43449    0.719671   0.713385
   463.45201    0.700743   0.709979
   463.46917    0.703403   0.706610
   463.48667    0.707403   0.703345
   463.50383    0.698694   0.700142
   463.52117    0.698299   0.696951
   463.53851    0.699089   0.693772
   463.55616    0.697219   0.690518
   463.57350    0.694436   0.687407
   463.59083    0.686079   0.684389
   463.60833    0.686261   0.681394
   463.62567    0.681098   0.678427
   463.64283    0.679463   0.675618
   463.66033    0.675669   0.672730
   463.67784    0.670016   0.669984
   463.69516    0.669670   0.667195
   463.71250    0.662259   0.664567
   463.72984    0.654254   0.661908
   463.74733    0.654927   0.659355
   463.76467    0.662993   0.656873
   463.78233    0.644759   0.654348
   463.79966    0.648217   0.652033
   463.81700    0.646603   0.649698
   463.83434    0.647018   0.647492
   463.85184    0.647249   0.645337
   463.86917    0.646655   0.643201
   463.88667    0.634727   0.641204
   463.90416    0.639373   0.639312
   463.92133    0.635343   0.637527
   463.93884    0.633626   0.635769
   463.95616    0.637218   0.634070
   463.97367    0.632814   0.632487
   463.99100    0.631508   0.631050
   464.00849    0.632525   0.629634
   464.02583    0.624132   0.628315
   464.04317    0.624983   0.627189
   464.06066    0.631243   0.625976
   464.07800    0.623848   0.625105
   464.09550    0.619103   0.624134
   464.11284    0.624825   0.623430
   464.13017    0.618411   0.622595
   464.14767    0.620738   0.622095
   464.16501    0.611610   0.621639
   464.18233    0.626147   0.621180
   464.19967    0.614875   0.621003
   464.21716    0.617325   0.620911
   464.23450    0.616047   0.620804
   464.25184    0.625970   0.620891
   464.26916    0.613963   0.621058
   464.28667    0.623394   0.621378
   464.30400    0.619672   0.621812
   464.32133    0.622158   0.622350
   464.33883    0.625212   0.622973
   464.35650    0.618498   0.623826
   464.37366    0.626199   0.624774
   464.39117    0.627301   0.625749
   464.40834    0.622447   0.626853
   464.42583    0.623307   0.627976
   464.44317    0.628005   0.629392
   464.46049    0.630219   0.630869
   464.47801    0.624906   0.632289
   464.49533    0.634243   0.634021
   464.51284    0.647136   0.635718
   464.53016    0.637940   0.637627
   464.54750    0.630508   0.639495
   464.56484    0.646588   0.641583
   464.58216    0.647561   0.643645
   464.59967    0.647659   0.645980
   464.61699    0.644715   0.648301
   464.63433    0.639193   0.650580
   464.65167    0.655582   0.653099
   464.66901    0.642223   0.655705
   464.68650    0.652259   0.658342
   464.70367    0.653711   0.660942
   464.72116    0.666509   0.663656
   464.73850    0.662488   0.666560
   464.75600    0.673531   0.669466
   464.77333    0.673779   0.672522
   464.79083    0.681889   0.675595
   464.80817    0.680134   0.678585
   464.82566    0.686208   0.681831
   464.84300    0.684549   0.684923
   464.86034    0.684076   0.688127
   464.87766    0.689323   0.691410
   464.89517    0.697150   0.694744
   464.91283    0.693805   0.698095
   464.93001    0.705449   0.701481
   464.94733    0.705398   0.704941
   464.96484    0.710353   0.708372
   464.98216    0.705479   0.711897
   464.99950    0.725317   0.715377
   465.01684    0.712454   0.718878
   465.03433    0.723939   0.722473
   465.05150    0.733806   0.726021
   465.06884    0.729208   0.729664
   465.08633    0.734294   0.733390
   465.10367    0.738315   0.737037
   465.12117    0.754897   0.740687
   465.13850    0.741956   0.744343
   465.15600    0.747785   0.748045
   465.17334    0.760972   0.751812
   465.19066    0.759834   0.755502
   465.20817    0.757774   0.759344
   465.22534    0.757346   0.762939
   465.24267    0.764267   0.766728
   465.26017    0.761833   0.770467
   465.27749    0.772309   0.774214
   465.29483    0.784459   0.777906
   465.31217    0.782430   0.781653
   465.32951    0.795116   0.785437
   465.34683    0.786827   0.789136
   465.36434    0.799108   0.792924
   465.38166    0.804918   0.796629
   465.39917    0.803078   0.800414
   465.41650    0.805508   0.804150
   465.43383    0.814836   0.807827
   465.45117    0.805338   0.811560
   465.46849    0.810432   0.815275
   465.48583    0.829468   0.818920
   465.50317    0.816016   0.822549
   465.52049    0.832956   0.826246
   465.53800    0.836822   0.829906
   465.55533    0.838834   0.833582
   465.57266    0.840388   0.837139
   465.59016    0.843894   0.840773
   465.60750    0.844525   0.844360
   465.62499    0.846093   0.847948
   465.64233    0.847502   0.851463
   465.65983    0.857403   0.855021
   465.67717    0.857672   0.858526
   465.69466    0.876281   0.862009
   465.71200    0.863524   0.865500
   465.72934    0.868612   0.868967
   465.74683    0.876197   0.872316
   465.76433    0.875723   0.875705
   465.78167    0.881782   0.879112
   465.79900    0.885081   0.882413
   465.81650    0.883654   0.885718
   465.83400    0.881295   0.889063
   465.85133    0.894586   0.892246
   465.86883    0.894475   0.895467
   465.88617    0.895516   0.898676
   465.90366    0.894290   0.901774
   465.92100    0.903960   0.904866
   465.93834    0.905584   0.907999
   465.95583    0.899060   0.911048
   465.97333    0.914932   0.914078
   465.99084    0.917888   0.917086
   466.00834    0.928373   0.919985
   466.02567    0.912027   0.922920
   466.04300    0.921202   0.925766
   466.06033    0.922277   0.928540
   466.07767    0.923858   0.931378
   466.09517    0.926365   0.934139
   466.11233    0.936535   0.936790
   466.12983    0.932468   0.939448
   466.14734    0.954734   0.942054
   466.16466    0.939756   0.944668
   466.18183    0.947700   0.947154
   466.19916    0.949347   0.949613
   466.21666    0.956666   0.952052
   466.23400    0.967684   0.954409
   466.25134    0.960774   0.956788
   466.26883    0.952636   0.959065
   466.28617    0.961451   0.961256
   466.30367    0.956744   0.963530
   466.32100    0.962944   0.965606
   466.33850    0.970642   0.967720
   466.35584    0.968148   0.969810
   466.37316    0.976167   0.971738
   466.39050    0.974676   0.973700
   466.40766    0.976715   0.975466
   466.42517    0.980311   0.977311
   466.44267    0.981748   0.979098
   466.46001    0.980460   0.980755
   466.47733    0.982303   0.982416
   466.49467    0.980101   0.983959
   466.51200    0.991198   0.985472
   466.52950    0.980782   0.987007
   466.54684    0.991899   0.988321
   466.56416    0.985191   0.989617
   466.58150    0.981430   0.990897
   466.59900    1.014669   0.992060
   466.61651    1.000518   0.993229
   466.63383    0.995558   0.994207
   466.65134    1.003381   0.995185
   466.66884    0.986556   0.996112
   466.68617    0.998375   0.996864
   466.70367    0.992578   0.997645
   466.72101    1.002176   0.998249
   466.73833    0.999295   0.998792
   466.75567    0.998048   0.999256
   466.77300    1.013843   0.999580
   466.79050    1.006809   0.999854
   466.80784    0.997767   0.999968
   466.82516    1.007080   1.000000
   466.84267    1.005668   1.000000
   466.85984    0.999022   1.000000
   466.87716    1.010906   1.000000
   466.89467    1.011836   1.000000
   466.91199    1.003333   1.000000
   466.92950    1.005060   1.000000
   466.94667    0.990188   1.000000
   466.96434    0.999974   1.000000
   466.98166    1.000263   1.000000
   466.99917    0.994508   1.000000
   467.01667    1.004794   1.000000
   467.03400    1.011190   1.000000
   467.05133    0.999082   1.000000
   467.06884    0.999489   1.000000
   467.08633    1.012470   1.000000
   467.10367    0.984527   1.000000
   467.12117    1.007597   1.000000
   467.13851    1.005775   1.000000
   467.15600    0.996863   1.000000
   467.17334    0.993451   1.000000
   467.19084    1.001732   1.000000
   467.20817    1.011936   1.000000
   467.22550    0.995525   1.000000
   467.24283    1.002490   1.000000
   467.26017    0.989713   1.000000
   467.27749    1.017732   1.000000
   467.29501    1.004228   1.000000
   467.31217    1.002467   1.000000
   467.32967    0.997537   1.000000
   467.34700    1.014150   1.000000
   467.36433    1.012474   1.000000
   467.38166    1.001663   1.000000
   467.39900    0.987526   1.000000
   467.41634    1.002484   1.000000
   467.43366    0.999836   1.000000
   467.45100    1.013814   1.000000
   467.46850    0.998133   1.000000
   467.48583    0.998789   1.000000
   467.50333    0.994868   1.000000
   467.52084    0.997373   1.000000
   467.53800    1.005634   1.000000
   467.55550    1.005092   1.000000
   467.57284    1.001969   1.000000
   467.59016    0.996317   1.000000
   467.60750    1.001212   1.000000
   467.62500    0.998205   1.000000
   467.64216    0.987855   1.000000
   467.65967    0.982154   1.000000
   467.67683    0.984643   1.000000
   467.69450    0.994496   1.000000
   467.71183    0.993239   1.000000
   467.72934    0.993748   1.000000
   467.74683    1.007142   1.000000
   467.76417    0.984967   1.000000
   467.78167    0.994998   1.000000
   467.79900    0.989281   1.000000
   467.81633    0.996210   1.000000
   467.83367    0.989239   1.000000
   467.85100    0.995983   1.000000
   467.86850    0.992773   1.000000
   467.88566    1.020960   1.000000
   467.90316    0.973154   1.000000
   467.92050    1.002207   1.000000
   467.93784    1.021678   1.000000
   467.95517    1.005151   1.000000
   467.97267    0.999357   1.000000
   467.99001    0.998186   1.000000
   468.00750    0.993637   1.000000
   468.02484    1.009879   1.000000
   468.04234    0.994698   1.000000
   468.05983    1.000689   1.000000
   468.07717    0.997765   1.000000
   468.09467    1.027048   1.000000
   468.11200    1.008729   1.000000
   468.12950    1.002015   1.000000
   468.14684    0.997690   1.000000
   468.16433    0.991600   1.000000
   468.18167    0.995573   1.000000
   468.19917    1.006829   1.000000
   468.21650    0.997237   1.000000
   468.23400    1.006889   1.000000
   468.25134    1.010314   1.000000
   468.26866    1.001222   1.000000
   468.28617    0.998756   1.000000
   468.30349    0.992725   1.000000
   468.32101    1.016555   1.000000
   468.33833    0.996302   1.000000
   468.35567    1.002836   1.000000
   468.37300    1.001405   1.000000
   468.39033    0.993154   1.000000
   468.40766    1.002819   1.000000
   468.42500    0.987581   1.000000
   468.44234    1.015308   1.000000
   468.45984    0.997161   1.000000
   468.47717    0.977892   1.000000
   468.49467    0.991620   1.000000
   468.51201    1.005476   1.000000
   468.52933    0.977145   1.000000
   468.54684    0.973996   1.000000
   468.56416    1.011805   1.000000
   468.58150    0.999126   1.000000
   468.59884    0.998583   1.000000
   468.61616    1.011551   1.000000
   468.63367    1.000445   1.000000
   468.65084    0.998635   1.000000
   468.66833    1.004425   1.000000
   468.68567    1.000460   1.000000
   468.70299    0.992018   1.000000
   468.72033    1.010499   1.000000
   468.73783    0.996317   1.000000
   468.75516    0.996706   1.000000
   468.77266    1.008606   1.000000
   468.79000    1.004104   1.000000
   468.80734    1.000067   1.000000
   468.82467    1.005955   1.000000
   468.84200    1.009023   1.000000
   468.85933    0.996810   1.000000
   468.87667    1.005963   1.000000
   468.89400    1.020080   1.000000
   468.91133    1.012663   1.000000
   468.92867    1.006095   1.000000
   468.94617    1.002545   1.000000
   468.96350    1.000753   1.000000
   468.98083    1.011167   1.000000
   468.99834    0.992570   1.000000
   469.01583    1.022920   1.000000
   469.03300    1.004453   1.000000
   469.05067    0.992568   1.000000
   469.06800    0.994703   1.000000
   469.08550    0.998260   1.000000
   469.10267    1.017519   1.000000
   469.12016    1.003562   1.000000
   469.13750    0.997071   1.000000
   469.15484    1.007637   1.000000
   469.17233    1.004198   1.000000
   469.18967    0.996659   1.000000
   469.20717    0.997784   1.000000
   469.22450    0.988787   1.000000
   469.24183    0.999496   1.000000
   469.25934    1.006625   1.000000
   469.27666    0.994111   1.000000
   469.29400    1.001251   1.000000
   469.31134    0.994221   1.000000
   469.32867    1.003187   1.000000
   469.34617    0.998016   1.000000
   469.36349    1.004040   1.000000
   469.38116    0.999516   1.000000
   469.39867    0.996815   1.000000
   469.41600    1.004771   1.000000
   469.43351    0.997419   1.000000
   469.45083    0.995860   1.000000
   469.46834    1.008235   1.000000
   469.48566    1.000492   1.000000
   469.50333    0.995646   1.000000
   469.52050    1.001770   1.000000
   469.53801    0.995515   1.000000
   469.55533    0.993718   1.000000
   469.57267    0.994044   1.000000
   469.59001    0.997959   1.000000
   469.60750    0.999365   1.000000
   469.62467    0.994142   1.000000
   469.64200    0.982459   1.000000
   469.65933    1.012012   1.000000
   469.67666    1.000634   1.000000
   469.69400    1.003246   1.000000
   469.71134    1.008307   1.000000
   469.72866    1.005395   1.000000
   469.74617    0.989784   1.000000
   469.76350    1.006924   1.000000
   469.78101    0.999601   1.000000
   469.79833    1.002586   1.000000
   469.81584    0.995148   1.000000
   469.83316    0.996672   1.000000
   469.85033    0.999224   1.000000
   469.86784    0.983132   1.000000
   469.88516    1.002079   1.000000
   469.90233    1.004847   1.000000
   469.91984    0.987061   1.000000
   469.93716    1.002104   1.000000
   469.95467    1.006933   1.000000
   469.97199    0.997044   1.000000
   469.98933    1.008700   1.000000
   470.00683    0.999481   1.000000
   470.02416    1.002984   1.000000
   470.04166    0.991042   1.000000
   470.05900    0.992509   1.000000
   470.07616    1.010397   1.000000
   470.09367    1.009342   1.000000
   470.11100    0.988129   1.000000
   470.12833    1.002262   1.000000
   470.14583    0.994845   1.000000
   470.16333    0.999027   1.000000
   470.18066    0.982872   1.000000
   470.19800    0.986827   1.000000
   470.21550    1.000680   1.000000
   470.23284    0.991439   1.000000
   470.25017    1.009041   1.000000
   470.26767    0.992559   1.000000
   470.28501    1.001862   1.000000
   470.30250    1.004830   1.000000
   470.31984    0.990205   1.000000
   470.33734    1.005593   1.000000
   470.35450    1.000253   1.000000
   470.37184    0.990337   1.000000
   470.38933    0.993646   1.000000
   470.40667    1.002614   1.000000
   470.42417    0.998924   1.000000
   470.44151    0.995201   1.000000
   470.45900    0.995708   1.000000
   470.47650    0.999457   1.000000
   470.49384    0.987598   1.000000
   470.51117    0.989168   1.000000
   470.52850    0.989476   1.000000
   470.54583    0.993937   1.000000
   470.56333    1.001434   1.000000
   470.58049    0.996125   1.000000
   470.59816    0.992155   1.000000
   470.61550    0.998227   1.000000
   470.63284    0.991507   1.000000
   470.65016    0.993783   1.000000
   470.66750    1.006258   1.000000
   470.68484    0.995138   1.000000
   470.70216    1.004175   1.000000
   470.71950    0.994135   1.000000
   470.73699    0.991774   1.000000
   470.75433    0.997885   1.000000
   470.77150    0.994410   1.000000
   470.78917    1.001698   1.000000
   470.80633    1.002343   1.000000
   470.82400    0.989798   1.000000
   470.84149    1.003360   1.000000
   470.85883    0.988652   1.000000
   470.87633    0.997004   1.000000
   470.89351    1.004477   1.000000
   470.91100    0.995646   1.000000
   470.92850    1.010332   1.000000
   470.94584    1.006394   1.000000
   470.96333    1.001466   1.000000
   470.98067    1.004562   1.000000
   470.99799    1.005361   1.000000
   471.01533    0.997116   1.000000
   471.03283    0.995539   1.000000
   471.05016    1.004326   1.000000
   471.06766    0.992222   1.000000
   471.08500    0.990865   1.000000
   471.10249    0.997909   1.000000
   471.11983    1.001684   1.000000
   471.13733    0.982478   1.000000
   471.15467    0.992284   1.000000
   471.17200    0.999759   1.000000
   471.18983    1.013676   1.000000
