   220.10242    1.073388   1.000000
   220.28501    0.983262   1.000000
   220.47322    0.992986   1.000000
   220.65998    0.897648   1.000000
   220.84834    1.040004   1.000000
   221.03496    1.010330   1.000000
   221.22331    1.006520   1.000000
   221.40994    0.923011   1.000000
   221.60002    0.851231   1.000000
   221.78664    0.932736   1.000000
   221.97499    0.971132   1.000000
   222.16334    1.056846   1.000000
   222.35328    1.018550   1.000000
   222.54163    1.060255   1.000000
   222.72998    0.971733   1.000000
   222.91834    1.020255   1.000000
   223.10669    0.976746   1.000000
   223.29490    1.084115   1.000000
   223.48498    0.966620   1.000000
   223.67160    1.056947   1.000000
   223.85995    1.039804   1.000000
   224.04658    0.974340   1.000000
   224.23493    0.984265   1.000000
   224.42155    1.006821   1.000000
   224.60990    1.106972   1.000000
   224.79667    1.081608   1.000000
   224.98488    0.891332   1.000000
   225.17165    1.004816   1.000000
   225.36000    0.927422   1.000000
   225.54662    0.973337   0.996451
   225.73498    0.939252   0.981973
   225.92333    0.910079   0.962036
   226.10995    0.938851   0.939084
   226.29830    0.974340   0.914034
   226.48493    0.845718   0.888514
   226.67328    0.919603   0.862814
   226.85990    0.815743   0.838651
   227.04826    0.852936   0.816384
   227.23488    0.792785   0.797266
   227.42323    0.745968   0.781734
   227.61000    0.766720   0.770752
   227.79835    0.743161   0.764774
   227.98498    0.792083   0.764101
   228.17333    0.800805   0.768772
   228.35995    0.784765   0.778554
   228.54830    0.802610   0.793167
   228.73493    0.788575   0.811550
   228.92328    0.778750   0.833193
   229.10990    0.863863   0.856731
   229.29826    0.915492   0.881597
   229.48488    0.891232   0.906411
   229.67323    0.987272   0.930520
   229.86000    0.933638   0.952672
   230.04835    0.915192   0.972322
   230.23498    0.996696   0.987853
   230.42333    1.013337   0.997837
   230.60995    0.965818   1.000000
   230.79830    0.977447   1.000000
   230.98493    0.984465   1.000000
   231.17328    1.022460   1.000000
   231.36163    1.054541   1.000000
   231.54826    1.031282   1.000000
   231.73661    0.999603   1.000000
   231.92323    0.923312   1.000000
   232.11158    0.972034   1.000000
   232.29835    0.990480   1.000000
   232.48656    0.984565   1.000000
   232.67333    1.079002   1.000000
   232.86168    0.968826   1.000000
   233.04830    1.004014   1.000000
   233.23666    1.026971   1.000000
   233.42328    1.034992   1.000000
   233.61163    0.990280   1.000000
   233.79826    1.058651   1.000000
   233.98661    1.003212   1.000000
   234.17323    1.009227   1.000000
   234.36158    1.031683   1.000000
   234.54835    0.989177   1.000000
   234.73656    1.007623   1.000000
   234.92491    1.062260   1.000000
   235.11168    0.923312   1.000000
   235.29989    1.015443   1.000000
   235.48666    0.988776   1.000000
   235.67501    1.001107   1.000000
   235.86163    1.038801   1.000000
   236.04998    1.041207   1.000000
   236.23661    1.021959   1.000000
   236.42496    0.999803   1.000000
   236.61158    0.955693   1.000000
