  1424.92800    0.957846   1.000000
  1425.11940    1.039775   1.000000
  1425.30300    1.064814   1.000000
  1425.48600    0.998215   1.000000
  1425.66960    1.026149   1.000000
  1425.85260    0.982703   1.000000
  1426.03620    1.057999   1.000000
  1426.21980    1.037953   1.000000
  1426.40280    1.014079   1.000000
  1426.58640    1.062213   1.000000
  1426.76940    1.065819   1.000000
  1426.95300    0.990579   1.000000
  1427.13600    1.007717   1.000000
  1427.31960    1.002413   1.000000
  1427.50260    0.956153   1.000000
  1427.68620    0.956360   1.000000
  1427.86980    1.075761   0.999990
  1428.05280    0.982850   0.999887
  1428.23640    0.975213   0.999570
  1428.41940    1.041507   0.998917
  1428.60300    0.969083   0.997809
  1428.78600    1.039393   0.996158
  1428.96960    0.932219   0.993878
  1429.15260    0.944962   0.990929
  1429.33620    1.009615   0.987265
  1429.51980    0.922723   0.982891
  1429.70280    0.984461   0.977852
  1429.88640    0.998154   0.972164
  1430.06940    0.921570   0.965941
  1430.25300    0.919548   0.959246
  1430.43600    0.965522   0.952246
  1430.61960    0.921197   0.945038
  1430.80260    1.003841   0.937828
  1430.98620    0.844909   0.930713
  1431.16980    0.902659   0.923840
  1431.35280    0.934756   0.917343
  1431.53640    0.942726   0.911283
  1431.71940    0.879367   0.905796
  1431.90300    0.895040   0.900936
  1432.08600    0.938740   0.896814
  1432.26960    0.908588   0.893471
  1432.45260    0.921148   0.890986
  1432.63620    0.918051   0.889386
  1432.81980    0.901167   0.888706
  1433.00280    0.907673   0.888955
  1433.18640    0.860327   0.890129
  1433.36940    0.923170   0.892198
  1433.55300    0.887191   0.895139
  1433.73600    0.893322   0.898879
  1433.91960    0.881812   0.903379
  1434.10260    0.918736   0.908533
  1434.28620    0.920916   0.914291
  1434.46980    0.907643   0.920542
  1434.65280    0.913421   0.927166
  1434.83640    0.920864   0.934100
  1435.01940    0.940121   0.941184
  1435.20300    0.960255   0.948340
  1435.38600    0.935065   0.955372
  1435.56960    0.946597   0.962179
  1435.75260    0.971409   0.968586
  1435.93620    0.941402   0.974526
  1436.11980    0.997461   0.979890
  1436.30280    0.985632   0.984600
  1436.48640    0.976768   0.988650
  1436.66940    0.964722   0.991999
  1436.85300    1.021740   0.994681
  1437.03600    0.960829   0.996715
  1437.21960    0.970981   0.998174
  1437.40260    0.995002   0.999125
  1437.58620    1.033953   0.999673
  1437.76980    1.021836   0.999924
  1437.95280    1.021620   0.999995
  1438.13640    1.041329   1.000000
  1438.31940    1.022135   1.000000
  1438.50300    0.926610   1.000000
  1438.68600    0.935166   1.000000
  1438.86960    0.953954   1.000000
  1439.05260    1.037081   1.000000
  1439.23620    1.026843   1.000000
  1439.41980    1.022213   1.000000
  1439.60280    1.021565   1.000000
  1439.78640    0.900759   1.000000
  1439.96940    0.961670   1.000000
  1440.15300    0.991571   1.000000
  1440.33600    0.988777   1.000000
  1440.51960    1.006098   1.000000
  1440.70260    1.010173   1.000000
  1440.88620    1.020226   1.000000
  1441.06980    1.028129   1.000000
  1441.25280    0.957618   1.000000
  1441.43640    0.993036   1.000000
  1441.61940    1.014258   1.000000
  1441.80300    1.010329   1.000000
  1441.98600    1.021351   1.000000
  1442.16960    1.008270   1.000000
  1442.35260    1.001910   1.000000
  1442.53620    1.004488   1.000000
  1442.71980    1.019370   1.000000
  1442.90280    0.973040   1.000000
  1443.08640    1.005110   1.000000
  1443.26940    1.013366   1.000000
  1443.45300    1.019185   1.000000
  1443.63600    1.025614   1.000000
  1443.81960    1.029579   1.000000
  1444.00260    1.008857   1.000000
  1444.18620    0.940438   1.000000
  1444.36980    0.989579   1.000000
  1444.55280    0.996848   1.000000
  1444.73640    1.002514   1.000000
  1444.91940    0.991530   1.000000
  1445.10300    0.931123   1.000000
  1445.28600    1.013025   1.000000
  1445.45880    1.005758   1.000000
