  1102.94107    1.009354   1.000000
  1103.06578    0.959144   1.000000
  1103.18270    1.093865   1.000000
  1103.30021    1.063075   1.000000
  1103.40893    1.040216   1.000000
  1103.53392    0.978056   1.000000
  1103.64566    1.152401   1.000000
  1103.76864    0.975537   1.000000
  1103.88010    0.914711   1.000000
  1104.00307    1.044248   1.000000
  1104.11410    0.956497   1.000000
  1104.23707    1.103275   1.000000
  1104.34867    0.948863   1.000000
  1104.47035    0.999456   1.000000
  1104.58282    1.023396   1.000000
  1104.70608    1.007590   1.000000
  1104.81696    0.987197   1.000000
  1104.94022    1.027079   1.000000
  1105.05168    0.971502   1.000000
  1105.16918    1.115331   1.000000
  1105.28611    1.045403   1.000000
  1105.40275    1.007775   1.000000
  1105.52040    1.045307   1.000000
  1105.63762    1.050228   1.000000
  1105.74749    1.036009   1.000000
  1105.87032    1.074790   1.000000
  1105.98883    0.937225   1.000000
  1106.09928    1.045692   1.000000
  1106.22542    1.001022   1.000000
  1106.34206    1.072615   1.000000
  1106.45669    0.945287   0.999912
  1106.56829    1.095680   0.998323
  1106.69198    0.990019   0.994829
  1106.80992    0.961798   0.990181
  1106.92512    0.970161   0.984454
  1107.03499    0.921560   0.978133
  1107.15998    1.086435   0.970004
  1107.27677    1.022360   0.961643
  1107.38650    0.898843   0.953129
  1107.51149    0.809998   0.942849
  1107.63000    0.914879   0.932538
  1107.73771    0.953946   0.922864
  1107.86515    0.825665   0.911050
  1107.97963    0.963837   0.900181
  1108.08936    0.808805   0.889788
  1108.21435    0.905073   0.877876
  1108.33128    1.017756   0.866769
  1108.44072    0.838772   0.856525
  1108.56614    0.735807   0.845112
  1108.68307    0.694071   0.834894
  1108.80086    0.694902   0.824989
  1108.90973    0.787633   0.816411
  1109.04048    0.840241   0.806954
  1109.15194    1.005550   0.799585
  1109.26944    1.057216   0.792699
  1109.38579    0.672796   0.786870
  1109.50286    0.722709   0.782073
  1109.61216    0.615919   0.778536
  1109.73730    0.717074   0.775771
  1109.85466    0.759423   0.774421
  1109.96395    0.721047   0.774262
  1110.08952    0.978687   0.775381
  1110.20659    0.930344   0.777683
  1110.32294    0.860367   0.781077
  1110.43958    0.952629   0.785591
  1110.54960    0.791122   0.790911
  1110.67517    0.700106   0.797996
  1110.79195    0.743847   0.805526
  1110.90960    1.050809   0.813981
  1111.01832    0.763069   0.822446
  1111.14360    0.778402   0.832995
  1111.26024    0.742068   0.843237
  1111.37702    0.679898   0.854097
  1111.48618    0.963926   0.864570
  1111.61146    0.683036   0.876766
  1111.72867    0.943547   0.888273
  1111.83840    0.883901   0.899263
  1111.96843    0.988470   0.912143
  1112.07989    0.833919   0.923065
  1112.19854    0.817267   0.934346
  1112.31288    0.794701   0.944961
  1112.42448    1.098509   0.954845
  1112.55638    0.919779   0.965829
  1112.66597    0.976346   0.974259
  1112.78347    1.027268   0.982492
  1112.89234    1.136694   0.989028
  1113.01805    1.131159   0.995255
  1113.13454    0.993673   0.999201
  1113.24629    1.026417   1.000000
  1113.36970    0.949388   1.000000
  1113.48533    1.015696   1.000000
  1113.59563    0.908832   1.000000
  1113.72091    0.918594   1.000000
  1113.83827    0.954473   1.000000
  1113.94742    0.876443   1.000000
  1114.07846    0.858704   1.000000
  1114.18934    0.974729   1.000000
  1114.30699    0.911515   1.000000
  1114.41672    0.964015   1.000000
  1114.54718    0.952629   1.000000
