    99.86884    0.993144   1.000000
    99.88616    1.003659   1.000000
    99.90350    1.003477   1.000000
    99.92066    0.998290   1.000000
    99.93783    0.998521   1.000000
    99.95517    1.002879   1.000000
    99.97250    0.995823   1.000000
    99.98967    0.990442   1.000000
   100.00683    1.001836   1.000000
   100.02417    0.998159   1.000000
   100.04149    0.997773   1.000000
   100.05867    0.994015   1.000000
   100.07584    0.992339   1.000000
   100.09316    0.995541   1.000000
   100.11050    1.000597   1.000000
   100.12766    0.995081   1.000000
   100.14483    0.992584   1.000000
   100.16199    0.995467   1.000000
   100.17950    0.999221   1.000000
   100.19667    0.990415   1.000000
   100.21383    0.994219   1.000000
   100.23100    0.998061   1.000000
   100.24834    0.998079   1.000000
   100.26567    0.999692   1.000000
   100.28284    0.996692   1.000000
   100.30000    0.994465   1.000000
   100.31733    0.994071   1.000000
   100.33466    1.003547   1.000000
   100.35183    0.998387   1.000000
   100.36899    0.996020   1.000000
   100.38617    0.997157   1.000000
   100.40367    0.986513   1.000000
   100.42083    1.004629   1.000000
   100.43800    1.005563   1.000000
   100.45516    1.002161   1.000000
   100.47267    1.003223   1.000000
   100.48984    0.995215   1.000000
   100.50700    1.002597   1.000000
   100.52417    0.997592   1.000000
   100.54151    0.994106   1.000000
   100.55883    0.996842   1.000000
   100.57599    0.992379   1.000000
   100.59317    0.994223   1.000000
   100.61050    0.998633   1.000000
   100.62783    1.002729   1.000000
   100.64500    0.992405   1.000000
   100.66216    0.998954   1.000000
   100.67950    1.000154   1.000000
   100.69684    0.995165   1.000000
   100.71400    0.996820   1.000000
   100.73117    0.998102   1.000000
   100.74833    1.002327   1.000000
   100.76583    0.999113   1.000000
   100.78299    1.004311   1.000000
   100.80017    1.000649   1.000000
   100.81750    0.996867   1.000000
   100.83466    0.995648   1.000000
   100.85200    1.003106   1.000000
   100.86916    1.000453   1.000000
   100.88633    0.993573   1.000000
   100.90367    0.999633   1.000000
   100.92100    0.993680   1.000000
   100.93833    1.005470   1.000000
   100.95566    1.003934   1.000000
   100.97283    1.002752   1.000000
   100.98999    1.000823   1.000000
   101.00733    0.991845   1.000000
   101.02450    0.995804   1.000000
   101.04183    0.999491   1.000000
   101.05900    0.998988   1.000000
   101.07634    0.994291   1.000000
   101.09350    1.001553   1.000000
   101.11084    0.998018   1.000000
   101.12800    0.998598   1.000000
   101.14533    0.999996   1.000000
   101.16251    1.008389   1.000000
   101.17967    0.997886   1.000000
   101.19699    0.997300   1.000000
   101.21433    1.001735   1.000000
   101.23150    0.995917   1.000000
   101.24866    1.004359   1.000000
   101.26600    0.993738   1.000000
   101.28316    0.994262   1.000000
   101.30050    0.983725   1.000000
   101.31767    0.998593   1.000000
   101.33483    0.998155   1.000000
   101.35217    1.003816   1.000000
   101.36951    0.995376   1.000000
   101.38667    1.002629   1.000000
   101.40384    0.996278   1.000000
   101.42117    0.996754   1.000000
   101.43850    0.993440   1.000000
   101.45566    1.001940   1.000000
   101.47284    1.004821   1.000000
   101.49016    0.996705   1.000000
   101.50750    0.999004   1.000000
   101.52467    0.993938   1.000000
   101.54183    0.994257   1.000000
   101.55917    1.000075   1.000000
   101.57651    1.000030   1.000000
   101.59367    1.004325   1.000000
   101.61083    1.000051   1.000000
   101.62800    0.999015   1.000000
   101.64534    0.999202   1.000000
   101.66266    0.994401   1.000000
   101.67984    1.003527   1.000000
   101.69716    0.996435   1.000000
   101.71433    0.997618   1.000000
   101.73167    1.001204   1.000000
   101.74883    0.995027   1.000000
   101.76600    0.992071   1.000000
   101.78333    1.003110   1.000000
   101.80067    0.996435   1.000000
   101.81784    1.000175   1.000000
   101.83500    1.000348   1.000000
   101.85234    0.996985   1.000000
   101.86950    0.996623   1.000000
   101.88684    1.001983   1.000000
   101.90401    1.001001   1.000000
   101.92133    0.999290   1.000000
   101.93851    0.997952   1.000000
   101.95583    0.997829   1.000000
   101.97300    1.001164   1.000000
   101.99033    1.000674   1.000000
   102.00750    0.996309   1.000000
   102.02484    0.997719   1.000000
   102.04200    0.993608   1.000000
   102.05916    0.991581   1.000000
   102.07650    0.991904   1.000000
   102.09384    0.990845   1.000000
   102.11116    1.006013   1.000000
   102.12850    0.999885   1.000000
   102.14567    0.993200   1.000000
   102.16283    0.999711   1.000000
   102.18017    1.002659   1.000000
   102.19751    1.000221   1.000000
   102.21467    0.998800   1.000000
   102.23184    0.995011   1.000000
   102.24917    0.996219   1.000000
   102.26650    1.001864   1.000000
   102.28366    0.993092   1.000000
   102.30084    0.993238   1.000000
   102.31800    0.989000   1.000000
   102.33550    0.998460   1.000000
   102.35267    0.994491   1.000000
   102.36983    0.997065   1.000000
   102.38700    0.995823   1.000000
   102.40433    0.994476   1.000000
   102.42167    0.994926   1.000000
   102.43884    0.989827   1.000000
   102.45600    0.996437   1.000000
   102.47334    1.000443   1.000000
   102.49066    0.996895   1.000000
   102.50784    0.995944   1.000000
   102.52500    0.998574   1.000000
   102.54233    0.995150   1.000000
   102.55951    0.991304   1.000000
   102.57683    0.995842   1.000000
   102.59400    0.998601   1.000000
   102.61133    0.992472   1.000000
   102.62850    0.996003   1.000000
   102.64583    0.999897   1.000000
   102.66300    0.998894   1.000000
   102.68016    0.998181   1.000000
   102.69750    0.996707   1.000000
   102.71484    0.997073   1.000000
   102.73200    0.998552   1.000000
   102.74917    0.998075   1.000000
   102.76651    0.990856   1.000000
   102.78383    0.999689   1.000000
   102.80100    1.003256   1.000000
   102.81816    0.991224   1.000000
   102.83550    0.996635   1.000000
   102.85284    0.998627   1.000000
   102.87000    1.000388   1.000000
   102.88716    0.996754   1.000000
   102.90450    0.997972   1.000000
   102.92184    0.992775   1.000000
   102.93901    0.995723   1.000000
   102.95617    0.999509   1.000000
   102.97333    0.996684   1.000000
   102.99083    1.004393   1.000000
   103.00799    0.997356   1.000000
   103.02516    0.996319   1.000000
   103.04234    0.999771   1.000000
   103.05984    1.001448   1.000000
   103.07700    0.998988   0.999999
   103.09416    0.990039   0.999999
   103.11133    0.994593   0.999998
   103.12867    0.997535   0.999997
   103.14600    1.004511   0.999996
   103.16317    1.000260   0.999994
   103.18033    0.997874   0.999992
   103.19767    0.997832   0.999990
   103.21500    1.001612   0.999986
   103.23216    0.999002   0.999983
   103.24934    0.994700   0.999979
   103.26666    0.993055   0.999974
   103.28400    1.003834   0.999968
   103.30134    1.007374   0.999962
   103.31850    0.995895   0.999954
   103.33567    1.002168   0.999946
   103.35300    0.995907   0.999937
   103.37033    0.995553   0.999927
   103.38749    1.005260   0.999916
   103.40467    1.001933   0.999904
   103.42200    0.996134   0.999890
   103.43933    0.995093   0.999875
   103.45650    0.993093   0.999860
   103.47366    0.997013   0.999842
   103.49100    1.001815   0.999823
   103.50834    0.999592   0.999803
   103.52550    1.006170   0.999781
   103.54267    1.002552   0.999758
   103.56000    1.001158   0.999733
   103.57717    0.999937   0.999707
   103.59451    0.995934   0.999678
   103.61167    0.994791   0.999648
   103.62900    0.995838   0.999615
   103.64616    1.001382   0.999581
   103.66350    1.002609   0.999545
   103.68066    1.001195   0.999507
   103.69800    0.994266   0.999466
   103.71516    0.996263   0.999424
   103.73250    1.004445   0.999379
   103.74967    0.997720   0.999332
   103.76701    1.004878   0.999282
   103.78417    0.998602   0.999230
   103.80133    0.996103   0.999176
   103.81867    0.999133   0.999118
   103.83600    0.996080   0.999058
   103.85316    0.994347   0.998996
   103.87034    1.001040   0.998931
   103.88766    0.998301   0.998863
   103.90500    0.994329   0.998791
   103.92216    0.996678   0.998718
   103.93933    0.997033   0.998641
   103.95667    0.990113   0.998561
   103.97400    0.998551   0.998477
   103.99117    1.001852   0.998391
   104.00833    1.001983   0.998302
   104.02567    0.990195   0.998209
   104.04284    0.993498   0.998113
   104.06016    0.995441   0.998013
   104.07734    0.996813   0.997910
   104.09466    0.997662   0.997803
   104.11183    0.997521   0.997693
   104.12916    0.996339   0.997578
   104.14633    0.991721   0.997461
   104.16349    0.992279   0.997340
   104.18100    0.998731   0.997213
   104.19817    0.997427   0.997084
   104.21533    1.002045   0.996952
   104.23250    0.997193   0.996815
   104.24984    0.995828   0.996673
   104.26716    0.995593   0.996527
   104.28434    0.989884   0.996377
   104.30150    0.997196   0.996224
   104.31883    0.996051   0.996065
   104.33617    0.991712   0.995902
   104.35333    0.991599   0.995735
   104.37049    0.999020   0.995565
   104.38783    0.996185   0.995388
   104.40517    0.990041   0.995206
   104.42233    0.997492   0.995022
   104.43950    0.996552   0.994832
   104.45684    0.991550   0.994637
   104.47416    1.000280   0.994436
   104.49150    0.991896   0.994231
   104.50866    0.995006   0.994022
   104.52600    0.992652   0.993807
   104.56583    0.996148   0.993293
   104.58317    0.986810   0.993060
   104.60033    0.996173   0.992825
   104.61767    1.001128   0.992582
   104.63499    0.988754   0.992334
   104.65217    0.987922   0.992083
   104.66950    0.991052   0.991824
   104.68683    0.987927   0.991560
   104.70400    0.996396   0.991293
   104.72116    0.986840   0.991020
   104.73850    0.990077   0.990739
   104.75567    0.987556   0.990456
   104.77300    0.995274   0.990163
   104.79017    0.988156   0.989868
   104.80751    0.992428   0.989565
   104.82467    0.982974   0.989258
   104.84184    0.984113   0.988946
   104.85917    0.986880   0.988625
   104.87650    0.981154   0.988298
   104.89366    0.984330   0.987968
   104.91100    0.983193   0.987629
   104.92816    0.992398   0.987287
   104.94533    0.991031   0.986939
   104.96267    0.987088   0.986582
   104.98000    0.989668   0.986218
   104.99717    0.989052   0.985852
   105.01433    0.989306   0.985480
   105.03167    0.982800   0.985098
   105.04899    0.985905   0.984710
   105.06617    0.984576   0.984319
   105.08334    0.982955   0.983922
   105.10066    0.980506   0.983515
   105.11784    0.989035   0.983105
   105.13516    0.980097   0.982685
   105.15233    0.987248   0.982262
   105.16949    0.975960   0.981833
   105.18683    0.988226   0.981393
   105.20417    0.982109   0.980947
   105.22133    0.983469   0.980499
   105.23850    0.976274   0.980044
   105.25583    0.979006   0.979578
   105.27317    0.980228   0.979105
   105.29034    0.977015   0.978631
   105.30750    0.973520   0.978150
   105.32484    0.974143   0.977657
   105.34200    0.977997   0.977163
   105.35933    0.982352   0.976657
   105.37651    0.984286   0.976149
   105.39383    0.979253   0.975630
   105.41100    0.977482   0.975108
   105.42833    0.979087   0.974575
   105.44550    0.973964   0.974041
   105.46284    0.973967   0.973494
   105.48000    0.979421   0.972946
   105.49734    0.975895   0.972386
   105.51450    0.975182   0.971824
   105.53167    0.965805   0.971256
   105.54901    0.977260   0.970675
   105.56633    0.970541   0.970088
   105.58351    0.972308   0.969499
   105.60067    0.974593   0.968904
   105.61800    0.966881   0.968296
   105.63533    0.965839   0.967681
   105.65250    0.971231   0.967065
   105.66984    0.974653   0.966437
   105.68700    0.963672   0.965808
   105.70434    0.971620   0.965166
   105.72166    0.959277   0.964517
   105.73884    0.964821   0.963867
   105.75600    0.974450   0.963211
   105.77333    0.970548   0.962543
   105.79067    0.966717   0.961867
   105.80783    0.963852   0.961191
   105.82499    0.967367   0.960508
   105.84233    0.961780   0.959812
   105.85967    0.959825   0.959110
   105.87684    0.965447   0.958407
   105.89400    0.964686   0.957699
   105.91134    0.963199   0.956976
   105.92866    0.959975   0.956248
   105.94584    0.960562   0.955519
   105.96300    0.956249   0.954785
   105.98017    0.956993   0.954044
   105.99749    0.955236   0.953290
   106.01483    0.955155   0.952529
   106.03200    0.956659   0.951769
   106.06650    0.955625   0.950224
   106.08384    0.954958   0.949438
   106.10100    0.953535   0.948654
   106.11817    0.946736   0.947865
   106.13550    0.947077   0.947061
   106.15284    0.945428   0.946252
   106.17000    0.947980   0.945445
   106.18717    0.946477   0.944632
   106.20451    0.945836   0.943806
   106.22167    0.946693   0.942982
   106.23900    0.941709   0.942146
   106.25616    0.939276   0.941312
   106.27334    0.943501   0.940472
   106.30800    0.946230   0.938761
   106.32516    0.950735   0.937906
   106.34233    0.945661   0.937046
   106.35967    0.938279   0.936172
   106.37700    0.935672   0.935294
   106.39417    0.939267   0.934419
   106.41133    0.938071   0.933540
   106.42867    0.936305   0.932646
   106.46316    0.937086   0.930855
   106.48034    0.934873   0.929956
   106.49766    0.926683   0.929045
   106.51500    0.931193   0.928128
   106.53216    0.932028   0.927216
   106.54933    0.924352   0.926300
   106.56649    0.928582   0.925379
   106.58401    0.923593   0.924435
   106.60117    0.927394   0.923505
   106.61833    0.920667   0.922571
   106.63550    0.925008   0.921633
   106.65284    0.916709   0.920681
   106.67016    0.911277   0.919725
   106.68734    0.913319   0.918774
   106.70450    0.918067   0.917819
   106.72183    0.913184   0.916851
   106.73916    0.913113   0.915879
   106.75633    0.915505   0.914912
   106.77349    0.912654   0.913941
   106.79083    0.911906   0.912956
   106.80817    0.909525   0.911968
   106.82533    0.911548   0.910986
   106.84267    0.907000   0.909990
   106.88217    0.899446   0.907706
   106.89934    0.900481   0.906708
   106.91650    0.895258   0.905706
   106.93400    0.900322   0.904681
   106.95116    0.902358   0.903672
   106.96833    0.898137   0.902660
   106.98551    0.900293   0.901643
   107.00283    0.898626   0.900614
   107.02017    0.895988   0.899581
   107.03733    0.895978   0.898555
   107.05450    0.900324   0.897525
   107.07183    0.891401   0.896482
   107.08917    0.893883   0.895436
   107.10634    0.889238   0.894397
   107.12350    0.894195   0.893355
   107.14084    0.891017   0.892299
   107.15816    0.888840   0.891241
   107.17534    0.886208   0.890188
   107.19251    0.889693   0.889134
   107.20983    0.886267   0.888067
   107.22699    0.884813   0.887006
   107.24433    0.886168   0.885932
   107.26150    0.879707   0.884866
   107.27866    0.881647   0.883797
   107.29617    0.885446   0.882704
   107.31334    0.880302   0.881629
   107.33050    0.879137   0.880552
   107.34767    0.872605   0.879472
   107.36500    0.873522   0.878379
   107.38233    0.872065   0.877284
   107.39951    0.868599   0.876195
   107.41667    0.877030   0.875105
   107.43399    0.874691   0.874002
   107.45133    0.868093   0.872896
   107.46850    0.870213   0.871799
   107.48566    0.869843   0.870699
   107.50284    0.867260   0.869596
   107.52034    0.871760   0.868470
   107.53750    0.861535   0.867363
   107.55467    0.865132   0.866254
   107.57200    0.862008   0.865132
   107.58933    0.859733   0.864008
   107.60651    0.863923   0.862892
   107.62367    0.860861   0.861774
   107.64099    0.857562   0.860644
   107.65833    0.853778   0.859511
   107.67550    0.857505   0.858388
   107.69266    0.858484   0.857262
   107.70984    0.852821   0.856134
   107.72716    0.848999   0.854994
   107.74450    0.853480   0.853852
   107.76167    0.854674   0.852719
   107.77883    0.850053   0.851584
   107.79617    0.848867   0.850437
   107.81351    0.844838   0.849287
   107.83067    0.846209   0.848148
   107.84784    0.849009   0.847007
   107.86517    0.849184   0.845853
   107.88250    0.842471   0.844698
   107.89966    0.843599   0.843552
   107.91684    0.844530   0.842404
   107.93416    0.840199   0.841245
   107.95133    0.842995   0.840095
   107.96867    0.836334   0.838933
   107.98583    0.833309   0.837780
   108.00317    0.835187   0.836615
   108.02033    0.838377   0.835460
   108.03783    0.838054   0.834282
   108.05517    0.830290   0.833113
   108.07233    0.831263   0.831955
   108.08950    0.830722   0.830796
   108.10666    0.830176   0.829636
   108.12417    0.825485   0.828451
   108.14134    0.827971   0.827289
   108.15850    0.828577   0.826127
   108.17567    0.824437   0.824963
   108.19300    0.826725   0.823787
   108.21033    0.821817   0.822611
   108.22751    0.821656   0.821444
   108.24467    0.822598   0.820277
   108.26199    0.817659   0.819099
   108.27933    0.821397   0.817920
   108.29650    0.817172   0.816752
   108.31366    0.820338   0.815583
   108.33100    0.819336   0.814402
   108.34834    0.814554   0.813221
   108.36550    0.813922   0.812051
   108.38267    0.812713   0.810881
   108.39983    0.811839   0.809710
   108.41733    0.810875   0.808517
   108.43451    0.810867   0.807345
   108.45167    0.806731   0.806174
   108.46883    0.806187   0.805003
   108.48617    0.810321   0.803820
   108.50350    0.803217   0.802638
   108.52066    0.799069   0.801468
   108.53784    0.803904   0.800296
   108.55516    0.799045   0.799114
   108.57250    0.792488   0.797932
   108.58967    0.796253   0.796762
   108.60683    0.798181   0.795592
   108.62417    0.795252   0.794410
   108.64151    0.793531   0.793229
   108.65867    0.789396   0.792061
   108.67584    0.790352   0.790892
   108.69317    0.786804   0.789713
   108.71050    0.790938   0.788535
   108.72766    0.787191   0.787369
   108.74484    0.788291   0.786202
   108.76216    0.783125   0.785026
   108.77950    0.785462   0.783850
   108.79667    0.776026   0.782687
   108.81400    0.787303   0.781513
   108.83117    0.781683   0.780352
   108.84833    0.778548   0.779192
   108.86567    0.780727   0.778021
   108.88299    0.778567   0.776852
   108.90017    0.778064   0.775694
   108.91734    0.776529   0.774539
   108.93466    0.771666   0.773374
   108.95200    0.775407   0.772209
   108.96916    0.774882   0.771058
   108.98633    0.772098   0.769908
   109.00367    0.768353   0.768748
   109.02100    0.767413   0.767590
   109.03817    0.768654   0.766445
   109.05533    0.768305   0.765301
   109.07267    0.767477   0.764148
   109.08999    0.767071   0.762998
   109.10717    0.759481   0.761860
   109.12434    0.759168   0.760724
   109.14166    0.756823   0.759580
   109.15900    0.761244   0.758437
   109.17616    0.761878   0.757308
   109.19333    0.758852   0.756181
   109.21067    0.762391   0.755045
   109.22800    0.751697   0.753912
   109.24533    0.753691   0.752782
   109.26251    0.753939   0.751665
   109.27967    0.752930   0.750550
   109.29699    0.748619   0.749429
   109.33150    0.742818   0.747203
   109.34866    0.744931   0.746100
   109.36600    0.743997   0.744990
   109.38316    0.742913   0.743893
   109.40050    0.743232   0.742789
   109.41767    0.741329   0.741699
   109.43500    0.742297   0.740602
   109.45217    0.730389   0.739520
   109.48667    0.730603   0.737354
   109.50399    0.733202   0.736273
   109.52117    0.730279   0.735205
   109.53850    0.725017   0.734132
   109.57284    0.732926   0.732019
   109.59016    0.727204   0.730960
   109.60750    0.729337   0.729905
   109.62467    0.729095   0.728865
   109.65917    0.718789   0.726790
   109.76266    0.721712   0.720693
   109.77984    0.720891   0.719701
   109.79716    0.717074   0.718705
   109.81433    0.715929   0.717725
   109.83167    0.715738   0.716742
   109.84883    0.711897   0.715773
   109.86617    0.714449   0.714802
   109.88333    0.708682   0.713846
   109.90067    0.712508   0.712887
   109.91784    0.710588   0.711944
   109.93517    0.713959   0.710997
   109.95234    0.709306   0.710067
   109.96950    0.712018   0.709143
   109.98684    0.711427   0.708216
   110.00416    0.705932   0.707297
   110.02133    0.710120   0.706393
   110.03849    0.706850   0.705496
   110.05583    0.706968   0.704596
   110.07300    0.701946   0.703712
   110.09033    0.705522   0.702826
   110.10750    0.701311   0.701956
   110.12484    0.701041   0.701085
   110.14200    0.698552   0.700229
   110.15917    0.702487   0.699380
   110.17650    0.695827   0.698529
   110.19384    0.706810   0.697686
   110.21116    0.700945   0.696851
   110.22833    0.696085   0.696031
   110.24551    0.694256   0.695218
   110.26283    0.699501   0.694405
   110.28017    0.695898   0.693598
   110.29733    0.698876   0.692807
   110.31450    0.690008   0.692024
   110.33184    0.696664   0.691240
   110.34917    0.691623   0.690464
   110.36634    0.690532   0.689703
   110.38366    0.687287   0.688942
   110.40084    0.689440   0.688195
   110.41816    0.684796   0.687450
   110.43550    0.684680   0.686712
   110.45267    0.685711   0.685989
   110.46983    0.684399   0.685273
   110.48717    0.684157   0.684558
   110.50451    0.681278   0.683851
   110.52167    0.680338   0.683158
   110.53884    0.678937   0.682473
   110.55600    0.684611   0.681796
   110.57334    0.681958   0.681120
   110.59066    0.680862   0.680452
   110.60784    0.679861   0.679797
   110.62500    0.679030   0.679151
   110.64233    0.677664   0.678506
   110.65967    0.678012   0.677869
   110.67683    0.674763   0.677246
   110.69399    0.677367   0.676630
   110.71133    0.670684   0.676017
   110.72867    0.672070   0.675411
   110.74584    0.677417   0.674819
   110.76300    0.672003   0.674234
   110.78034    0.670683   0.673652
   110.79766    0.674506   0.673078
   110.81484    0.668150   0.672516
   110.83200    0.672239   0.671963
   110.84933    0.673176   0.671413
   110.86649    0.672982   0.670875
   110.88383    0.667969   0.670339
   110.90100    0.670085   0.669817
   110.91833    0.669425   0.669297
   110.93550    0.665378   0.668790
   110.95284    0.670649   0.668286
   110.97000    0.668038   0.667794
   110.98734    0.666661   0.667305
   111.00450    0.668780   0.666829
   111.02184    0.667995   0.666355
   111.03900    0.670203   0.665894
   111.05633    0.668167   0.665436
   111.07349    0.662003   0.664990
   111.09083    0.660644   0.664547
   111.10800    0.666707   0.664116
   111.12516    0.666157   0.663692
   111.14250    0.661840   0.663272
   111.15983    0.660724   0.662859
   111.17700    0.660314   0.662457
   111.19416    0.659362   0.662063
   111.21150    0.665038   0.661672
   111.22867    0.662024   0.661293
   111.24600    0.663206   0.660917
   111.26317    0.660564   0.660552
   111.28051    0.661206   0.660190
   111.29767    0.658690   0.659839
   111.31500    0.659657   0.659493
   111.33233    0.659191   0.659153
   111.34950    0.659887   0.658823
   111.36666    0.661332   0.658500
   111.38400    0.657893   0.658181
   111.40116    0.662029   0.657872
   111.41850    0.656868   0.657567
   111.43567    0.656867   0.657272
   111.45283    0.656108   0.656984
   111.47017    0.651619   0.656699
   111.48751    0.657609   0.656421
   111.50467    0.653698   0.656152
   111.52184    0.654498   0.655890
   111.53916    0.651516   0.655632
   111.55650    0.651499   0.655381
   111.57384    0.652540   0.655135
   111.59117    0.658027   0.654896
   111.60834    0.652915   0.654666
   111.62566    0.654192   0.654440
   111.64300    0.653133   0.654220
   111.66016    0.658074   0.654009
   111.67733    0.653183   0.653803
   111.69467    0.651817   0.653601
   111.71200    0.649923   0.653405
   111.75600    0.652502   0.652935
   111.77333    0.650299   0.652760
   111.79050    0.648804   0.652592
   111.80766    0.651025   0.652429
   111.82500    0.651226   0.652271
   111.84234    0.650320   0.652118
   111.85950    0.647306   0.651971
   111.87667    0.651870   0.651830
   111.89383    0.649119   0.651694
   111.91133    0.650200   0.651561
   111.92849    0.653290   0.651435
   111.94567    0.648122   0.651313
   111.96284    0.644052   0.651197
   111.98016    0.648314   0.651085
   111.99750    0.645506   0.650976
   112.01466    0.647871   0.650874
   112.03183    0.644863   0.650776
   112.04916    0.649583   0.650682
   112.06650    0.650818   0.650591
   112.08367    0.650832   0.650506
   112.10083    0.646315   0.650425
   112.11800    0.647685   0.650348
   112.13549    0.650094   0.650274
   112.15267    0.652049   0.650205
   112.16984    0.649179   0.650139
   112.18700    0.653135   0.650077
   112.20450    0.654031   0.650018
   112.22166    0.645958   0.649963
   112.23883    0.643605   0.649912
   112.25634    0.659053   0.649862
   112.27366    0.655006   0.649817
   112.29117    0.655338   0.649774
   112.30834    0.652870   0.649735
   112.32567    0.651473   0.649698
   112.34317    0.650593   0.649664
   112.37767    0.648579   0.649605
   112.39484    0.647836   0.649579
   112.41200    0.645682   0.649555
   112.42934    0.649215   0.649533
   112.44666    0.651703   0.649514
   112.46383    0.648292   0.649496
   112.48101    0.650018   0.649481
   112.49833    0.649540   0.649467
   112.51567    0.648427   0.649455
   112.53283    0.647668   0.649444
   112.55000    0.647513   0.649435
   112.56733    0.645427   0.649427
   112.58467    0.648586   0.649420
   112.60184    0.647444   0.649415
   112.61900    0.649228   0.649410
   112.63617    0.649325   0.649407
   112.65366    0.647582   0.649404
   112.67083    0.648138   0.649402
   112.68801    0.650088   0.649400
   112.70517    0.644541   0.649399
   112.72267    0.646603   0.649399
   112.73983    0.644268   0.649399
   112.75717    0.652002   0.649399
   112.77433    0.656109   0.649399
   112.79167    0.647304   0.649399
   112.80900    0.648489   0.649399
   112.82616    0.652624   0.649399
   112.84334    0.646379   0.649400
   112.86050    0.653213   0.649400
   112.87800    0.643639   0.649400
   112.89516    0.647412   0.649400
   112.91233    0.651669   0.649401
   112.92949    0.652570   0.649401
   112.94683    0.646777   0.649401
   112.96417    0.650150   0.649401
   112.98133    0.644066   0.649402
   112.99850    0.649845   0.649402
   113.01584    0.648006   0.649402
   113.03316    0.645225   0.649402
   113.05050    0.649643   0.649403
   113.06766    0.652418   0.649403
   113.08483    0.647464   0.649403
   113.10216    0.650169   0.649403
   113.11933    0.647579   0.649403
   113.13667    0.648063   0.649404
   113.15383    0.651560   0.649404
   113.17117    0.647369   0.649404
   113.18833    0.645694   0.649404
   113.20567    0.651176   0.649405
   113.22284    0.650175   0.649405
   113.24000    0.648933   0.649405
   113.25734    0.648497   0.649405
   113.27466    0.650810   0.649406
   113.29183    0.649622   0.649406
   113.30901    0.650594   0.649406
   113.32650    0.656229   0.649406
   113.34384    0.651105   0.649407
   113.36100    0.652198   0.649407
   113.37833    0.647700   0.649407
   113.39549    0.652093   0.649407
   113.41283    0.650756   0.649408
   113.43017    0.650251   0.649408
   113.44733    0.653801   0.649408
   113.46450    0.653118   0.649408
   113.50800    0.651173   0.649409
   113.52517    0.650796   0.649409
   113.54233    0.655132   0.649409
   113.55967    0.649775   0.649410
   113.57700    0.651467   0.649410
   113.59417    0.651359   0.649410
   113.63733    0.649240   0.649411
   113.65451    0.651103   0.649411
   113.67183    0.650505   0.649411
   113.68917    0.647641   0.649411
   113.70633    0.648185   0.649412
   113.72350    0.645437   0.649412
   113.74083    0.647861   0.649412
   113.75817    0.649616   0.649412
   113.77534    0.651890   0.649413
   113.79250    0.652267   0.649413
   113.80984    0.649942   0.649413
   113.82716    0.652137   0.649413
   113.84433    0.648245   0.649414
   113.86151    0.647501   0.649414
   113.87883    0.651068   0.649414
   113.89617    0.648387   0.649414
   113.91333    0.648216   0.649415
   113.93067    0.650985   0.649415
   113.94801    0.649606   0.649416
   113.96517    0.648673   0.649417
   113.98249    0.645231   0.649419
   113.99967    0.646951   0.649421
   114.01700    0.646858   0.649424
   114.03416    0.652276   0.649427
   114.05133    0.648403   0.649431
   114.06866    0.649506   0.649436
   114.08600    0.648304   0.649442
   114.10317    0.643113   0.649449
   114.12033    0.645083   0.649457
   114.13767    0.654162   0.649467
   114.15501    0.648034   0.649478
   114.17217    0.649458   0.649490
   114.18934    0.649158   0.649504
   114.20667    0.648736   0.649520
   114.22400    0.645817   0.649538
   114.24116    0.649428   0.649557
   114.25833    0.644173   0.649579
   114.27566    0.650457   0.649603
   114.29283    0.649738   0.649628
   114.31017    0.648628   0.649657
   114.32733    0.646977   0.649687
   114.34467    0.649704   0.649721
   114.36183    0.650572   0.649757
   114.37917    0.648966   0.649796
   114.39634    0.653297   0.649837
   114.41350    0.648406   0.649881
   114.43084    0.649638   0.649929
   114.44816    0.649277   0.649980
   114.46534    0.654452   0.650034
   114.48251    0.652001   0.650091
   114.49983    0.652789   0.650152
   114.55717    0.648731   0.650379
   114.57433    0.648595   0.650456
   114.62733    0.652980   0.650716
   114.64466    0.653098   0.650810
   114.67967    0.649863   0.651012
   114.69699    0.648567   0.651119
   114.71433    0.652076   0.651231
   114.73150    0.655735   0.651346
   114.74866    0.651941   0.651466
   114.76600    0.651716   0.651592
   114.78316    0.650572   0.651721
   114.80050    0.654466   0.651857
   114.81767    0.656822   0.651996
   114.83500    0.647697   0.652142
   114.85217    0.657088   0.652292
   114.90183    0.653533   0.652754
   114.91900    0.654803   0.652925
   114.93634    0.658975   0.653102
   114.98334    0.652226   0.653612
   115.00066    0.657615   0.653810
   115.04550    0.654189   0.654352
   115.06284    0.655485   0.654572
   115.08000    0.654344   0.654796
   115.09717    0.659779   0.655026
   115.17384    0.656030   0.656129
   115.19100    0.658204   0.656393
   115.20834    0.659726   0.656667
   115.24350    0.656614   0.657241
   115.26067    0.659164   0.657531
   115.27800    0.663870   0.657831
   115.29533    0.653736   0.658138
   115.31249    0.663462   0.658448
   115.32967    0.660001   0.658765
   115.34700    0.661067   0.659092
   115.38233    0.666874   0.659780
   115.40033    0.692000   0.660142
   115.41767    0.661398   0.660498
   115.43483    0.661919   0.660857
   115.45233    0.670851   0.661230
   115.46950    0.666885   0.661603
   115.54334    0.662463   0.663290
   115.56050    0.664612   0.663701
   115.57783    0.662599   0.664123
   115.66367    0.669589   0.666324
   115.68100    0.668852   0.666791
   115.69817    0.669759   0.667260
   115.75133    0.666310   0.668762
   115.76850    0.668281   0.669262
   115.78584    0.673313   0.669774
   115.80300    0.677120   0.670289
   115.82034    0.671315   0.670817
   115.83750    0.675532   0.671347
   115.85484    0.671875   0.671890
   115.87200    0.675289   0.672435
   115.88933    0.676510   0.672993
   115.90649    0.677646   0.673553
   115.92367    0.673843   0.674121
   115.94100    0.673614   0.674702
   115.95833    0.674858   0.675291
   115.97550    0.678210   0.675881
   115.99266    0.673487   0.676479
   116.01000    0.678455   0.677091
   116.02716    0.677987   0.677704
   116.04450    0.676735   0.678331
   116.06167    0.675713   0.678959
   116.07900    0.680977   0.679601
   116.09617    0.682595   0.680245
   116.11351    0.682747   0.680902
   116.13067    0.682043   0.681561
   116.14800    0.681386   0.682233
   116.16516    0.683934   0.682906
   116.18250    0.689618   0.683594
   116.19984    0.686747   0.684289
   116.21700    0.688915   0.684985
   116.23416    0.690598   0.685688
   116.25133    0.688912   0.686399
   116.26867    0.686995   0.687124
   116.28601    0.690745   0.687857
   116.30333    0.693389   0.688596
   116.32051    0.687749   0.689337
   116.33783    0.689831   0.690092
   116.35500    0.692802   0.690847
   116.37233    0.690550   0.691616
   116.38950    0.691578   0.692386
   116.40666    0.693583   0.693162
   116.42400    0.695182   0.693954
   116.44134    0.695528   0.694753
   116.45850    0.698668   0.695551
   116.47567    0.697273   0.696356
   116.49300    0.694628   0.697176
   116.51017    0.697201   0.697995
   116.52749    0.697598   0.698829
   116.56300    0.702886   0.700560
   116.61800    0.699605   0.703298
   116.65833    0.704453   0.705350
   116.67567    0.705479   0.706243
   116.73150    0.709035   0.709164
   116.78933    0.713646   0.712259
   116.80667    0.712917   0.713201
   116.82383    0.715194   0.714139
   116.84100    0.717600   0.715083
   116.85833    0.712721   0.716043
   116.87550    0.714141   0.716999
   116.89284    0.718033   0.717971
   116.91000    0.719320   0.718939
   116.92717    0.717770   0.719912
   116.94450    0.720617   0.720900
   116.97900    0.724448   0.722884
   116.99617    0.724425   0.723879
   117.01349    0.725204   0.724889
   117.03083    0.725757   0.725904
   117.04800    0.724806   0.726915
   117.06516    0.727977   0.727930
   117.08250    0.725471   0.728961
   117.09983    0.729737   0.729996
   117.11700    0.729200   0.731025
   117.13416    0.730216   0.732059
   117.15150    0.734447   0.733108
   117.16884    0.735257   0.734161
   117.18600    0.732215   0.735208
   117.20317    0.732702   0.736259
   117.22051    0.734119   0.737324
   117.23783    0.737218   0.738392
   117.25500    0.738275   0.739454
   117.27216    0.737832   0.740520
   117.28950    0.743328   0.741600
   117.30666    0.740440   0.742672
   117.32400    0.742790   0.743758
   117.34116    0.736578   0.744837
   117.35833    0.740386   0.745918
   117.37567    0.743033   0.747014
   117.39301    0.745763   0.748113
   117.41017    0.746761   0.749203
   117.42733    0.749741   0.750296
   117.44467    0.749739   0.751403
   117.46200    0.748591   0.752511
   117.47916    0.758822   0.753612
   117.49650    0.757921   0.754727
   117.51366    0.752584   0.755832
   117.53100    0.755145   0.756951
   117.54834    0.754725   0.758073
   117.56550    0.757753   0.759185
   117.58267    0.767977   0.760300
   117.60000    0.768040   0.761427
   117.61733    0.767827   0.762556
   117.65167    0.761705   0.764799
   117.66899    0.763286   0.765934
   117.68616    0.766111   0.767059
   117.70350    0.768970   0.768198
   117.72066    0.773149   0.769327
   117.73800    0.772655   0.770469
   117.75516    0.771394   0.771601
   117.77250    0.772178   0.772745
   117.78967    0.771887   0.773880
   117.80700    0.773657   0.775027
   117.82417    0.776712   0.776164
   117.84149    0.776272   0.777313
   117.85867    0.782110   0.778454
   117.87584    0.781641   0.779594
   117.89316    0.784443   0.780746
   117.91050    0.780372   0.781900
   117.92766    0.784940   0.783044
   117.94483    0.782373   0.784188
   117.96217    0.788293   0.785345
   117.97950    0.788773   0.786502
   117.99667    0.788713   0.787648
   118.01400    0.788884   0.788807
   118.03117    0.790100   0.789955
   118.04833    0.791343   0.791104
   118.08300    0.791773   0.793424
   118.10016    0.796596   0.794574
   118.13466    0.795637   0.796886
   118.15200    0.799729   0.798048
   118.16916    0.796011   0.799199
   118.18633    0.800529   0.800351
   118.20367    0.799052   0.801514
   118.22100    0.800162   0.802677
   118.23817    0.804462   0.803828
   118.25533    0.799762   0.804979
   118.27267    0.803883   0.806142
   118.29000    0.809320   0.807304
   118.30716    0.805779   0.808456
   118.32434    0.810657   0.809608
   118.34166    0.813572   0.810769
   118.35883    0.810967   0.811920
   118.37616    0.809174   0.813081
   118.39333    0.809457   0.814231
   118.41049    0.815604   0.815381
   118.42783    0.815653   0.816541
   118.44517    0.813351   0.817702
   118.46233    0.816844   0.818850
   118.47950    0.815486   0.819997
   118.49684    0.814642   0.821156
   118.51416    0.818515   0.822313
   118.53134    0.821088   0.823459
   118.54850    0.820257   0.824604
   118.56583    0.819186   0.825759
   118.58316    0.824171   0.826914
   118.60033    0.827711   0.828056
   118.61749    0.828218   0.829198
   118.63467    0.825239   0.830340
   118.65217    0.831622   0.831501
   118.66949    0.846943   0.832651
   118.68683    0.835148   0.833800
   118.70400    0.829560   0.834937
   118.72116    0.831487   0.836072
   118.73850    0.834855   0.837218
   118.75566    0.838855   0.838351
   118.77300    0.837949   0.839495
   118.79017    0.831871   0.840625
   118.80750    0.841901   0.841766
   118.82467    0.839275   0.842894
   118.84200    0.843106   0.844032
   118.85917    0.842204   0.845158
   118.87649    0.848184   0.846292
   118.89367    0.844102   0.847415
   118.91084    0.844955   0.848536
   118.92816    0.845304   0.849666
   118.94534    0.845124   0.850785
   118.96266    0.849659   0.851911
   118.98000    0.852762   0.853037
   118.99716    0.851578   0.854150
   119.01433    0.854868   0.855261
   119.03167    0.854713   0.856381
   119.04883    0.851866   0.857489
   119.06617    0.860889   0.858605
   119.08333    0.855499   0.859709
   119.10067    0.858639   0.860822
   119.11800    0.859384   0.861932
   119.13516    0.863025   0.863030
   119.15234    0.865509   0.864127
   119.16950    0.860758   0.865220
   119.18700    0.867228   0.866333
   119.20416    0.868169   0.867423
   119.22133    0.867564   0.868510
   119.23849    0.866921   0.869596
   119.25601    0.864505   0.870700
   119.27317    0.869369   0.871781
   119.29033    0.865622   0.872859
   119.30750    0.873148   0.873935
   119.32484    0.866908   0.875020
   119.34216    0.874157   0.876101
   119.35934    0.876510   0.877171
   119.37650    0.877262   0.878237
   119.39383    0.873823   0.879311
   119.41116    0.880351   0.880383
   119.42833    0.875438   0.881442
   119.44549    0.883226   0.882498
   119.46283    0.884646   0.883562
   119.48017    0.887444   0.884623
   119.49733    0.883260   0.885671
   119.51450    0.881967   0.886716
   119.53184    0.886927   0.887769
   119.54916    0.889268   0.888819
   119.56634    0.886822   0.889856
   119.58350    0.888153   0.890890
   119.60083    0.886020   0.891931
   119.61801    0.896652   0.892960
   119.63533    0.893037   0.893994
   119.65249    0.895515   0.895016
   119.66983    0.898209   0.896045
   119.68700    0.900620   0.897061
   119.70433    0.898119   0.898084
   119.72150    0.893128   0.899093
   119.73884    0.900047   0.900110
   119.75600    0.897453   0.901113
   119.77334    0.904958   0.902123
   119.79050    0.899660   0.903119
   119.80783    0.902806   0.904121
   119.82501    0.901317   0.905112
   119.84233    0.901107   0.906107
   119.85967    0.909358   0.907100
   119.87700    0.911315   0.908089
   119.89417    0.903064   0.909065
   119.91133    0.910068   0.910037
   119.92867    0.911669   0.911015
   119.94600    0.911061   0.911989
   119.96316    0.912785   0.912950
   119.98034    0.911450   0.913908
   119.99766    0.916548   0.914871
   120.01500    0.913877   0.915830
   120.03216    0.915669   0.916776
   120.04933    0.918130   0.917719
   120.06667    0.916334   0.918666
   120.08400    0.922999   0.919610
   120.10117    0.914850   0.920541
   120.11833    0.913135   0.921467
   120.13567    0.917150   0.922399
   120.15284    0.922764   0.923317
   120.17033    0.930264   0.924249
   120.18767    0.927112   0.925168
   120.20484    0.927687   0.926073
   120.22217    0.928636   0.926984
   120.23934    0.925627   0.927881
   120.25666    0.930942   0.928782
   120.27400    0.934714   0.929679
   120.29134    0.928750   0.930572
   120.30850    0.933015   0.931451
   120.32584    0.929412   0.932335
   120.34316    0.931775   0.933213
   120.36050    0.931648   0.934088
   120.37784    0.938433   0.934957
   120.39500    0.937756   0.935814
   120.41234    0.936817   0.936674
   120.42950    0.934257   0.937521
   120.44683    0.936860   0.938370
   120.46416    0.936672   0.939216
   120.48150    0.940673   0.940056
   120.49884    0.942937   0.940892
   120.51616    0.945067   0.941722
   120.53350    0.949135   0.942547
   120.55084    0.946467   0.943367
   120.56816    0.946164   0.944181
   120.58550    0.949229   0.944990
   120.60300    0.959812   0.945801
   120.62033    0.939657   0.946600
   120.63750    0.943893   0.947384
   120.65484    0.957885   0.948171
   120.67233    0.963613   0.948960
   120.68983    0.952723   0.949742
   120.70701    0.952777   0.950505
   120.72417    0.946191   0.951261
   120.74149    0.951878   0.952018
   120.75883    0.956528   0.952770
   120.77600    0.951603   0.953508
   120.79333    0.961437   0.954247
   120.81067    0.955510   0.954980
   120.82800    0.959252   0.955707
   120.84533    0.954597   0.956428
   120.86267    0.961038   0.957142
   120.87984    0.958478   0.957843
   120.89700    0.965178   0.958538
   120.91434    0.957581   0.959233
   120.94884    0.955986   0.960598
   120.96600    0.960229   0.961268
   120.98333    0.963027   0.961937
   121.00067    0.963407   0.962600
   121.01783    0.967522   0.963251
   121.03533    0.975215   0.963907
   121.05251    0.959875   0.964545
   121.06967    0.965076   0.965175
   121.08699    0.967605   0.965805
   121.10433    0.965491   0.966429
   121.12150    0.965486   0.967041
   121.13866    0.976692   0.967646
   121.15600    0.967497   0.968250
   121.17334    0.964205   0.968848
   121.19050    0.974159   0.969433
   121.20784    0.979277   0.970017
   121.22516    0.979184   0.970595
   121.24250    0.979728   0.971166
   121.25984    0.987003   0.971731
   121.27716    0.985588   0.972288
   121.29450    0.977093   0.972840
   121.31166    0.975663   0.973379
   121.32883    0.978146   0.973912
   121.34616    0.976686   0.974444
   121.36350    0.981183   0.974969
   121.38084    0.978366   0.975488
   121.39801    0.979938   0.975995
   121.41533    0.977168   0.976500
   121.43251    0.984788   0.976994
   121.44983    0.980075   0.977486
   121.46717    0.975486   0.977972
   121.48451    0.984659   0.978452
   121.50167    0.978779   0.978920
   121.51884    0.979778   0.979383
   121.53617    0.983764   0.979843
   121.55350    0.984631   0.980296
   121.57066    0.983376   0.980739
   121.58800    0.983895   0.981181
   121.62267    0.984488   0.982044
   121.63984    0.985976   0.982462
   121.65700    0.989299   0.982874
   121.67417    0.987013   0.983280
   121.69166    0.985558   0.983687
   121.70883    0.987344   0.984080
   121.72599    0.993367   0.984468
   121.74317    0.993537   0.984850
   121.76050    0.986888   0.985228
   121.77783    0.988036   0.985602
   121.79500    0.988525   0.985965
   121.81216    0.991207   0.986322
   121.82950    0.991159   0.986678
   121.84684    0.991836   0.987027
   121.86416    0.994686   0.987370
   121.88133    0.993497   0.987704
   121.89866    0.995537   0.988036
   121.91583    0.990015   0.988358
   121.93317    0.991635   0.988679
   121.95050    0.990834   0.988993
   121.96767    0.989466   0.989299
   121.98501    0.992760   0.989602
   122.00217    0.992765   0.989896
   122.01949    0.993431   0.990188
   122.03683    0.994488   0.990475
   122.05400    0.989722   0.990753
   122.07116    0.998859   0.991026
   122.08850    1.001087   0.991296
   122.10584    0.991546   0.991561
   122.12300    0.993330   0.991818
   122.14017    0.994649   0.992070
   122.15750    0.997093   0.992319
   122.17467    0.998593   0.992560
   122.19201    1.000158   0.992799
   122.20933    1.000126   0.993033
   122.24400    0.998403   0.993485
   122.26133    0.999452   0.993704
   122.27867    1.001852   0.993918
   122.29616    1.000899   0.994129
   122.31333    0.993781   0.994331
   122.33051    1.001796   0.994529
   122.37067    0.998617   0.994973
   122.38783    0.999920   0.995155
   122.40517    1.003404   0.995335
   122.42251    1.001828   0.995510
   122.43967    1.000893   0.995679
   122.45684    1.004297   0.995844
   122.47416    1.003072   0.996006
   122.49150    1.002198   0.996164
   122.50866    1.001359   0.996316
   122.52583    0.999132   0.996464
   122.54316    0.999077   0.996609
   122.56050    1.004998   0.996750
   122.57767    0.998198   0.996886
   122.59483    0.999886   0.997019
   122.61200    1.003413   0.997147
   122.62949    1.003184   0.997274
   122.64667    1.004293   0.997395
   122.66384    1.008722   0.997512
   122.68100    0.999716   0.997626
   122.69834    1.004304   0.997737
   122.71566    1.005186   0.997844
   122.73283    1.001725   0.997947
   122.75001    1.003800   0.998047
   122.76733    1.001614   0.998144
   122.78467    1.001042   0.998238
   122.80183    1.001286   0.998328
   122.81917    1.009424   0.998416
   122.83649    0.996261   0.998500
   122.85367    0.999402   0.998581
   122.87117    0.998312   0.998659
   122.88833    0.996951   0.998734
   122.90550    1.000368   0.998806
   122.92283    1.006647   0.998875
   122.94017    1.001615   0.998942
   122.97483    0.992333   0.999067
   122.99217    0.997910   0.999126
   123.00934    1.007572   0.999181
   123.02667    1.009695   0.999235
   123.04400    1.006257   0.999286
   123.06133    0.995157   0.999335
   123.07867    0.997403   0.999382
   123.09584    0.993603   0.999425
   123.11316    0.994517   0.999467
   123.13034    1.004989   0.999507
   123.14766    1.000089   0.999545
   123.16517    1.010307   0.999581
   123.18250    1.005181   0.999615
   123.19983    1.006028   0.999647
   123.21733    1.010080   0.999677
   123.23467    1.010058   0.999705
   123.25216    1.001699   0.999732
   123.26950    1.004127   0.999757
   123.30400    1.001999   0.999801
   123.32117    0.996247   0.999821
   123.33851    0.997012   0.999840
   123.35583    1.003195   0.999857
   123.37317    1.006603   0.999873
   123.39050    1.003037   0.999888
   123.40783    1.013203   0.999901
   123.42501    1.000676   0.999914
   123.44233    1.000093   0.999925
   123.45967    0.998472   0.999935
   123.47683    0.994361   0.999944
   123.49400    1.001764   0.999953
   123.51133    0.998311   0.999960
   123.52867    1.000946   0.999966
   123.54584    0.997381   0.999972
   123.56316    1.007312   0.999977
   123.58050    1.000950   0.999982
   123.59766    1.007834   0.999985
   123.61517    1.006959   0.999989
   123.63250    1.013831   0.999991
   123.64983    0.996484   0.999994
   123.66717    0.997461   0.999995
   123.68434    1.008691   0.999997
   123.70150    1.004511   0.999998
   123.71884    1.006954   0.999999
   123.73616    1.002045   0.999999
   123.75350    0.995329   1.000000
   123.77084    0.999182   1.000000
   123.78816    1.001980   1.000000
   123.80534    0.999452   1.000000
   123.82266    0.997116   1.000000
   123.84000    0.993818   1.000000
   123.85716    0.992415   1.000000
   123.87450    0.996958   1.000000
   123.89167    0.992443   1.000000
   123.90900    0.988391   1.000000
   123.92617    0.982099   1.000000
   123.97800    0.988381   1.000000
   123.99516    0.980044   1.000000
   124.01234    0.981904   1.000000
   124.02950    0.989880   1.000000
   124.04683    1.005502   1.000000
   124.06434    0.997890   1.000000
   124.08166    1.006017   1.000000
   124.09917    0.999388   1.000000
   124.11634    0.996905   1.000000
   124.13350    0.996275   1.000000
   124.15084    1.002070   1.000000
   124.16816    1.007369   1.000000
   124.18550    0.999568   1.000000
   124.20266    0.991629   1.000000
   124.22000    0.996546   1.000000
   124.23717    0.997853   1.000000
   124.25450    0.993948   1.000000
   124.27183    1.005793   1.000000
   124.28901    0.995249   1.000000
   124.30633    1.005619   1.000000
   124.32367    1.005709   1.000000
   124.34083    0.995931   1.000000
   124.35833    0.989150   1.000000
   124.37549    1.002078   1.000000
   124.39283    1.007710   1.000000
   124.41000    1.001830   1.000000
   124.42733    0.999855   1.000000
   124.44467    1.001911   1.000000
   124.46199    1.003389   1.000000
   124.47933    1.008036   1.000000
   124.49667    1.002363   1.000000
   124.51401    1.003538   1.000000
   124.54867    1.002006   1.000000
   124.56583    1.006590   1.000000
   124.58333    1.010336   1.000000
   124.60067    1.000266   1.000000
   124.61800    0.999354   1.000000
   124.63517    1.000924   1.000000
   124.65233    0.996436   1.000000
   124.66967    1.002166   1.000000
   124.68717    0.999550   1.000000
   124.70450    0.998542   1.000000
   124.72183    1.006259   1.000000
   124.73901    0.998525   1.000000
   124.75633    1.005426   1.000000
   124.77349    0.991442   1.000000
   124.79083    0.992544   1.000000
   124.80817    1.002183   1.000000
   124.82533    1.009885   1.000000
   124.84250    1.000362   1.000000
   124.85984    0.996818   1.000000
   124.87716    0.995585   1.000000
   124.89434    0.992834   1.000000
   124.91150    1.004604   1.000000
   124.92867    1.002942   1.000000
   124.94601    0.992026   1.000000
   124.96333    0.997050   1.000000
   124.98049    1.000583   1.000000
