  1253.61120    1.056142   1.000000
  1253.62200    0.914732   1.000000
  1253.63220    0.943494   1.000000
  1253.64300    1.004554   1.000000
  1253.65380    1.009922   1.000000
  1253.66460    0.996866   1.000000
  1253.67540    0.989882   1.000000
  1253.68560    1.020864   1.000000
  1253.69640    0.991965   1.000000
  1253.70720    0.997976   1.000000
  1253.71800    1.053132   1.000000
  1253.72820    0.957445   1.000000
  1253.73900    1.017081   1.000000
  1253.74980    0.979307   1.000000
  1253.76060    1.008934   1.000000
  1253.77140    0.949214   1.000000
  1253.78160    0.994193   1.000000
  1253.79240    1.017633   1.000000
  1253.80320    0.968939   1.000000
  1253.81400    1.010580   1.000000
  1253.82420    1.006698   1.000000
  1253.83500    1.011713   1.000000
  1253.84580    1.019386   1.000000
  1253.85660    0.982485   1.000000
  1253.86740    0.949290   1.000000
  1253.87760    1.026492   1.000000
  1253.88840    1.029486   1.000000
  1253.89920    1.017954   1.000000
  1253.91000    1.077606   1.000000
  1253.92020    0.939259   1.000000
  1253.93100    1.018199   1.000000
  1253.94180    1.017234   1.000000
  1253.95260    1.013329   1.000000
  1253.96340    0.956404   1.000000
  1253.97360    0.960700   1.000000
  1253.98440    0.940408   1.000000
  1253.99520    1.000748   1.000000
  1254.00600    1.018827   1.000000
  1254.01620    1.013636   1.000000
  1254.02700    0.938937   1.000000
  1254.03780    1.007372   1.000000
  1254.04860    0.986712   1.000000
  1254.05940    0.968526   1.000000
  1254.06960    0.935890   1.000000
  1254.08040    1.027021   1.000000
  1254.09120    1.015290   1.000000
  1254.10200    0.996529   1.000000
  1254.11220    1.026094   1.000000
  1254.12300    1.031830   1.000000
  1254.13380    1.073892   1.000000
  1254.14460    1.079428   1.000000
  1254.15540    1.037856   1.000000
  1254.16560    0.988282   1.000000
  1254.17640    0.998122   1.000000
  1254.18720    1.042940   1.000000
  1254.19800    0.983611   1.000000
  1254.20820    1.049533   1.000000
  1254.21900    1.009500   1.000000
  1254.22980    0.916677   1.000000
  1254.24060    1.016430   1.000000
  1254.25140    1.031707   1.000000
  1254.26160    0.978258   1.000000
  1254.27240    0.951396   1.000000
  1254.28320    0.999217   1.000000
  1254.29400    1.035559   1.000000
  1254.30420    1.023445   1.000000
  1254.31500    0.997295   1.000000
  1254.32580    0.950737   1.000000
  1254.33660    0.980609   1.000000
  1254.34740    0.995740   1.000000
  1254.35760    0.977983   1.000000
  1254.36840    1.047160   1.000000
  1254.37920    0.973786   1.000000
  1254.39000    1.002594   1.000000
  1254.40020    1.003168   1.000000
  1254.41100    1.028123   1.000000
  1254.42180    1.033231   1.000000
  1254.43260    0.952047   1.000000
  1254.44340    0.944872   1.000000
  1254.45360    1.035903   1.000000
  1254.46440    1.000120   1.000000
  1254.47520    0.964865   1.000000
  1254.48600    1.004516   1.000000
  1254.49620    1.074030   1.000000
  1254.50700    0.968457   1.000000
  1254.51780    0.956105   1.000000
  1254.52860    0.954704   1.000000
  1254.53940    1.030375   1.000000
  1254.54960    1.012701   1.000000
  1254.56040    0.999400   1.000000
  1254.57120    1.026684   1.000000
  1254.58200    1.047918   1.000000
  1254.59220    0.978863   1.000000
  1254.60300    1.061617   1.000000
  1254.61380    1.015312   1.000000
  1254.62460    1.077713   1.000000
  1254.63540    0.998083   1.000000
  1254.64560    0.973557   1.000000
  1254.65640    1.031125   1.000000
  1254.66720    1.001039   1.000000
  1254.67800    1.016683   1.000000
  1254.68820    1.024555   1.000000
  1254.69900    1.046126   1.000000
  1254.70980    1.034272   1.000000
  1254.72060    1.004937   1.000000
  1254.73140    1.031271   1.000000
  1254.74160    1.020236   1.000000
  1254.75240    1.044028   1.000000
  1254.76320    0.990962   1.000000
  1254.77400    0.992915   1.000000
  1254.78420    0.982470   1.000000
  1254.79500    1.024425   1.000000
  1254.80580    0.932842   1.000000
  1254.81660    0.964084   1.000000
  1254.82740    1.026691   1.000000
  1254.83760    1.014945   1.000000
  1254.84840    1.059687   1.000000
  1254.85920    0.977776   1.000000
  1254.87000    1.013636   1.000000
  1254.88080    0.937115   1.000000
  1254.89100    1.029831   1.000000
  1254.90180    1.065055   1.000000
  1254.91260    1.012525   1.000000
  1254.92340    0.999776   1.000000
  1254.93360    0.916677   1.000000
  1254.94440    1.018674   1.000000
  1254.95520    1.041409   1.000000
  1254.96600    1.016576   1.000000
  1254.97680    0.981865   1.000000
  1254.98700    0.987822   1.000000
  1254.99780    1.001460   1.000000
  1255.00860    0.976933   1.000000
  1255.01940    1.018069   1.000000
  1255.02960    1.019003   1.000000
  1255.04040    1.040245   1.000000
  1255.05120    0.978519   1.000000
  1255.06200    0.979024   1.000000
  1255.07280    1.006070   1.000000
  1255.08300    1.013750   1.000000
  1255.09380    1.006790   1.000000
  1255.10460    1.041991   1.000000
  1255.11540    0.951120   1.000000
  1255.12560    0.997624   1.000000
  1255.13640    1.084735   1.000000
  1255.14720    1.060415   1.000000
  1255.15800    1.055330   1.000000
  1255.16880    1.080355   1.000000
  1255.17900    1.023376   1.000000
  1255.18980    1.058010   1.000000
  1255.20060    1.021699   1.000000
  1255.21140    1.041799   1.000000
  1255.22160    1.021377   1.000000
  1255.23240    1.038415   1.000000
  1255.24320    1.023054   1.000000
  1255.25400    1.054825   1.000000
  1255.26480    0.997180   1.000000
  1255.27500    0.999668   1.000000
  1255.28580    0.976842   1.000000
  1255.29660    0.964544   1.000000
  1255.30740    0.992271   1.000000
  1255.31760    1.001230   1.000000
  1255.32840    0.992371   1.000000
  1255.33920    1.002747   1.000000
  1255.35000    1.069274   1.000000
  1255.36080    0.956787   1.000000
  1255.37100    0.973916   1.000000
  1255.38180    0.999339   1.000000
  1255.39260    1.018490   1.000000
  1255.40340    1.001116   1.000000
  1255.41360    1.012066   1.000000
  1255.42440    1.020037   1.000000
  1255.43520    1.054641   1.000000
  1255.44600    1.071595   1.000000
  1255.45680    0.946319   1.000000
  1255.46700    0.974139   1.000000
  1255.47780    0.997080   1.000000
  1255.48860    0.973189   1.000000
  1255.49940    1.064978   1.000000
  1255.50960    1.005695   1.000000
  1255.52040    0.974093   1.000000
  1255.53120    1.024494   1.000000
  1255.54200    1.100662   1.000000
  1255.55280    0.983741   1.000000
  1255.56300    1.092377   1.000000
  1255.57380    1.075906   1.000000
  1255.58460    1.036347   1.000000
  1255.59540    1.023108   1.000000
  1255.60560    0.989155   1.000000
  1255.61640    1.068026   1.000000
  1255.62720    1.060721   1.000000
  1255.63800    1.033231   1.000000
  1255.64880    0.909755   1.000000
  1255.65900    0.965264   1.000000
  1255.66980    1.048140   1.000000
  1255.68060    0.972377   1.000000
  1255.69140    0.985096   1.000000
  1255.70160    1.051731   1.000000
  1255.71240    1.062352   1.000000
  1255.72320    0.959046   1.000000
  1255.73400    1.014937   1.000000
  1255.74480    1.032848   1.000000
  1255.75500    1.037465   1.000000
  1255.76580    1.060644   1.000000
  1255.77660    1.021140   1.000000
  1255.78740    1.015198   1.000000
  1255.79760    0.978021   1.000000
  1255.80840    1.007356   1.000000
  1255.81920    1.066939   1.000000
  1255.83000    0.987248   1.000000
  1255.84080    0.944612   1.000000
  1255.85100    1.069573   1.000000
  1255.86180    0.984599   1.000000
  1255.87260    1.028361   1.000000
  1255.88340    0.937750   1.000000
  1255.89360    1.050360   1.000000
  1255.90440    1.054266   1.000000
  1255.91520    1.021431   1.000000
  1255.92600    0.985609   1.000000
  1255.93680    1.008964   1.000000
  1255.94700    1.045046   1.000000
  1255.95780    0.990273   1.000000
  1255.96860    0.999829   1.000000
  1255.97940    0.956511   1.000000
  1255.98960    0.950722   1.000000
  1256.00040    1.012418   1.000000
  1256.01120    1.000296   1.000000
  1256.02200    1.033874   1.000000
  1256.03280    1.036569   1.000000
  1256.04300    0.965087   1.000000
  1256.05380    1.066043   1.000000
  1256.06460    1.044786   1.000000
  1256.07540    0.962951   1.000000
  1256.08560    0.977600   1.000000
  1256.09640    1.106665   1.000000
  1256.10720    1.031087   1.000000
  1256.11800    1.040031   1.000000
  1256.12880    0.974498   1.000000
  1256.13900    1.005511   1.000000
  1256.14980    0.937299   1.000000
  1256.16060    1.022143   1.000000
  1256.17140    0.975632   1.000000
  1256.18160    0.992256   1.000000
  1256.19240    0.966803   1.000000
  1256.20320    0.980846   1.000000
  1256.21400    0.919909   1.000000
  1256.22480    0.890213   1.000000
  1256.23500    0.977447   1.000000
  1256.24580    0.995235   1.000000
  1256.25660    0.929840   1.000000
  1256.26740    1.020374   1.000000
  1256.27760    0.965271   1.000000
  1256.28840    1.039403   1.000000
  1256.29920    0.956863   1.000000
  1256.31000    0.948241   1.000000
  1256.32080    0.995212   1.000000
  1256.33100    1.035582   1.000000
  1256.34180    0.983733   1.000000
  1256.35260    0.925958   1.000000
  1256.36340    0.951656   1.000000
  1256.37360    1.016737   1.000000
  1256.38440    1.001322   1.000000
  1256.39520    1.039158   1.000000
  1256.40600    1.059810   1.000000
  1256.41680    0.985946   1.000000
  1256.42700    0.992960   1.000000
  1256.43780    0.952767   1.000000
  1256.44860    1.063577   1.000000
  1256.45940    1.037228   1.000000
  1256.46960    0.994714   1.000000
  1256.48040    1.060307   1.000000
  1256.49120    0.982883   1.000000
  1256.50200    0.995434   1.000000
  1256.51280    1.021936   1.000000
  1256.52300    1.041463   1.000000
  1256.53380    1.045483   1.000000
  1256.54460    1.015366   1.000000
  1256.55540    0.990640   1.000000
  1256.56560    1.006598   1.000000
  1256.57640    0.985181   1.000000
  1256.58720    0.942743   1.000000
  1256.59800    1.005679   1.000000
  1256.60880    1.029310   1.000000
  1256.61900    1.063830   1.000000
  1256.62980    1.041103   1.000000
  1256.64060    1.019693   1.000000
  1256.65140    1.059940   1.000000
  1256.66160    1.107615   1.000000
  1256.67240    0.987662   1.000000
  1256.68320    0.943111   1.000000
  1256.69400    0.964069   1.000000
  1256.70480    1.036554   1.000000
  1256.71500    0.954260   1.000000
  1256.72580    0.992700   1.000000
  1256.73660    1.044495   1.000000
  1256.74740    1.027051   1.000000
  1256.75760    1.040911   1.000000
  1256.76840    0.923860   1.000000
  1256.77920    0.975517   1.000000
  1256.79000    0.980762   1.000000
  1256.80080    1.028981   1.000000
  1256.81100    0.953885   1.000000
  1256.82180    0.931433   1.000000
  1256.83260    0.942743   1.000000
  1256.84340    0.960217   1.000000
  1256.85360    0.949260   1.000000
  1256.86440    0.997042   1.000000
  1256.87520    1.068026   1.000000
  1256.88600    1.064282   1.000000
  1256.89680    1.083762   1.000000
  1256.90700    1.012885   1.000000
  1256.91780    1.036332   1.000000
  1256.92860    1.045092   1.000000
  1256.93940    1.069512   1.000000
  1256.94960    1.041195   1.000000
  1256.96040    0.937528   1.000000
  1256.97120    1.032894   1.000000
  1256.98200    1.073463   1.000000
  1256.99280    0.975402   1.000000
  1257.00300    0.991000   1.000000
  1257.01380    1.051861   1.000000
  1257.02460    1.014340   1.000000
  1257.03540    1.052681   1.000000
  1257.04560    0.947912   1.000000
  1257.05640    1.039602   1.000000
  1257.06720    1.063187   1.000000
  1257.07800    1.007931   1.000000
  1257.08880    1.054986   1.000000
  1257.09900    0.997831   1.000000
  1257.10980    1.023713   1.000000
  1257.12060    0.995602   1.000000
  1257.13140    1.005542   1.000000
  1257.14160    1.046739   1.000000
  1257.15240    1.019784   1.000000
  1257.16320    0.976321   1.000000
  1257.17400    0.936632   1.000000
  1257.18480    1.018827   1.000000
  1257.19500    0.996804   1.000000
  1257.20580    0.992738   1.000000
  1257.21660    0.960845   1.000000
  1257.22740    0.974093   1.000000
  1257.23820    1.050460   1.000000
  1257.24840    0.964942   1.000000
  1257.25920    0.972975   1.000000
  1257.27000    0.977523   1.000000
  1257.28080    0.990234   1.000000
  1257.29100    0.978266   1.000000
  1257.30180    1.000962   1.000000
  1257.31260    1.002165   1.000000
  1257.32340    0.987868   1.000000
  1257.33420    1.029640   1.000000
  1257.34440    0.955577   1.000000
  1257.35520    0.917221   1.000000
  1257.36600    1.008061   1.000000
  1257.37680    1.048393   1.000000
  1257.38700    1.076066   1.000000
  1257.39780    0.979399   1.000000
  1257.40860    1.053439   1.000000
  1257.41940    1.031439   1.000000
  1257.43020    0.965110   1.000000
  1257.44040    0.988060   1.000000
  1257.45120    1.023537   1.000000
  1257.46200    1.017097   1.000000
  1257.47280    0.880136   1.000000
  1257.48300    1.008344   1.000000
  1257.49380    1.072291   1.000000
  1257.50460    1.099245   1.000000
  1257.51540    1.028973   1.000000
  1257.52620    1.076074   1.000000
  1257.53640    1.029012   1.000000
  1257.54720    0.966259   1.000000
  1257.55800    1.029180   1.000000
  1257.56880    1.008773   1.000000
  1257.57900    1.038109   1.000000
  1257.58980    0.766209   1.000000
  1257.60060    1.019784   1.000000
  1257.61140    0.996123   1.000000
  1257.62220    1.069052   1.000000
  1257.63240    1.100922   1.000000
  1257.64320    1.012472   1.000000
  1257.65400    0.999783   1.000000
  1257.66480    1.014608   1.000000
  1257.67500    0.948126   1.000000
  1257.68580    0.952346   1.000000
  1257.69660    1.021530   1.000000
  1257.70740    0.985931   1.000000
  1257.71820    0.989423   1.000000
  1257.72840    0.938394   1.000000
  1257.73920    0.968426   1.000000
  1257.75000    1.018858   1.000000
  1257.76080    0.996873   1.000000
  1257.77100    1.000189   1.000000
  1257.78180    0.952162   1.000000
  1257.79260    0.952009   1.000000
  1257.80340    1.022579   1.000000
  1257.81420    0.982294   1.000000
  1257.82440    0.992861   1.000000
  1257.83520    1.004217   1.000000
  1257.84600    0.988266   1.000000
  1257.85680    1.061602   1.000000
  1257.86700    0.913201   1.000000
  1257.87780    0.940239   1.000000
  1257.88860    1.059994   1.000000
  1257.89940    0.996973   1.000000
  1257.91020    0.990158   1.000000
  1257.92040    0.964697   1.000000
  1257.93120    1.011070   1.000000
  1257.94200    0.980846   1.000000
  1257.95280    0.963426   1.000000
  1257.96300    1.086802   1.000000
  1257.97380    1.056303   1.000000
  1257.98460    0.954750   1.000000
  1257.99540    0.960899   1.000000
  1258.00620    1.038139   1.000000
  1258.01640    0.950500   1.000000
  1258.02720    0.963112   1.000000
  1258.03800    1.048661   1.000000
  1258.04880    1.055300   1.000000
  1258.05900    1.037274   1.000000
  1258.06980    0.966160   1.000000
  1258.08060    0.958158   1.000000
  1258.09140    1.005741   1.000000
  1258.10220    0.984162   1.000000
  1258.11240    0.968242   0.999939
  1258.12320    1.006476   0.999868
  1258.13400    0.990319   0.999833
  1258.14480    0.978595   0.999714
  1258.15500    0.954022   0.999631
  1258.16580    1.008099   0.999549
  1258.17660    1.019961   0.999407
  1258.18740    0.951519   0.999285
  1258.19820    0.994316   0.999201
  1258.20840    1.055231   0.999010
  1258.21920    1.012112   0.998877
  1258.23000    1.045330   0.998734
  1258.24080    1.124944   0.998542
  1258.25100    1.044709   0.998418
  1258.26180    1.088173   0.998206
  1258.27260    1.056149   0.998032
  1258.28340    0.994775   0.997886
  1258.29420    1.086435   0.997654
  1258.30440    0.986513   0.997470
  1258.31520    1.031240   0.997305
  1258.32600    1.047558   0.997052
  1258.33680    0.882632   0.996847
  1258.34700    1.060415   0.996692
  1258.35780    1.041554   0.996417
  1258.36860    0.983036   0.996183
  1258.37940    1.048883   0.995949
  1258.39020    1.093081   0.995655
  1258.40040    1.014141   0.995507
  1258.41120    0.989147   0.995223
  1258.42200    0.922857   0.994948
  1258.43280    0.989775   0.994733
  1258.44300    1.108840   0.994437
  1258.45380    1.006529   0.994143
  1258.46460    0.946319   0.993936
  1258.47540    0.912726   0.993603
  1258.48620    1.074098   0.993366
  1258.49640    0.924350   0.993111
  1258.50720    0.987470   0.992756
  1258.51800    1.062681   0.992481
  1258.52880    0.966734   0.992216
  1258.53900    0.928056   0.991852
  1258.54980    0.933769   0.991576
  1258.56060    0.944948   0.991281
  1258.57140    0.967729   0.990917
  1258.58220    0.943777   0.990631
  1258.59240    0.991261   0.990288
  1258.60320    0.982784   0.989972
  1258.61400    0.962361   0.989659
  1258.62480    0.951855   0.989266
  1258.63500    0.952790   0.988962
  1258.64580    1.001070   0.988658
  1258.65660    0.922221   0.988264
  1258.66740    1.016966   0.987893
  1258.67820    0.962622   0.987607
  1258.68840    1.037297   0.987139
  1258.69920    1.009968   0.986834
  1258.71000    0.945071   0.986462
  1258.72080    0.979652   0.986072
  1258.73100    1.031003   0.985719
  1258.74180    1.016698   0.985358
  1258.75260    1.050276   0.984930
  1258.76340    1.007349   0.984598
  1258.77420    1.001460   0.984141
  1258.78440    0.977217   0.983801
  1258.79520    0.960041   0.983400
  1258.80600    1.104544   0.982975
  1258.81680    0.947529   0.982557
  1258.82700    0.990747   0.982207
  1258.83780    1.016400   0.981744
  1258.84860    1.012012   0.981327
  1258.85940    0.971359   0.980979
  1258.87020    0.919419   0.980430
  1258.88040    0.945331   0.980122
  1258.89120    0.969927   0.979705
  1258.90200    0.970409   0.979247
  1258.91280    0.948593   0.978784
  1258.92300    0.945079   0.978353
  1258.93380    0.984522   0.977923
  1258.94460    0.998221   0.977462
  1258.95540    0.988833   0.977053
  1258.96620    0.965608   0.976497
  1258.97640    1.044847   0.976194
  1258.98720    0.940063   0.975634
  1258.99800    0.910513   0.975188
  1259.00880    0.946334   0.974759
  1259.01900    0.970494   0.974268
  1259.02980    1.054886   0.973825
  1259.04060    0.978427   0.973339
  1259.05140    0.936824   0.972883
  1259.06220    0.948019   0.972372
  1259.07240    0.990510   0.972005
  1259.08320    0.976367   0.971398
  1259.09400    1.019394   0.970947
  1259.10480    1.031592   0.970490
  1259.11500    0.944098   0.969940
  1259.12580    0.939029   0.969485
  1259.13660    0.980456   0.968905
  1259.14740    0.971367   0.968485
  1259.15820    1.001552   0.967943
  1259.16840    0.981696   0.967455
  1259.17920    0.996942   0.966912
  1259.19000    1.026094   0.966421
  1259.20080    0.980510   0.965893
  1259.21100    0.973618   0.965395
  1259.22180    0.989124   0.964946
  1259.23260    0.970563   0.964301
  1259.24340    0.967959   0.963791
  1259.25420    0.984522   0.963296
  1259.26440    0.948364   0.962758
  1259.27520    0.914204   0.962214
  1259.28600    0.953341   0.961740
  1259.29680    0.928431   0.961098
  1259.30700    0.912902   0.960625
  1259.31780    0.998880   0.960128
  1259.32860    0.917167   0.959519
  1259.33940    0.963449   0.958963
  1259.35020    1.061272   0.958408
  1259.36040    0.940852   0.957855
  1259.37120    0.974835   0.957267
  1259.38200    0.934741   0.956767
  1259.39280    0.948524   0.956155
  1259.40300    0.971106   0.955642
  1259.41380    0.894946   0.955033
  1259.42460    0.922551   0.954483
  1259.43540    0.984231   0.953915
  1259.44620    1.008252   0.953294
  1259.45640    0.892043   0.952706
  1259.46720    0.980624   0.952219
  1259.47800    0.950002   0.951566
  1259.48880    0.986145   0.950996
  1259.49960    0.883436   0.950422
  1259.50980    0.993833   0.949800
  1259.52060    0.885580   0.949257
  1259.53140    0.903568   0.948673
  1259.54220    0.881292   0.948052
  1259.55240    0.956082   0.947472
  1259.56320    0.960868   0.946933
  1259.57400    0.918967   0.946202
  1259.58480    1.019141   0.945635
  1259.59560    0.920146   0.945012
  1259.60580    0.925476   0.944411
  1259.61660    0.918262   0.943830
  1259.62740    0.831542   0.943218
  1259.63820    0.920177   0.942543
  1259.64840    0.861521   0.942020
  1259.65920    0.835164   0.941296
  1259.67000    0.992126   0.940740
  1259.68080    0.862777   0.940090
  1259.69160    0.912014   0.939437
  1259.70180    0.870917   0.938855
  1259.71260    0.924220   0.938259
  1259.72340    0.903529   0.937538
  1259.73420    0.924955   0.936942
  1259.74440    0.892679   0.936345
  1259.75520    0.913882   0.935668
  1259.76600    0.940078   0.935010
  1259.77680    0.943019   0.934413
  1259.78760    0.922099   0.933673
  1259.79780    0.971497   0.933150
  1259.80860    0.915529   0.932494
  1259.81940    0.866912   0.931782
  1259.83020    0.901209   0.931132
  1259.84040    0.898208   0.930576
  1259.85120    0.939182   0.929804
  1259.86200    0.888169   0.929187
  1259.87280    0.906761   0.928580
  1259.88360    0.944971   0.927814
  1259.89380    0.961787   0.927221
  1259.90460    0.898973   0.926572
  1259.91540    0.941457   0.925868
  1259.92620    0.898575   0.925191
  1259.93640    0.932367   0.924626
  1259.94720    0.887801   0.923889
  1259.95800    0.887525   0.923196
  1259.96880    0.904242   0.922480
  1259.97960    0.934871   0.921769
  1259.98980    0.886507   0.921211
  1260.00060    0.890129   0.920490
  1260.01140    0.914602   0.919770
  1260.02220    0.901355   0.919099
  1260.03240    0.887173   0.918470
  1260.04320    0.920100   0.917769
  1260.05400    0.870411   0.917088
  1260.06480    0.920544   0.916344
  1260.07560    0.928776   0.915658
  1260.08580    0.910314   0.914975
  1260.09660    0.954536   0.914284
  1260.10740    0.861597   0.913555
  1260.11820    0.904847   0.912903
  1260.12840    0.966504   0.912213
  1260.13920    0.939527   0.911419
  1260.15000    0.886852   0.910776
  1260.16080    0.913316   0.910174
  1260.17160    0.954444   0.909361
  1260.18180    0.977286   0.908701
  1260.19260    0.950255   0.907883
  1260.20340    0.885512   0.907185
  1260.21420    0.908790   0.906643
  1260.22440    0.848228   0.905832
  1260.23520    0.868841   0.905135
  1260.24600    0.933095   0.904366
  1260.25680    0.877165   0.903673
  1260.26760    0.942766   0.903013
  1260.27780    0.885144   0.902303
  1260.28860    0.849675   0.901513
  1260.29940    0.951909   0.900757
  1260.31020    0.937804   0.900092
  1260.32040    0.896806   0.899392
  1260.33120    0.911447   0.898630
  1260.34200    0.861238   0.897967
  1260.35280    0.890382   0.897106
  1260.36360    0.985142   0.896439
  1260.37380    0.844636   0.895774
  1260.38460    0.917703   0.894962
  1260.39540    0.940905   0.894174
  1260.40620    0.847661   0.893511
  1260.41640    0.932651   0.892839
  1260.42720    0.926372   0.892027
  1260.43800    0.887587   0.891344
  1260.44880    0.936074   0.890555
  1260.45960    0.958456   0.889880
  1260.46980    0.956465   0.889098
  1260.48060    0.893521   0.888342
  1260.49140    0.940362   0.887556
  1260.50220    0.958992   0.886921
  1260.51240    0.906485   0.886046
  1260.52320    0.870894   0.885385
  1260.53400    0.864959   0.884642
  1260.54480    0.902457   0.883827
  1260.55560    0.884853   0.883011
  1260.56580    0.936610   0.882433
  1260.57660    0.867249   0.881627
  1260.58740    0.852776   0.880849
  1260.59820    0.902189   0.880072
  1260.60840    0.882165   0.879420
  1260.61920    0.905582   0.878580
  1260.63000    0.928730   0.877841
  1260.64080    0.908767   0.877062
  1260.65160    0.857386   0.876232
  1260.66180    0.871315   0.875599
  1260.67260    0.872494   0.874791
  1260.68340    0.877808   0.874037
  1260.69420    0.884493   0.873273
  1260.70440    0.911133   0.872500
  1260.71520    0.874707   0.871753
  1260.72600    0.855877   0.870997
  1260.73680    0.922244   0.870238
  1260.74760    0.899670   0.869408
  1260.75780    0.853251   0.868711
  1260.76860    0.918952   0.867953
  1260.77940    0.905092   0.867130
  1260.79020    0.826335   0.866406
  1260.80040    0.854951   0.865609
  1260.81120    0.815561   0.864851
  1260.82200    0.815301   0.864061
  1260.83280    0.812950   0.863328
  1260.84360    0.942337   0.862513
  1260.85380    0.872892   0.861776
  1260.86460    0.826427   0.861016
  1260.87540    0.827399   0.860205
  1260.88620    0.871208   0.859451
  1260.89640    0.880381   0.858626
  1260.90720    0.835922   0.857902
  1260.91800    0.895282   0.857119
  1260.92880    0.866636   0.856354
  1260.93960    0.838510   0.855517
  1260.94980    0.865778   0.854753
  1260.96060    0.829383   0.854003
  1260.97140    0.885290   0.853158
  1260.98220    0.876254   0.852433
  1260.99240    0.807368   0.851699
  1261.00320    0.883796   0.850843
  1261.01400    0.875787   0.850147
  1261.02480    0.847776   0.849315
  1261.03560    0.811273   0.848502
  1261.04580    0.841313   0.847783
  1261.05660    0.757885   0.847018
  1261.06740    0.768483   0.846188
  1261.07820    0.836979   0.845365
  1261.08840    0.830080   0.844631
  1261.09920    0.832943   0.843830
  1261.11000    0.891546   0.843058
  1261.12080    0.895535   0.842258
  1261.13160    0.837163   0.841455
  1261.14180    0.875779   0.840715
  1261.15260    0.868436   0.839931
  1261.16340    0.912504   0.839117
  1261.17420    0.874493   0.838340
  1261.18440    0.879317   0.837559
  1261.19520    0.821924   0.836746
  1261.20600    0.875595   0.835980
  1261.21680    0.830156   0.835177
  1261.22760    0.845027   0.834381
  1261.23780    0.869760   0.833656
  1261.24860    0.827124   0.832822
  1261.25940    0.771722   0.832033
  1261.27020    0.856995   0.831231
  1261.28040    0.869523   0.830566
  1261.29120    0.881805   0.829716
  1261.30200    0.835976   0.828894
  1261.31280    0.817039   0.828087
  1261.32360    0.806334   0.827284
  1261.33380    0.809205   0.826523
  1261.34460    0.866008   0.825755
  1261.35540    0.895826   0.824946
  1261.36620    0.780804   0.824137
  1261.37640    0.801801   0.823412
  1261.38720    0.790445   0.822601
  1261.39800    0.868604   0.821803
  1261.40880    0.781179   0.821025
  1261.41960    0.842347   0.820244
  1261.42980    0.782917   0.819428
  1261.44060    0.876415   0.818649
  1261.45140    0.842439   0.817864
  1261.46220    0.854744   0.817047
  1261.47240    0.793906   0.816299
  1261.48320    0.801425   0.815531
  1261.49400    0.816488   0.814724
  1261.50480    0.779594   0.813884
  1261.51560    0.795422   0.813150
  1261.52580    0.851329   0.812393
  1261.53660    0.821450   0.811589
  1261.54740    0.921678   0.810832
  1261.55820    0.812131   0.810005
  1261.56840    0.840601   0.809226
  1261.57920    0.821886   0.808461
  1261.59000    0.812935   0.807654
  1261.60080    0.807850   0.806844
  1261.61160    0.823303   0.806077
  1261.62180    0.818632   0.805393
  1261.63260    0.820692   0.804533
  1261.64340    0.813317   0.803717
  1261.65420    0.857807   0.802949
  1261.66440    0.835524   0.802225
  1261.67520    0.806433   0.801421
  1261.68600    0.810017   0.800651
  1261.69680    0.853343   0.799856
  1261.70760    0.814175   0.799057
  1261.71780    0.808692   0.798344
  1261.72860    0.772381   0.797560
  1261.73940    0.771699   0.796772
  1261.75020    0.823678   0.795967
  1261.76100    0.834712   0.795244
  1261.77120    0.834835   0.794459
  1261.78200    0.830746   0.793669
  1261.79280    0.834077   0.792891
  1261.80360    0.823915   0.792140
  1261.81380    0.808424   0.791314
  1261.82460    0.817238   0.790601
  1261.83540    0.805063   0.789813
  1261.84620    0.774854   0.789024
  1261.85700    0.802911   0.788251
  1261.86720    0.820485   0.787536
  1261.87800    0.731781   0.786720
  1261.88880    0.816449   0.785965
  1261.89960    0.776669   0.785239
  1261.90980    0.760765   0.784474
  1261.92060    0.863397   0.783724
  1261.93140    0.787520   0.782897
  1261.94220    0.736475   0.782088
  1261.95300    0.820569   0.781448
  1261.96320    0.795384   0.780667
  1261.97400    0.783247   0.779939
  1261.98480    0.825140   0.779190
  1261.99560    0.735916   0.778339
  1262.00580    0.800246   0.777629
  1262.01660    0.813539   0.776899
  1262.02740    0.801793   0.776096
  1262.03820    0.784702   0.775348
  1262.04900    0.808378   0.774601
  1262.05920    0.800330   0.773929
  1262.07000    0.868918   0.773137
  1262.08080    0.803838   0.772345
  1262.09160    0.733826   0.771682
  1262.10180    0.779502   0.770887
  1262.11260    0.741307   0.770105
  1262.12340    0.807329   0.769345
  1262.13420    0.786026   0.768664
  1262.14500    0.786425   0.767886
  1262.15520    0.734033   0.767156
  1262.16600    0.790360   0.766493
  1262.17680    0.688800   0.765700
  1262.18760    0.753498   0.764958
  1262.19780    0.776317   0.764262
  1262.20860    0.801380   0.763574
  1262.21940    0.773997   0.762799
  1262.23020    0.766883   0.762061
  1262.24100    0.791823   0.761340
  1262.25120    0.766890   0.760640
  1262.26200    0.787734   0.759842
  1262.27280    0.762342   0.759099
  1262.28360    0.769019   0.758444
  1262.29380    0.759876   0.757690
  1262.30460    0.744324   0.757010
  1262.31540    0.817452   0.756300
  1262.32620    0.742394   0.755673
  1262.33700    0.711122   0.754906
  1262.34720    0.737624   0.754226
  1262.35800    0.736062   0.753502
  1262.36880    0.708526   0.752869
  1262.37960    0.714422   0.752077
  1262.38980    0.744079   0.751401
  1262.40060    0.791739   0.750744
  1262.41140    0.752946   0.750040
  1262.42220    0.777174   0.749238
  1262.43300    0.696779   0.748592
  1262.44320    0.729698   0.747958
  1262.45400    0.734017   0.747278
  1262.46480    0.777626   0.746487
  1262.47560    0.714751   0.745882
  1262.48580    0.743267   0.745244
  1262.49660    0.788247   0.744575
  1262.50740    0.778178   0.743813
  1262.51820    0.749585   0.743179
  1262.52900    0.698418   0.742503
  1262.53920    0.750519   0.741835
  1262.55000    0.792864   0.741134
  1262.56080    0.783254   0.740467
  1262.57160    0.804665   0.739803
  1262.58180    0.823632   0.739188
  1262.59260    0.762755   0.738449
  1262.60340    0.736483   0.737824
  1262.61420    0.759049   0.737231
  1262.62500    0.736529   0.736548
  1262.63520    0.753314   0.735838
  1262.64600    0.733412   0.735253
  1262.65680    0.695967   0.734610
  1262.66760    0.701825   0.733957
  1262.67780    0.686748   0.733258
  1262.68860    0.714123   0.732616
  1262.69940    0.706787   0.732073
  1262.71020    0.768453   0.731454
  1262.72100    0.708066   0.730735
  1262.73120    0.705394   0.730138
  1262.74200    0.715701   0.729555
  1262.75280    0.676939   0.728896
  1262.76360    0.765390   0.728274
  1262.77380    0.725265   0.727667
  1262.78460    0.672275   0.727104
  1262.79540    0.725510   0.726485
  1262.80620    0.738604   0.725886
  1262.81700    0.785942   0.725194
  1262.82720    0.733780   0.724646
  1262.83800    0.745955   0.724058
  1262.84880    0.727907   0.723449
  1262.85960    0.710218   0.722862
  1262.86980    0.727194   0.722292
  1262.88060    0.780743   0.721674
  1262.89140    0.689750   0.721120
  1262.90220    0.734860   0.720509
  1262.91300    0.763146   0.719838
  1262.92320    0.767871   0.719388
  1262.93400    0.753230   0.718823
  1262.94480    0.713756   0.718303
  1262.95560    0.672291   0.717664
  1262.96580    0.685676   0.717070
  1262.97660    0.731835   0.716559
  1262.98740    0.687452   0.716033
  1262.99820    0.664718   0.715477
  1263.00900    0.731605   0.714906
  1263.01920    0.739730   0.714336
  1263.03000    0.680997   0.713831
  1263.04080    0.673049   0.713329
  1263.05160    0.684910   0.712723
  1263.06180    0.714736   0.712264
  1263.07260    0.660728   0.711728
  1263.08340    0.711298   0.711243
  1263.09420    0.682996   0.710725
  1263.10500    0.709927   0.710194
  1263.11520    0.659472   0.709683
  1263.12600    0.720954   0.709129
  1263.13680    0.741116   0.708672
  1263.14760    0.713380   0.708171
  1263.15780    0.728351   0.707700
  1263.16860    0.710486   0.707258
  1263.17940    0.695010   0.706667
  1263.19020    0.702714   0.706253
  1263.20100    0.671280   0.705770
  1263.21120    0.729492   0.705303
  1263.22200    0.656486   0.704816
  1263.23280    0.668990   0.704299
  1263.24360    0.675522   0.703821
  1263.25380    0.702124   0.703447
  1263.26460    0.687169   0.703000
  1263.27540    0.692920   0.702510
  1263.28620    0.739913   0.702088
  1263.29700    0.690837   0.701621
  1263.30720    0.657650   0.701185
  1263.31800    0.689137   0.700798
  1263.32880    0.734752   0.700358
  1263.33960    0.665813   0.699947
  1263.34980    0.677475   0.699565
  1263.36060    0.726115   0.699088
  1263.37140    0.688739   0.698609
  1263.38220    0.691917   0.698230
  1263.39300    0.673187   0.697930
  1263.40320    0.645566   0.697549
  1263.41400    0.702737   0.697136
  1263.42480    0.686809   0.696720
  1263.43560    0.691166   0.696249
  1263.44580    0.691534   0.695943
  1263.45660    0.648499   0.695543
  1263.46740    0.675017   0.695233
  1263.47820    0.679267   0.694887
  1263.48900    0.661410   0.694527
  1263.49920    0.705264   0.694179
  1263.51000    0.694612   0.693771
  1263.52080    0.682659   0.693340
  1263.53160    0.682927   0.693121
  1263.54180    0.659633   0.692827
  1263.55260    0.684206   0.692484
  1263.56340    0.683984   0.692173
  1263.57420    0.710968   0.691807
  1263.58500    0.674167   0.691526
  1263.59520    0.716972   0.691213
  1263.60600    0.727715   0.690799
  1263.61680    0.732310   0.690523
  1263.62760    0.716420   0.690287
  1263.63780    0.740189   0.690026
  1263.64860    0.731888   0.689779
  1263.65940    0.726283   0.689451
  1263.67020    0.684994   0.689213
  1263.68100    0.666915   0.688961
  1263.69120    0.654464   0.688597
  1263.70200    0.651172   0.688328
  1263.71280    0.653813   0.688097
  1263.72360    0.686595   0.687879
  1263.73380    0.704651   0.687645
  1263.74460    0.685607   0.687490
  1263.75540    0.601911   0.687226
  1263.76620    0.675675   0.687032
  1263.77700    0.677750   0.686765
  1263.78720    0.661540   0.686612
  1263.79800    0.679726   0.686386
  1263.80880    0.657879   0.686175
  1263.81960    0.668776   0.685922
  1263.82980    0.672352   0.685669
  1263.84060    0.731881   0.685482
  1263.85140    0.673715   0.685346
  1263.86220    0.652366   0.685200
  1263.87300    0.620059   0.685078
  1263.88320    0.639946   0.684870
  1263.89400    0.643422   0.684714
  1263.90480    0.686809   0.684606
  1263.91560    0.662581   0.684466
  1263.92580    0.732401   0.684282
  1263.93660    0.674021   0.684211
  1263.94740    0.678532   0.684030
  1263.95820    0.670790   0.683924
  1263.96900    0.734354   0.683802
  1263.97920    0.667505   0.683702
  1263.99000    0.647213   0.683632
  1264.00080    0.633881   0.683491
  1264.01160    0.667467   0.683408
  1264.02180    0.689298   0.683245
  1264.03260    0.697170   0.683201
  1264.04340    0.670813   0.683088
  1264.05420    0.690416   0.682965
  1264.06500    0.700018   0.682952
  1264.07520    0.702384   0.682820
  1264.08600    0.661310   0.682781
  1264.09680    0.694957   0.682780
  1264.10760    0.710057   0.682745
  1264.11840    0.695830   0.682686
  1264.12860    0.677383   0.682648
  1264.13940    0.713580   0.682687
  1264.15020    0.723159   0.682584
  1264.16100    0.652228   0.682619
  1264.17120    0.692690   0.682618
  1264.18200    0.709598   0.682536
  1264.19280    0.703633   0.682631
  1264.20360    0.673347   0.682623
  1264.21440    0.732853   0.682608
  1264.22460    0.707186   0.682665
  1264.23540    0.715042   0.682626
  1264.24620    0.629279   0.682676
  1264.25700    0.674397   0.682696
  1264.26720    0.670821   0.682826
  1264.27800    0.686013   0.682780
  1264.28880    0.742616   0.682893
  1264.29960    0.647802   0.683022
  1264.31040    0.674703   0.683040
  1264.32060    0.647128   0.683180
  1264.33140    0.665399   0.683260
  1264.34220    0.651064   0.683356
  1264.35300    0.647741   0.683438
  1264.36320    0.697154   0.683527
  1264.37400    0.691878   0.683646
  1264.38480    0.695975   0.683735
  1264.39560    0.668967   0.683874
  1264.40640    0.673776   0.683962
  1264.41660    0.654862   0.684108
  1264.42740    0.635313   0.684245
  1264.43820    0.649632   0.684337
  1264.44900    0.648614   0.684460
  1264.45920    0.704031   0.684627
  1264.47000    0.715693   0.684800
  1264.48080    0.603611   0.684883
  1264.49160    0.593963   0.685034
  1264.50240    0.720892   0.685215
  1264.51260    0.679933   0.685429
  1264.52340    0.650130   0.685646
  1264.53420    0.649165   0.685880
  1264.54500    0.647251   0.686082
  1264.55520    0.676763   0.686215
  1264.56600    0.615603   0.686469
  1264.57680    0.627755   0.686655
  1264.58760    0.607792   0.686888
  1264.59840    0.684121   0.687000
  1264.60860    0.703058   0.687267
  1264.61940    0.631117   0.687453
  1264.63020    0.654725   0.687678
  1264.64100    0.596130   0.687928
  1264.65120    0.635474   0.688217
  1264.66200    0.722853   0.688512
  1264.67280    0.718090   0.688720
  1264.68360    0.712569   0.689003
  1264.69440    0.688616   0.689242
  1264.70460    0.624508   0.689538
  1264.71540    0.725747   0.689751
  1264.72620    0.680492   0.689992
  1264.73700    0.736498   0.690387
  1264.74720    0.738321   0.690663
  1264.75800    0.724415   0.690967
  1264.76880    0.703395   0.691301
  1264.77960    0.717140   0.691626
  1264.79040    0.719238   0.691919
  1264.80060    0.676525   0.692182
  1264.81140    0.682054   0.692433
  1264.82220    0.676977   0.692750
  1264.83300    0.670078   0.693210
  1264.84320    0.642886   0.693516
  1264.85400    0.711336   0.693882
  1264.86480    0.633269   0.694225
  1264.87560    0.675300   0.694527
  1264.88640    0.724782   0.694908
  1264.89660    0.651478   0.695184
  1264.90740    0.687713   0.695582
  1264.91820    0.675614   0.696029
  1264.92900    0.702132   0.696441
  1264.93920    0.685783   0.696796
  1264.95000    0.683762   0.697085
  1264.96080    0.731169   0.697453
  1264.97160    0.625427   0.697899
  1264.98240    0.692116   0.698356
  1264.99260    0.742555   0.698659
  1265.00340    0.675323   0.699120
  1265.01420    0.642955   0.699538
  1265.02500    0.643238   0.699924
  1265.03520    0.656823   0.700261
  1265.04600    0.701075   0.700737
  1265.05680    0.755236   0.701180
  1265.06760    0.691312   0.701678
  1265.07840    0.691564   0.702091
  1265.08860    0.708801   0.702475
  1265.09940    0.677360   0.702808
  1265.11020    0.717316   0.703391
  1265.12100    0.705179   0.703906
  1265.13120    0.688027   0.704337
  1265.14200    0.671678   0.704793
  1265.15280    0.663416   0.705145
  1265.16360    0.694490   0.705660
  1265.17440    0.699750   0.706212
  1265.18460    0.621139   0.706696
  1265.19540    0.671119   0.707152
  1265.20620    0.696488   0.707603
  1265.21700    0.659403   0.708042
  1265.22720    0.676587   0.708628
  1265.23800    0.696205   0.709147
  1265.24880    0.708602   0.709649
  1265.25960    0.692169   0.710068
  1265.27040    0.731475   0.710537
  1265.28060    0.693157   0.711085
  1265.29140    0.676410   0.711618
  1265.30220    0.715050   0.712116
  1265.31300    0.663799   0.712652
  1265.32320    0.727470   0.713066
  1265.33400    0.730349   0.713662
  1265.34480    0.789664   0.714250
  1265.35560    0.733359   0.714774
  1265.36640    0.738727   0.715305
  1265.37660    0.724131   0.715790
  1265.38740    0.713786   0.716404
  1265.39820    0.735288   0.716956
  1265.40900    0.738642   0.717500
  1265.41920    0.717845   0.718013
  1265.43000    0.711213   0.718541
  1265.44080    0.764632   0.719189
  1265.45160    0.716084   0.719732
  1265.46240    0.716152   0.720268
  1265.47260    0.762465   0.720762
  1265.48340    0.746751   0.721415
  1265.49420    0.720709   0.722036
  1265.50500    0.775520   0.722617
  1265.51520    0.775926   0.723127
  1265.52600    0.737616   0.723683
  1265.53680    0.759853   0.724346
  1265.54760    0.760320   0.724971
  1265.55840    0.677199   0.725521
  1265.56860    0.723886   0.726060
  1265.57940    0.747571   0.726743
  1265.59020    0.763215   0.727351
  1265.60100    0.761178   0.727923
  1265.61120    0.682307   0.728508
  1265.62200    0.763146   0.729139
  1265.63280    0.738803   0.729803
  1265.64360    0.786991   0.730433
  1265.65440    0.769632   0.731014
  1265.66460    0.741391   0.731508
  1265.67540    0.793554   0.732299
  1265.68620    0.736605   0.732883
  1265.69700    0.729293   0.733513
  1265.70720    0.702331   0.734069
  1265.71800    0.663829   0.734738
  1265.72880    0.693173   0.735397
  1265.73960    0.673707   0.736025
  1265.75040    0.713220   0.736673
  1265.76060    0.771508   0.737320
  1265.77140    0.713541   0.737938
  1265.78220    0.735181   0.738583
  1265.79300    0.761714   0.739221
  1265.80320    0.747510   0.739888
  1265.81400    0.745794   0.740564
  1265.82480    0.760229   0.741219
  1265.83560    0.729484   0.741862
  1265.84640    0.767281   0.742590
  1265.85660    0.738581   0.743208
  1265.86740    0.747724   0.743894
  1265.87820    0.759256   0.744490
  1265.88900    0.677743   0.745248
  1265.89920    0.793722   0.745803
  1265.91000    0.811771   0.746534
  1265.92080    0.785559   0.747176
  1265.93160    0.721451   0.747936
  1265.94240    0.753574   0.748626
  1265.95260    0.783331   0.749272
  1265.96340    0.757143   0.749869
  1265.97420    0.733481   0.750714
  1265.98500    0.786677   0.751341
  1265.99520    0.787665   0.752019
  1266.00600    0.781731   0.752655
  1266.01680    0.764164   0.753392
  1266.02760    0.717990   0.753974
  1266.03840    0.749776   0.754755
  1266.04860    0.742012   0.755380
  1266.05940    0.729270   0.756197
  1266.07020    0.725709   0.756786
  1266.08100    0.702576   0.757552
  1266.09120    0.762472   0.758227
  1266.10200    0.721337   0.759024
  1266.11280    0.771048   0.759701
  1266.12360    0.750741   0.760392
  1266.13440    0.707446   0.761168
  1266.14460    0.670407   0.761833
  1266.15540    0.721551   0.762580
  1266.16620    0.730296   0.763264
  1266.17700    0.782734   0.764047
  1266.18720    0.788645   0.764635
  1266.19800    0.724897   0.765387
  1266.20880    0.778752   0.766080
  1266.21960    0.780306   0.766865
  1266.23040    0.777825   0.767576
  1266.24060    0.785169   0.768211
  1266.25140    0.790774   0.769011
  1266.26220    0.786853   0.769751
  1266.27300    0.750565   0.770506
  1266.28320    0.712339   0.771193
  1266.29400    0.803148   0.771988
  1266.30480    0.757035   0.772712
  1266.31560    0.821940   0.773385
  1266.32640    0.780536   0.774187
  1266.33660    0.753934   0.774844
  1266.34740    0.788186   0.775563
  1266.35820    0.758643   0.776326
  1266.36900    0.792214   0.777122
  1266.37980    0.748551   0.777894
  1266.39000    0.731176   0.778499
  1266.40080    0.836328   0.779303
  1266.41160    0.779740   0.780069
  1266.42240    0.769088   0.780736
  1266.43260    0.828602   0.781549
  1266.44340    0.862945   0.782350
  1266.45420    0.833074   0.783024
  1266.46500    0.778438   0.783761
  1266.47580    0.833311   0.784569
  1266.48600    0.760887   0.785284
  1266.49680    0.813509   0.786048
  1266.50760    0.824168   0.786818
  1266.51840    0.805637   0.787543
  1266.52860    0.775161   0.788263
  1266.53940    0.836006   0.789050
  1266.55020    0.770880   0.789842
  1266.56100    0.757418   0.790568
  1266.57180    0.809542   0.791322
  1266.58200    0.799817   0.792058
  1266.59280    0.811610   0.792865
  1266.60360    0.742126   0.793593
  1266.61440    0.799817   0.794340
  1266.62460    0.786899   0.795108
  1266.63540    0.789135   0.795856
  1266.64620    0.765191   0.796612
  1266.65700    0.789028   0.797412
  1266.66780    0.822813   0.798135
  1266.67800    0.746943   0.798898
  1266.68880    0.795529   0.799680
  1266.69960    0.868152   0.800432
  1266.71040    0.779770   0.801241
  1266.72060    0.851306   0.801908
  1266.73140    0.827308   0.802734
  1266.74220    0.822223   0.803500
  1266.75300    0.872073   0.804217
  1266.76380    0.863719   0.805094
  1266.77400    0.856138   0.805767
  1266.78480    0.848610   0.806564
  1266.79560    0.845456   0.807326
  1266.80640    0.883796   0.808120
  1266.81660    0.872747   0.808835
  1266.82740    0.859009   0.809593
  1266.83820    0.824650   0.810393
  1266.84900    0.771630   0.811183
  1266.85980    0.847270   0.811917
  1266.87000    0.798309   0.812684
  1266.88080    0.883980   0.813472
  1266.89160    0.870848   0.814246
  1266.90240    0.925805   0.815053
  1266.91260    0.855862   0.815782
  1266.92340    0.892863   0.816545
  1266.93420    0.804351   0.817366
  1266.94500    0.777672   0.818133
  1266.95580    0.804442   0.818875
  1266.96600    0.806778   0.819604
  1266.97680    0.802375   0.820398
  1266.98760    0.839912   0.821191
  1266.99840    0.820730   0.821987
  1267.00860    0.832331   0.822701
  1267.01940    0.879003   0.823486
  1267.03020    0.871575   0.824253
  1267.04100    0.879991   0.825060
  1267.05180    0.798876   0.825811
  1267.06200    0.817874   0.826522
  1267.07280    0.827935   0.827311
  1267.08360    0.850961   0.828187
  1267.09440    0.882548   0.828967
  1267.10460    0.859637   0.829677
  1267.11540    0.781907   0.830378
  1267.12620    0.819344   0.831170
  1267.13700    0.849208   0.831974
  1267.14780    0.862103   0.832784
  1267.15800    0.860135   0.833502
  1267.16880    0.808746   0.834269
  1267.17960    0.797727   0.835085
  1267.19040    0.786134   0.835846
  1267.20060    0.786294   0.836559
  1267.21140    0.854935   0.837366
  1267.22220    0.875067   0.838135
  1267.23300    0.832928   0.838909
  1267.24380    0.799833   0.839714
  1267.25400    0.859668   0.840424
  1267.26480    0.810132   0.841231
  1267.27560    0.897672   0.841987
  1267.28640    0.856467   0.842742
  1267.29660    0.925943   0.843482
  1267.30740    0.885366   0.844286
  1267.31820    0.912718   0.845050
  1267.32900    0.859675   0.845826
  1267.33980    0.890297   0.846598
  1267.35000    0.904502   0.847327
  1267.36080    0.892955   0.848116
  1267.37160    0.880894   0.848885
  1267.38240    0.864270   0.849678
  1267.39260    0.841167   0.850377
  1267.40340    0.918247   0.851133
  1267.41420    0.876805   0.851966
  1267.42500    0.924174   0.852767
  1267.43580    0.826703   0.853448
  1267.44600    0.848465   0.854248
  1267.45680    0.912772   0.854989
  1267.46760    0.896615   0.855812
  1267.47840    0.913300   0.856540
  1267.48860    0.912022   0.857263
  1267.49940    0.912849   0.858010
  1267.51020    0.964659   0.858816
  1267.52100    0.869753   0.859525
  1267.53180    0.830608   0.860291
  1267.54200    0.822246   0.861048
  1267.55280    0.887518   0.861818
  1267.56360    0.878681   0.862550
  1267.57440    0.806479   0.863328
  1267.58460    0.853626   0.864097
  1267.59540    0.868420   0.864814
  1267.60620    0.837982   0.865589
  1267.61700    0.906922   0.866351
  1267.62780    0.842469   0.867076
  1267.63800    0.910130   0.867839
  1267.64880    0.826703   0.868596
  1267.65960    0.838342   0.869345
  1267.67040    0.888743   0.870093
  1267.68060    0.861176   0.870872
  1267.69140    0.841504   0.871567
  1267.70220    0.894249   0.872328
  1267.71300    0.877869   0.873173
  1267.72380    0.825347   0.873813
  1267.73400    0.859668   0.874576
  1267.74480    0.874179   0.875298
  1267.75560    0.863022   0.876043
  1267.76640    0.808555   0.876756
  1267.77660    0.873275   0.877543
  1267.78740    0.863519   0.878251
  1267.79820    0.892572   0.878962
  1267.80900    0.901500   0.879781
  1267.81980    0.920606   0.880523
  1267.83000    0.849759   0.881182
  1267.84080    0.896469   0.881911
  1267.85160    0.928531   0.882741
  1267.86240    0.857593   0.883423
  1267.87260    0.884348   0.884102
  1267.88340    0.936433   0.884872
  1267.89420    0.956006   0.885603
  1267.90500    0.883069   0.886301
  1267.91580    0.936671   0.887028
  1267.92600    0.953356   0.887795
  1267.93680    0.877571   0.888480
  1267.94760    0.921364   0.889308
  1267.95840    0.891224   0.889905
  1267.96860    0.928439   0.890701
  1267.97940    1.020634   0.891441
  1267.99020    0.933615   0.892138
  1268.00100    0.850173   0.892799
  1268.01180    0.855066   0.893584
  1268.02200    0.883957   0.894355
  1268.03280    0.845203   0.894962
  1268.04360    0.848151   0.895794
  1268.05440    0.941173   0.896396
  1268.06460    0.887349   0.897075
  1268.07540    0.933294   0.897898
  1268.08620    0.863451   0.898539
  1268.09700    0.922688   0.899245
  1268.10780    0.872203   0.900023
  1268.11800    0.959115   0.900778
  1268.12880    0.942452   0.901344
  1268.13960    0.901753   0.902106
  1268.15040    0.940186   0.902802
  1268.16060    0.890091   0.903429
  1268.17140    0.911332   0.904292
  1268.18220    0.870036   0.904923
  1268.19300    0.895390   0.905557
  1268.20380    0.876384   0.906338
  1268.21400    0.918163   0.906927
  1268.22480    0.897924   0.907641
  1268.23560    0.868152   0.908395
  1268.24640    0.883145   0.909021
  1268.25660    0.841688   0.909735
  1268.26740    0.844108   0.910389
  1268.27820    0.870809   0.911073
  1268.28900    0.947177   0.911864
  1268.29980    0.948203   0.912498
  1268.31000    0.966450   0.913119
  1268.32080    0.943348   0.913809
  1268.33160    0.987018   0.914511
  1268.34240    0.913277   0.915233
  1268.35260    0.884279   0.915885
  1268.36340    0.863397   0.916546
  1268.37420    0.883452   0.917220
  1268.38500    0.938616   0.917899
  1268.39580    0.923707   0.918524
  1268.40600    0.937452   0.919230
  1268.41680    0.950845   0.919884
  1268.42760    0.958318   0.920563
  1268.43840    0.907887   0.921242
  1268.44860    0.911018   0.921835
  1268.45940    0.875059   0.922508
  1268.47020    0.897909   0.923242
  1268.48100    0.923623   0.923878
  1268.49180    0.892288   0.924502
  1268.50200    0.889072   0.925199
  1268.51280    0.910605   0.925810
  1268.52360    0.888146   0.926470
  1268.53440    0.872578   0.927148
  1268.54460    0.940967   0.927753
  1268.55540    0.893192   0.928374
  1268.56620    0.902404   0.929069
  1268.57700    0.934963   0.929691
  1268.58780    0.910888   0.930351
  1268.59800    0.954987   0.930993
  1268.60880    0.853236   0.931580
  1268.61960    0.937743   0.932204
  1268.63040    0.922328   0.932925
  1268.64120    0.890412   0.933516
  1268.65140    0.986911   0.934109
  1268.66220    0.982776   0.934742
  1268.67300    0.936809   0.935390
  1268.68380    0.970432   0.935963
  1268.69400    0.942092   0.936644
  1268.70480    0.955654   0.937246
  1268.71560    0.944795   0.937843
  1268.72640    0.953471   0.938486
  1268.73720    1.022342   0.939103
  1268.74740    0.951901   0.939646
  1268.75820    0.924013   0.940343
  1268.76900    1.001154   0.940856
  1268.77980    0.973848   0.941466
  1268.79000    0.940147   0.942131
  1268.80080    0.967201   0.942672
  1268.81160    0.904969   0.943344
  1268.82240    0.941817   0.943933
  1268.83320    0.944795   0.944502
  1268.84340    0.904234   0.945085
  1268.85420    0.965999   0.945719
  1268.86500    0.876460   0.946259
  1268.87580    0.797122   0.946891
  1268.88600    0.919733   0.947428
  1268.89680    0.928362   0.948023
  1268.90760    0.917106   0.948575
  1268.91840    0.945584   0.949197
  1268.92920    0.913078   0.949776
  1268.93940    0.953640   0.950314
  1268.95020    0.925590   0.950925
  1268.96100    0.985900   0.951461
  1268.97180    0.897549   0.952063
  1268.98200    0.945178   0.952663
  1268.99280    0.949252   0.953127
  1269.00360    0.881116   0.953721
  1269.01440    0.891668   0.954336
  1269.02520    0.917213   0.954840
  1269.03540    0.889823   0.955417
  1269.04620    0.928699   0.955934
  1269.05700    0.935652   0.956473
  1269.06780    0.976275   0.957047
  1269.07800    0.947146   0.957540
  1269.08880    0.986635   0.958141
  1269.09960    1.006277   0.958619
  1269.11040    1.038239   0.959249
  1269.12120    0.944520   0.959717
  1269.13140    0.950309   0.960251
  1269.14220    0.993971   0.960798
  1269.15300    1.017457   0.961289
  1269.16380    0.917313   0.961883
  1269.17400    0.914273   0.962340
  1269.18480    0.913208   0.962922
  1269.19560    0.893690   0.963411
  1269.20640    0.946526   0.963961
  1269.21720    0.935231   0.964384
  1269.22740    0.989055   0.964924
  1269.23820    0.832553   0.965498
  1269.24900    0.966665   0.965921
  1269.25980    1.031301   0.966496
  1269.27000    0.952943   0.966916
  1269.28080    0.962790   0.967454
  1269.29160    0.986314   0.967941
  1269.30240    0.953264   0.968475
  1269.31320    1.001062   0.968914
  1269.32340    0.968357   0.969376
  1269.33420    1.027005   0.969866
  1269.34500    0.955562   0.970316
  1269.35580    0.888973   0.970947
  1269.36600    0.938241   0.971293
  1269.37680    0.951159   0.971769
  1269.38760    1.045835   0.972292
  1269.39840    1.004255   0.972749
  1269.40920    0.963127   0.973157
  1269.41940    1.051724   0.973685
  1269.43020    1.013819   0.974145
  1269.44100    0.949849   0.974545
  1269.45180    0.938241   0.975088
  1269.46200    0.976152   0.975450
  1269.47280    1.030252   0.975922
  1269.48360    1.021875   0.976417
  1269.49440    0.959000   0.976781
  1269.50520    1.014562   0.977244
  1269.51540    1.013773   0.977693
  1269.52620    1.004370   0.978058
  1269.53700    1.036608   0.978524
  1269.54780    0.988910   0.978974
  1269.55800    0.953969   0.979373
  1269.56880    0.997739   0.979738
  1269.57960    0.889179   0.980222
  1269.59040    0.913951   0.980611
  1269.60120    0.918553   0.980988
  1269.61140    1.037802   0.981455
  1269.62220    0.921586   0.981824
  1269.63300    0.993565   0.982194
  1269.64380    0.951618   0.982652
  1269.65400    0.948057   0.983013
  1269.66480    0.915368   0.983394
  1269.67560    0.914250   0.983834
  1269.68640    0.958533   0.984186
  1269.69720    1.010733   0.984578
  1269.70740    0.958441   0.984918
  1269.71820    0.929496   0.985333
  1269.72900    0.920912   0.985665
  1269.73980    0.932145   0.986148
  1269.75000    1.003834   0.986340
  1269.76080    0.938241   0.986744
  1269.77160    0.997287   0.987138
  1269.78240    0.988404   0.987452
  1269.79320    0.944183   0.987837
  1269.80340    0.958089   0.988211
  1269.81420    0.959612   0.988456
  1269.82500    0.977561   0.988831
  1269.83580    0.983948   0.989176
  1269.84600    0.986812   0.989501
  1269.85680    0.989354   0.989837
  1269.86760    1.005909   0.990142
  1269.87840    0.973633   0.990448
  1269.88920    1.058929   0.990794
  1269.89940    1.047052   0.991120
  1269.91020    1.028713   0.991375
  1269.92100    0.963250   0.991712
  1269.93180    0.980548   0.991998
  1269.94200    1.066617   0.992243
  1269.95280    1.019049   0.992600
  1269.96360    0.996360   0.992907
  1269.97440    0.988772   0.993142
  1269.98520    0.959812   0.993469
  1269.99540    1.002471   0.993704
  1270.00620    1.013681   0.993960
  1270.01700    1.050506   0.994298
  1270.02780    0.957928   0.994492
  1270.03800    0.994867   0.994737
  1270.04880    0.934458   0.995045
  1270.05960    0.989898   0.995260
  1270.07040    0.915889   0.995505
  1270.08120    0.976413   0.995782
  1270.09140    0.910505   0.995966
  1270.10220    1.016806   0.996181
  1270.11300    0.999890   0.996478
  1270.12380    0.980670   0.996652
  1270.13400    0.885856   0.996856
  1270.14480    0.955715   0.997092
  1270.15560    0.932543   0.997276
  1270.16640    0.948417   0.997480
  1270.17720    1.058194   0.997715
  1270.18740    1.035995   0.997848
  1270.19820    1.036416   0.998011
  1270.20900    0.957644   0.998246
  1270.21980    0.904188   0.998358
  1270.23000    0.878275   0.998542
  1270.24080    0.927765   0.998735
  1270.25160    0.946449   0.998857
  1270.26240    0.935530   0.998989
  1270.27320    0.989806   0.999163
  1270.28340    0.913040   0.999264
  1270.29420    0.942391   0.999375
  1270.30500    0.940086   0.999527
  1270.31580    0.992233   0.999608
  1270.32600    0.909755   0.999699
  1270.33680    0.947429   0.999810
  1270.34760    0.960493   0.999860
  1270.35840    1.000358   0.999940
  1270.36920    1.019984   1.000000
  1270.37940    0.991421   1.000000
  1270.39020    0.980823   1.000000
  1270.40100    0.957713   1.000000
  1270.41180    0.902029   1.000000
  1270.42200    0.854736   1.000000
  1270.43280    0.940423   1.000000
  1270.44360    0.966359   1.000000
  1270.45440    0.913806   1.000000
  1270.46520    0.930124   1.000000
  1270.47540    0.922673   1.000000
  1270.48620    0.990058   1.000000
  1270.49700    0.955699   1.000000
  1270.50780    1.055682   1.000000
  1270.51800    1.047313   1.000000
  1270.52880    0.923439   1.000000
  1270.53960    0.973480   1.000000
  1270.55040    0.917642   1.000000
  1270.56120    0.977577   1.000000
  1270.57140    1.017280   1.000000
  1270.58220    0.907718   1.000000
  1270.59300    0.954911   1.000000
  1270.60380    0.943662   1.000000
  1270.61400    1.051540   1.000000
  1270.62480    1.031355   1.000000
  1270.63560    1.031738   1.000000
  1270.64640    0.948065   1.000000
  1270.65720    1.023965   1.000000
  1270.66740    0.948241   1.000000
  1270.67820    1.066587   1.000000
  1270.68900    0.993083   1.000000
  1270.69980    0.954895   1.000000
  1270.71000    1.013452   1.000000
  1270.72080    1.036914   1.000000
  1270.73160    0.991483   1.000000
  1270.74240    0.887158   1.000000
  1270.75320    1.003474   1.000000
  1270.76340    0.938432   1.000000
  1270.77420    0.964911   1.000000
  1270.78500    0.951817   1.000000
  1270.79580    0.929718   1.000000
  1270.80600    0.984453   1.000000
  1270.81680    0.922168   1.000000
  1270.82760    0.972990   1.000000
  1270.83840    0.926931   1.000000
  1270.84920    1.018820   1.000000
  1270.85940    0.960830   1.000000
  1270.87020    0.986107   1.000000
  1270.88100    0.984997   1.000000
  1270.89180    0.937368   1.000000
  1270.90200    0.950071   1.000000
  1270.91280    0.978587   1.000000
  1270.92360    0.980655   1.000000
  1270.93440    0.939841   1.000000
  1270.94520    0.983511   1.000000
  1270.95540    0.977094   1.000000
  1270.96620    1.008260   1.000000
  1270.97700    0.949750   1.000000
  1270.98780    0.997877   1.000000
  1270.99860    1.025290   1.000000
