   921.00767    1.078081   1.000000
   921.02550    0.998194   1.000000
   921.04333    0.987657   1.000000
   921.06100    1.036537   1.000000
   921.07883    1.082349   1.000000
   921.09667    0.942912   1.000000
   921.11450    0.990858   1.000000
   921.13217    1.009196   1.000000
   921.15000    1.014665   1.000000
   921.16783    0.953248   1.000000
   921.18567    1.091485   1.000000
   921.20350    0.984257   1.000000
   921.22117    1.110823   1.000000
   921.23900    0.993259   1.000000
   921.25683    0.987057   1.000000
   921.27467    1.012464   1.000000
   921.29233    1.024534   1.000000
   921.31017    1.057276   1.000000
   921.32800    1.006262   1.000000
   921.34583    0.996727   1.000000
   921.36367    0.988191   1.000000
   921.38133    1.014998   1.000000
   921.39917    1.000327   1.000000
   921.41700    1.003395   1.000000
   921.43483    0.962051   1.000000
   921.45250    0.947780   1.000000
   921.47033    0.931443   1.000000
   921.48817    0.974187   1.000000
   921.50600    0.961451   1.000000
   921.52383    1.009263   1.000000
   921.54150    0.984923   1.000000
   921.55933    0.927042   1.000000
   921.57717    1.094885   1.000000
   921.59500    0.995726   1.000000
   921.61267    1.104088   1.000000
   921.63050    1.062144   1.000000
   921.64833    1.035003   1.000000
   921.66617    1.072213   1.000000
   921.68400    1.068278   1.000000
   921.70167    1.088084   1.000000
   921.71950    1.003195   1.000000
   921.73733    0.963051   1.000000
   921.75517    0.962851   1.000000
   921.77283    1.027801   1.000000
   921.79067    1.025134   1.000000
   921.80850    0.969053   1.000000
   921.82633    1.002328   1.000000
   921.84417    0.965585   1.000000
   921.86183    0.951248   1.000000
   921.87967    0.987657   1.000000
   921.89750    1.021800   1.000000
   921.91533    1.027801   1.000000
   921.93300    1.069212   1.000000
   921.95083    1.056742   1.000000
   921.96867    1.028201   1.000000
   921.98650    0.942179   1.000000
   922.00433    0.979922   1.000000
   922.02200    0.954249   1.000000
   922.03983    1.003528   1.000000
   922.05767    0.970720   1.000000
   922.07550    0.985657   1.000000
   922.09317    0.976121   1.000000
   922.11100    1.059743   1.000000
   922.12883    0.995993   1.000000
   922.14667    1.004595   1.000000
   922.16450    0.995059   1.000000
   922.18217    1.041005   1.000000
   922.20000    1.095219   1.000000
   922.21783    0.960717   1.000000
   922.23567    1.050340   1.000000
   922.25333    1.004262   1.000000
   922.27117    1.032336   1.000000
   922.28900    1.050140   1.000000
   922.30683    1.089017   1.000000
   922.32467    1.002795   1.000000
   922.34233    1.043272   1.000000
   922.36017    0.969719   1.000000
   922.37800    0.987457   1.000000
   922.39583    0.947447   1.000000
   922.41350    1.032402   1.000000
   922.43133    1.002861   1.000000
   922.44917    1.007863   1.000000
   922.46700    1.061743   1.000000
   922.48483    1.022133   1.000000
   922.50250    0.954449   1.000000
   922.52033    1.069545   1.000000
   922.53817    1.038737   1.000000
   922.55600    1.014598   1.000000
   922.57367    1.038004   1.000000
   922.59150    0.964251   1.000000
   922.60933    0.987257   1.000000
   922.62717    1.018065   1.000000
   922.64500    1.049340   1.000000
   922.66267    1.145165   1.000000
   922.68050    0.988458   1.000000
   922.69833    0.984257   1.000000
   922.71617    0.983656   1.000000
   922.73383    0.986324   1.000000
   922.75167    0.996793   1.000000
   922.76950    0.933310   1.000000
   922.78733    0.932910   1.000000
   922.80517    1.018666   1.000000
   922.82283    1.027134   1.000000
   922.84067    0.918773   1.000000
   922.85850    1.050874   1.000000
   922.87633    1.066878   1.000000
   922.89400    1.068212   1.000000
   922.91183    1.162836   1.000000
   922.92967    1.027801   1.000000
   922.94750    0.977588   1.000000
   922.96533    0.981189   1.000000
   922.98300    1.123760   1.000000
   923.00083    1.030602   1.000000
   923.01867    1.047140   1.000000
   923.03650    1.012331   1.000000
   923.05417    0.965852   1.000000
   923.07200    1.083016   1.000000
   923.08983    0.977388   1.000000
   923.10767    0.981989   1.000000
   923.12550    1.031736   1.000000
   923.14317    0.992859   1.000000
   923.16100    1.036270   1.000000
   923.17883    0.994059   1.000000
   923.19667    1.012197   1.000000
   923.21433    0.955249   1.000000
   923.23217    1.102821   1.000000
   923.25000    1.023133   1.000000
   923.26783    1.058143   1.000000
   923.28567    1.051674   1.000000
   923.30333    0.991592   1.000000
   923.32117    1.060076   1.000000
   923.33900    1.065478   1.000000
   923.35683    1.051607   1.000000
   923.37450    0.999927   1.000000
   923.39233    0.916439   1.000000
   923.41017    0.955449   1.000000
   923.42800    1.034136   1.000000
   923.44583    1.010063   1.000000
   923.46350    1.034536   1.000000
   923.48133    0.972720   1.000000
   923.49917    0.922174   1.000000
   923.51700    0.998660   1.000000
   923.53467    0.982723   1.000000
   923.55250    1.061543   1.000000
   923.57033    0.941112   1.000000
   923.58817    0.983456   1.000000
   923.60600    0.982123   1.000000
   923.62367    0.995993   1.000000
   923.64150    1.016265   1.000000
   923.65933    0.951448   1.000000
   923.67717    0.941112   1.000000
   923.69483    0.964852   1.000000
   923.71267    0.992659   1.000000
   923.73050    0.983123   1.000000
   923.74833    0.996393   1.000000
   923.76617    0.966119   1.000000
   923.78383    1.001794   1.000000
   923.80167    0.930709   1.000000
   923.81950    0.994726   1.000000
   923.83733    1.020399   1.000000
   923.85500    0.949648   1.000000
   923.87283    1.013531   1.000000
   923.89067    0.965785   1.000000
   923.90850    0.965185   1.000000
   923.92633    1.004462   1.000000
   923.94400    0.933043   1.000000
   923.96183    1.008129   1.000000
   923.97967    0.985457   1.000000
   923.99750    1.031402   1.000000
   924.01533    0.985790   1.000000
   924.03300    1.001061   1.000000
   924.05083    1.073680   1.000000
   924.06867    1.026668   1.000000
   924.08650    1.022266   1.000000
   924.10417    0.960650   1.000000
   924.12200    0.970053   1.000000
   924.13983    0.969119   1.000000
   924.15767    0.934977   1.000000
   924.17550    0.924974   1.000000
   924.19317    1.069412   1.000000
   924.21100    1.070279   1.000000
   924.22883    1.034670   1.000000
   924.24667    1.138764   1.000000
   924.26433    1.021066   1.000000
   924.28217    1.003128   1.000000
   924.30000    0.995993   1.000000
   924.31783    1.004729   1.000000
   924.33567    1.043472   1.000000
   924.35333    1.003662   1.000000
   924.37117    0.967652   1.000000
   924.38900    1.006996   1.000000
   924.40683    0.932243   1.000000
   924.42450    0.964251   1.000000
   924.44233    1.015932   1.000000
   924.46017    1.008330   1.000000
   924.47800    1.072546   1.000000
   924.49583    1.020866   1.000000
   924.51350    0.985190   1.000000
   924.53133    0.950514   1.000000
   924.54917    0.981189   1.000000
   924.56700    1.017999   1.000000
   924.58467    1.032069   1.000000
   924.60250    0.909037   1.000000
   924.62033    1.000327   1.000000
   924.63817    0.943179   1.000000
   924.65600    1.041271   1.000000
   924.67367    1.003928   1.000000
   924.69150    0.865892   1.000000
   924.70933    0.928509   1.000000
   924.72717    0.960184   1.000000
   924.74483    0.889499   1.000000
   924.76267    1.004328   1.000000
   924.78050    0.955182   1.000000
   924.79833    0.977455   1.000000
   924.81617    0.994059   1.000000
   924.83383    0.957316   1.000000
   924.85167    0.904502   1.000000
   924.86950    0.990258   1.000000
   924.88733    0.966052   1.000000
   924.90500    0.846354   1.000000
   924.92283    1.018999   1.000000
   924.94067    1.010864   1.000000
   924.95850    0.910437   1.000000
   924.97633    0.874428   1.000000
   924.99400    1.002395   1.000000
   925.01183    1.022133   1.000000
   925.02967    1.032803   1.000000
   925.04750    1.116558   1.000000
   925.06517    1.052341   1.000000
   925.08300    1.014598   1.000000
   925.10083    1.006996   1.000000
   925.11867    0.992992   1.000000
   925.13650    1.038537   1.000000
   925.15417    1.066611   1.000000
   925.17200    1.012997   1.000000
   925.18983    1.149033   1.000000
   925.20767    1.083883   1.000000
   925.22533    0.960517   1.000000
   925.24317    1.015932   1.000000
   925.26100    1.010063   1.000000
   925.27883    0.994459   1.000000
   925.29667    0.972053   1.000000
   925.31433    0.989125   1.000000
   925.33217    1.018666   1.000000
   925.35000    0.992059   1.000000
   925.36783    1.069345   1.000000
   925.38550    1.001861   1.000000
   925.40333    0.970920   1.000000
   925.42117    1.035270   1.000000
   925.43900    1.024667   1.000000
   925.45683    0.988658   1.000000
   925.47450    1.000061   0.999998
   925.49233    0.958383   0.999994
   925.51017    0.975521   0.999986
   925.52800    0.974054   0.999973
   925.54567    0.934377   0.999955
   925.56350    0.954582   0.999928
   925.58133    0.989791   0.999893
   925.59917    1.001928   0.999847
   925.61700    1.005195   0.999790
   925.63467    1.006662   0.999719
   925.65250    0.932576   0.999633
   925.67033    0.981523   0.999531
   925.68817    0.976655   0.999411
   925.70583    1.061477   0.999272
   925.72367    1.000928   0.999111
   925.74150    0.937378   0.998927
   925.75933    0.965852   0.998718
   925.77717    1.014398   0.998484
   925.79483    1.012597   0.998224
   925.81267    0.985590   0.997933
   925.83050    0.939245   0.997611
   925.84833    1.023867   0.997257
   925.86600    1.010263   0.996872
   925.88383    0.954515   0.996448
   925.90167    0.982389   0.995988
   925.91950    0.891299   0.995488
   925.93733    0.941846   0.994949
   925.95500    0.941779   0.994373
   925.97283    0.908170   0.993749
   925.99067    0.943913   0.993081
   926.00850    0.957116   0.992367
   926.02617    0.991192   0.991612
   926.04400    0.955983   0.990802
   926.06183    1.056876   0.989941
   926.07967    1.059343   0.989029
   926.09750    0.910237   0.988064
   926.11517    1.043539   0.987054
   926.13300    0.878829   0.985980
   926.15083    0.994193   0.984849
   926.16867    0.955116   0.983660
   926.18633    0.947914   0.982424
   926.20417    0.977055   0.981116
   926.22200    0.917839   0.979747
   926.23983    0.980456   0.978316
   926.27533    0.898634   0.975277
   926.29317    0.918373   0.973654
   926.31100    0.900435   0.971964
   926.32883    0.906703   0.970208
   926.34650    1.018065   0.968402
   926.36433    0.905436   0.966511
   926.38217    0.796874   0.964552
   926.40000    0.991592   0.962522
   926.41783    1.001128   0.960423
   926.43550    0.992125   0.958274
   926.45333    1.013664   0.956034
   926.47117    0.926241   0.953723
   926.48900    0.951515   0.951340
   926.50667    0.980722   0.948909
   926.52450    0.956849   0.946383
   926.54233    0.898234   0.943786
   926.56017    0.990658   0.941117
   926.57800    0.998927   0.938376
   926.59567    0.984123   0.935590
   926.61350    0.977055   0.932707
   926.63133    0.938178   0.929753
   926.64917    0.877295   0.926729
   926.66683    0.932176   0.923664
   926.68467    0.953449   0.920502
   926.70250    0.949181   0.917271
   926.72033    0.948781   0.913973
   926.73817    0.933710   0.910609
   926.75583    0.861225   0.907212
   926.77367    0.959917   0.903720
   926.79150    0.996060   0.900166
   926.80933    0.946647   0.896552
   926.82700    0.886564   0.892915
   926.84483    0.964451   0.889187
   926.86267    0.934444   0.885404
   926.88050    0.951181   0.881568
   926.89833    0.896167   0.877678
   926.91600    0.810278   0.873775
   926.93383    0.850688   0.869784
   926.95167    0.887231   0.865744
   926.96950    0.823481   0.861655
   926.98717    0.847888   0.857557
   927.00500    0.849155   0.853373
   927.02283    0.824548   0.849144
   927.04067    0.893700   0.844869
   927.05850    0.879363   0.840549
   927.07617    0.826682   0.836227
   927.09400    0.817413   0.831821
   927.11183    0.889965   0.827373
   927.12967    0.822148   0.822883
   927.14733    0.809211   0.818394
   927.16517    0.839752   0.813823
   927.18300    0.766667   0.809213
   927.20083    0.796941   0.804563
   927.21867    0.824548   0.799876
   927.23633    0.822814   0.795195
   927.25417    0.786272   0.790433
   927.27200    0.811278   0.785634
   927.28983    0.726123   0.780800
   927.30750    0.771668   0.775976
   927.32533    0.810145   0.771073
   927.34317    0.757397   0.766135
   927.36100    0.743727   0.761164
   927.37883    0.697649   0.756160
   927.39650    0.725789   0.751172
   927.41433    0.733391   0.746104
   927.43217    0.728257   0.741006
   927.45000    0.745994   0.735877
   927.46767    0.799075   0.730767
   927.48550    0.779937   0.725579
   927.50333    0.722922   0.720362
   927.52117    0.669174   0.715117
   927.53900    0.643034   0.709844
   927.55667    0.730791   0.704594
   927.57450    0.655638   0.699268
   927.59233    0.680044   0.693916
   927.61017    0.681778   0.688538
   927.62783    0.737059   0.683186
   927.64567    0.653370   0.677759
   927.66350    0.680444   0.672308
   927.68133    0.666240   0.666834
   927.69917    0.713386   0.661337
   927.71683    0.642434   0.655869
   927.73467    0.663706   0.650328
   927.75250    0.676443   0.644766
   927.77033    0.612093   0.639183
   927.78750    0.628430   0.633789
   927.80533    0.630298   0.628167
   927.82317    0.614894   0.622526
   927.84083    0.606158   0.616919
   927.85867    0.574950   0.611241
   927.87650    0.643835   0.605546
   927.89433    0.616761   0.599834
   927.91217    0.585353   0.594105
   927.92983    0.584752   0.588414
   927.94767    0.527938   0.582654
   927.96550    0.533539   0.576878
   927.98333    0.566748   0.571089
   928.00100    0.549610   0.565340
   928.01883    0.583285   0.559524
   928.03667    0.525470   0.553695
   928.05450    0.544409   0.547853
   928.07233    0.511600   0.542000
   928.09000    0.536473   0.536191
   928.10783    0.547076   0.530317
   928.12567    0.540274   0.524432
   928.14350    0.537007   0.518538
   928.16117    0.516401   0.512691
   928.17900    0.476591   0.506779
   928.19683    0.451651   0.500861
   928.21467    0.530605   0.494935
   928.23250    0.461587   0.489002
   928.25017    0.481926   0.483119
   928.26800    0.495996   0.477175
   928.28583    0.449584   0.471226
   928.30367    0.488994   0.465273
   928.32133    0.507132   0.459372
   928.33917    0.466788   0.453412
   928.35700    0.371497   0.447450
   928.37483    0.442649   0.441486
   928.39267    0.406373   0.435521
   928.41033    0.403572   0.429611
   928.42817    0.434713   0.423645
   928.44600    0.424044   0.417680
   928.46383    0.409640   0.411717
   928.48150    0.384567   0.405812
   928.49933    0.370697   0.399853
   928.51717    0.402572   0.393898
   928.53500    0.375098   0.387947
   928.55283    0.356893   0.382001
   928.57050    0.335954   0.376117
   928.58833    0.333554   0.370183
   928.60617    0.349224   0.364256
   928.62400    0.342823   0.358336
   928.64167    0.340355   0.352481
   928.65950    0.346090   0.346580
   928.67733    0.302946   0.340689
   928.69517    0.286475   0.334809
   928.71300    0.316082   0.328941
   928.73067    0.322284   0.323141
   928.74850    0.293543   0.317299
   928.76633    0.301145   0.311472
   928.78417    0.268737   0.305660
   928.80183    0.295144   0.299919
   928.81967    0.277872   0.294140
   928.83750    0.284074   0.288380
   928.85533    0.279473   0.282640
   928.87317    0.258734   0.276920
   928.89083    0.232794   0.271275
   928.90867    0.225259   0.265599
   928.92650    0.207988   0.259947
   928.94433    0.217323   0.254319
   928.96200    0.232661   0.248771
   928.97983    0.201919   0.243197
   928.99767    0.211122   0.237653
   929.01550    0.184048   0.232139
   929.03333    0.201453   0.226657
   929.05100    0.187582   0.221259
   929.06883    0.191450   0.215845
   929.08667    0.193184   0.210468
   929.10450    0.179513   0.205130
   929.12217    0.156574   0.199882
   929.14000    0.168110   0.194627
   929.15783    0.159642   0.189416
   929.17567    0.158241   0.184254
   929.19350    0.136502   0.179141
   929.21117    0.145305   0.174129
   929.22900    0.148572   0.169125
   929.24683    0.137503   0.164179
   929.26467    0.138236   0.159295
   929.28250    0.128700   0.154473
   929.30017    0.131034   0.149761
   929.31800    0.119831   0.145072
   929.33583    0.113563   0.140451
   929.35367    0.109962   0.135901
   929.37133    0.120165   0.131466
   929.38917    0.101160   0.127062
   929.40700    0.102427   0.122734
   929.42483    0.104027   0.118483
   929.44267    0.098159   0.114310
   929.46033    0.081688   0.110254
   929.47817    0.101226   0.106241
   929.49600    0.093224   0.102308
   929.51383    0.085089   0.098459
   929.53150    0.077687   0.094728
   929.54933    0.081021   0.091045
   929.56717    0.069952   0.087448
   929.58500    0.063350   0.083937
   929.60283    0.065750   0.080512
   929.62050    0.056015   0.077205
   929.63833    0.053281   0.073955
   929.65617    0.060682   0.070792
   929.67400    0.060416   0.067719
   929.69167    0.053547   0.064763
   929.70950    0.052414   0.061869
   929.72733    0.049946   0.059065
   929.74517    0.047746   0.056354
   929.76300    0.043345   0.053734
   929.78067    0.043745   0.051232
   929.79850    0.038143   0.048800
   929.81633    0.037210   0.046465
   929.83417    0.031275   0.044229
   929.85183    0.041811   0.042116
   929.86967    0.036876   0.040090
   929.88750    0.034209   0.038174
   929.90533    0.032342   0.036373
   929.92317    0.027541   0.034689
   929.94083    0.030075   0.033138
   929.95867    0.031608   0.031694
   929.97650    0.032342   0.030373
   929.99433    0.026474   0.029178
   930.01200    0.030008   0.028120
   930.02983    0.023073   0.027181
   930.04767    0.024473   0.026371
   930.06550    0.027874   0.025693
   930.08333    0.023073   0.025148
   930.10100    0.027941   0.024741
   930.11883    0.028007   0.024463
   930.13667    0.025407   0.024321
   930.15450    0.026340   0.024314
   930.17217    0.024806   0.024441
   930.19000    0.029074   0.024706
   930.20783    0.027874   0.025107
   930.22567    0.026340   0.025645
   930.24350    0.028074   0.026319
   930.26117    0.025873   0.027120
   930.27900    0.034742   0.028064
   930.29683    0.034076   0.029142
   930.31467    0.034076   0.030353
   930.33233    0.032008   0.031684
   930.35017    0.030808   0.033158
   930.36800    0.039544   0.034762
   930.38583    0.036610   0.036495
   930.40367    0.035876   0.038355
   930.42133    0.039477   0.040322
   930.43917    0.033409   0.042431
   930.45700    0.044878   0.044662
   930.47483    0.045345   0.047014
   930.49250    0.046079   0.049461
   930.51033    0.046079   0.052045
   930.52817    0.046145   0.054744
   930.54600    0.056081   0.057553
   930.56383    0.048279   0.060471
   930.58150    0.058749   0.063467
   930.59933    0.059949   0.066594
   930.61717    0.064550   0.069825
   930.63500    0.063817   0.073158
   930.65267    0.072019   0.076560
   930.67050    0.081555   0.080092
   930.68833    0.087089   0.083724
   930.70617    0.077620   0.087453
   930.72400    0.082221   0.091279
   930.74167    0.091224   0.095164
   930.75950    0.082555   0.099180
   930.77733    0.088823   0.103291
   930.79517    0.092691   0.107494
   930.81283    0.103294   0.111748
   930.83067    0.101626   0.116132
   930.84850    0.114697   0.120606
   930.86633    0.125966   0.125168
   930.88417    0.117164   0.129816
   930.90183    0.109228   0.134504
   930.91967    0.125166   0.139319
   930.93750    0.125766   0.144215
   930.95533    0.140637   0.149191
   930.97300    0.123232   0.154197
   930.99083    0.152640   0.159326
   931.00867    0.132835   0.164527
   931.02650    0.131101   0.169800
   931.04433    0.164776   0.175142
   931.06200    0.161442   0.180499
   931.07983    0.171711   0.185970
   931.09767    0.160108   0.191502
   931.11550    0.178647   0.197092
   931.13317    0.191983   0.202683
   931.15100    0.192850   0.208379
   931.16883    0.204387   0.214123
   931.18667    0.199319   0.219910
   931.20450    0.207054   0.225738
   931.22217    0.223058   0.231546
   931.24000    0.240263   0.237442
   931.25783    0.226792   0.243367
   931.27567    0.243530   0.249320
   931.29333    0.229993   0.255243
   931.31117    0.219124   0.261244
   931.32900    0.217190   0.267268
   931.34683    0.207854   0.273311
   931.36467    0.253133   0.279373
   931.38233    0.268470   0.285395
   931.40017    0.265002   0.291489
   931.41800    0.269470   0.297597
   931.43583    0.274672   0.303719
   931.45350    0.289676   0.309794
   931.47133    0.292076   0.315938
   931.48917    0.288342   0.322090
   931.50700    0.310014   0.328252
   931.52483    0.292343   0.334420
   931.54250    0.377498   0.340537
   931.56033    0.324618   0.346717
   931.57817    0.330019   0.352901
   931.59600    0.357760   0.359089
   931.61367    0.327152   0.365221
   931.63150    0.326618   0.371413
   931.64933    0.367496   0.377606
   931.66717    0.332620   0.383799
   931.68500    0.343890   0.389992
   931.70267    0.364762   0.396125
   931.72050    0.390902   0.402313
   931.73833    0.422644   0.408499
   931.75617    0.352492   0.414681
   931.77383    0.428512   0.420801
   931.79167    0.395903   0.426973
   931.80950    0.379899   0.433140
   931.82733    0.448584   0.439301
   931.84517    0.401905   0.445454
   931.86283    0.406639   0.451542
   931.88067    0.480392   0.457680
   931.89850    0.479525   0.463808
   931.91633    0.390435   0.469927
   931.93400    0.489661   0.475979
   931.95183    0.484260   0.482077
   931.96967    0.522203   0.488164
   931.98750    0.466055   0.494238
   932.00533    0.514201   0.500300
   932.02300    0.534939   0.506293
   932.04083    0.473990   0.512328
   932.05867    0.516335   0.518350
   932.07650    0.512600   0.524356
   932.09417    0.548810   0.530292
   932.11200    0.502398   0.536267
   932.12983    0.569749   0.542227
   932.14767    0.551210   0.548169
   932.16550    0.487327   0.554094
   932.18317    0.549010   0.559946
   932.20100    0.531672   0.565835
   932.21883    0.544875   0.571705
   932.23667    0.561146   0.577556
   932.25433    0.534873   0.583332
   932.27217    0.575950   0.589142
   932.29000    0.539607   0.594932
   932.30783    0.591688   0.600700
   932.32567    0.568815   0.606446
   932.34333    0.618361   0.612117
   932.36117    0.608959   0.617818
   932.37900    0.641634   0.623495
   932.39683    0.571816   0.629149
   932.41450    0.627297   0.634727
   932.43233    0.714119   0.640331
   932.45017    0.709052   0.645912
   932.46800    0.645102   0.651466
   932.48583    0.669374   0.656994
   932.50350    0.686712   0.662444
   932.52133    0.576684   0.667918
   932.53917    0.737992   0.673364
   932.55700    0.667841   0.678783
   932.57467    0.669441   0.684123
   932.59250    0.642768   0.689484
   932.61033    0.732591   0.694817
   932.62817    0.673909   0.700118
   932.64600    0.679711   0.705390
   932.66367    0.691580   0.710582
   932.68150    0.613160   0.715792
   932.69933    0.631298   0.720969
   932.71717    0.659705   0.726115
   932.73483    0.690847   0.731180
   932.75267    0.720188   0.736260
   932.77050    0.756664   0.741306
   932.78833    0.734458   0.746318
   932.80617    0.814479   0.751295
   932.82383    0.824882   0.756192
   932.84167    0.878229   0.761099
   932.85950    0.844420   0.765970
   932.87733    0.883164   0.770804
   932.89500    0.767067   0.775557
   932.91283    0.781670   0.780317
   932.93067    0.792807   0.785039
   932.94850    0.764333   0.789724
   932.96633    0.761732   0.794368
   932.98400    0.764866   0.798931
   933.00183    0.746928   0.803497
   933.01967    0.748929   0.808022
   933.03750    0.813879   0.812506
   933.05517    0.824415   0.816908
   933.07300    0.881897   0.821309
   933.09083    0.847421   0.825668
   933.10867    0.785271   0.829984
   933.12650    0.920573   0.834256
   933.14417    0.823548   0.838445
   933.16200    0.847554   0.842629
   933.17983    0.791740   0.846768
   933.19767    0.884964   0.850861
   933.21533    0.800342   0.854870
   933.23317    0.919240   0.858871
   933.25100    0.893833   0.862824
   933.26883    0.856823   0.866730
   933.28667    0.973787   0.870587
   933.30433    0.883897   0.874359
   933.32217    0.870027   0.878117
   933.34000    0.938711   0.881825
   933.35783    0.881230   0.885482
   933.37550    0.924774   0.889054
   933.39333    0.922507   0.892608
   933.41117    0.933910   0.896108
   933.42900    0.930776   0.899555
   933.44683    0.980722   0.902947
   933.46450    0.874028   0.906253
   933.48233    0.885698   0.909534
   933.50017    0.897901   0.912759
   933.51800    0.908170   0.915925
   933.53567    0.947714   0.919004
   933.55350    0.981723   0.922052
   933.57133    0.944780   0.925040
   933.58917    0.918973   0.927965
   933.60700    0.922974   0.930827
   933.62467    0.869627   0.933600
   933.64250    0.913438   0.936334
   933.66033    0.974721   0.939004
   933.67817    1.016532   0.941609
   933.69583    1.005529   0.944125
   933.71367    0.888965   0.946599
   933.73150    0.920307   0.949008
   933.74933    0.941379   0.951351
   933.76717    0.984923   0.953628
   933.78483    0.950181   0.955819
   933.80267    1.035137   0.957966
   933.82050    0.950381   0.960047
   933.83833    1.031469   0.962064
   933.85600    0.947714   0.963998
   933.87383    0.978655   0.965887
   933.89167    0.983456   0.967713
   933.90950    0.918840   0.969475
   933.92733    0.887031   0.971175
   933.94500    0.923507   0.972799
   933.96283    0.982990   0.974377
   933.98067    1.077214   0.975895
   933.99850    1.001661   0.977354
   934.01633    1.004595   0.978755
   934.03400    1.022200   0.980085
   934.05183    1.040338   0.981372
   934.06967    1.051141   0.982603
   934.08750    1.040205   0.983779
   934.10517    0.981923   0.984891
   934.12300    0.938845   0.985962
   934.14083    0.933443   0.986981
   934.15867    0.941712   0.987949
   934.17650    0.936577   0.988868
   934.19417    0.917306   0.989730
   934.21200    0.959050   0.990555
   934.22983    0.970986   0.991333
   934.24767    1.031669   0.992067
   934.26533    0.984657   0.992751
   934.28317    1.032469   0.993400
   934.30100    1.050541   0.994009
   934.31883    0.918106   0.994578
   934.33667    1.018199   0.995109
   934.35433    1.036003   0.995599
   934.37217    0.966319   0.996058
   934.39000    1.006129   0.996483
   934.40783    0.999127   0.996876
   934.42550    1.062077   0.997234
   934.44333    1.006996   0.997566
   934.46117    1.012864   0.997869
   934.47900    0.870694   0.998145
   934.49683    0.932843   0.998395
   934.51450    1.030202   0.998619
   934.53233    0.942646   0.998821
   934.55017    0.962984   0.999002
   934.56800    0.901768   0.999163
   934.58567    0.991458   0.999303
   934.60350    0.927175   0.999427
   934.62133    0.903369   0.999535
   934.63917    0.978455   0.999628
   934.65700    0.991058   0.999706
   934.67467    1.000327   0.999772
   934.69250    1.116758   0.999827
   934.71033    1.097086   0.999872
   934.72817    1.022200   0.999908
   934.74583    0.987791   0.999936
   934.76367    1.076881   0.999957
   934.78150    0.980922   0.999973
   934.79933    0.903436   0.999984
   934.81717    0.981589   0.999992
   934.83483    1.086817   0.999996
   934.85267    1.066411   0.999998
   934.87050    0.935511   1.000000
   934.88833    1.084549   1.000000
   934.90600    0.987124   1.000000
   934.92383    1.168305   1.000000
   934.94167    0.965385   1.000000
   934.95950    1.043539   1.000000
   934.97733    0.986791   1.000000
   934.99500    1.039404   1.000000
   935.01283    1.076547   1.000000
   935.03067    0.955649   1.000000
   935.04850    1.074213   1.000000
   935.06617    0.981056   1.000000
   935.08400    1.028802   1.000000
   935.10183    1.001061   1.000000
   935.11967    1.017532   1.000000
   935.13750    1.040671   1.000000
   935.15517    0.981256   1.000000
   935.17300    0.945780   1.000000
   935.19083    1.075347   1.000000
   935.20867    0.934844   1.000000
   935.22633    1.026401   1.000000
   935.24417    0.948314   1.000000
   935.26200    1.023333   1.000000
   935.27983    1.132095   1.000000
   935.29767    1.053675   1.000000
   935.31533    0.942979   1.000000
   935.33317    0.981322   1.000000
   935.35100    0.984590   1.000000
   935.36883    1.018932   1.000000
   935.38650    1.035337   1.000000
   935.38333    0.895300   1.000000
   935.42217    0.967586   1.000000
   935.44000    0.946914   1.000000
   935.45783    0.985857   1.000000
   935.47550    0.924774   1.000000
   935.49333    1.006462   1.000000
   935.51117    0.978788   1.000000
   935.52900    1.023800   1.000000
   935.54667    0.997193   1.000000
   935.56450    1.117358   1.000000
   935.58233    0.982856   1.000000
   935.60017    1.017065   1.000000
   935.61800    0.898834   1.000000
   935.63567    0.983723   1.000000
   935.65350    0.903436   1.000000
   935.67133    1.040671   1.000000
   935.68917    0.994059   1.000000
   935.70683    0.931576   1.000000
   935.72467    1.030735   1.000000
   935.74250    0.908970   1.000000
   935.76033    0.980922   1.000000
   935.77817    1.016398   1.000000
   935.79583    1.022133   1.000000
   935.81367    0.954315   1.000000
   935.83150    1.019399   1.000000
   935.84933    0.944046   1.000000
   935.86700    0.983790   1.000000
   935.88483    0.951515   1.000000
   935.90267    0.889232   1.000000
   935.92050    0.985657   1.000000
   935.93833    0.992259   1.000000
   935.95600    0.936444   1.000000
   935.97383    0.924641   1.000000
   935.99167    1.018599   1.000000
   936.00950    0.973254   1.000000
   936.02717    0.977255   1.000000
   936.04500    0.985990   1.000000
   936.06283    1.033203   1.000000
   936.08067    0.988058   1.000000
   936.09850    0.963785   1.000000
   936.11617    0.918039   1.000000
   936.13400    1.012264   1.000000
   936.15183    0.980989   1.000000
   936.16967    0.954115   1.000000
   936.18733    1.024934   1.000000
   936.20517    0.983390   1.000000
   936.22300    0.992059   1.000000
   936.24083    1.058009   1.000000
   936.25867    0.949981   1.000000
   936.27633    0.980322   1.000000
   936.29417    1.025867   1.000000
   936.31200    0.993126   1.000000
   936.32983    0.924041   1.000000
   936.34750    0.985123   1.000000
   936.36533    1.068479   1.000000
   936.38317    1.031736   1.000000
   936.40100    1.047673   1.000000
   936.41883    1.042805   1.000000
   936.43650    0.977988   1.000000
   936.45433    1.004795   1.000000
   936.47217    1.041872   1.000000
   936.49000    1.028135   1.000000
   936.50767    1.063210   1.000000
   936.52550    1.022733   1.000000
   936.54333    0.985724   1.000000
   936.56117    1.064011   1.000000
   936.57900    1.048207   1.000000
   936.59667    1.046473   1.000000
   936.61450    1.022933   1.000000
   936.63233    1.021400   1.000000
   936.65017    0.963118   1.000000
   936.66783    0.991325   1.000000
   936.68567    0.963651   1.000000
   936.70350    0.995126   1.000000
   936.72133    1.015798   1.000000
   936.73917    0.934043   1.000000
   936.75683    1.017265   1.000000
   936.77467    0.962584   1.000000
   936.79250    0.937978   1.000000
   936.81033    0.936911   1.000000
   936.82800    0.926575   1.000000
   936.84583    0.885498   1.000000
   936.86367    0.989658   1.000000
   936.88150    0.926508   1.000000
   936.89933    1.009863   1.000000
   936.91700    1.008530   1.000000
   936.93483    0.953715   1.000000
   936.95267    0.944646   1.000000
   936.97050    1.075347   1.000000
   936.98817    1.070612   1.000000
   937.00600    1.093885   1.000000
   937.02383    1.045206   1.000000
   937.04167    1.052941   1.000000
   937.05950    1.014598   1.000000
   937.07717    1.026001   1.000000
   937.09500    0.931643   1.000000
   937.11283    0.959250   1.000000
   937.13067    0.950248   1.000000
   937.14833    0.985524   1.000000
   937.16617    0.985190   1.000000
   937.18400    0.970453   1.000000
   937.20183    0.990992   1.000000
   937.21967    0.931776   1.000000
   937.23733    0.998194   1.000000
   937.25517    1.068745   1.000000
   937.27300    0.990125   1.000000
   937.29083    0.985657   1.000000
   937.30850    0.976655   1.000000
   937.32633    0.922841   1.000000
   937.34417    0.954649   1.000000
   937.36200    1.024734   1.000000
   937.37983    1.063544   1.000000
   937.39750    1.026401   1.000000
   937.41533    1.039138   1.000000
   937.43317    1.071479   1.000000
   937.45100    1.081682   1.000000
   937.46867    0.979922   1.000000
   937.48650    1.101020   1.000000
   937.50433    1.002995   1.000000
   937.52217    1.042472   1.000000
   937.54000    1.092685   1.000000
   937.55767    1.051674   1.000000
   937.57550    0.998460   1.000000
   937.59333    1.046006   1.000000
   937.61117    0.965385   1.000000
   937.62883    1.071813   1.000000
   937.64667    0.936444   1.000000
   937.66450    1.016132   1.000000
   937.68233    0.994193   1.000000
   937.70017    0.980989   1.000000
   937.71783    0.973454   1.000000
   937.73567    0.989991   1.000000
   937.75350    0.980856   1.000000
   937.77133    0.856690   1.000000
   937.78900    1.020733   1.000000
   937.80683    0.985657   1.000000
   937.82467    1.077481   1.000000
   937.84250    0.992725   1.000000
   937.86033    0.963518   1.000000
   937.87800    1.038804   1.000000
   937.89583    1.148900   1.000000
   937.91367    1.155034   1.000000
   937.93150    1.016865   1.000000
   937.94917    0.957916   1.000000
   937.96700    1.065478   1.000000
   937.98483    1.002461   1.000000
   938.00267    1.024600   1.000000
   938.02050    1.035003   1.000000
   938.03817    1.029268   1.000000
   938.05600    0.985257   1.000000
   938.07383    1.004062   1.000000
   938.09167    0.964718   1.000000
   938.10933    0.981589   1.000000
   938.12717    1.038471   1.000000
   938.14500    1.073146   1.000000
   938.16283    0.971920   1.000000
   938.18067    0.933310   1.000000
   938.19833    0.953982   1.000000
   938.21617    0.974387   1.000000
   938.23400    0.931043   1.000000
   938.25183    1.030402   1.000000
   938.26950    1.029802   1.000000
   938.28733    1.082749   1.000000
   938.30517    0.998927   1.000000
   938.32300    1.054542   1.000000
   938.34083    1.019332   1.000000
   938.35850    1.145365   1.000000
   938.37633    1.002528   1.000000
   938.39417    1.018065   1.000000
   938.41200    0.977922   1.000000
   938.42967    0.996326   1.000000
   938.44750    0.889499   1.000000
   938.46533    0.932710   1.000000
   938.48317    1.059276   1.000000
   938.50100    1.005729   1.000000
   938.51867    1.018532   1.000000
   938.53650    0.995660   1.000000
   938.55433    0.958517   1.000000
   938.57217    1.066545   1.000000
   938.58983    0.989791   1.000000
   938.60767    1.055475   1.000000
   938.62550    1.005996   1.000000
   938.64333    0.976588   1.000000
   938.66117    1.035070   1.000000
   938.67883    1.067812   1.000000
   938.69667    1.074613   1.000000
   938.71450    0.957450   1.000000
   938.73233    0.971720   1.000000
   938.75000    0.996126   1.000000
   938.76783    0.967852   1.000000
   938.78567    1.046139   1.000000
   938.80350    1.041205   1.000000
   938.82133    0.973854   1.000000
   938.83900    0.988924   1.000000
   938.85683    0.940779   1.000000
   938.87467    1.093285   1.000000
   938.89250    0.984990   1.000000
   938.91017    1.068745   1.000000
   938.92800    0.937578   1.000000
   938.94583    0.993992   1.000000
   938.96367    1.006996   1.000000
   938.98150    1.017865   1.000000
   938.99917    1.033269   1.000000
   939.01700    0.956649   1.000000
   939.03483    0.932977   1.000000
   939.05267    1.043405   1.000000
   939.07050    1.030602   1.000000
   939.08817    0.949981   1.000000
   939.10600    1.080015   1.000000
   939.12383    1.008463   1.000000
   939.14167    1.051274   1.000000
   939.15933    1.009663   1.000000
   939.17717    1.036203   1.000000
   939.19500    0.944513   1.000000
   939.21283    0.999461   1.000000
   939.23067    0.993192   1.000000
   939.24833    1.008263   1.000000
   939.26617    1.035737   1.000000
   939.28400    0.935977   1.000000
   939.30183    1.013398   1.000000
   939.31950    0.950248   1.000000
   939.33733    0.923574   1.000000
   939.35517    0.993792   1.000000
   939.37300    1.098620   1.000000
   939.39083    1.030002   1.000000
   939.40850    0.891032   1.000000
   939.42633    0.926908   1.000000
   939.44417    0.939512   1.000000
   939.46200    0.958917   1.000000
   939.47967    0.998527   1.000000
   939.49750    0.996660   1.000000
   939.51533    0.970986   1.000000
   939.53317    0.989858   1.000000
   939.55100    1.022400   1.000000
   939.56867    1.050674   1.000000
   939.58650    0.964918   1.000000
   939.60433    0.910837   1.000000
   939.62217    0.970520   1.000000
   939.63983    0.993992   1.000000
   939.65767    0.981989   1.000000
   939.67550    1.031536   1.000000
   939.69333    0.943579   1.000000
   939.71117    0.974454   1.000000
   939.72883    1.050407   1.000000
   939.74667    0.992192   1.000000
   939.76450    1.134429   1.000000
   939.78233    1.029935   1.000000
   939.80000    0.994459   1.000000
   939.81783    1.054675   1.000000
   939.83567    1.093552   1.000000
   939.85350    0.985324   1.000000
   939.87133    0.936044   1.000000
   939.88900    0.962051   1.000000
   939.90683    0.971253   1.000000
   939.92467    0.954249   1.000000
   939.94250    0.995993   1.000000
   939.96017    0.999327   1.000000
   939.97800    1.032669   1.000000
   939.99583    1.065211   1.000000
   940.01367    1.027801   1.000000
   940.03150    0.969053   1.000000
