  1181.74185    1.067725   1.000000
  1181.75560    0.948985   1.000000
  1181.76935    0.912136   1.000000
  1181.78310    0.910457   1.000000
  1181.79677    1.024376   1.000000
  1181.81102    0.931665   1.000000
  1181.82468    1.030053   1.000000
  1181.83852    0.960416   1.000000
  1181.85218    1.004754   1.000000
  1181.86585    0.978272   1.000000
  1181.87968    1.064779   1.000000
  1181.89335    1.097639   1.000000
  1181.90718    0.942887   1.000000
  1181.92085    0.942019   1.000000
  1181.93452    1.082579   1.000000
  1181.94835    0.940285   1.000000
  1181.96202    1.029105   1.000000
  1181.97568    0.839575   1.000000
  1181.98952    0.945496   1.000000
  1182.00318    0.902110   1.000000
  1182.01702    0.987324   1.000000
  1182.03068    0.968411   1.000000
  1182.04435    0.886461   1.000000
  1182.05860    1.113934   1.000000
  1182.07235    1.000137   1.000000
  1182.08610    0.952488   1.000000
  1182.09977    0.929094   1.000000
  1182.11352    1.064779   1.000000
  1182.12768    0.950735   1.000000
  1182.14152    1.017793   1.000000
  1182.15518    1.077605   1.000000
  1182.16885    1.065760   1.000000
  1182.18268    1.026265   1.000000
  1182.19637    0.932523   1.000000
  1182.21020    0.990968   1.000000
  1182.22387    0.915503   1.000000
  1182.23753    0.945496   1.000000
  1182.25137    1.233842   1.000000
  1182.26503    1.060864   1.000000
  1182.27887    0.984599   1.000000
  1182.29253    1.108816   1.000000
  1182.30670    0.949860   1.000000
  1182.32045    0.884829   1.000000
  1182.33420    1.075622   1.000000
  1182.34787    1.022491   1.000000
  1182.36162    1.014985   1.000000
  1182.37587    1.056962   1.000000
  1182.38953    1.094610   1.000000
  1182.40337    0.956004   1.000000
  1182.41703    1.105757   1.000000
  1182.43070    0.984599   1.000000
  1182.44453    0.972881   1.000000
  1182.45820    1.086575   1.000000
  1182.47187    1.042460   1.000000
  1182.48570    0.951611   1.000000
  1182.49937    1.012184   1.000000
  1182.51320    0.859131   1.000000
  1182.52687    0.843450   1.000000
  1182.54053    1.053076   1.000000
  1182.55437    1.083576   1.000000
  1182.56803    0.948112   1.000000
  1182.58228    1.010321   1.000000
  1182.59595    0.997377   1.000000
  1182.60970    1.048237   1.000000
  1182.62345    1.051138   1.000000
  1182.63720    1.006606   1.000000
  1182.65137    0.937691   1.000000
  1182.66503    1.022491   1.000000
  1182.67887    0.956885   1.000000
  1182.69253    0.970196   1.000000
  1182.70637    1.022491   1.000000
  1182.72003    1.006606   1.000000
  1182.73370    0.997377   1.000000
  1182.74753    0.893840   1.000000
  1182.76120    1.001059   1.000000
  1182.77487    1.005679   1.000000
  1182.78870    0.981883   1.000000
  1182.80237    0.905440   1.000000
  1182.81620    1.091590   1.000000
  1182.82987    1.032903   1.000000
  1182.84353    0.962187   1.000000
  1182.85737    1.090585   1.000000
  1182.87153    0.910457   1.000000
  1182.88528    0.980076   1.000000
  1182.89937    0.908782   1.000000
  1182.91320    0.928238   1.000000
  1182.92687    0.890553   1.000000
  1182.94072    0.930807   1.000000
  1182.95438    0.882388   1.000000
  1182.96805    0.952488   1.000000
  1182.98188    1.035761   1.000000
  1182.99555    0.980979   1.000000
  1183.00938    0.990968   1.000000
  1183.02305    0.945496   1.000000
  1183.03672    1.147254   1.000000
  1183.05055    0.973777   1.000000
  1183.06472    0.897965   1.000000
  1183.07847    0.963961   1.000000
  1183.09255    1.124241   1.000000
  1183.10638    0.905440   1.000000
  1183.12005    0.978272   1.000000
  1183.13388    0.982787   1.000000
  1183.14755    1.086575   1.000000
  1183.16122    0.802527   1.000000
  1183.17505    0.999216   1.000000
  1183.18872    0.931665   1.000000
  1183.20247    1.081582   1.000000
  1183.21622    1.038627   1.000000
  1183.22988    1.090585   1.000000
  1183.24372    0.977371   1.000000
  1183.25788    1.084575   1.000000
  1183.27155    0.992795   1.000000
  1183.28572    0.954244   1.000000
  1183.29955    0.955124   1.000000
  1183.31322    0.878334   1.000000
  1183.32697    1.027211   1.000000
  1183.34072    1.014985   1.000000
  1183.35438    1.178310   1.000000
  1183.36822    1.130471   1.000000
  1183.38188    1.057936   1.000000
  1183.39555    0.930807   1.000000
  1183.40938    0.969303   1.000000
  1183.42355    0.839575   1.000000
  1183.43772    1.018731   1.000000
  1183.45138    1.040542   1.000000
  1183.46563    0.878334   1.000000
  1183.47938    0.960416   1.000000
  1183.49313    1.121139   1.000000
  1183.50688    1.041501   1.000000
  1183.52105    1.071666   1.000000
  1183.53472    0.879953   1.000000
  1183.54855    1.079592   1.000000
  1183.56222    0.982787   1.000000
  1183.57588    1.015920   1.000000
  1183.58972    1.035761   1.000000
  1183.60338    1.062820   1.000000
  1183.61722    1.063799   1.000000
  1183.63088    0.956885   1.000000
  1183.64505    0.907109   1.000000
  1183.65880    1.131513   1.000000
  1183.67257    1.156803   1.000000
  1183.68673    0.907945   1.000000
  1183.70040    0.987324   1.000000
  1183.71423    0.973777   1.000000
  1183.72790    0.892195   1.000000
  1183.74173    0.879143   1.000000
  1183.75540    1.122172   1.000000
  1183.76907    0.981883   1.000000
  1183.78290    0.991881   1.000000
  1183.79707    1.028157   1.000000
  1183.81082    0.923123   1.000000
  1183.82490    1.219157   1.000000
  1183.83873    1.011252   1.000000
  1183.85240    1.009391   1.000000
  1183.86623    0.923974   1.000000
  1183.87990    0.918882   1.000000
  1183.89357    1.106776   1.000000
  1183.90740    0.985507   1.000000
  1183.92107    0.973777   1.000000
  1183.93490    0.831112   1.000000
  1183.94857    1.055989   1.000000
  1183.96273    1.086575   1.000000
  1183.97648    1.042460   1.000000
  1183.99073    1.102706   1.000000
  1184.00440    0.922273   1.000000
  1184.01990    1.041501   1.000000
  1184.03373    0.972881   1.000000
  1184.04740    0.956004   1.000000
  1184.06123    0.818200   1.000000
  1184.07573    0.882388   1.000000
  1184.08998    0.957766   1.000000
  1184.10373    1.086575   1.000000
  1184.11790    1.091590   1.000000
  1184.13157    1.121139   1.000000
  1184.14540    1.134644   1.000000
  1184.15907    0.956885   1.000000
  1184.17290    1.036715   1.000000
  1184.18657    0.935965   1.000000
  1184.20307    0.982787   1.000000
  1184.21673    1.066742   1.000000
  1184.23057    0.957766   1.000000
  1184.24423    0.979173   1.000000
  1184.25790    0.869480   1.000000
  1184.27173    0.929094   1.000000
  1184.28540    0.981883   1.000000
  1184.29965    1.001981   1.000000
  1184.31373    0.895488   1.000000
  1184.32757    1.098651   1.000000
  1184.34123    0.895488   1.000000
  1184.35507    0.919728   1.000000
  1184.36873    1.045345   1.000000
  1184.38240    1.021550   1.000000
  1184.39623    0.891373   1.000000
  1184.40992    1.108816   1.000000
  1184.42417    0.999216   1.000000
  1184.43825    1.031002   1.000000
  1184.45208    0.923974   1.000000
  1184.46575    0.941152   1.000000
  1184.47958    0.925677   1.000000
  1184.49325    1.118046   1.000000
  1184.50692    0.992795   1.000000
  1184.52075    1.372965   1.000000
  1184.53442    1.158936   1.000000
  1184.54867    1.030053   1.000000
  1184.56275    1.046308   1.000000
  1184.57658    1.096629   1.000000
  1184.59025    1.107795   1.000000
  1184.60408    0.988233   1.000000
  1184.61775    0.956885   1.000000
  1184.63142    0.918036   1.000000
  1184.64525    0.971985   1.000000
  1184.65892    0.896313   1.000000
  1184.67317    1.064779   1.000000
  1184.68725    1.021550   1.000000
  1184.70108    1.002904   1.000000
  1184.71475    0.904606   1.000000
  1184.72858    0.990968   1.000000
  1184.74225    1.061841   1.000000
  1184.75592    1.043421   1.000000
  1184.76975    1.003829   1.000000
  1184.78392    0.848906   1.000000
  1184.79808    1.103722   1.000000
  1184.81175    0.971090   1.000000
  1184.82558    1.090585   1.000000
  1184.83925    1.002904   1.000000
  1184.85308    0.991881   1.000000
  1184.86675    0.948985   1.000000
  1184.88042    0.978272   1.000000
  1184.89467    1.042460   1.000000
  1184.90842    1.091590   1.000000
  1184.92258    1.043421   1.000000
  1184.93625    0.987324   1.000000
  1184.95008    0.958649   1.000000
  1184.96375    1.089581   1.000000
  1184.97758    1.037671   1.000000
  1184.99125    0.970196   1.000000
  1185.00542    1.098651   1.000000
  1185.01917    0.963074   1.000000
  1185.03342    0.969303   1.000000
  1185.04708    1.030053   1.000000
  1185.06075    0.971985   1.000000
  1185.07458    1.064779   1.000000
  1185.08825    0.868679   1.000000
  1185.10208    1.014050   1.000000
  1185.11617    1.040542   1.000000
  1185.12992    1.020609   1.000000
  1185.14408    0.964849   1.000000
  1185.15793    0.978272   1.000000
  1185.17160    0.980076   1.000000
  1185.18527    0.966628   1.000000
  1185.19910    1.014050   1.000000
  1185.21277    1.113934   1.000000
  1185.22702    0.999216   1.000000
  1185.24110    1.008462   1.000000
  1185.25493    0.990056   1.000000
  1185.26860    0.888095   1.000000
  1185.28243    0.996459   1.000000
  1185.29610    1.019670   1.000000
  1185.30977    1.033855   1.000000
  1185.32360    0.936827   1.000000
  1185.33777    1.002904   1.000000
  1185.35193    0.939419   1.000000
  1185.36560    0.979173   1.000000
  1185.37943    0.996459   1.000000
  1185.39310    1.020609   1.000000
  1185.40693    1.008462   1.000000
  1185.42060    1.090585   1.000000
  1185.43477    0.942887   1.000000
  1185.44893    1.133599   1.000000
  1185.46277    0.863097   1.000000
  1185.47643    0.960416   1.000000
  1185.49010    0.995542   1.000000
  1185.50393    0.987324   1.000000
  1185.51760    1.070680   1.000000
  1185.53185    0.967519   1.000000
  1185.54593    1.026265   1.000000
  1185.55977    0.957766   1.000000
  1185.57343    0.955124   1.000000
  1185.58727    1.231571   1.000000
  1185.60093    1.063799   1.000000
  1185.61510    1.025320   1.000000
  1185.62927    1.008462   1.000000
  1185.64310    0.939419   1.000000
  1185.65677    0.888095   1.000000
  1185.67043    1.044382   1.000000
  1185.68427    0.979173   1.000000
  1185.69793    1.068709   1.000000
  1185.71218    1.031952   1.000000
  1185.72585    0.996459   1.000000
  1185.74010    0.966628   1.000000
  1185.75377    0.935103   1.000000
  1185.76760    0.905440   1.000000
  1185.78127    0.999216   1.000000
  1185.79493    1.055017   1.000000
  1185.80960    0.992795   1.000000
  1185.82343    0.922273   1.000000
  1185.83710    1.128391   1.000000
  1185.85077    1.013117   1.000000
  1185.86460    0.929950   1.000000
  1185.87877    0.905440   1.000000
  1185.89295    1.036715   1.000000
  1185.90670    0.863097   1.000000
  1185.92045    1.023433   1.000000
  1185.93412    0.919728   1.000000
  1185.94837    0.989144   1.000000
  1185.96262    1.010321   1.000000
  1185.97628    1.060864   1.000000
  1185.98995    0.980076   1.000000
  1186.00378    0.948112   1.000000
  1186.01795    0.911296   1.000000
  1186.03162    0.940285   1.000000
  1186.04578    0.981883   1.000000
  1186.05962    0.956885   1.000000
  1186.07328    0.858340   1.000000
  1186.08712    0.965739   1.000000
  1186.10078    0.936827   1.000000
  1186.11495    1.027211   1.000000
  1186.12912    1.021550   1.000000
  1186.14295    0.977371   1.000000
  1186.15662    0.913818   1.000000
  1186.17028    0.924825   1.000000
  1186.18412    0.867880   1.000000
  1186.19828    0.822734   1.000000
  1186.21245    0.863892   1.000000
  1186.22612    0.863097   1.000000
  1186.23995    1.002904   1.000000
  1186.25362    1.032903   1.000000
  1186.26745    0.847344   1.000000
  1186.28153    0.967519   1.000000
  1186.29578    0.952488   1.000000
  1186.30945    1.206867   1.000000
  1186.32328    1.100676   1.000000
  1186.33695    1.123206   1.000000
  1186.35112    1.010321   1.000000
  1186.36528    0.928238   1.000000
  1186.37912    1.014050   1.000000
  1186.39278    0.909619   1.000000
  1186.40645    0.000000   1.000000
  1186.42028    0.923123   1.000000
  1186.43578    0.876717   1.000000
  1186.44962    1.095619   1.000000
  1186.46328    0.855184   1.000000
  1186.47795    1.011252   1.000000
  1186.49162    1.038627   1.000000
  1186.50545    1.089581   1.000000
  1186.51912    1.022491   1.000000
  1186.53328    1.031952   1.000000
  1186.54745    1.041501   1.000000
  1186.56128    0.859923   1.000000
  1186.57495    0.923974   1.000000
  1186.58862    0.941152   1.000000
  1186.60287    0.845784   1.000000
  1186.61712    0.972881   1.000000
  1186.63080    0.914660   1.000000
  1186.64447    1.085574   1.000000
  1186.65830    1.103722   1.000000
  1186.67197    1.014985   1.000000
  1186.68622    0.928238   1.000000
  1186.70047    0.947239   1.000000
  1186.71413    0.906274   1.000000
  1186.72780    1.038627   1.000000
  1186.74163    1.068709   1.000000
  1186.75580    1.053076   1.000000
  1186.76997    1.016856   1.000000
  1186.78363    1.147254   1.000000
  1186.79747    1.140931   1.000000
  1186.81113    0.992795   1.000000
  1186.82538    0.914660   1.000000
  1186.83947    1.014985   1.000000
  1186.85330    1.063799   1.000000
  1186.86697    0.961301   1.000000
  1186.88080    0.991881   1.000000
  1186.89488    1.004754   1.000000
  1186.90913    1.058911   1.000000
  1186.92280    1.123206   1.000000
  1186.93663    1.130471   1.000000
  1186.95122    0.987324   1.000000
  1186.96497    1.147254   1.000000
  1186.97863    0.938555   1.000000
  1186.99247    1.024376   1.000000
  1187.00713    0.824251   1.000000
  1187.02080    1.012184   1.000000
  1187.03447    0.888095   1.000000
  1187.04830    0.929950   1.000000
  1187.06247    0.942019   1.000000
  1187.07663    0.958649   1.000000
  1187.09030    0.980979   1.000000
  1187.10413    1.074631   1.000000
  1187.11780    0.893017   1.000000
  1187.13247    0.967519   1.000000
  1187.14613    1.019670   1.000000
  1187.15997    0.935103   1.000000
  1187.17363    0.949860   1.000000
  1187.18788    0.853610   1.000000
  1187.20197    0.946367   1.000000
  1187.21580    0.933382   1.000000
  1187.22947    1.034807   1.000000
  1187.24330    1.073642   1.000000
  1187.25747    0.886461   1.000000
  1187.27163    0.989144   1.000000
  1187.28530    0.977371   1.000000
  1187.29913    1.128391   1.000000
  1187.31330    0.942019   1.000000
  1187.32747    0.942019   1.000000
  1187.34113    1.031002   1.000000
  1187.35497    1.035761   1.000000
  1187.36863    1.003829   1.000000
  1187.38332    1.012184   1.000000
  1187.39698    0.942887   1.000000
  1187.41082    1.093603   1.000000
  1187.42448    1.019670   1.000000
  1187.43873    0.916346   1.000000
  1187.45282    0.953366   1.000000
  1187.46665    1.126314   1.000000
  1187.48032    1.045345   1.000000
  1187.49415    0.999216   1.000000
  1187.50823    0.937691   1.000000
  1187.52248    1.001059   1.000000
  1187.53615    0.883201   1.000000
  1187.54998    1.003829   1.000000
  1187.56365    1.169660   1.000000
  1187.57782    0.977371   1.000000
  1187.59198    1.041501   1.000000
  1187.60582    0.972881   1.000000
  1187.61948    1.017793   1.000000
  1187.63315    0.937691   1.000000
  1187.64782    0.953366   1.000000
  1187.66165    0.935103   1.000000
  1187.67532    0.871083   1.000000
  1187.68898    0.925677   1.000000
  1187.70282    1.047272   1.000000
  1187.71748    1.088578   1.000000
  1187.73115    1.171816   1.000000
  1187.74498    0.962187   1.000000
  1187.75865    1.147254   1.000000
  1187.77282    0.944625   1.000000
  1187.78698    0.982787   1.000000
  1187.80082    0.914660   1.000000
  1187.81448    1.127352   1.000000
  1187.82815    1.058911   1.000000
  1187.84240    0.917191   1.000000
  1187.85665    0.967519   1.000000
  1187.87032    0.897965   1.000000
  1187.88582    1.044382   1.000000
  1187.89965    0.965739   1.000000
  1187.91332    1.055017   1.000000
  1187.92715    1.099663   1.000000
  1187.94165    0.971985   1.000000
  1187.95590    1.042460   1.000000
  1187.97015    1.122172   1.000000
  1187.98382    0.924825   1.000000
  1187.99748    1.064779   1.000000
  1188.01173    1.023433   1.000000
  1188.02598    0.929950   1.000000
  1188.03965    1.007534   1.000000
  1188.05348    1.040542   1.000000
  1188.06757    1.065760   1.000000
  1188.08182    1.028157   1.000000
  1188.09548    1.079592   1.000000
  1188.10932    1.076613   1.000000
  1188.12300    1.065760   1.000000
  1188.13717    1.071666   1.000000
  1188.15133    1.017793   1.000000
  1188.16517    1.113934   1.000000
  1188.17883    0.871083   1.000000
  1188.19250    1.043421   1.000000
  1188.20717    1.058911   1.000000
  1188.22100    1.028157   1.000000
  1188.23467    0.927384   1.000000
  1188.24833    0.998297   1.000000
  1188.26258    0.952488   1.000000
  1188.27683    0.909619   1.000000
  1188.29050    0.909619   1.000000
  1188.30417    0.980076   1.000000
  1188.31842    0.988233   1.000000
  1188.33267    1.125277   1.000000
  1188.34633    1.100676   1.000000
  1188.36017    1.040542   1.000000
  1188.37425    0.955124   1.000000
  1188.38850    1.041501   1.000000
  1188.40317    0.962187   1.000000
  1188.41683    0.964849   1.000000
  1188.43050    1.109838   1.000000
  1188.44517    0.925677   1.000000
  1188.45900    0.988233   1.000000
  1188.47267    1.123206   1.000000
  1188.48642    0.948985   1.000000
  1188.50100    1.072654   1.000000
  1188.51483    0.960416   1.000000
  1188.52850    1.064779   1.000000
  1188.54233    0.979173   1.000000
  1188.55642    1.029105   1.000000
  1188.57067    0.878334   1.000000
  1188.58433    1.080587   1.000000
  1188.59817    1.047272   1.000000
  1188.61225    0.950735   1.000000
  1188.62650    1.036715   1.000000
  1188.64017    0.960416   1.000000
  1188.65400    0.987324   1.000000
  1188.66817    0.898793   1.000000
  1188.68233    0.957766   1.000000
  1188.69600    0.924825   1.000000
  1188.70983    0.944625   1.000000
  1188.72400    1.055989   1.000000
  1188.73817    0.992795   1.000000
  1188.75183    1.067725   1.000000
  1188.76567    0.972881   1.000000
  1188.78033    1.163214   1.000000
  1188.79400    1.068709   1.000000
  1188.80767    1.108816   1.000000
  1188.82150    0.993710   1.000000
  1188.83617    1.037671   1.000000
  1188.84983    0.956004   1.000000
  1188.86352    1.043421   1.000000
  1188.87735    0.986415   1.000000
  1188.89152    1.074631   1.000000
  1188.90568    0.970196   1.000000
  1188.91935    1.083576   1.000000
  1188.93318    0.941152   1.000000
  1188.94785    0.888914   1.000000
  1188.96152    1.009391   1.000000
  1188.97535    0.891373   1.000000
  1188.98902    1.073642   1.000000
  1189.00368    0.898793   1.000000
  1189.01735    0.915503   1.000000
  1189.03118    1.032903   1.000000
  1189.04485    1.017793   1.000000
  1189.05952    1.083576   1.000000
  1189.07318    0.963074   1.000000
  1189.08702    0.870281   1.000000
  1189.10068    0.912136   1.000000
  1189.11535    1.078598   1.000000
  1189.12902    1.055017   1.000000
  1189.14327    0.944625   1.000000
  1189.15885    0.902941   1.000000
  1189.17302    0.963961   1.000000
  1189.18668    1.028157   1.000000
  1189.20052    0.922273   1.000000
  1189.21468    1.129431   1.000000
  1189.22885    1.055017   1.000000
  1189.24252    0.912136   1.000000
  1189.25635    1.055017   1.000000
  1189.27052    1.128391   1.000000
  1189.28468    1.020609   1.000000
  1189.29835    0.940285   1.000000
  1189.31218    0.976471   1.000000
  1189.32635    0.973777   1.000000
  1189.34052    1.028157   1.000000
  1189.35518    1.017793   1.000000
  1189.36885    0.968411   1.000000
  1189.38268    0.992795   1.000000
  1189.39685    1.078598   1.000000
  1189.41102    1.041501   1.000000
  1189.42468    0.999216   1.000000
  1189.43935    0.990056   1.000000
  1189.45318    0.995542   1.000000
  1189.46685    0.923123   1.000000
  1189.48052    1.088578   1.000000
  1189.49518    0.989144   1.000000
  1189.50902    0.963074   1.000000
  1189.52268    1.014050   1.000000
  1189.53685    0.925677   1.000000
  1189.55102    1.011252   1.000000
  1189.56485    0.934242   1.000000
  1189.57952    1.002904   1.000000
  1189.59362    1.052106   1.000000
  1189.60870    0.989144   1.000000
  1189.62337    0.990056   1.000000
  1189.63720    0.894663   1.000000
  1189.65137    0.975573   1.000000
  1189.66553    1.023433   1.000000
  1189.67920    1.031002   1.000000
  1189.69387    0.905440   1.000000
  1189.70853    0.914660   1.000000
  1189.72320    1.011252   1.000000
  1189.73687    0.893017   1.000000
  1189.75070    1.004754   1.000000
  1189.76537    0.977371   1.000000
  1189.77903    0.968411   1.000000
  1189.79370    0.991881   1.000000
  1189.80737    0.971985   1.000000
  1189.82120    0.988233   1.000000
  1189.83537    1.055989   1.000000
  1189.84953    1.060864   1.000000
  1189.86320    1.089581   1.000000
  1189.88070    0.996459   1.000000
  1189.89437    0.920576   1.000000
  1189.90903    0.923974   1.000000
  1189.92270    0.982787   1.000000
  1189.93653    1.017793   1.000000
  1189.95070    0.868679   1.000000
  1189.96487    1.017793   1.000000
  1189.97853    0.999216   1.000000
  1189.99237    1.113934   1.000000
  1190.00703    1.053076   1.000000
  1190.02070    1.084575   1.000000
  1190.03437    0.950735   1.000000
  1190.04862    0.937691   1.000000
  1190.06287    1.079592   1.000000
  1190.07753    1.004754   1.000000
  1190.09120    0.942019   1.000000
  1190.10537    1.062820   1.000000
  1190.11953    1.012184   1.000000
  1190.13337    1.093603   1.000000
  1190.14703    1.002904   1.000000
  1190.16170    0.930807   1.000000
  1190.17537    1.001059   1.000000
  1190.18920    0.969303   1.000000
  1190.20337    0.988233   1.000000
  1190.21753    0.893840   1.000000
  1190.23120    1.086575   1.000000
  1190.24545    0.929950   1.000000
  1190.25970    1.001981   1.000000
  1190.27520    0.907109   1.000000
  1190.28887    0.951611   1.000000
  1190.30270    0.986415   1.000000
  1190.31737    0.926530   1.000000
  1190.33103    1.050170   1.000000
  1190.34472    1.055017   1.000000
  1190.35897    0.976471   1.000000
  1190.37322    0.929094   1.000000
  1190.38688    0.943756   1.000000
  1190.40055    1.051138   1.000000
  1190.41522    0.978272   1.000000
  1190.42988    0.980979   1.000000
  1190.44372    0.921424   1.000000
  1190.45822    0.948985   1.000000
  1190.47288    0.889733   1.000000
  1190.48713    1.047272   1.000000
  1190.50222    1.092596   1.000000
  1190.51588    0.980979   1.000000
  1190.53013    0.971985   1.000000
  1190.54438    1.071666   1.000000
  1190.55905    1.101690   1.000000
  1190.57272    0.980076   1.000000
  1190.58688    0.956885   1.000000
  1190.60105    1.012184   1.000000
  1190.61572    0.875910   1.000000
  1190.62955    1.078598   1.000000
  1190.64363    0.961301   1.000000
  1190.65788    0.949860   1.000000
  1190.67155    0.985507   1.000000
  1190.68538    0.953366   1.000000
  1190.69988    1.012184   1.000000
  1190.71372    0.954244   1.000000
  1190.72738    0.996459   1.000000
  1190.74163    1.003829   1.000000
  1190.75588    1.106776   1.000000
  1190.76955    1.059887   1.000000
  1190.78372    1.047272   1.000000
  1190.79788    0.963074   1.000000
  1190.81172    1.036715   1.000000
  1190.82580    1.098651   1.000000
  1190.84005    0.954244   1.000000
  1190.85372    1.090585   1.000000
  1190.86797    1.000137   1.000000
  1190.88213    0.917191   1.000000
  1190.89588    0.999216   1.000000
  1190.90955    0.863097   1.000000
  1190.92422    0.951611   1.000000
  1190.93805    0.971985   1.000000
  1190.95213    1.013117   1.000000
  1190.96638    1.011252   1.000000
  1190.98005    1.124241   1.000000
  1190.99430    0.971985   1.000000
  1191.00838    1.003829   1.000000
  1191.02222    0.938555   1.000000
  1191.03638    0.925677   1.000000
  1191.05055    1.020609   1.000000
  1191.06438    1.191405   1.000000
  1191.07890    0.971090   1.000000
  1191.09273    1.058911   1.000000
  1191.10640    0.994625   1.000000
  1191.12107    1.005679   1.000000
  1191.13473    1.061841   1.000000
  1191.14898    0.979173   1.000000
  1191.16323    1.029105   1.000000
  1191.17690    1.004754   1.000000
  1191.19157    0.868679   1.000000
  1191.20523    1.025320   1.000000
  1191.21990    1.108816   1.000000
  1191.23373    1.013117   1.000000
  1191.24790    1.115988   1.000000
  1191.26207    0.948985   1.000000
  1191.27623    0.897139   1.000000
  1191.29040    0.891373   1.000000
  1191.30423    1.062820   1.000000
  1191.31873    0.927384   1.000000
  1191.33257    0.931665   1.000000
  1191.34723    1.047272   1.000000
  1191.36090    0.934242   1.000000
  1191.37507    0.929950   1.000000
  1191.39023    1.019670   1.000000
  1191.40390    1.009391   1.000000
  1191.41857    0.987324   1.000000
  1191.43240    1.010321   1.000000
  1191.44648    0.976471   1.000000
  1191.46073    1.020609   1.000000
  1191.47440    1.017793   1.000000
  1191.48907    0.923974   1.000000
  1191.50273    0.978272   1.000000
  1191.51740    0.946367   1.000000
  1191.53123    1.114961   1.000000
  1191.54590    1.055989   1.000000
  1191.55957    1.092596   1.000000
  1191.57373    0.910457   1.000000
  1191.58790    1.032903   1.000000
  1191.60173    0.914660   1.000000
  1191.61640    1.003829   1.000000
  1191.63007    0.963074   1.000000
  1191.64473    1.053076   1.000000
  1191.65840    0.977371   1.000000
  1191.67265    0.986415   1.000000
  1191.68673    0.923974   1.000000
  1191.70098    0.938555   1.000000
  1191.71523    1.023433   1.000000
  1191.72940    0.893017   1.000000
  1191.74357    1.040542   1.000000
  1191.75773    0.993710   1.000000
  1191.77190    1.014985   1.000000
  1191.78573    0.897965   1.000000
  1191.80040    1.052106   1.000000
  1191.81408    1.101690   1.000000
  1191.82875    0.873493   1.000000
  1191.84242    1.043421   1.000000
  1191.85708    1.112909   1.000000
  1191.87075    1.041501   1.000000
  1191.88542    1.096629   1.000000
  1191.89925    1.114961   1.000000
  1191.91342    0.926530   1.000000
  1191.92758    0.950735   1.000000
  1191.94175    1.016856   1.000000
  1191.95592    0.965739   1.000000
  1191.97017    1.058911   1.000000
  1191.98442    0.924825   1.000000
  1191.99808    0.961301   1.000000
  1192.01275    1.051138   1.000000
  1192.02642    0.861508   1.000000
  1192.04108    0.927384   1.000000
  1192.05475    1.016856   1.000000
  1192.06942    0.993710   1.000000
  1192.08325    1.040542   1.000000
  1192.09792    1.018731   1.000000
  1192.11158    0.977371   1.000000
  1192.12625    1.001981   1.000000
  1192.13992    0.912976   1.000000
  1192.15417    0.883201   1.000000
  1192.16842    1.117016   1.000000
  1192.18250    0.910457   1.000000
  1192.19675    1.086575   1.000000
  1192.21042    1.040542   1.000000
  1192.22508    1.003829   1.000000
  1192.23975    0.987324   1.000000
  1192.25342    1.166432   1.000000
  1192.26808    1.033855   1.000000
  1192.28192    1.017793   1.000000
  1192.29642    1.040542   1.000000
  1192.31025    1.012184   1.000000
  1192.32492    0.998297   1.000000
  1192.33858    1.000137   1.000000
  1192.35325    1.070680   1.000000
  1192.36692    0.945496   1.000000
  1192.38158    1.074631   1.000000
  1192.39542    0.919728   1.000000
  1192.41008    1.137783   1.000000
  1192.42375    1.014985   1.000000
  1192.43842    0.948985   1.000000
  1192.45208    0.987324   1.000000
  1192.46633    0.997377   1.000000
  1192.48050    1.046308   1.000000
  1192.49467    1.173977   1.000000
  1192.50892    1.151488   1.000000
  1192.52308    1.063799   1.000000
  1192.53725    0.960416   1.000000
  1192.55142    0.960416   1.000000
  1192.56560    0.956004   1.000000
  1192.57985    1.004754   1.000000
  1192.59410    0.921424   1.000000
  1192.60818    0.894663   1.000000
  1192.62243    1.033855   1.000000
  1192.63660    1.043421   1.000000
  1192.65077    0.912976   1.000000
  1192.66493    1.003829   1.000000
  1192.67910    1.001059   1.000000
  1192.69293    0.934242   1.000000
  1192.70760    1.012184   1.000000
  1192.72127    0.972881   1.000000
  1192.73593    1.044382   1.000000
  1192.74960    1.001059   1.000000
  1192.76427    0.863097   1.000000
  1192.77810    1.000137   1.000000
  1192.79260    0.919728   1.000000
  1192.80643    1.078598   1.000000
  1192.82110    0.873493   1.000000
  1192.83477    0.960416   1.000000
  1192.84943    1.076613   1.000000
  1192.86310    1.076613   1.000000
  1192.87777    0.941152   1.000000
  1192.89160    0.990968   1.000000
  1192.90627    1.039584   1.000000
  1192.91993    0.967519   1.000000
  1192.93460    0.912976   1.000000
  1192.94827    0.891373   1.000000
  1192.96293    1.009391   1.000000
  1192.97660    1.050170   1.000000
  1192.99127    0.823492   1.000000
  1193.00510    1.093603   1.000000
  1193.01977    0.996459   1.000000
  1193.03343    1.035761   1.000000
  1193.04810    1.016856   1.000000
  1193.06177    0.977371   1.000000
  1193.07643    0.945496   1.000000
  1193.09027    1.006606   1.000000
  1193.10477    1.006606   1.000000
  1193.11860    0.900450   1.000000
  1193.13277    1.028157   1.000000
  1193.14693    0.968411   1.000000
  1193.16110    1.068709   1.000000
  1193.17527    1.020609   1.000000
  1193.18952    0.928238   1.000000
  1193.20377    0.900450   1.000000
  1193.21785    0.949860   1.000000
  1193.23210    1.011252   1.000000
  1193.24677    0.926530   1.000000
  1193.26043    1.052106   1.000000
  1193.27510    0.990056   1.000000
  1193.28877    1.113934   1.000000
  1193.30345    1.050170   1.000000
  1193.31728    1.020609   1.000000
  1193.33195    1.014050   1.000000
  1193.34562    1.071666   1.000000
  1193.36028    0.987324   1.000000
  1193.37395    0.918882   1.000000
  1193.38862    0.973777   1.000000
  1193.40228    0.972881   1.000000
  1193.41695    1.008462   1.000000
  1193.43078    0.982787   1.000000
  1193.44545    0.963074   1.000000
  1193.45912    1.037671   1.000000
  1193.47378    1.078598   1.000000
  1193.48745    1.126314   1.000000
  1193.50212    1.074631   1.000000
  1193.51637    1.034807   1.000000
  1193.53045    0.959532   1.000000
  1193.54470    1.044382   1.000000
  1193.55895    1.056962   1.000000
  1193.57312    1.068709   1.000000
  1193.58728    0.974674   1.000000
  1193.60145    0.969303   1.000000
  1193.61562    1.100676   1.000000
  1193.62987    1.025320   1.000000
  1193.64412    1.042460   1.000000
  1193.65820    0.874298   1.000000
  1193.67245    0.867880   1.000000
  1193.68712    0.888914   1.000000
  1193.70078    0.919728   1.000000
  1193.71545    0.989144   1.000000
  1193.72912    1.110861   1.000000
  1193.74378    1.043421   1.000000
  1193.75762    1.028157   1.000000
  1193.77212    0.931665   1.000000
  1193.78595    0.935965   1.000000
  1193.80062    1.144088   1.000000
  1193.81428    0.914660   1.000000
  1193.82895    1.061841   1.000000
  1193.84262    1.166432   1.000000
  1193.85728    0.975573   1.000000
  1193.87153    1.046308   1.000000
  1193.88578    0.929094   1.000000
  1193.89987    1.051138   1.000000
  1193.91412    0.932523   1.000000
  1193.92828    1.006606   1.000000
  1193.94245    0.956885   1.000000
  1193.95662    1.192503   1.000000
  1193.97078    1.114961   1.000000
  1193.98545    1.115988   1.000000
  1193.99928    1.089581   1.000000
  1194.01395    1.082579   1.000000
  1194.02762    1.034807   1.000000
  1194.04230    1.058911   1.000000
  1194.05647    0.944625   1.000000
  1194.07063    0.984599   1.000000
  1194.08480    0.953366   1.000000
  1194.09897    1.051138   1.000000
  1194.11322    1.048237   1.000000
  1194.12747    0.904606   1.000000
  1194.14155    1.005679   1.000000
  1194.15580    1.108816   1.000000
  1194.17047    0.992795   1.000000
  1194.18413    1.014985   1.000000
  1194.19880    0.948112   1.000000
  1194.21247    0.906274   1.000000
  1194.22713    1.020609   1.000000
  1194.24097    1.024376   1.000000
  1194.25563    1.043421   1.000000
  1194.26930    1.031952   1.000000
  1194.28397    1.055017   1.000000
  1194.29813    1.031002   1.000000
  1194.31230    1.014985   1.000000
  1194.32647    1.051138   1.000000
  1194.34063    0.968411   1.000000
  1194.35488    1.092596   1.000000
  1194.36913    0.957766   1.000000
  1194.38372    0.982787   1.000000
  1194.39747    1.171816   1.000000
  1194.41213    1.128391   1.000000
  1194.42580    1.031952   1.000000
  1194.44047    1.053076   1.000000
  1194.45413    0.866283   1.000000
  1194.46880    1.050170   1.000000
  1194.48263    1.102706   1.000000
  1194.49730    0.998297   1.000000
  1194.51138    1.123206   1.000000
  1194.52563    0.949860   1.000000
  1194.53980    1.062820   1.000000
  1194.55397    1.039584   1.000000
  1194.56863    1.040542   1.000000
  1194.58230    0.863097   1.000000
  1194.59697    0.888914   1.000000
  1194.61080    1.005679   1.000000
  1194.62547    0.953366   1.000000
  1194.63913    0.975573   1.000000
  1194.65380    0.987324   1.000000
  1194.66747    0.911296   1.000000
  1194.68213    0.935965   1.000000
  1194.69630    0.864688   1.000000
  1194.71047    0.933382   1.000000
  1194.72513    1.157869   1.000000
  1194.73897    0.996459   1.000000
  1194.75355    1.055017   1.000000
  1194.76730    1.204646   1.000000
  1194.78198    0.977371   1.000000
  1194.79565    0.981883   1.000000
  1194.81032    1.007534   1.000000
  1194.82398    1.056962   1.000000
  1194.83865    1.026265   1.000000
  1194.85248    1.113934   1.000000
  1194.86715    1.094610   1.000000
  1194.88123    0.933382   1.000000
  1194.89548    1.136736   1.000000
  1194.91015    1.024376   1.000000
  1194.92382    1.088578   1.000000
  1194.93848    0.963074   1.000000
  1194.95215    1.064779   1.000000
  1194.96682    1.108816   1.000000
  1194.98065    1.046308   1.000000
  1194.99532    1.000137   1.000000
  1195.00940    0.965739   1.000000
  1195.02365    0.978272   1.000000
  1195.03782    1.097639   1.000000
  1195.05198    1.082579   1.000000
  1195.06665    1.127352   1.000000
  1195.08032    1.137783   1.000000
  1195.09498    1.051138   1.000000
  1195.10965    0.948985   1.000000
  1195.12382    1.053076   1.000000
  1195.13798    1.063799   1.000000
  1195.15223    0.976471   1.000000
  1195.16648    1.079592   1.000000
  1195.18115    1.036715   1.000000
  1195.19482    1.025320   1.000000
  1195.20948    0.972881   1.000000
  1195.22365    0.966628   1.000000
  1195.23782    1.054046   1.000000
  1195.25198    0.902110   1.000000
  1195.26615    0.947239   1.000000
  1195.28082    0.943756   1.000000
  1195.29465    1.135689   1.000000
  1195.30915    0.975573   1.000000
  1195.32340    1.055989   1.000000
  1195.33765    0.941152   1.000000
  1195.35182    0.998297   1.000000
  1195.36915    0.948985   1.000000
  1195.38332    1.131513   1.000000
  1195.39798    0.865485   1.000000
  1195.41182    0.895488   1.000000
  1195.42648    0.936827   1.000000
  1195.44015    0.913818   1.000000
  1195.45482    1.062820   0.999943
  1195.46848    1.051138   0.999914
  1195.48315    0.916346   0.999848
  1195.49782    1.065760   0.999767
  1195.51148    1.075622   0.999718
  1195.52617    0.923123   0.999585
  1195.54000    0.882388   0.999483
  1195.55450    1.001059   0.999413
  1195.56875    0.949860   0.999225
  1195.58300    0.952488   0.999123
  1195.59767    1.149369   0.998968
  1195.61133    1.165359   0.998804
  1195.62600    1.050170   0.998676
  1195.63967    0.975573   0.998477
  1195.65433    0.986415   0.998309
  1195.66858    1.000137   0.998165
  1195.68267    1.043421   0.997916
  1195.69733    0.866283   0.997736
  1195.71117    1.070680   0.997546
  1195.72583    0.956885   0.997305
  1195.73992    0.963074   0.997124
  1195.75417    1.229305   0.996885
  1195.76883    0.972881   0.996643
  1195.78250    1.006606   0.996464
  1195.79717    1.041501   0.996166
  1195.81083    0.947239   0.995921
  1195.82550    0.962187   0.995674
  1195.83975    0.968411   0.995380
  1195.85400    1.000137   0.995168
  1195.86850    0.979173   0.994833
  1195.88233    0.973777   0.994574
  1195.89700    0.888914   0.994338
  1195.91117    0.952488   0.993992
  1195.96833    1.001981   0.992805
  1195.99667    1.045345   0.992178
  1196.02517    1.139881   0.991491
  1196.05392    0.950735   0.990886
  1196.06817    1.030053   0.990456
  1196.08283    1.062820   0.990133
  1196.09650    1.001981   0.989780
  1196.11117    1.067725   0.989421
  1196.12533    0.949860   0.989036
  1196.13950    1.129431   0.988688
  1196.15417    1.109838   0.988292
  1196.16783    0.876717   0.987930
  1196.18250    0.826532   0.987508
  1196.19675    0.993710   0.987153
  1196.21100    0.923974   0.986785
  1196.22567    0.936827   0.986347
  1196.23933    0.990056   0.986010
  1196.25400    0.953366   0.985557
  1196.26818    1.041501   0.985136
  1196.28235    1.053076   0.984779
  1196.29702    0.987324   0.984306
  1196.31068    0.909619   0.983901
  1196.32535    1.103722   0.983537
  1196.33918    0.753806   0.983048
  1196.35368    0.841123   0.982628
  1196.36835    0.975573   0.982252
  1196.38218    1.031952   0.981725
  1196.39685    1.002904   0.981308
  1196.41102    0.896313   0.980840
  1196.42518    1.105757   0.980380
  1196.43985    0.933382   0.979956
  1196.45352    0.929950   0.979443
  1196.46818    0.804007   0.979012
  1196.48235    0.883201   0.978579
  1196.49652    0.760080   0.978030
  1196.51118    0.990968   0.977598
  1196.52502    0.914660   0.977189
  1196.53952    0.982787   0.976596
  1196.55335    0.918882   0.976151
  1196.56802    0.915503   0.975739
  1196.58268    0.876717   0.975142
  1196.59635    0.826532   0.974681
  1196.61102    0.821220   0.974208
  1196.62518    1.037671   0.973699
  1196.63935    0.894663   0.973226
  1196.65402    1.079592   0.972644
  1196.66768    0.873493   0.972183
  1196.68235    1.086575   0.971685
  1196.69660    0.995542   0.971117
  1196.71085    1.013117   0.970567
  1196.72535    0.972881   0.970135
  1196.73918    0.936827   0.969561
  1196.75385    0.785705   0.968995
  1196.76852    0.892195   0.968538
  1196.78218    0.969303   0.967966
  1196.79685    1.051138   0.967357
  1196.81102    0.933382   0.966923
  1196.82518    0.959532   0.966316
  1196.83985    0.804007   0.965771
  1196.85402    0.963961   0.965263
  1196.86818    0.917191   0.964621
  1196.88285    0.988233   0.964116
  1196.89668    0.949860   0.963605
  1196.91118    1.130471   0.962949
  1196.92543    0.888095   0.962438
  1196.93968    1.029105   0.961922
  1196.95435    1.004754   0.961253
  1196.96802    0.927384   0.960734
  1196.98268    0.988233   0.960134
  1196.99687    0.945496   0.959543
  1197.01103    1.052106   0.959055
  1197.02570    1.027211   0.958400
  1197.03987    0.906274   0.957801
  1197.05403    0.998297   0.957311
  1197.06870    0.851255   0.956611
  1197.08253    1.020609   0.956058
  1197.09703    0.879953   0.955546
  1197.11128    0.881576   0.954851
  1197.12553    0.872689   0.954317
  1197.14020    0.988233   0.953707
  1197.15387    0.973777   0.953072
  1197.16853    0.956004   0.952514
  1197.18320    1.061841   0.951843
  1197.19687    1.003829   0.951257
  1197.21153    0.939419   0.950673
  1197.22620    1.076613   0.950029
  1197.23987    0.829582   0.949388
  1197.25453    0.914660   0.948805
  1197.26878    0.834180   0.948165
  1197.28287    0.941152   0.947570
  1197.29753    1.043421   0.946895
  1197.31178    0.993710   0.946319
  1197.32603    0.924825   0.945668
  1197.34053    0.964849   0.945011
  1197.35437    0.899621   0.944396
  1197.36903    0.955124   0.943790
  1197.38320    0.964849   0.943133
  1197.39737    1.009391   0.942541
  1197.41203    0.862302   0.941863
  1197.42620    0.958649   0.941232
  1197.44037    0.902110   0.940622
  1197.45503    1.075622   0.939903
  1197.46870    0.872689   0.939336
  1197.48337    0.867880   0.938676
  1197.49803    1.002904   0.937992
  1197.51187    0.990056   0.937409
  1197.52637    0.973777   0.936715
  1197.54062    1.038627   0.936032
  1197.55487    1.047272   0.935439
  1197.56953    0.958649   0.934722
  1197.58362    1.031952   0.934079
  1197.59787    0.990968   0.933454
  1197.61253    0.886461   0.932710
  1197.62720    0.787879   0.932058
  1197.64087    0.799576   0.931383
  1197.65553    0.918882   0.930796
  1197.66970    1.073642   0.930091
  1197.68387    0.998297   0.929412
  1197.69853    0.935965   0.928825
  1197.71270    0.956885   0.928063
  1197.72687    0.888914   0.927434
  1197.74155    0.981883   0.926785
  1197.75538    1.053076   0.926107
  1197.76988    0.912136   0.925413
  1197.78413    0.944625   0.924776
  1197.79838    0.968411   0.924074
  1197.81305    1.007534   0.923382
  1197.82713    0.967519   0.922759
  1197.84180    0.740047   0.922012
  1197.85605    0.912136   0.921319
  1197.87072    1.060864   0.920648
  1197.88438    0.896313   0.920013
  1197.89905    0.921424   0.919260
  1197.91372    0.951611   0.918610
  1197.92738    0.955124   0.917911
  1197.94205    0.864688   0.917199
  1197.95622    0.923123   0.916597
  1197.97038    0.925677   0.915964
  1197.98505    0.959532   0.915184
  1197.99930    0.825011   0.914522
  1198.01338    1.031952   0.913994
  1198.02805    0.947239   0.913138
  1198.04230    0.845006   0.912462
  1198.05655    0.936827   0.911736
  1198.07105    0.996459   0.911019
  1198.08530    1.015920   0.910334
  1198.09955    0.935965   0.909698
  1198.11422    0.836488   0.908956
  1198.12838    0.847344   0.908254
  1198.14255    0.969303   0.907599
  1198.15722    1.020609   0.906941
  1198.17088    0.873493   0.906270
  1198.18555    1.066742   0.905508
  1198.20022    0.818954   0.904934
  1198.21438    0.910457   0.904077
  1198.22855    0.818954   0.903494
  1198.24322    0.864688   0.902723
  1198.25688    0.913818   0.902130
  1198.27155    0.894663   0.901338
  1198.28622    0.829582   0.900752
  1198.30005    0.932523   0.900053
  1198.31472    0.862302   0.899285
  1198.32922    0.940285   0.898589
  1198.34305    0.845006   0.897987
  1198.35772    0.974674   0.897234
  1198.37238    0.959532   0.896566
  1198.38605    0.828819   0.895878
  1198.40072    0.839575   0.895202
  1198.41488    0.914660   0.894489
  1198.42905    0.845784   0.893860
  1198.44372    0.697685   0.893119
  1198.45788    0.851255   0.892415
  1198.47205    0.888095   0.891673
  1198.48673    0.850471   0.891072
  1198.50090    0.918882   0.890271
  1198.51507    0.979173   0.889626
  1198.52973    0.864688   0.888863
  1198.54440    0.905440   0.888271
  1198.55823    0.885645   0.887537
  1198.57273    0.832644   0.886833
  1198.58740    0.855972   0.886185
  1198.60165    0.988233   0.885461
  1198.61590    0.967519   0.884801
  1198.63040    0.890553   0.884100
  1198.64465    0.946367   0.883524
  1198.65890    0.889733   0.882722
  1198.67357    0.918036   0.882125
  1198.68765    0.893017   0.881384
  1198.70190    0.931665   0.880797
  1198.71657    0.830347   0.880011
  1198.73073    0.801050   0.879388
  1198.74490    0.907109   0.878709
  1198.75957    0.912976   0.877936
  1198.77373    0.865485   0.877323
  1198.78790    0.825771   0.876609
  1198.80257    0.925677   0.875986
  1198.81723    0.842674   0.875204
  1198.83090    1.000137   0.874586
  1198.84557    0.937691   0.873935
  1198.86023    0.812194   0.873223
  1198.87390    0.929094   0.872604
  1198.88857    0.846564   0.871895
  1198.90323    0.944625   0.871235
  1198.91707    0.784259   0.870602
  1198.93157    0.848124   0.869919
  1198.94623    0.821220   0.869302
  1198.96048    0.867081   0.868637
  1198.97473    0.834180   0.867931
  1198.98940    0.964849   0.867295
  1199.00348    0.858340   0.866561
  1199.01773    0.792245   0.866001
  1199.03240    0.863892   0.865240
  1199.04707    0.918882   0.864565
  1199.06073    0.859923   0.864004
  1199.07540    0.838802   0.863328
  1199.09007    0.902110   0.862652
  1199.10373    0.818200   0.862052
  1199.11840    0.802527   0.861370
  1199.13307    0.957766   0.860737
  1199.14723    0.801788   0.860128
  1199.16140    0.834180   0.859446
  1199.17607    0.833412   0.858850
  1199.19023    0.979173   0.858224
  1199.20440    0.957766   0.857538
  1199.21908    0.768528   0.856866
  1199.23333    0.839575   0.856267
  1199.24742    0.879953   0.855661
  1199.26208    0.744834   0.855027
  1199.27633    0.799576   0.854404
  1199.29058    0.866283   0.853731
  1199.30508    0.817447   0.853118
  1199.31933    0.826532   0.852585
  1199.33358    0.881576   0.851928
  1199.34825    0.858340   0.851248
  1199.36275    0.923123   0.850686
  1199.37658    0.854397   0.850087
  1199.39125    0.826532   0.849431
  1199.40592    0.787879   0.848749
  1199.41958    0.809207   0.848288
  1199.43425    0.840349   0.847612
  1199.44892    0.778502   0.847050
  1199.46308    0.848124   0.846418
  1199.47725    0.875104   0.845844
  1199.49192    0.852039   0.845231
  1199.50658    0.862302   0.844613
  1199.52025    0.743463   0.844069
  1199.53492    0.793706   0.843481
  1199.54958    0.847344   0.842861
  1199.56375    0.877525   0.842319
  1199.57792    0.945496   0.841758
  1199.59258    0.913818   0.841149
  1199.60725    0.787154   0.840577
  1199.62092    0.791516   0.840000
  1199.63558    0.795902   0.839430
  1199.65025    0.852824   0.838864
  1199.66450    0.848124   0.838342
  1199.67858    0.730566   0.837722
  1199.69325    0.863892   0.837174
  1199.70792    0.864688   0.836599
  1199.72175    0.855972   0.836074
  1199.73625    0.880764   0.835562
  1199.75092    0.706740   0.834985
  1199.76517    0.875104   0.834440
  1199.77942    0.871886   0.833927
  1199.79392    0.860715   0.833397
  1199.80858    0.816694   0.832859
  1199.82242    0.771364   0.832289
  1199.83708    0.832644   0.831756
  1199.85167    0.798104   0.831242
  1199.86583    0.808462   0.830739
  1199.88008    0.757285   0.830205
  1199.89475    0.812194   0.829677
  1199.90942    0.869480   0.829171
  1199.92308    0.782095   0.828716
  1199.93775    0.805489   0.828193
  1199.95242    0.764292   0.827700
  1199.96660    0.855972   0.827182
  1199.98077    0.790787   0.826711
  1199.99543    0.973777   0.826222
  1200.01010    0.844228   0.825702
  1200.02427    0.780656   0.825240
  1200.03843    0.930807   0.824782
  1200.05310    0.814441   0.824239
  1200.06727    0.801788   0.823799
  1200.08143    0.757983   0.823341
  1200.09610    0.809953   0.822858
  1200.11077    0.783537   0.822374
  1200.12493    0.895488   0.821943
  1200.13910    0.812194   0.821477
  1200.15377    0.782095   0.821008
  1200.16793    0.760080   0.820581
  1200.18210    0.801788   0.820157
  1200.19677    0.832644   0.819688
  1200.21143    0.889733   0.819251
  1200.22510    0.795902   0.818836
  1200.23977    0.768528   0.818423
  1200.25443    0.791516   0.817990
  1200.26868    0.784982   0.817619
  1200.28277    0.845006   0.817169
  1200.29743    0.865485   0.816777
  1200.31210    0.875910   0.816331
  1200.32593    0.808462   0.815888
  1200.34060    0.782095   0.815545
  1200.35510    0.818954   0.815102
  1200.36935    0.871083   0.814843
  1200.38360    0.804747   0.814390
  1200.39827    0.795169   0.814036
  1200.41277    0.735292   0.813602
  1200.42660    0.942019   0.813259
  1200.44127    0.842674   0.812818
  1200.45593    0.850471   0.812490
  1200.47043    0.837259   0.812090
  1200.48510    0.793706   0.811749
  1200.49893    0.919728   0.811396
  1200.51360    0.782095   0.811030
  1200.52818    0.812942   0.810697
  1200.54277    0.818200   0.810370
  1200.55702    0.865485   0.810025
  1200.57127    0.831878   0.809675
  1200.58593    0.897965   0.809344
  1200.60043    0.834948   0.809047
  1200.61510    0.809207   0.808734
  1200.62977    0.763589   0.808403
  1200.64402    0.873493   0.808117
  1200.65810    0.821977   0.807779
  1200.67277    0.844228   0.807479
  1200.68743    0.867880   0.807188
  1200.70170    0.774211   0.806878
  1200.71578    0.785705   0.806592
  1200.73045    0.878334   0.806307
  1200.74512    0.795902   0.806032
  1200.75978    0.908782   0.805749
  1200.77395    0.809953   0.805499
  1200.78812    0.774211   0.805257
  1200.80278    0.755196   0.805001
  1200.81745    0.815943   0.804751
  1200.83212    0.772075   0.804499
  1200.84578    0.816694   0.804233
  1200.86045    0.813691   0.804019
  1200.87512    0.905440   0.803743
  1200.88895    0.768528   0.803530
  1200.90345    0.719216   0.803303
  1200.91812    0.949860   0.803077
  1200.93195    0.855972   0.802869
  1200.94662    0.831878   0.802688
  1200.96112    0.762886   0.802441
  1200.97495    0.705439   0.802298
  1200.98962    0.800312   0.802096
  1201.00428    0.848124   0.801913
  1201.01795    0.848124   0.801736
  1201.03262    0.795902   0.801552
  1201.04728    0.812942   0.801383
  1201.06095    0.867880   0.801231
  1201.07562    0.807718   0.801032
  1201.09028    0.837259   0.800878
  1201.10445    0.814441   0.800744
  1201.11862    0.780656   0.800581
  1201.13328    0.736647   0.800453
  1201.14745    0.792245   0.800276
  1201.16162    0.805489   0.800150
  1201.17628    0.757285   0.800007
  1201.19053    0.797369   0.799911
  1201.20462    0.755196   0.799773
  1201.21928    0.721206   0.799649
  1201.23353    0.729894   0.799569
  1201.24778    0.871886   0.799417
  1201.26245    0.771364   0.799368
  1201.27653    0.838802   0.799271
  1201.29078    0.669976   0.799170
  1201.30545    0.815191   0.799120
  1201.31962    0.764292   0.799000
  1201.33378    0.818200   0.798923
  1201.34845    0.815191   0.798901
  1201.36312    0.780656   0.798810
  1201.37678    0.729894   0.798820
  1201.39145    0.806974   0.798710
  1201.40612    0.751726   0.798687
  1201.41978    0.758682   0.798639
  1201.43445    0.710656   0.798603
  1201.44913    0.795902   0.798572
  1201.46330    0.744148   0.798549
  1201.47747    0.874298   0.798577
  1201.49213    0.768528   0.798513
  1201.50638    0.722536   0.798499
  1201.52047    0.672449   0.798491
  1201.53513    0.719879   0.798489
  1201.54980    0.744148   0.798528
  1201.56363    0.801050   0.798492
  1201.57813    0.827293   0.798557
  1201.59280    0.806231   0.798570
  1201.60705    0.687479   0.798546
  1201.62130    0.871886   0.798596
  1201.63580    0.890553   0.798662
  1201.65005    0.806974   0.798676
  1201.66430    0.742779   0.798770
  1201.67897    0.738685   0.798792
  1201.69313    0.712623   0.798852
  1201.70730    0.753806   0.798924
  1201.72197    0.742095   0.798961
  1201.73613    0.855972   0.799012
  1201.75030    0.767820   0.799139
  1201.76497    0.733938   0.799243
  1201.77963    0.810699   0.799339
  1201.79330    0.841123   0.799410
  1201.80797    0.912136   0.799542
  1201.82263    0.814441   0.799616
  1201.83630    0.702198   0.799724
  1201.85097    0.822734   0.799864
  1201.86563    0.779219   0.799960
  1201.87980    0.772787   0.800150
  1201.89397    0.703493   0.800208
  1201.90863    0.663223   0.800366
  1201.92288    0.731913   0.800506
  1201.93713    0.834948   0.800668
  1201.95163    0.661393   0.800794
  1201.96630    0.859923   0.800918
  1201.98055    0.730566   0.801075
  1201.99480    0.780656   0.801289
  1202.00930    0.760781   0.801482
  1202.02355    0.874298   0.801657
  1202.03780    0.915503   0.801818
  1202.05247    0.863892   0.801989
  1202.06697    0.823492   0.802184
  1202.08122    0.753112   0.802416
  1202.09547    0.919728   0.802623
  1202.11013    0.792975   0.802798
  1202.12472    0.834180   0.803043
  1202.13888    0.755196   0.803231
  1202.15313    0.852824   0.803434
  1202.16780    0.894663   0.803677
  1202.18198    0.738005   0.803928
  1202.19615    0.925677   0.804170
  1202.21082    0.783537   0.804422
  1202.22548    0.750343   0.804673
  1202.23965    0.810699   0.804886
  1202.25382    0.954244   0.805139
  1202.26848    0.758682   0.805430
  1202.28265    0.786429   0.805695
  1202.29682    0.828056   0.805953
  1202.31148    0.740729   0.806207
  1202.32615    0.816694   0.806501
  1202.33982    0.826532   0.806812
  1202.35448    0.806974   0.807088
  1202.36915    0.838030   0.807394
  1202.38332    0.841898   0.807692
  1202.39748    0.826532   0.808002
  1202.41215    0.793706   0.808327
  1202.42682    0.755196   0.808599
  1202.44048    0.822734   0.808961
  1202.45515    0.792245   0.809288
  1202.46982    0.798840   0.809696
  1202.48407    0.955124   0.809924
  1202.49815    0.795902   0.810365
  1202.51282    0.835718   0.810571
  1202.52748    0.755196   0.810942
  1202.54132    0.764292   0.811238
  1202.55582    0.838030   0.811638
  1202.57048    0.869480   0.812034
  1202.58473    0.907945   0.812359
  1202.59898    0.834948   0.812771
  1202.61365    0.804747   0.813129
  1202.62815    0.789332   0.813531
  1202.64240    0.875910   0.813886
  1202.65665    0.753806   0.814284
  1202.67132    0.772075   0.814674
  1202.68540    0.812942   0.815050
  1202.69965    0.732588   0.815440
  1202.71432    0.839575   0.815857
  1202.72898    0.802527   0.816252
  1202.74265    0.874298   0.816667
  1202.75732    0.808462   0.817083
  1202.77198    0.812942   0.817518
  1202.78665    0.843450   0.817918
  1202.80032    0.937691   0.818350
  1202.81498    0.838030   0.818785
  1202.82965    0.923974   0.819232
  1202.84382    0.893840   0.819654
  1202.85798    0.820464   0.820102
  1202.87265    0.865485   0.820552
  1202.88732    0.752419   0.821026
  1202.90148    0.744834   0.821479
  1202.91565    0.892195   0.821937
  1202.93033    0.860715   0.822396
  1202.94500    0.855184   0.822853
  1202.95917    0.803266   0.823334
  1202.97333    0.820464   0.823832
  1202.98800    0.884015   0.824312
  1203.00217    0.834948   0.824774
  1203.01817    0.852039   0.825312
  1203.03283    0.791516   0.825809
  1203.04750    0.834180   0.826300
  1203.06217    0.873493   0.826839
  1203.07683    0.746207   0.827363
  1203.09050    0.786429   0.827868
  1203.10517    0.798840   0.828387
  1203.11983    0.774925   0.828843
  1203.13450    0.878334   0.829405
  1203.14867    0.908782   0.829947
  1203.16283    0.807718   0.830407
  1203.17750    0.848906   0.830933
  1203.19217    0.831112   0.831491
  1203.20683    0.978272   0.832042
  1203.22150    0.833412   0.832589
  1203.23558    0.805489   0.833148
  1203.24983    0.828056   0.833611
  1203.26450    0.838802   0.834200
  1203.27917    0.886461   0.834798
  1203.30017    0.786429   0.835577
  1203.31433    0.804007   0.836144
  1203.32850    0.859131   0.836689
  1203.34317    0.916346   0.837287
  1203.35783    0.768528   0.837800
  1203.37250    0.883201   0.838424
  1203.38667    0.838030   0.838983
  1203.40083    0.929094   0.839533
  1203.41550    0.853610   0.840134
  1203.43017    0.876717   0.840721
  1203.44483    0.848906   0.841382
  1203.45950    0.794437   0.841962
  1203.47317    0.818200   0.842545
  1203.48783    0.792975   0.843114
  1203.50250    0.906274   0.843701
  1203.51717    0.867081   0.844286
  1203.53133    0.869480   0.844913
  1203.54550    0.795902   0.845497
  1203.56017    0.875910   0.846107
  1203.57483    0.875104   0.846725
  1203.58850    0.829582   0.847382
  1203.60317    0.827293   0.847979
  1203.61783    0.924825   0.848565
  1203.63250    0.884829   0.849239
  1203.64667    0.822734   0.849877
  1203.66085    0.893017   0.850449
  1203.67552    0.920576   0.851059
  1203.69018    0.848124   0.851706
  1203.70435    0.795902   0.852331
  1203.71852    0.848906   0.852998
  1203.73318    0.864688   0.853640
  1203.74785    0.840349   0.854291
  1203.76202    0.922273   0.854952
  1203.77618    0.844228   0.855670
  1203.79085    0.897139   0.856257
  1203.80552    0.780656   0.856886
  1203.82018    0.837259   0.857616
  1203.83385    0.795902   0.858169
  1203.84852    0.915503   0.858817
  1203.86318    0.746895   0.859449
  1203.87785    0.905440   0.860149
  1203.89202    0.888914   0.860838
  1203.90618    0.837259   0.861400
  1203.92085    0.918882   0.862096
  1203.93552    0.791516   0.862906
  1203.95018    0.951611   0.863476
  1203.96435    0.894663   0.864208
  1203.97852    0.881576   0.864864
  1203.99318    0.839575   0.865550
  1204.00785    0.865485   0.866268
  1204.02252    0.760781   0.866872
  1204.03618    0.785705   0.867604
  1204.05085    0.792975   0.868249
  1204.06552    0.932523   0.868916
  1204.08018    0.854397   0.869668
  1204.09385    0.821977   0.870271
  1204.10852    0.859923   0.871017
  1204.12318    0.867081   0.871646
  1204.13785    0.882388   0.872354
  1204.15152    0.836488   0.873026
  1204.16618    0.883201   0.873691
  1204.18085    0.849688   0.874461
  1204.19552    0.931665   0.875149
  1204.21018    0.924825   0.875846
  1204.22427    0.808462   0.876542
  1204.23852    0.872689   0.877316
  1204.25318    0.881576   0.878037
  1204.26785    0.831112   0.878698
  1204.28193    0.837259   0.879419
  1204.29618    0.840349   0.880092
  1204.31085    0.837259   0.880889
  1204.32552    0.985507   0.881490
  1204.33960    0.945496   0.882276
  1204.35385    0.869480   0.882882
  1204.36852    0.878334   0.883653
  1204.38318    0.887278   0.884308
  1204.39777    0.840349   0.885107
  1204.41153    0.920576   0.885722
  1204.42620    0.964849   0.886446
  1204.44087    0.888914   0.887229
  1204.45553    0.896313   0.887937
  1204.46962    0.918882   0.888641
  1204.48387    0.918036   0.889340
  1204.49853    1.014050   0.890056
  1204.51320    0.846564   0.890747
  1204.52770    0.888914   0.891536
  1204.54195    0.939419   0.892216
  1204.55620    0.974674   0.892983
  1204.57087    0.892195   0.893687
  1204.58537    0.965739   0.894586
  1204.60003    0.892195   0.895218
  1204.61428    0.931665   0.895933
  1204.62853    0.835718   0.896664
  1204.64312    0.887278   0.897352
  1204.65770    0.889733   0.898067
  1204.67237    0.796635   0.898814
  1204.68662    0.847344   0.899525
  1204.70087    0.883201   0.900212
  1204.71537    0.828819   0.900981
  1204.73003    0.918882   0.901675
  1204.74470    0.876717   0.902396
  1204.75895    0.843450   0.903108
  1204.77303    0.858340   0.903858
  1204.78770    0.874298   0.904553
  1204.80237    0.957766   0.905345
  1204.81703    0.863097   0.906042
  1204.83120    0.841898   0.906781
  1204.84587    0.960416   0.907455
  1204.86003    0.921424   0.908270
  1204.87470    0.980979   0.908957
  1204.88937    0.949860   0.909671
  1204.90353    0.890553   0.910425
  1204.91770    0.945496   0.911120
  1204.93237    0.903773   0.911806
  1204.94703    0.947239   0.912639
  1204.96170    0.961301   0.913346
  1204.97587    0.865485   0.914027
  1204.99003    0.963961   0.914823
  1205.00470    0.847344   0.915505
  1205.01937    0.975573   0.916221
  1205.03403    0.912136   0.917025
  1205.04820    0.926530   0.917653
  1205.06237    0.831112   0.918321
  1205.07703    0.846564   0.919138
  1205.09170    1.031952   0.919858
  1205.10637    0.941152   0.920549
  1205.12103    0.970196   0.921317
  1205.13520    0.923123   0.922022
  1205.14938    0.985507   0.922690
  1205.16405    0.899621   0.923510
  1205.17872    0.819709   0.924166
  1205.19338    1.013117   0.924845
  1205.20747    0.888914   0.925643
  1205.22213    0.821220   0.926303
  1205.23638    0.897139   0.927042
  1205.25105    0.911296   0.927752
  1205.26555    1.062820   0.928423
  1205.28022    0.901280   0.929178
  1205.29447    0.897965   0.929875
  1205.30872    0.901280   0.930570
  1205.32322    0.974674   0.931276
  1205.33788    0.831112   0.932003
  1205.35255    0.922273   0.932709
  1205.36722    0.918036   0.933404
  1205.38138    0.884829   0.934128
  1205.39555    0.971090   0.934750
  1205.41022    0.831878   0.935551
  1205.42488    0.828056   0.936259
  1205.43955    0.835718   0.936930
  1205.45422    0.950735   0.937633
  1205.46888    0.937691   0.938370
  1205.48305    0.948985   0.938999
  1205.49722    0.853610   0.939781
  1205.51188    0.917191   0.940386
  1205.52655    0.965739   0.941105
  1205.54122    0.851255   0.941800
  1205.55588    0.980076   0.942398
  1205.56997    1.061841   0.943160
  1205.58422    0.918882   0.943858
  1205.59888    1.010321   0.944475
  1205.61355    0.839575   0.945194
  1205.62805    1.001981   0.945908
  1205.64230    0.923123   0.946523
  1205.65655    0.836488   0.947162
  1205.67122    1.062820   0.947905
  1205.68588    0.748272   0.948551
  1205.70038    0.953366   0.949310
  1205.71505    1.046308   0.949927
  1205.72930    0.950735   0.950531
  1205.74355    1.000137   0.951242
  1205.75805    0.825771   0.951884
  1205.77272    0.958649   0.952512
  1205.78738    1.048237   0.953206
  1205.80205    0.969303   0.953861
  1205.81622    1.063799   0.954462
  1205.83038    0.948985   0.955139
  1205.84505    0.968411   0.955770
  1205.85972    0.925677   0.956437
  1205.87438    0.920576   0.957087
  1205.88907    0.841898   0.957676
  1205.90323    1.016856   0.958381
  1205.91740    0.932523   0.958931
  1205.93207    1.014985   0.959545
  1205.94673    0.995542   0.960299
  1205.96140    0.965739   0.960843
  1205.97607    1.000137   0.961515
  1205.99023    1.010321   0.962093
  1206.00482    0.972881   0.962686
  1206.01907    0.956885   0.963357
  1206.03373    0.995542   0.963933
  1206.04840    0.940285   0.964497
  1206.06290    0.989144   0.965175
  1206.07715    0.818954   0.965754
  1206.09182    1.031002   0.966376
  1206.10607    1.016856   0.966984
  1206.12057    0.956885   0.967519
  1206.13523    0.953366   0.968253
  1206.14990    0.855184   0.968715
  1206.16457    1.074631   0.969289
  1206.17923    0.932523   0.969983
  1206.19340    1.019670   0.970459
  1206.20757    1.009391   0.971048
  1206.22223    1.006606   0.971635
  1206.23690    0.903773   0.972180
  1206.25157    1.015920   0.972792
  1206.26623    1.031002   0.973295
  1206.28040    0.998297   0.973821
  1206.29457    0.779937   0.974415
  1206.30923    0.952488   0.974934
  1206.32390    0.929094   0.975509
  1206.33857    1.023433   0.976070
  1206.35323    0.990968   0.976593
  1206.36773    0.931665   0.977155
  1206.38240    1.027211   0.977656
  1206.39707    0.936827   0.978238
  1206.41132    0.959532   0.978725
  1206.42548    0.962187   0.979181
  1206.44007    0.956004   0.979786
  1206.45473    0.899621   0.980244
  1206.46940    0.990056   0.980738
  1206.48407    0.890553   0.981287
  1206.49823    0.959532   0.981713
  1206.51240    0.976471   0.982221
  1206.52707    0.983693   0.982726
  1206.54173    0.959532   0.983165
  1206.55640    1.012184   0.983766
  1206.57107    1.043421   0.984195
  1206.58573    1.061841   0.984626
  1206.59990    0.963074   0.985100
  1206.61407    0.939419   0.985541
  1206.62875    1.017793   0.986031
  1206.64342    1.002904   0.986427
  1206.65808    0.958649   0.986929
  1206.67258    0.862302   0.987397
  1206.68683    0.978272   0.987771
  1206.70150    0.969303   0.988251
  1206.71575    0.983693   0.988638
  1206.73042    0.915503   0.989061
  1206.74492    0.999216   0.989506
  1206.75958    1.071666   0.989836
  1206.77425    0.910457   0.990283
  1206.78892    0.978272   0.990707
  1206.80308    1.115988   0.991038
  1206.81725    1.090585   0.991510
  1206.83192    1.032903   0.991853
  1206.84658    1.010321   0.992231
  1206.86125    0.969303   0.992610
  1206.87592    0.950735   0.992905
  1206.89058    1.008462   0.993367
  1206.90525    1.126314   0.993664
  1206.91933    1.066742   0.993984
  1206.93358    1.067725   0.994352
  1206.94825    0.928238   0.994673
  1206.96292    1.069694   0.995041
  1206.97750    0.930807   0.995303
  1206.99208    1.028157   0.995564
  1207.00675    1.022491   0.995957
  1207.02142    0.970196   0.996219
  1207.03608    0.980076   0.996529
  1207.05075    1.148311   0.996779
  1207.06492    0.934242   0.997053
  1207.07908    0.902941   0.997339
  1207.09375    1.002904   0.997541
  1207.10842    0.965739   0.997815
  1207.12308    0.948112   0.998042
  1207.13775    1.042460   0.998268
  1207.15242    1.052106   0.998531
  1207.16650    1.042460   0.998673
  1207.18117    1.072654   0.998911
  1207.19542    1.080587   0.999089
  1207.21008    0.983693   0.999220
  1207.22467    0.971090   0.999446
  1207.23925    0.999216   0.999540
  1207.25392    0.935103   0.999718
  1207.26858    0.964849   0.999801
  1207.28283    1.126314   0.999883
  1207.29742    0.983693   1.000000
  1207.31158    0.941152   1.000000
  1207.32625    0.972881   1.000000
  1207.34092    0.973777   1.000000
  1207.35558    0.921424   1.000000
  1207.37027    0.944625   1.000000
  1207.38493    0.933382   1.000000
  1207.39910    1.018731   1.000000
  1207.41327    1.043421   1.000000
  1207.42793    0.958649   1.000000
  1207.44260    0.912136   1.000000
  1207.45727    0.990056   1.000000
  1207.47177    1.034807   1.000000
  1207.48643    0.983693   1.000000
  1207.50110    0.971985   1.000000
  1207.51535    1.001981   1.000000
  1207.53002    1.021550   1.000000
  1207.54410    0.935965   1.000000
  1207.55877    1.031952   1.000000
  1207.57343    0.956004   1.000000
  1207.58810    0.952488   1.000000
  1207.60277    0.970196   1.000000
  1207.61743    1.062820   1.000000
  1207.63210    1.051138   1.000000
  1207.64627    1.056962   1.000000
  1207.66043    1.034807   1.000000
  1207.67510    1.038627   1.000000
  1207.68977    1.030053   1.000000
  1207.70443    1.130471   1.000000
  1207.71893    0.981883   1.000000
  1207.73360    0.886461   1.000000
  1207.74827    1.083576   1.000000
  1207.76252    0.938555   1.000000
  1207.77710    1.055989   1.000000
  1207.79127    0.987324   1.000000
  1207.80593    1.018731   1.000000
  1207.82060    1.045345   1.000000
  1207.83527    1.053076   1.000000
  1207.84993    0.991881   1.000000
  1207.86460    0.942887   1.000000
  1207.87927    1.041501   1.000000
  1207.89343    1.062820   1.000000
  1207.90760    1.077605   1.000000
  1207.92227    1.008462   1.000000
  1207.93693    0.912136   1.000000
  1207.95160    0.984599   1.000000
  1207.96610    0.975573   1.000000
  1207.98077    0.969303   1.000000
  1207.99543    1.003829   1.000000
  1208.01010    1.192503   1.000000
  1208.02477    1.030053   1.000000
  1208.03893    1.048237   1.000000
  1208.05310    0.938555   1.000000
  1208.06777    0.970196   1.000000
  1208.08243    1.053076   1.000000
  1208.09710    0.861508   1.000000
  1208.11178    0.941152   1.000000
  1208.12645    1.126314   1.000000
  1208.14112    1.076613   1.000000
  1208.15562    0.988233   1.000000
  1208.17028    0.968411   1.000000
  1208.18453    0.983693   1.000000
  1208.19920    1.043421   1.000000
  1208.21328    0.948985   1.000000
  1208.22795    1.008462   1.000000
  1208.24262    0.912136   1.000000
  1208.25728    0.942887   1.000000
  1208.27237    0.979173   1.000000
  1208.28703    1.019670   1.000000
  1208.30128    1.015920   1.000000
  1208.31595    0.897139   1.000000
  1208.33045    0.938555   1.000000
  1208.34512    0.965739   1.000000
  1208.35978    1.135689   1.000000
  1208.37445    0.877525   1.000000
  1208.38912    1.015920   1.000000
  1208.40378    0.994625   1.000000
  1208.41845    1.055989   1.000000
  1208.43312    0.948112   1.000000
  1208.44728    0.954244   1.000000
  1208.46187    0.996459   1.000000
  1208.47612    1.078598   1.000000
  1208.49078    1.009391   1.000000
  1208.50545    0.918882   1.000000
  1208.51995    0.968411   1.000000
  1208.53462    0.905440   1.000000
  1208.54928    1.018731   1.000000
  1208.56395    1.109838   1.000000
  1208.57862    1.038627   1.000000
  1208.59328    1.010321   1.000000
  1208.60795    1.013117   1.000000
  1208.62212    0.940285   1.000000
  1208.63628    1.035761   1.000000
  1208.65095    0.900450   1.000000
  1208.66562    0.831878   1.000000
  1208.68028    0.967519   1.000000
  1208.69495    0.997377   1.000000
  1208.70945    0.940285   1.000000
  1208.72412    1.068709   1.000000
  1208.73878    0.885645   1.000000
  1208.75345    1.088578   1.000000
  1208.76762    0.984599   1.000000
  1208.78228    1.000137   1.000000
  1208.79695    0.838802   1.000000
  1208.81112    0.878334   1.000000
  1208.82578    0.880764   1.000000
  1208.84045    1.308759   1.000000
  1208.85513    1.105757   1.000000
  1208.86980    1.150428   1.000000
  1208.88480    0.967519   1.000000
  1208.89897    1.048237   1.000000
  1208.91363    1.001059   1.000000
  1208.92830    1.042460   1.000000
  1208.94297    0.965739   1.000000
  1208.95763    1.015920   1.000000
  1208.97230    1.140931   1.000000
  1208.98697    0.966628   1.000000
  1209.00163    1.014985   1.000000
  1209.01613    0.997377   1.000000
  1209.03080    0.912976   1.000000
  1209.04547    1.044382   1.000000
  1209.06013    0.935965   1.000000
  1209.07430    1.112909   1.000000
  1209.08847    0.941152   1.000000
  1209.10363    1.043421   1.000000
  1209.11780    0.958649   1.000000
  1209.13747    0.949860   1.000000
  1209.15263    0.950735   1.000000
  1209.16730    0.974674   1.000000
  1209.18197    0.971090   1.000000
  1209.19647    0.987324   1.000000
  1209.21113    1.037671   1.000000
  1209.22580    0.942019   1.000000
  1209.24047    1.038627   1.000000
  1209.25463    1.030053   1.000000
  1209.26930    1.004754   1.000000
  1209.28447    1.191405   1.000000
  1209.29913    1.040542   1.000000
  1209.31363    1.042460   1.000000
  1209.32830    1.067725   1.000000
  1209.34297    0.955124   1.000000
  1209.35763    0.881576   1.000000
  1209.37280    0.921424   1.000000
  1209.38697    0.972881   1.000000
  1209.40163    1.057936   1.000000
  1209.41630    0.951611   1.000000
  1209.43097    1.227042   1.000000
  1209.44547    1.254468   1.000000
  1209.46013    0.896313   1.000000
  1209.47480    1.075622   1.000000
  1209.48947    1.087576   1.000000
  1209.50638    1.009391   1.000000
  1209.52147    1.041501   1.000000
  1209.53613    0.942019   1.000000
  1209.55080    0.969303   1.000000
  1209.56497    1.092596   1.000000
  1209.57963    1.099663   1.000000
  1209.59432    1.001981   1.000000
  1209.60898    0.957766   1.000000
  1209.62398    0.954244   1.000000
  1209.63865    0.978272   1.000000
  1209.65332    0.892195   1.000000
  1209.66798    0.963961   1.000000
  1209.68265    0.928238   1.000000
  1209.69732    0.962187   1.000000
  1209.71198    1.104739   1.000000
  1209.72665    1.007534   1.000000
  1209.74132    1.025320   1.000000
  1209.75582    1.019670   1.000000
  1209.77048    1.010321   1.000000
  1209.78515    1.006606   1.000000
  1209.79982    0.942887   1.000000
  1209.81448    1.083576   1.000000
  1209.82915    1.075622   1.000000
  1209.84382    1.057936   1.000000
  1209.85848    1.060864   1.000000
  1209.87298    1.001059   1.000000
  1209.88765    0.883201   1.000000
  1209.90232    0.956004   1.000000
  1209.91698    0.977371   1.000000
  1209.93165    1.027211   1.000000
  1209.94632    0.872689   1.000000
  1209.96098    1.036715   1.000000
  1209.97565    0.953366   1.000000
  1209.98973    1.074631   1.000000
  1210.00440    1.064779   1.000000
  1210.01907    1.001981   1.000000
  1210.03373    1.031952   1.000000
  1210.04840    1.092596   1.000000
  1210.06248    0.927384   1.000000
  1210.07715    1.027211   1.000000
  1210.09182    0.965739   1.000000
  1210.10648    0.935103   1.000000
  1210.12115    1.006606   1.000000
  1210.13582    0.956004   1.000000
  1210.15048    0.990056   1.000000
  1210.16515    0.986415   1.000000
  1210.17965    0.980076   1.000000
  1210.19432    1.020609   1.000000
  1210.20898    0.973777   1.000000
  1210.22365    1.072654   1.000000
  1210.23832    1.033855   1.000000
  1210.25298    0.965739   1.000000
  1210.26765    1.029105   1.000000
  1210.28232    0.976471   1.000000
  1210.29682    1.036715   1.000000
  1210.31148    0.963074   1.000000
  1210.32617    1.039584   1.000000
  1210.34083    0.971090   1.000000
  1210.35550    0.995542   1.000000
  1210.37017    0.991881   1.000000
  1210.38483    1.014050   1.000000
  1210.39950    0.906274   1.000000
  1210.41417    0.908782   1.000000
  1210.42867    1.012184   1.000000
  1210.44333    0.960416   1.000000
  1210.45800    0.946367   1.000000
  1210.47267    0.982787   1.000000
  1210.48733    0.983693   1.000000
  1210.50200    0.933382   1.000000
  1210.51667    1.070680   1.000000
  1210.53133    0.959532   1.000000
  1210.54583    1.055989   1.000000
  1210.56233    1.079592   1.000000
  1210.57700    0.997377   1.000000
  1210.59167    0.951611   1.000000
  1210.60633    0.942019   1.000000
  1210.62100    0.958649   1.000000
  1210.63567    0.997377   1.000000
  1210.65033    1.057936   1.000000
  1210.66492    0.968411   1.000000
  1210.67950    0.963074   1.000000
  1210.69417    0.933382   1.000000
  1210.70883    0.949860   1.000000
  1210.72350    0.911296   1.000000
  1210.73817    1.001059   1.000000
  1210.75283    1.017793   1.000000
  1210.76750    1.061841   1.000000
  1210.78258    1.006606   1.000000
  1210.79717    1.005679   1.000000
  1210.81233    1.082579   1.000000
  1210.82700    1.059887   1.000000
  1210.84167    1.054046   1.000000
  1210.85617    0.966628   1.000000
  1210.87083    1.012184   1.000000
  1210.88550    0.989144   1.000000
  1210.90017    1.053076   1.000000
  1210.91483    1.081582   1.000000
  1210.92992    0.985507   1.000000
  1210.94500    1.083576   1.000000
  1210.95967    1.108816   1.000000
  1210.97433    0.935103   1.000000
  1210.98900    0.963961   1.000000
  1211.00367    1.075622   1.000000
  1211.01833    1.087576   1.000000
  1211.03292    1.031002   1.000000
  1211.04750    0.972881   1.000000
  1211.06268    1.005679   1.000000
  1211.07735    1.105757   1.000000
  1211.09252    1.055017   1.000000
  1211.10702    0.961301   1.000000
  1211.12168    0.873493   1.000000
  1211.13635    1.003829   1.000000
  1211.15102    0.963074   1.000000
  1211.16568    0.904606   1.000000
  1211.18035    1.020609   1.000000
  1211.19543    0.958649   1.000000
  1211.21010    0.988233   1.000000
  1211.22518    1.031002   1.000000
  1211.23985    0.956004   1.000000
  1211.25452    1.067725   1.000000
  1211.26918    1.150428   1.000000
  1211.28368    1.014985   1.000000
  1211.29835    0.969303   1.000000
  1211.31302    0.980979   1.000000
  1211.32818    0.949860   1.000000
  1211.34318    0.968411   1.000000
  1211.35785    1.034807   1.000000
  1211.37252    1.131513   1.000000
  1211.38718    0.953366   1.000000
  1211.40185    1.124241   1.000000
  1211.41652    0.983693   1.000000
  1211.43118    1.042460   1.000000
  1211.44627    1.080587   1.000000
  1211.46135    0.949860   1.000000
  1211.47602    1.035761   1.000000
  1211.49068    1.011252   1.000000
  1211.50535    0.871886   1.000000
  1211.52002    0.991881   1.000000
  1211.53452    1.024376   1.000000
  1211.54968    0.961301   1.000000
  1211.56435    0.971090   1.000000
  1211.57952    0.974674   1.000000
  1211.59402    1.066742   1.000000
  1211.60868    1.035761   1.000000
  1211.62335    1.024376   1.000000
  1211.63852    1.024376   1.000000
  1211.65310    1.033855   1.000000
  1211.66818    1.028157   1.000000
  1211.68285    1.031002   1.000000
  1211.69752    1.138832   1.000000
  1211.71218    0.963074   1.000000
  1211.72685    1.059887   1.000000
  1211.74193    1.070680   1.000000
  1211.75660    1.077605   1.000000
  1211.77168    1.001981   1.000000
  1211.78635    0.903773   1.000000
  1211.80102    1.028157   1.000000
  1211.81570    1.126314   1.000000
  1211.83037    1.032903   1.000000
  1211.84537    1.076613   1.000000
  1211.86003    0.970196   1.000000
  1211.87520    0.942019   1.000000
  1211.88987    1.042460   1.000000
  1211.90437    0.942019   1.000000
  1211.91903    0.995542   1.000000
  1211.93370    1.115988   1.000000
  1211.94837    1.008462   1.000000
  1211.96345    1.063799   1.000000
  1211.97853    1.046308   1.000000
  1211.99320    0.895488   1.000000
  1212.00787    0.929094   1.000000
  1212.02253    1.006606   1.000000
  1212.03720    0.995542   1.000000
  1212.05228    0.983693   1.000000
  1212.06695    0.992795   1.000000
  1212.08203    0.982787   1.000000
  1212.09670    0.922273   1.000000
  1212.11137    0.990056   1.000000
  1212.12603    0.992795   1.000000
  1212.14053    0.946367   1.000000
  1212.15570    1.072654   1.000000
  1212.17087    0.990968   1.000000
  1212.18553    1.046308   1.000000
  1212.20012    1.002904   1.000000
  1212.21520    0.959532   1.000000
  1212.23037    1.032903   1.000000
  1212.24503    1.110861   1.000000
  1212.25970    0.871886   1.000000
  1212.27420    1.131513   1.000000
  1212.28887    0.985507   1.000000
  1212.30403    0.989144   1.000000
  1212.31920    0.978272   1.000000
  1212.33370    1.060864   1.000000
  1212.34837    0.953366   1.000000
  1212.36303    1.076613   1.000000
  1212.37770    1.036715   1.000000
  1212.39237    1.051138   1.000000
  1212.40745    0.944625   1.000000
  1212.42253    0.996459   1.000000
  1212.43720    1.063799   1.000000
  1212.45187    1.066742   1.000000
  1212.46695    1.035761   1.000000
  1212.48203    0.957766   1.000000
  1212.49670    1.063799   1.000000
  1212.51137    0.963961   1.000000
  1212.52603    0.946367   1.000000
  1212.54070    1.079592   1.000000
  1212.55580    1.062820   1.000000
  1212.57088    1.027211   1.000000
  1212.58555    1.024376   1.000000
  1212.60022    0.992795   1.000000
  1212.61488    1.100676   1.000000
  1212.62947    0.888095   1.000000
  1212.64455    1.010321   1.000000
  1212.65972    1.006606   1.000000
  1212.67438    1.035761   1.000000
  1212.68905    0.948985   1.000000
  1212.70355    1.043421   1.000000
  1212.71822    1.150428   1.000000
  1212.73338    0.874298   1.000000
  1212.74855    1.027211   1.000000
  1212.76305    0.970196   1.000000
  1212.77772    0.909619   1.000000
  1212.79238    1.000137   1.000000
  1212.80755    1.013117   1.000000
  1212.82255    1.005679   1.000000
  1212.83722    0.956004   1.000000
  1212.85188    1.035761   1.000000
  1212.86655    1.004754   1.000000
  1212.88122    1.032903   1.000000
  1212.89630    1.031952   1.000000
  1212.91138    1.048237   1.000000
  1212.92605    0.975573   1.000000
  1212.94072    0.934242   1.000000
  1212.95538    0.991881   1.000000
  1212.97005    1.145143   1.000000
  1212.98513    0.980979   1.000000
  1213.00022    1.141983   1.000000
  1213.01488    1.067725   1.000000
  1213.02955    1.005679   1.000000
  1213.04422    1.044382   1.000000
  1213.05930    0.912136   1.000000
  1213.07438    0.983693   1.000000
  1213.08905    0.970196   1.000000
  1213.10372    0.969303   1.000000
  1213.11838    0.979173   1.000000
  1213.13288    0.968411   1.000000
  1213.14855    1.002904   1.000000
  1213.16322    1.000137   1.000000
  1213.17788    0.965739   1.000000
  1213.19238    0.973777   1.000000
  1213.20705    1.014050   1.000000
  1213.22222    0.962187   1.000000
  1213.23738    0.958649   1.000000
  1213.25188    1.086575   1.000000
  1213.26655    0.996459   1.000000
  1213.28122    1.007534   1.000000
  1213.29640    1.010321   1.000000
  1213.31140    0.990968   1.000000
  1213.32607    0.971985   1.000000
  1213.34073    1.059887   1.000000
  1213.35540    1.099663   1.000000
  1213.37007    1.065760   1.000000
  1213.38557    1.043421   1.000000
  1213.40023    1.084575   1.000000
  1213.41490    0.966628   1.000000
  1213.42957    0.926530   1.000000
  1213.44423    1.060864   1.000000
  1213.45932    0.954244   1.000000
  1213.47440    0.933382   1.000000
  1213.48907    0.854397   1.000000
  1213.50373    0.997377   1.000000
  1213.51840    1.055989   1.000000
  1213.53348    0.864688   1.000000
  1213.54857    0.980076   1.000000
  1213.56323    0.971985   1.000000
  1213.57790    0.975573   1.000000
  1213.59257    1.078598   1.000000
  1213.60765    1.006606   1.000000
  1213.62273    0.971985   1.000000
  1213.63740    1.114961   1.000000
  1213.65207    0.939419   1.000000
  1213.66673    1.007534   1.000000
  1213.68173    0.948112   1.000000
  1213.69690    0.990056   1.000000
  1213.71157    0.973777   1.000000
  1213.72623    0.979173   1.000000
  1213.74073    1.020609   1.000000
  1213.75590    0.932523   1.000000
  1213.77107    0.956004   1.000000
  1213.78573    1.034807   1.000000
  1213.80023    0.942887   1.000000
  1213.81490    1.011252   1.000000
  1213.83007    1.018731   1.000000
  1213.84523    1.050170   1.000000
  1213.85973    1.002904   1.000000
  1213.87440    1.145143   1.000000
