   871.50420    1.017244   1.000000
   871.51440    1.080645   1.000000
   871.52520    0.989065   1.000000
   871.53600    0.989065   0.999999
   871.54680    1.058103   0.999999
   871.55700    0.958069   0.999999
   871.56780    1.046831   0.999999
   871.57860    1.005972   0.999998
   871.58940    0.945389   0.999998
   871.60020    1.089099   0.999997
   871.61040    0.980612   0.999997
   871.62120    1.011608   0.999996
   871.63200    0.993292   0.999995
   871.64280    0.929890   0.999994
   871.65300    0.912983   0.999993
   871.66380    0.946798   0.999992
   871.67460    0.984839   0.999990
   871.68540    1.077828   0.999989
   871.69620    1.036969   0.999987
   871.70640    1.022880   0.999985
   871.71720    0.943980   0.999983
   871.72800    0.983430   0.999981
   871.73880    1.008790   0.999978
   871.74900    0.986247   0.999975
   871.75980    1.086281   0.999972
   871.77060    1.104597   0.999969
   871.78140    0.983430   0.999965
   871.79220    0.879169   0.999962
   871.80240    0.925664   0.999958
   871.81320    1.067965   0.999953
   871.82400    0.886214   0.999948
   871.83480    0.903121   0.999943
   871.84500    1.027106   0.999938
   871.85580    0.980612   0.999932
   871.86660    1.041196   0.999926
   871.87740    0.990474   0.999920
   871.88820    0.897485   0.999913
   871.89840    0.977794   0.999906
   871.90920    0.938344   0.999898
   871.92000    0.920028   0.999890
   871.93080    1.049649   0.999881
   871.94100    0.907348   0.999872
   871.95180    1.077828   0.999862
   871.96260    1.032742   0.999852
   871.97340    1.051058   0.999842
   871.98420    1.075010   0.999830
   871.99440    1.001746   0.999819
   872.00520    0.936935   0.999807
   872.01600    1.017244   0.999794
   872.02680    1.034151   0.999780
   872.03700    1.020062   0.999767
   872.04780    0.962296   0.999752
   872.05860    1.038378   0.999737
   872.06940    1.003155   0.999721
   872.08020    1.048240   0.999704
   872.09040    1.003155   0.999688
   872.10120    1.001746   0.999670
   872.11200    1.135593   0.999651
   872.12280    0.982021   0.999632
   872.13300    1.052467   0.999613
   872.14380    1.028515   0.999592
   872.15460    0.908757   0.999570
   872.16540    1.031333   0.999547
   872.17620    1.041196   0.999524
   872.18640    1.079236   0.999501
   872.19720    1.049649   0.999476
   872.20800    0.929890   0.999450
   872.21880    0.891849   0.999423
   872.22900    1.093326   0.999397
   872.23980    0.958069   0.999368
   872.25060    0.858035   0.999339
   872.26140    0.963705   0.999309
   872.27220    0.977794   0.999277
   872.28240    0.942571   0.999247
   872.29320    1.091917   0.999213
   872.30400    0.970749   0.999179
   872.31480    1.020062   0.999143
   872.32500    0.927073   0.999109
   872.33580    0.874942   0.999072
   872.34660    0.945389   0.999033
   872.35740    0.917210   0.998994
   872.36820    0.920028   0.998953
   872.37840    1.001746   0.998913
   872.38920    0.960887   0.998870
   872.40000    0.893258   0.998826
   872.41080    0.984839   0.998781
   872.42100    1.029924   0.998737
   872.43180    1.021471   0.998689
   872.44260    1.005972   0.998641
   872.45340    0.979203   0.998591
   872.46420    0.987656   0.998539
   872.47440    0.894667   0.998489
   872.48520    0.866489   0.998436
   872.49600    1.018653   0.998380
   872.50680    1.101779   0.998324
   872.51700    0.989065   0.998269
   872.52780    0.914392   0.998210
   872.53860    1.127140   0.998149
   872.54940    1.091917   0.998087
   872.56020    0.959478   0.998024
   872.57040    0.918619   0.997963
   872.58120    1.003155   0.997897
   872.59200    1.128549   0.997829
   872.60280    0.967931   0.997760
   872.61300    1.051058   0.997693
   872.62380    0.956660   0.997621
   872.63460    0.972158   0.997548
   872.64540    1.000337   0.997472
   872.65620    1.038378   0.997396
   872.66640    1.003155   0.997322
   872.67720    0.990474   0.997242
   872.68800    0.974976   0.997161
   872.69880    1.063738   0.997077
   872.70900    1.045422   0.996998
   872.71980    0.912983   0.996911
   872.73060    1.041196   0.996823
   872.74140    1.015835   0.996734
   872.75220    0.956660   0.996642
   872.76240    1.036969   0.996554
   872.77320    1.110233   0.996460
   872.78400    0.960887   0.996363
   872.79480    0.946798   0.996265
   872.80500    0.972158   0.996170
   872.81580    1.011608   0.996069
   872.82660    0.997519   0.995965
   872.83740    0.959478   0.995859
   872.84820    0.974976   0.995752
   872.85840    0.974976   0.995649
   872.86920    0.987656   0.995538
   872.88000    0.997519   0.995425
   872.89080    0.932708   0.995310
   872.90100    1.003155   0.995200
   872.91180    0.997519   0.995081
   872.92260    1.035560   0.994961
   872.93340    0.948206   0.994838
   872.94420    1.028515   0.994714
   872.95440    1.079236   0.994594
   872.96520    1.028515   0.994465
   872.97600    0.911574   0.994335
   872.98680    1.028515   0.994202
   872.99700    0.938344   0.994075
   873.00780    0.977794   0.993938
   873.01860    1.048240   0.993799
   873.02940    0.994701   0.993658
   873.04020    0.986247   0.993515
   873.05040    0.952433   0.993378
   873.06120    1.032742   0.993231
   873.07200    1.180679   0.993081
   873.08280    0.974976   0.992930
   873.09300    1.127140   0.992784
   873.10380    1.018653   0.992628
   873.11460    0.943980   0.992470
   873.12540    0.977794   0.992309
   873.13620    1.025697   0.992146
   873.14640    0.874942   0.991991
   873.15720    1.008790   0.991823
   873.16800    0.994701   0.991654
   873.17880    0.952433   0.991482
   873.18900    0.918619   0.991317
   873.19980    1.049649   0.991141
   873.21060    0.960887   0.990962
   873.22140    0.960887   0.990780
   873.23220    0.973567   0.990597
   873.24240    1.070783   0.990421
   873.25320    0.958069   0.990232
   873.26400    0.938344   0.990042
   873.27480    1.039787   0.989848
   873.28500    0.907348   0.989663
   873.29580    0.959478   0.989465
   873.30660    0.890441   0.989265
   873.31740    0.963705   0.989061
   873.32820    1.028515   0.988856
   873.33840    0.990474   0.988659
   873.34920    0.912983   0.988449
   873.36000    0.998928   0.988235
   873.37080    0.887623   0.988020
   873.38100    0.991883   0.987813
   873.39180    0.994701   0.987593
   873.40260    0.943980   0.987369
   873.41340    1.028515   0.987143
   873.42420    1.013017   0.986914
   873.43440    0.958069   0.986696
   873.44520    1.020062   0.986462
   873.45600    1.021471   0.986225
   873.46680    1.015835   0.985986
   873.47700    1.065147   0.985758
   873.48780    0.938344   0.985513
   873.49860    0.922846   0.985266
   873.50940    0.876351   0.985016
   873.52020    1.020062   0.984763
   873.53040    0.943980   0.984522
   873.54120    0.986247   0.984264
   873.55200    0.991883   0.984003
   873.56280    0.994701   0.983739
   873.57300    1.000337   0.983487
   873.58380    0.982021   0.983218
   873.59460    1.011608   0.982946
   873.60540    0.927073   0.982671
   873.61620    0.942571   0.982393
   873.62640    0.931299   0.982128
   873.63720    0.932708   0.981845
   873.64800    0.891849   0.981559
   873.65880    1.087690   0.981270
   873.66900    0.969340   0.980994
   873.67980    0.890441   0.980699
   873.69060    1.075010   0.980401
   873.70140    1.100370   0.980100
   873.71220    1.044013   0.979797
   873.72240    0.970749   0.979507
   873.73320    0.934117   0.979198
   873.74400    0.987656   0.978886
   873.75480    0.994701   0.978570
   873.76500    0.915801   0.978269
   873.77580    0.982021   0.977948
   873.78660    0.977794   0.977624
   873.79740    0.929890   0.977297
   873.80820    0.918619   0.976966
   873.81840    1.014426   0.976652
   873.82920    0.911574   0.976315
   873.84000    1.045422   0.975976
   873.85080    0.948206   0.975634
   873.86100    0.894667   0.975307
   873.87180    1.021471   0.974959
   873.88260    0.984839   0.974607
   873.89340    0.956660   0.974253
   873.90420    1.010199   0.973895
   873.91440    0.958069   0.973554
   873.92520    0.973567   0.973190
   873.93600    1.007381   0.972823
   873.94680    0.991883   0.972453
   873.95700    0.898894   0.972101
   873.96780    0.956660   0.971725
   873.97860    0.912983   0.971345
   873.98940    0.843946   0.970963
   874.00020    0.827039   0.970577
   874.01040    0.987656   0.970209
   874.02120    0.943980   0.969817
   874.03200    0.991883   0.969422
   874.04280    0.949615   0.969024
   874.05300    1.100370   0.968645
   874.06380    0.931299   0.968240
   874.07460    0.900303   0.967832
   874.08540    0.972158   0.967421
   874.09620    0.963705   0.967006
   874.10640    0.936935   0.966612
   874.11720    1.059512   0.966191
   874.12800    0.907348   0.965767
   874.13880    1.003155   0.965340
   874.14900    1.070783   0.964934
   874.15980    1.077828   0.964500
   874.17060    0.994701   0.964063
   874.18140    0.942571   0.963623
   874.19220    1.020062   0.963180
   874.20240    0.986247   0.962758
   874.21320    1.089099   0.962308
   874.22400    0.987656   0.961855
   874.23480    0.952433   0.961399
   874.24500    1.106006   0.960964
   874.25580    0.928482   0.960502
   874.26660    1.011608   0.960035
   874.27740    1.062329   0.959566
   874.28820    0.987656   0.959093
   874.29840    0.907348   0.958644
   874.30920    0.958069   0.958164
   874.32000    0.853809   0.957682
   874.33080    0.959478   0.957196
   874.34100    0.835492   0.956734
   874.35180    0.891849   0.956242
   874.36260    0.987656   0.955746
   874.37340    0.867898   0.955247
   874.38420    0.814359   0.954745
   874.39440    1.001746   0.954267
   874.40520    0.901712   0.953758
   874.41600    0.869307   0.953246
   874.42680    0.965114   0.952731
   874.43700    0.979203   0.952241
   874.44780    0.982021   0.951719
   874.45860    0.866489   0.951193
   874.46940    0.845355   0.950665
   874.48020    0.877760   0.950133
   874.49040    0.942571   0.949627
   874.50120    0.917210   0.949089
   874.51200    0.948206   0.948547
   874.52280    0.859444   0.948002
   874.53300    0.935526   0.947484
   874.54380    0.873533   0.946932
   874.55460    0.942571   0.946378
   874.56540    0.973567   0.945819
   874.57620    0.963705   0.945258
   874.58640    0.973567   0.944724
   874.59720    0.922846   0.944156
   874.60800    0.886214   0.943585
   874.61880    0.942571   0.943010
   874.62900    0.972158   0.942465
   874.63980    1.028515   0.941884
   874.65060    0.998928   0.941299
   874.66140    0.922846   0.940712
   874.67220    0.984839   0.940121
   874.68240    0.996110   0.939559
   874.69320    1.046831   0.938962
   874.70400    0.997519   0.938362
   874.71480    1.001746   0.937758
   874.72500    1.010199   0.937184
   874.73580    0.990474   0.936574
   874.74660    0.935526   0.935961
   874.75740    1.031333   0.935344
   874.76820    0.831266   0.934724
   874.77840    1.052467   0.934135
   874.78920    0.842537   0.933509
   874.80000    0.873533   0.932879
   874.81080    0.922846   0.932247
   874.82100    0.946798   0.931646
   874.83180    1.003155   0.931007
   874.84260    1.007381   0.930365
   874.85340    1.031333   0.929719
   874.86420    0.949615   0.929071
   874.87440    0.873533   0.928455
   874.88520    0.880578   0.927801
   874.89600    0.860853   0.927143
   874.90680    0.805905   0.926482
   874.91700    0.938344   0.925854
   874.92780    0.959478   0.925187
   874.93860    0.929890   0.924517
   874.94940    1.008790   0.923843
   874.96020    0.887623   0.923167
   874.97040    0.949615   0.922525
   874.98120    1.001746   0.921843
   874.99200    0.827039   0.921157
   875.00280    0.853809   0.920468
   875.01300    0.956660   0.919815
   875.02380    1.022880   0.919120
   875.03460    0.920028   0.918423
   875.04540    0.927073   0.917722
   875.05620    0.962296   0.917018
   875.06640    0.869307   0.916351
   875.07720    0.886214   0.915642
   875.08800    0.924255   0.914929
   875.09880    0.956660   0.914214
   875.10900    0.873533   0.913535
   875.11980    0.843946   0.912814
   875.13060    0.810132   0.912090
   875.14140    0.932708   0.911364
   875.15220    0.867898   0.910634
   875.16240    0.976385   0.909942
   875.17320    0.869307   0.909207
   875.18400    0.979203   0.908468
   875.19480    0.929890   0.907727
   875.20500    0.938344   0.907025
   875.21580    0.860853   0.906279
   875.22660    0.884805   0.905530
   875.23740    0.852400   0.904778
   875.24820    0.835492   0.904023
   875.25840    1.013017   0.903308
   875.26920    0.958069   0.902548
   875.28000    1.003155   0.901785
   875.29080    0.935526   0.901020
   875.30100    1.046831   0.900295
   875.31180    0.980612   0.899525
   875.32260    0.941162   0.898752
   875.33340    0.915801   0.897976
   875.34420    0.984839   0.897198
   875.35440    1.059512   0.896461
   875.36520    0.943980   0.895678
   875.37600    0.893258   0.894893
   875.38680    1.000337   0.894105
   875.39700    0.872125   0.893358
   875.40780    0.931299   0.892566
   875.41860    0.973567   0.891771
   875.42940    0.924255   0.890974
   875.44020    1.013017   0.890174
   875.45040    0.903121   0.889416
   875.46120    0.983430   0.888612
   875.47200    0.984839   0.887806
   875.48280    0.872125   0.886997
   875.49300    0.928482   0.886231
   875.50380    0.879169   0.885418
   875.51460    0.941162   0.884603
   875.52540    0.869307   0.883786
   875.53620    0.872125   0.882966
   875.54640    0.904530   0.882191
   875.55720    0.908757   0.881367
   875.56800    0.788998   0.880542
   875.57880    0.938344   0.879715
   875.58900    1.013017   0.878932
   875.59980    0.872125   0.878101
   875.61060    0.967931   0.877268
   875.62140    0.824221   0.876433
   875.63220    0.841128   0.875597
   875.64240    0.772091   0.874805
   875.65320    0.949615   0.873965
   875.66400    0.941162   0.873123
   875.67480    0.931299   0.872280
   875.68500    0.941162   0.871482
   875.69580    0.956660   0.870636
   875.70660    0.932708   0.869788
   875.71740    0.943980   0.868939
   875.72820    0.876351   0.868088
   875.73840    0.798860   0.867283
   875.74920    0.898894   0.866429
   875.76000    0.928482   0.865574
   875.77080    0.884805   0.864717
   875.78100    0.927073   0.863907
   875.79180    0.905939   0.863048
   875.80260    0.928482   0.862188
   875.81340    0.853809   0.861327
   875.82420    0.879169   0.860464
   875.83440    0.843946   0.859649
   875.84520    0.865080   0.858784
   875.85600    0.834084   0.857918
   875.86680    0.945389   0.857051
   875.87700    0.893258   0.856232
   875.88780    0.881987   0.855363
   875.89860    0.880578   0.854493
   875.90940    0.869307   0.853623
   875.92020    0.938344   0.852752
   875.93040    0.796043   0.851928
   875.94120    0.879169   0.851055
   875.95200    0.821403   0.850182
   875.96280    0.898894   0.849308
   875.97300    0.912983   0.848481
   875.98380    0.848173   0.847606
   875.99460    0.827039   0.846730
   876.00540    0.925664   0.845853
   876.01620    0.956660   0.844976
   876.02640    0.812950   0.844147
   876.03720    0.791816   0.843269
   876.04800    0.860853   0.842391
   876.05880    0.843946   0.841512
   876.06900    0.921437   0.840682
   876.07980    0.846764   0.839803
   876.09060    0.880578   0.838924
   876.10140    0.865080   0.838044
   876.11220    0.929890   0.837164
   876.12240    0.842537   0.836333
   876.13320    0.828448   0.835453
   876.14400    0.803087   0.834573
   876.15480    0.796043   0.833693
   876.16500    0.946798   0.832862
   876.17580    0.828448   0.831982
   876.18660    0.910166   0.831102
   876.19740    0.762228   0.830222
   876.20820    0.814359   0.829343
   876.21840    0.781953   0.828512
   876.22920    0.804496   0.827633
   876.24000    0.801678   0.826755
   876.25080    0.848173   0.825876
   876.26100    0.845355   0.825047
   876.27180    0.873533   0.824170
   876.28260    0.890441   0.823293
   876.29340    0.850991   0.822416
   876.30420    0.783362   0.821540
   876.31440    0.819994   0.820713
   876.32520    0.829857   0.819838
   876.33600    0.696009   0.818964
   876.34680    0.774909   0.818091
   876.35700    0.860853   0.817267
   876.36780    0.841128   0.816395
   876.37860    0.925664   0.815524
   876.38940    0.866489   0.814654
   876.40020    0.839719   0.813785
   876.41040    0.853809   0.812964
   876.42120    0.903121   0.812097
   876.43200    0.908757   0.811231
   876.44280    0.866489   0.810366
   876.45300    0.815768   0.809550
   876.46380    0.828448   0.808687
   876.47460    0.859444   0.807825
   876.48540    0.755184   0.806965
   876.49620    0.819994   0.806105
   876.50640    0.766455   0.805295
   876.51720    0.819994   0.804439
   876.52800    0.883396   0.803584
   876.53880    0.920028   0.802730
   876.54900    0.797452   0.801925
   876.55980    0.752366   0.801075
   876.57060    0.742503   0.800226
   876.58140    0.877760   0.799378
   876.59220    0.767864   0.798533
   876.60240    0.755184   0.797735
   876.61320    0.838310   0.796893
   876.62400    0.790407   0.796053
   876.63480    0.755184   0.795214
   876.64500    0.794634   0.794424
   876.65580    0.749548   0.793589
   876.66660    0.781953   0.792756
   876.67740    0.839719   0.791925
   876.68820    0.767864   0.791097
   876.69840    0.715734   0.790316
   876.70920    0.849582   0.789491
   876.72000    0.790407   0.788669
   876.73080    0.705871   0.787849
   876.74100    0.697418   0.787076
   876.75180    0.708689   0.786260
   876.76260    0.729823   0.785447
   876.77340    0.684738   0.784636
   876.78420    0.863671   0.783827
   876.79440    0.908757   0.783066
   876.80520    0.758002   0.782262
   876.81600    0.810132   0.781461
   876.82680    0.786180   0.780662
   876.83700    0.663604   0.779910
   876.84780    0.729823   0.779117
   876.85860    0.732641   0.778326
   876.86940    0.779135   0.777538
   876.88020    0.843946   0.776753
   876.89040    0.748139   0.776014
   876.90120    0.750957   0.775234
   876.91200    0.831266   0.774457
   876.92280    0.669239   0.773683
   876.93300    0.721370   0.772955
   876.94380    0.817176   0.772187
   876.95460    0.755184   0.771421
   876.96540    0.721370   0.770659
   876.97620    0.839719   0.769900
   876.98640    0.701645   0.769186
   876.99720    0.750957   0.768434
   877.00800    0.804496   0.767684
   877.01880    0.705871   0.766937
   877.02900    0.753775   0.766236
   877.03980    0.781953   0.765496
   877.05060    0.805905   0.764759
   877.06140    0.762228   0.764026
   877.07220    0.800269   0.763296
   877.08240    0.828448   0.762610
   877.09320    0.662195   0.761887
   877.10400    0.700236   0.761167
   877.11480    0.721370   0.760451
   877.12500    0.759411   0.759779
   877.13580    0.717143   0.759070
   877.14660    0.774909   0.758364
   877.15740    0.718552   0.757663
   877.16820    0.766455   0.756965
   877.17840    0.807314   0.756310
   877.18920    0.707280   0.755619
   877.20000    0.677693   0.754933
   877.21080    0.755184   0.754250
   877.22100    0.666421   0.753609
   877.23180    0.612882   0.752933
   877.24260    0.729823   0.752262
   877.25340    0.767864   0.751595
   877.26420    0.779135   0.750932
   877.27440    0.632607   0.750310
   877.28520    0.745321   0.749655
   877.29600    0.849582   0.749004
   877.30680    0.697418   0.748357
   877.31700    0.745321   0.747750
   877.32780    0.657968   0.747111
   877.33860    0.659377   0.746477
   877.34940    0.783362   0.745847
   877.36020    0.717143   0.745221
   877.37040    0.653741   0.744634
   877.38120    0.684738   0.744017
   877.39200    0.765046   0.743404
   877.40280    0.732641   0.742796
   877.41300    0.707280   0.742226
   877.42380    0.780544   0.741626
   877.43460    0.648105   0.741031
   877.44540    0.760819   0.740441
   877.45620    0.655150   0.739855
   877.46640    0.660786   0.739306
   877.47720    0.717143   0.738729
   877.48800    0.672057   0.738157
   877.49880    0.797452   0.737590
   877.50900    0.750957   0.737058
   877.51980    0.781953   0.736500
   877.53060    0.725596   0.735947
   877.54140    0.648105   0.735399
   877.55220    0.746730   0.734855
   877.56240    0.670648   0.734346
   877.57320    0.655150   0.733812
   877.58400    0.701645   0.733283
   877.59480    0.697418   0.732760
   877.60500    0.593157   0.732269
   877.61580    0.725596   0.731755
   877.62660    0.683329   0.731246
   877.63740    0.715734   0.730742
   877.64820    0.636834   0.730243
   877.65840    0.618518   0.729777
   877.66920    0.739686   0.729288
   877.68000    0.670648   0.728804
   877.69080    0.649514   0.728326
   877.70100    0.688964   0.727879
   877.71180    0.759411   0.727411
   877.72260    0.646697   0.726948
   877.73340    0.758002   0.726491
   877.74420    0.756593   0.726039
   877.75440    0.679102   0.725617
   877.76520    0.649514   0.725176
   877.77600    0.770682   0.724740
   877.78680    0.638243   0.724309
   877.79700    0.679102   0.723907
   877.80780    0.681920   0.723487
   877.81860    0.601611   0.723073
   877.82940    0.693191   0.722664
   877.84020    0.725596   0.722261
   877.85040    0.628381   0.721885
   877.86120    0.810132   0.721493
   877.87200    0.612882   0.721107
   877.88280    0.657968   0.720726
   877.89300    0.697418   0.720371
   877.90380    0.758002   0.720001
   877.91460    0.680511   0.719637
   877.92540    0.645288   0.719279
   877.93620    0.614291   0.718927
   877.94640    0.635425   0.718599
   877.95720    0.641061   0.718258
   877.96800    0.667830   0.717923
   877.97880    0.731232   0.717593
   877.98900    0.718552   0.717287
   877.99980    0.686146   0.716969
   878.01060    0.684738   0.716657
   878.02140    0.790407   0.716351
   878.03220    0.634016   0.716051
   878.04240    0.686146   0.715773
   878.05320    0.708689   0.715485
   878.06400    0.697418   0.715202
   878.07480    0.683329   0.714926
   878.08500    0.687555   0.714670
   878.09580    0.818585   0.714405
   878.10660    0.683329   0.714147
   878.11740    0.759411   0.713894
   878.12820    0.815768   0.713648
   878.13840    0.703054   0.713421
   878.14920    0.732641   0.713187
   878.16000    0.690373   0.712958
   878.17080    0.652332   0.712736
   878.18100    0.798860   0.712532
   878.19180    0.662195   0.712322
   878.20260    0.632607   0.712118
   878.21340    0.650923   0.711920
   878.22420    0.652332   0.711729
   878.23440    0.729823   0.711554
   878.24520    0.698827   0.711375
   878.25600    0.673466   0.711202
   878.26680    0.738277   0.711035
   878.27700    0.741095   0.710883
   878.28780    0.662195   0.710729
   878.29860    0.663604   0.710581
   878.30940    0.622745   0.710439
   878.32020    0.707280   0.710304
   878.33040    0.739686   0.710182
   878.34120    0.714325   0.710058
   878.35200    0.774909   0.709942
   878.36280    0.762228   0.709831
   878.37300    0.770682   0.709733
   878.38380    0.708689   0.709635
   878.39460    0.660786   0.709543
   878.40540    0.734050   0.709458
   878.41620    0.683329   0.709379
   878.42640    0.797452   0.709311
   878.43720    0.827039   0.709244
   878.44800    0.732641   0.709184
   878.45880    0.743912   0.709131
   878.46900    0.756593   0.709086
   878.47980    0.622745   0.709045
   878.49060    0.684738   0.709010
   878.50140    0.722778   0.708982
   878.51220    0.705871   0.708960
   878.52240    0.734050   0.708946
   878.53320    0.691782   0.708936
   878.54400    0.708689   0.708934
   878.55480    0.650923   0.708937
   878.56500    0.748139   0.708947
   878.57580    0.749548   0.708963
   878.58660    0.649514   0.708985
   878.59740    0.652332   0.709015
   878.60820    0.636834   0.709050
   878.61840    0.779135   0.709090
   878.62920    0.696009   0.709138
   878.64000    0.641061   0.709192
   878.65080    0.688964   0.709253
   878.66100    0.615700   0.709316
   878.67180    0.669239   0.709390
   878.68260    0.755184   0.709470
   878.69340    0.719961   0.709556
   878.70420    0.753775   0.709649
   878.71440    0.643879   0.709742
   878.72520    0.760819   0.709847
   878.73600    0.652332   0.709959
   878.74680    0.717143   0.710077
   878.75700    0.746730   0.710194
   878.76780    0.717143   0.710325
   878.77860    0.676284   0.710461
   878.78940    0.688964   0.710605
   878.80020    0.725596   0.710754
   878.81040    0.712916   0.710901
   878.82120    0.700236   0.711063
   878.83200    0.812950   0.711232
   878.84280    0.660786   0.711406
   878.85300    0.711507   0.711577
   878.86380    0.769273   0.711764
   878.87460    0.765046   0.711957
   878.88540    0.705871   0.712157
   878.89620    0.703054   0.712363
   878.90640    0.707280   0.712563
   878.91720    0.772091   0.712781
   878.92800    0.739686   0.713005
   878.93880    0.696009   0.713236
   878.94900    0.712916   0.713460
   878.95980    0.696009   0.713702
   878.97060    0.762228   0.713951
   878.98140    0.722778   0.714206
   878.99220    0.657968   0.714468
   879.00240    0.743912   0.714720
   879.01320    0.819994   0.714994
   879.02400    0.776318   0.715273
   879.03480    0.718552   0.715559
   879.04500    0.712916   0.715834
   879.05580    0.731232   0.716132
   879.06660    0.707280   0.716436
   879.07740    0.738277   0.716746
   879.08820    0.700236   0.717061
   879.09840    0.698827   0.717365
   879.10920    0.732641   0.717693
   879.12000    0.711507   0.718027
   879.13080    0.719961   0.718366
   879.14100    0.776318   0.718693
   879.15180    0.760819   0.719044
   879.16260    0.738277   0.719401
   879.17340    0.719961   0.719764
   879.18420    0.752366   0.720133
   879.19440    0.756593   0.720488
   879.20520    0.784771   0.720868
   879.21600    0.731232   0.721255
   879.22680    0.698827   0.721647
   879.23700    0.707280   0.722023
   879.24780    0.817176   0.722426
   879.25860    0.725596   0.722836
   879.26940    0.662195   0.723251
   879.28020    0.690373   0.723672
   879.29040    0.708689   0.724075
   879.30120    0.714325   0.724507
   879.31200    0.696009   0.724945
   879.32280    0.774909   0.725388
   879.33300    0.787589   0.725812
   879.34380    0.742503   0.726267
   879.35460    0.777727   0.726727
   879.36540    0.760819   0.727192
   879.37620    0.790407   0.727664
   879.38640    0.734050   0.728114
   879.39720    0.803087   0.728596
   879.40800    0.670648   0.729083
   879.41880    0.684738   0.729576
   879.42900    0.732641   0.730047
   879.43980    0.676284   0.730550
   879.45060    0.719961   0.731059
   879.46140    0.728414   0.731574
   879.47220    0.756593   0.732093
   879.48240    0.684738   0.732589
   879.49320    0.748139   0.733119
   879.50400    0.800269   0.733654
   879.51480    0.707280   0.734195
   879.52500    0.794634   0.734710
   879.53580    0.760819   0.735261
   879.54660    0.712916   0.735817
   879.55740    0.739686   0.736378
   879.56820    0.845355   0.736944
   879.57840    0.824221   0.737484
   879.58920    0.749548   0.738060
   879.60000    0.770682   0.738641
   879.61080    0.762228   0.739227
   879.62100    0.739686   0.739785
   879.63180    0.674875   0.740381
   879.64260    0.738277   0.740982
   879.65340    0.731232   0.741588
   879.66420    0.688964   0.742198
   879.67440    0.748139   0.742780
   879.68520    0.674875   0.743400
   879.69600    0.763637   0.744025
   879.70680    0.779135   0.744654
   879.71700    0.655150   0.745253
   879.72780    0.772091   0.745892
   879.73860    0.777727   0.746535
   879.74940    0.752366   0.747183
   879.76020    0.724187   0.747836
   879.77040    0.638243   0.748457
   879.78120    0.819994   0.749119
   879.79200    0.666421   0.749785
   879.80280    0.674875   0.750455
   879.81300    0.738277   0.751093
   879.82380    0.845355   0.751772
   879.83460    0.800269   0.752456
   879.84540    0.760819   0.753144
   879.85620    0.788998   0.753836
   879.86640    0.858035   0.754494
   879.87720    0.752366   0.755195
   879.88800    0.738277   0.755900
   879.89880    0.767864   0.756609
   879.90900    0.746730   0.757282
   879.91980    0.739686   0.757999
   879.93060    0.759411   0.758721
   879.94140    0.741095   0.759446
   879.95220    0.772091   0.760175
   879.96240    0.822812   0.760868
   879.97320    0.777727   0.761605
   879.98400    0.829857   0.762346
   879.99480    0.776318   0.763091
   880.00500    0.804496   0.763798
   880.01580    0.767864   0.764550
   880.02660    0.829857   0.765306
   880.03740    0.721370   0.766066
   880.04820    0.824221   0.766829
   880.05840    0.728414   0.767554
   880.06920    0.787589   0.768324
   880.08000    0.876351   0.769098
   880.09080    0.846764   0.769876
   880.10100    0.787589   0.770613
   880.11180    0.872125   0.771397
   880.12260    0.710098   0.772185
   880.13340    0.784771   0.772976
   880.14420    0.822812   0.773770
   880.15440    0.725596   0.774523
   880.16520    0.779135   0.775324
   880.17600    0.824221   0.776128
   880.18680    0.821403   0.776934
   880.19700    0.839719   0.777699
   880.20780    0.719961   0.778512
   880.21860    0.784771   0.779327
   880.22940    0.779135   0.780146
   880.24020    0.886214   0.780967
   880.25040    0.798860   0.781746
   880.26120    0.770682   0.782572
   880.27200    0.753775   0.783402
   880.28280    0.758002   0.784234
   880.29300    0.860853   0.785023
   880.30380    0.912983   0.785860
   880.31460    0.856626   0.786700
   880.32540    0.808723   0.787542
   880.33620    0.760819   0.788387
   880.34640    0.862262   0.789187
   880.35720    0.856626   0.790037
   880.36800    0.794634   0.790889
   880.37880    0.721370   0.791743
   880.38900    0.880578   0.792551
   880.39980    0.812950   0.793410
   880.41060    0.797452   0.794270
   880.42140    0.910166   0.795133
   880.43220    0.839719   0.795998
   880.44240    0.893258   0.796816
   880.45320    0.824221   0.797685
   880.46400    0.866489   0.798555
   880.47480    0.862262   0.799427
   880.48500    0.797452   0.800253
   880.49580    0.776318   0.801129
   880.50660    0.843946   0.802006
   880.51740    0.824221   0.802886
   880.52820    0.827039   0.803767
   880.53840    0.869307   0.804600
   880.54920    0.839719   0.805484
   880.56000    0.836901   0.806369
   880.57080    0.758002   0.807256
   880.58100    0.763637   0.808095
   880.59180    0.925664   0.808985
   880.60260    0.821403   0.809876
   880.61340    0.905939   0.810768
   880.62420    0.877760   0.811662
   880.63440    0.800269   0.812507
   880.64520    0.832675   0.813402
   880.65600    0.824221   0.814299
   880.66680    0.886214   0.815197
   880.67700    0.904530   0.816046
   880.68780    0.767864   0.816946
   880.69860    0.824221   0.817847
   880.70940    0.824221   0.818748
   880.72020    0.842537   0.819651
   880.73040    0.827039   0.820504
   880.74120    0.835492   0.821408
   880.75200    0.787589   0.822312
   880.76280    0.849582   0.823218
   880.77300    0.832675   0.824073
   880.78380    0.843946   0.824980
   880.79460    0.815768   0.825887
   880.80540    0.938344   0.826794
   880.81620    0.794634   0.827702
   880.82640    0.910166   0.828560
   880.83720    0.983430   0.829468
   880.84800    0.825630   0.830377
   880.85880    0.825630   0.831286
   880.86900    0.779135   0.832145
   880.87980    0.849582   0.833054
   880.89060    0.838310   0.833964
   880.90140    0.849582   0.834873
   880.91220    0.759411   0.835783
   880.92240    0.817176   0.836642
   880.93320    0.881987   0.837551
   880.94400    0.869307   0.838461
   880.95480    0.900303   0.839370
   880.96500    1.039787   0.840228
   880.97580    0.886214   0.841137
   880.98660    0.922846   0.842045
   880.99740    0.815768   0.842953
   881.00820    0.956660   0.843861
   881.01840    0.690373   0.844718
   881.02920    0.742503   0.845625
   881.04000    0.758002   0.846531
   881.05080    0.735459   0.847437
   881.06100    0.763637   0.848291
   881.07180    0.680511   0.849196
   881.08260    0.724187   0.850099
   881.09340    0.779135   0.851002
   881.10420    0.745321   0.851904
   881.11440    0.779135   0.852755
   881.12520    0.774909   0.853656
   881.13600    0.700236   0.854555
   881.14680    0.696009   0.855453
   881.15700    0.794634   0.856301
   881.16780    0.834084   0.857197
   881.17860    0.858035   0.858092
   881.18940    0.884805   0.858986
   881.20020    0.784771   0.859878
   881.21040    0.752366   0.860720
   881.22120    0.884805   0.861610
   881.23200    0.753775   0.862498
   881.24280    0.832675   0.863386
   881.25300    0.758002   0.864222
   881.26380    0.765046   0.865106
   881.27460    0.832675   0.865989
   881.28540    0.903121   0.866870
   881.29620    0.855217   0.867749
   881.30640    0.924255   0.868579
   881.31720    0.862262   0.869455
   881.32800    0.859444   0.870329
   881.33880    0.900303   0.871202
   881.34900    0.753775   0.872024
   881.35980    0.774909   0.872894
   881.37060    0.811541   0.873761
   881.38140    0.925664   0.874626
   881.39220    0.831266   0.875490
   881.40240    0.829857   0.876303
   881.41320    0.942571   0.877163
   881.42400    0.970749   0.878021
   881.43480    0.831266   0.878876
   881.44500    0.860853   0.879682
   881.45580    0.852400   0.880534
   881.46660    0.924255   0.881383
   881.47740    0.915801   0.882230
   881.48820    0.866489   0.883075
   881.49840    0.845355   0.883871
   881.50920    0.832675   0.884712
   881.52000    0.931299   0.885550
   881.53080    0.858035   0.886386
   881.54100    0.866489   0.887174
   881.55180    0.921437   0.888005
   881.56260    0.870716   0.888834
   881.57340    1.010199   0.889661
   881.58420    1.075010   0.890485
   881.59440    0.948206   0.891261
   881.60520    0.846764   0.892080
   881.61600    0.907348   0.892897
   881.62680    1.004563   0.893711
   881.63700    0.912983   0.894478
   881.64780    0.987656   0.895287
   881.65860    0.972158   0.896094
   881.66940    0.904530   0.896898
   881.68020    0.896076   0.897699
   881.69040    0.893258   0.898454
   881.70120    0.829857   0.899250
   881.71200    0.918619   0.900043
   881.72280    0.943980   0.900834
   881.73300    0.956660   0.901578
   881.74380    0.935526   0.902363
   881.75460    0.863671   0.903146
   881.76540    0.914392   0.903926
   881.77620    0.976385   0.904703
   881.78640    0.939753   0.905434
   881.79720    0.897485   0.906205
   881.80800    0.953842   0.906973
   881.81880    0.900303   0.907739
   881.82900    0.989065   0.908459
   881.83980    0.904530   0.909219
   881.85060    0.850991   0.909976
   881.86140    0.843946   0.910730
   881.87220    0.973567   0.911481
   881.88240    0.848173   0.912187
   881.89320    0.867898   0.912932
   881.90400    0.936935   0.913674
   881.91480    0.953842   0.914413
   881.92500    0.922846   0.915108
   881.93580    0.917210   0.915841
   881.94660    0.918619   0.916571
   881.95740    0.894667   0.917298
   881.96820    0.942571   0.918022
   881.97840    0.801678   0.918702
   881.98920    1.013017   0.919420
   882.00000    0.841128   0.920134
   882.01080    0.842537   0.920845
   882.02100    0.848173   0.921514
   882.03180    0.873533   0.922219
   882.04260    0.881987   0.922921
   882.05340    0.850991   0.923620
   882.06420    0.949615   0.924315
   882.07440    0.905939   0.924969
   882.08520    0.838310   0.925658
   882.09600    0.880578   0.926344
   882.10680    0.797452   0.927026
   882.11700    0.803087   0.927668
   882.12780    0.867898   0.928344
   882.13860    0.887623   0.929017
   882.14940    0.946798   0.929686
   882.16020    0.969340   0.930352
   882.17040    0.872125   0.930978
   882.18120    0.872125   0.931638
   882.19200    0.877760   0.932294
   882.20280    0.928482   0.932947
   882.21300    0.845355   0.933561
   882.22380    0.983430   0.934207
   882.23460    0.859444   0.934851
   882.24540    0.928482   0.935490
   882.25620    0.974976   0.936127
   882.26640    1.003155   0.936724
   882.27720    1.075010   0.937354
   882.28800    0.924255   0.937980
   882.29880    0.883396   0.938603
   882.30900    1.044013   0.939188
   882.31980    0.908757   0.939804
   882.33060    0.943980   0.940417
   882.34140    0.839719   0.941026
   882.35220    0.938344   0.941632
   882.36240    0.977794   0.942201
   882.37320    0.865080   0.942800
   882.38400    0.977794   0.943396
   882.39480    0.911574   0.943988
   882.40500    0.979203   0.944544
   882.41580    1.034151   0.945129
   882.42660    0.977794   0.945711
   882.43740    1.120095   0.946290
   882.44820    0.963705   0.946865
   882.45840    1.021471   0.947404
   882.46920    0.990474   0.947973
   882.48000    0.900303   0.948537
   882.49080    0.974976   0.949098
   882.50100    0.974976   0.949625
   882.51180    0.970749   0.950179
   882.52260    0.936935   0.950730
   882.53340    0.910166   0.951278
   882.54420    0.960887   0.951821
   882.55440    0.903121   0.952332
   882.56520    1.021471   0.952869
   882.57600    0.973567   0.953402
   882.58680    0.987656   0.953932
   882.59700    0.952433   0.954429
   882.60780    0.911574   0.954953
   882.61860    0.953842   0.955472
   882.62940    0.910166   0.955988
   882.64020    0.918619   0.956501
   882.65040    1.065147   0.956982
   882.66120    0.818585   0.957488
   882.67200    0.927073   0.957990
   882.68280    0.853809   0.958489
   882.69300    0.967931   0.958957
   882.70380    0.914392   0.959449
   882.71460    1.060920   0.959937
   882.72540    0.931299   0.960422
   882.73620    0.915801   0.960903
   882.74640    0.959478   0.961355
   882.75720    0.908757   0.961830
   882.76800    0.987656   0.962301
   882.77880    0.982021   0.962769
   882.78900    0.977794   0.963207
   882.79980    0.883396   0.963668
   882.81060    1.093326   0.964126
   882.82140    1.067965   0.964580
   882.83220    1.017244   0.965030
   882.84240    0.929890   0.965452
   882.85320    0.932708   0.965896
   882.86400    0.948206   0.966336
   882.87480    0.931299   0.966773
   882.88500    0.996110   0.967183
   882.89580    0.897485   0.967613
   882.90660    1.014426   0.968040
   882.91740    0.884805   0.968463
   882.92820    0.952433   0.968883
   882.93840    0.881987   0.969276
   882.94920    0.845355   0.969690
   882.96000    1.063738   0.970099
   882.97080    0.967931   0.970506
   882.98100    0.842537   0.970887
   882.99180    1.014426   0.971286
   883.00260    0.839719   0.971683
   883.01340    0.958069   0.972076
   883.02420    0.897485   0.972466
   883.03440    0.920028   0.972831
   883.04520    0.963705   0.973214
   883.05600    0.853809   0.973594
   883.06680    0.825630   0.973970
   883.07700    0.979203   0.974323
   883.08780    0.900303   0.974693
   883.09860    0.934117   0.975059
   883.10940    1.008790   0.975423
   883.12020    0.969340   0.975783
   883.13040    1.008790   0.976120
   883.14120    1.067965   0.976473
   883.15200    1.020062   0.976824
   883.16280    1.097553   0.977171
   883.17300    1.153910   0.977496
   883.18380    0.989065   0.977836
   883.19460    0.946798   0.978174
   883.20540    1.004563   0.978508
   883.21620    0.967931   0.978839
   883.22640    0.956660   0.979149
   883.23720    0.960887   0.979474
   883.24800    1.038378   0.979796
   883.25880    0.938344   0.980114
   883.26900    1.086281   0.980412
   883.27980    1.005972   0.980724
   883.29060    0.989065   0.981033
   883.30140    0.974976   0.981339
   883.31220    1.082054   0.981642
   883.32240    1.056694   0.981925
   883.33320    0.998928   0.982222
   883.34400    0.955251   0.982516
   883.35480    1.020062   0.982806
   883.36500    1.142638   0.983078
   883.37580    0.996110   0.983363
   883.38660    1.090508   0.983644
   883.39740    1.000337   0.983923
   883.40820    1.029924   0.984198
   883.41840    0.894667   0.984456
   883.42920    0.880578   0.984726
   883.44000    1.058103   0.984992
   883.45080    1.075010   0.985256
   883.46100    1.124322   0.985502
   883.47180    0.962296   0.985760
   883.48260    0.897485   0.986015
   883.49340    0.982021   0.986267
   883.50420    1.028515   0.986516
   883.51440    1.021471   0.986749
   883.52520    0.993292   0.986992
   883.53600    0.903121   0.987233
   883.54680    0.934117   0.987470
   883.55700    1.039787   0.987692
   883.56780    1.038378   0.987924
   883.57860    0.997519   0.988153
   883.58940    1.008790   0.988380
   883.60020    0.989065   0.988604
   883.61040    0.910166   0.988812
   883.62120    1.041196   0.989030
   883.63200    1.077828   0.989246
   883.64280    1.032742   0.989459
   883.65300    0.959478   0.989657
   883.66380    1.077828   0.989864
   883.67460    1.066556   0.990069
   883.68540    0.835492   0.990271
   883.69620    1.004563   0.990470
   883.70640    0.938344   0.990656
   883.71720    1.069374   0.990850
   883.72800    1.087690   0.991041
   883.73880    1.060920   0.991230
   883.74900    1.063738   0.991406
   883.75980    0.939753   0.991590
   883.77060    0.987656   0.991771
   883.78140    0.929890   0.991949
   883.79220    1.052467   0.992125
   883.80240    1.018653   0.992289
   883.81320    1.044013   0.992460
   883.82400    0.894667   0.992629
   883.83480    0.967931   0.992795
   883.84500    1.038378   0.992950
   883.85580    1.077828   0.993111
   883.86660    1.015835   0.993270
   883.87740    1.041196   0.993426
   883.88820    0.946798   0.993580
   883.89840    1.106006   0.993724
   883.90920    0.914392   0.993873
   883.92000    0.887623   0.994020
   883.93080    1.093326   0.994165
   883.94100    1.011608   0.994299
   883.95180    0.976385   0.994439
   883.96260    1.046831   0.994577
   883.97340    0.989065   0.994713
   883.98420    1.062329   0.994846
   883.99440    0.949615   0.994970
   884.00520    1.084872   0.995099
   884.01600    0.960887   0.995226
   884.02680    0.904530   0.995350
   884.03700    1.032742   0.995466
   884.04780    0.934117   0.995586
   884.05860    0.860853   0.995704
   884.06940    0.893258   0.995821
   884.08020    0.951024   0.995935
   884.09040    0.870716   0.996040
   884.10120    0.896076   0.996150
   884.11200    0.970749   0.996258
   884.12280    0.928482   0.996364
   884.13300    0.965114   0.996462
   884.14380    0.970749   0.996564
   884.15460    0.963705   0.996664
   884.16540    0.872125   0.996762
   884.17620    0.900303   0.996858
   884.18640    0.872125   0.996948
   884.19720    0.949615   0.997040
   884.20800    1.008790   0.997130
   884.21880    0.977794   0.997219
   884.22900    0.966523   0.997301
   884.23980    1.079236   0.997386
   884.25060    1.062329   0.997469
   884.26140    1.067965   0.997551
   884.27220    0.891849   0.997631
   884.28240    1.022880   0.997704
   884.29320    0.927073   0.997781
   884.30400    0.889032   0.997855
   884.31480    0.972158   0.997928
   884.32500    0.890441   0.997995
   884.33580    0.908757   0.998065
   884.34660    0.987656   0.998133
   884.35740    1.025697   0.998199
   884.36820    1.021471   0.998264
   884.37840    0.946798   0.998324
   884.38920    0.967931   0.998385
   884.40000    0.934117   0.998446
   884.41080    1.014426   0.998504
   884.42100    0.976385   0.998558
   884.43180    1.058103   0.998614
   884.44260    0.894667   0.998668
   884.45340    0.896076   0.998721
   884.46420    0.928482   0.998772
   884.47440    1.027106   0.998819
   884.48520    1.035560   0.998868
   884.49600    1.042604   0.998915
   884.50680    1.100370   0.998961
   884.51700    1.042604   0.999003
   884.52780    1.018653   0.999047
   884.53860    1.086281   0.999089
   884.54940    0.994701   0.999130
   884.56020    0.972158   0.999169
   884.57040    0.974976   0.999205
   884.58120    1.086281   0.999242
   884.59200    1.004563   0.999278
   884.60280    1.063738   0.999313
   884.61300    0.997519   0.999345
   884.62380    0.927073   0.999377
   884.63460    0.945389   0.999409
   884.64540    1.094735   0.999439
   884.65620    0.963705   0.999468
   884.66640    0.863671   0.999495
   884.67720    1.060920   0.999522
   884.68800    1.097553   0.999549
   884.69880    0.997519   0.999574
   884.70900    1.015835   0.999597
   884.71980    1.042604   0.999620
   884.73060    1.027106   0.999642
   884.74140    1.024288   0.999664
   884.75220    0.911574   0.999685
   884.76240    1.141229   0.999703
   884.77320    1.021471   0.999722
   884.78400    0.962296   0.999740
   884.79480    1.107415   0.999757
   884.80500    0.936935   0.999773
   884.81580    1.056694   0.999789
   884.82660    0.972158   0.999804
   884.83740    1.018653   0.999818
   884.84820    1.065147   0.999831
   884.85840    0.974976   0.999843
   884.86920    1.025697   0.999856
   884.88000    1.013017   0.999867
   884.89080    0.884805   0.999878
   884.90100    0.967931   0.999888
   884.91180    0.938344   0.999897
   884.92260    0.921437   0.999906
   884.93340    0.979203   0.999915
   884.94420    1.048240   0.999923
   884.95440    1.044013   0.999930
   884.96520    1.027106   0.999937
   884.97600    0.986247   0.999943
   884.98680    1.075010   0.999949
   884.99700    0.932708   0.999955
   885.00780    0.946798   0.999960
   885.01860    0.841128   0.999964
   885.02940    0.915801   0.999969
   885.04020    1.000337   0.999973
   885.05040    1.044013   0.999976
   885.06120    1.067965   0.999979
   885.07200    1.048240   0.999982
   885.08280    1.114460   0.999985
   885.09300    1.142638   0.999987
