   760.06500    1.014801   1.000000
   760.07580    1.058124   1.000000
   760.08600    1.095609   1.000000
   760.09680    1.088235   1.000000
   760.10760    0.920904   1.000000
   760.11840    1.060828   1.000000
   760.12920    0.984997   1.000000
   760.13940    0.903575   1.000000
   760.15020    1.185450   1.000000
   760.16100    1.122094   1.000000
   760.17180    0.895463   1.000000
   760.18200    0.905480   1.000000
   760.19280    1.129346   1.000000
   760.20360    1.099296   1.000000
   760.21440    1.036186   1.000000
   760.22520    1.034711   1.000000
   760.23540    1.033789   1.000000
   760.24620    1.111648   1.000000
   760.25700    1.095548   1.000000
   760.26780    0.910519   1.000000
   760.27800    1.036370   1.000000
   760.28880    0.915066   1.000000
   760.29960    0.920658   1.000000
   760.31040    1.122832   1.000000
   760.32120    1.078894   1.000000
   760.33140    0.956054   1.000000
   760.34220    1.079447   1.000000
   760.35300    1.008533   1.000000
   760.36380    1.114044   1.000000
   760.37400    1.103843   1.000000
   760.38480    1.026477   1.000000
   760.39560    1.058124   1.000000
   760.40640    1.117240   1.000000
   760.41720    1.207695   1.000000
   760.42740    1.057694   1.000000
   760.43820    1.048660   1.000000
   760.44900    0.986411   1.000000
   760.45980    1.064638   1.000000
   760.47000    1.138932   1.000000
   760.48080    1.029242   1.000000
   760.49160    0.989668   1.000000
   760.50240    1.010131   1.000000
   760.51320    1.082766   1.000000
   760.52340    0.997226   1.000000
   760.53420    0.985673   1.000000
   760.54500    1.015907   1.000000
   760.55580    1.061872   1.000000
   760.56600    1.040057   1.000000
   760.57680    0.989114   1.000000
   760.58760    1.028566   1.000000
   760.59840    1.010684   1.000000
   760.60920    1.057571   1.000000
   760.61940    1.027767   1.000000
   760.63020    0.997287   1.000000
   760.64100    0.981433   1.000000
   760.65180    1.028443   1.000000
   760.66200    1.066727   1.000000
   760.67280    1.047247   1.000000
   760.68360    1.012036   1.000000
   760.69440    0.975595   1.000000
   760.70520    1.022605   1.000000
   760.71540    1.010008   1.000000
   760.72620    1.005583   1.000000
   760.73700    1.011728   1.000000
   760.74780    0.977562   1.000000
   760.75800    0.986472   1.000000
   760.76880    1.035571   1.000000
   760.77960    0.980081   1.000000
   760.79040    1.001097   1.000000
   760.80120    1.077604   1.000000
   760.81140    1.031516   1.000000
   760.82220    0.977500   1.000000
   760.83300    0.999192   1.000000
   760.84380    1.023711   1.000000
   760.85400    0.981617   1.000000
   760.86480    1.055420   1.000000
   760.87560    1.060152   1.000000
   760.88640    0.960540   1.000000
   760.89720    1.056035   1.000000
   760.90740    0.962199   1.000000
   760.91820    1.051426   1.000000
   760.92900    1.033298   1.000000
   760.93980    0.986288   1.000000
   760.95000    0.975227   1.000000
   760.96080    1.021622   1.000000
   760.97160    0.999561   1.000000
   760.98240    0.992986   1.000000
   760.99320    0.990897   1.000000
   761.00340    1.040487   1.000000
   761.01420    0.991634   1.000000
   761.02500    0.996796   1.000000
   761.03580    1.056833   1.000000
   761.04600    1.039750   1.000000
   761.05680    0.965087   1.000000
   761.06760    1.005276   1.000000
   761.07840    1.051856   1.000000
   761.08920    0.995997   1.000000
   761.09940    0.995813   1.000000
   761.11020    0.992310   1.000000
   761.12100    1.006444   1.000000
   761.13180    0.990159   1.000000
   761.14200    1.020332   1.000000
   761.15280    1.028812   1.000000
   761.16360    1.018242   1.000000
   761.17440    1.001343   1.000000
   761.18520    1.000852   1.000000
   761.19540    1.047247   1.000000
   761.20620    1.020700   1.000000
   761.21700    0.969204   1.000000
   761.22780    0.997533   1.000000
   761.23800    1.033175   1.000000
   761.24880    1.083196   1.000000
   761.25960    1.028197   1.000000
   761.27040    0.982662   1.000000
   761.28120    1.034035   1.000000
   761.29140    1.009332   1.000000
   761.30220    1.045281   1.000000
   761.31300    1.037968   1.000000
   761.32380    1.025678   0.999946
   761.33400    1.112385   0.999924
   761.34480    1.065559   0.999903
   761.35560    1.043007   0.999886
   761.36640    1.006689   0.999797
   761.37720    1.033605   0.999746
   761.38740    1.045711   0.999712
   761.39820    1.021991   0.999677
   761.40900    1.017935   0.999555
   761.41980    1.071336   0.999494
   761.43000    1.069308   0.999432
   761.44080    1.088972   0.999388
   761.45160    1.004662   0.999241
   761.46240    1.007673   0.999166
   761.47320    1.091184   0.999086
   761.48340    1.077235   0.999019
   761.49420    1.002449   0.998868
   761.50500    1.084548   0.998759
   761.51580    1.024449   0.998682
   761.52600    1.005153   0.998594
   761.53680    1.034711   0.998432
   761.54760    1.027890   0.998321
   761.55840    1.057694   0.998221
   761.56920    1.054068   0.998099
   761.57940    0.967361   0.997967
   761.59020    1.003801   0.997818
   761.60100    1.031208   0.997716
   761.61180    0.995936   0.997574
   761.62200    1.045834   0.997407
   761.63280    1.034588   0.997271
   761.64360    0.963244   0.997162
   761.65440    1.034711   0.996996
   761.66520    1.022298   0.996828
   761.67540    0.976333   0.996678
   761.68620    0.996611   0.996553
   761.69700    1.052839   0.996373
   761.70780    0.992617   0.996198
   761.71800    1.012159   0.996047
   761.72880    0.967730   0.995904
   761.73960    0.994338   0.995718
   761.75040    1.019471   0.995508
   761.76120    0.999807   0.995371
   761.77140    0.997226   0.995210
   761.78220    1.047677   0.995020
   761.79300    1.006689   0.994801
   761.80380    0.939401   0.994642
   761.81400    0.972461   0.994469
   761.82480    0.990897   0.994260
   761.83560    0.995628   0.994061
   761.84640    0.989176   0.993889
   761.85720    1.048476   0.993690
   761.86740    1.028750   0.993496
   761.87820    0.983707   0.993250
   761.88900    1.013326   0.993116
   761.89980    1.032007   0.992881
   761.91000    0.965149   0.992685
   761.92080    0.984383   0.992431
   761.93160    0.996304   0.992240
   761.94240    0.975903   0.992040
   761.95320    1.023896   0.991806
   761.96340    1.036370   0.991575
   761.97420    0.992556   0.991369
   761.98500    0.981617   0.991169
   761.99580    1.015538   0.990919
   762.00600    1.005952   0.990692
   762.01680    1.014125   0.990448
   762.02760    1.013941   0.990253
   762.03840    1.026722   0.989965
   762.04920    1.023158   0.989731
   762.05940    1.026046   0.989476
   762.07020    1.043621   0.989308
   762.08100    1.012281   0.989037
   762.09180    1.013633   0.988749
   762.10200    1.013142   0.988544
   762.11280    1.002634   0.988330
   762.12360    1.049582   0.988008
   762.13440    0.982109   0.987752
   762.14520    1.036800   0.987524
   762.15540    1.021929   0.987375
   762.16620    1.002449   0.986946
   762.17700    0.952121   0.986719
   762.18780    1.061074   0.986491
   762.19800    0.989237   0.986223
   762.20880    0.973813   0.985953
   762.21960    1.016952   0.985658
   762.23040    1.005645   0.985398
   762.24120    0.982109   0.985163
   762.25140    0.949602   0.984844
   762.26220    1.020823   0.984583
   762.27300    0.916848   0.984290
   762.28380    1.041041   0.984036
   762.29400    1.015477   0.983779
   762.30480    0.903267   0.983406
   762.31560    1.046018   0.983173
   762.32640    1.108698   0.982923
   762.33720    0.958020   0.982546
   762.34740    0.969757   0.982282
   762.35820    0.947266   0.981989
   762.36900    0.971724   0.981729
   762.37980    1.020946   0.981383
   762.39000    1.006075   0.981071
   762.40080    0.975227   0.980812
   762.41160    1.018242   0.980509
   762.42240    0.942289   0.980199
   762.43320    1.057141   0.979876
   762.44340    1.017628   0.979544
   762.45420    0.955132   0.979301
   762.46500    1.009086   0.978937
   762.47580    0.951076   0.978591
   762.48600    1.008656   0.978312
   762.49680    1.007058   0.978048
   762.50760    1.008533   0.977704
   762.51840    0.923976   0.977376
   762.52920    0.980511   0.977011
   762.53940    1.039074   0.976792
   762.55020    1.029365   0.976376
   762.56100    0.994031   0.976051
   762.57180    0.925328   0.975760
   762.58200    1.037046   0.975419
   762.59280    1.047554   0.975094
   762.60360    0.961277   0.974721
   762.61440    0.991573   0.974386
   762.62520    0.989790   0.974092
   762.63540    0.980819   0.973747
   762.64620    0.956976   0.973378
   762.65700    0.988254   0.973042
   762.66780    0.990774   0.972716
   762.67800    1.017136   0.972426
   762.68880    0.964780   0.971950
   762.69960    0.945054   0.971665
   762.71040    1.030102   0.971360
   762.72120    1.052532   0.970943
   762.73140    1.020516   0.970617
   762.74220    0.986103   0.970236
   762.75300    0.911563   0.969887
   762.76380    1.000176   0.969536
   762.77400    0.941306   0.969179
   762.78480    1.007243   0.968815
   762.79560    1.025309   0.968473
   762.80640    0.947451   0.968107
   762.81720    0.898843   0.967648
   762.82740    0.981249   0.967328
   762.83820    1.017075   0.967013
   762.84900    0.945238   0.966616
   762.85980    0.963121   0.966209
   762.87000    0.956361   0.965864
   762.88080    0.937680   0.965516
   762.89160    1.036616   0.965148
   762.90240    0.949909   0.964700
   762.91320    0.973444   0.964378
   762.92340    0.963182   0.963954
   762.93420    1.016890   0.963664
   762.94500    0.957652   0.963221
   762.95580    1.008103   0.962768
   762.96600    0.984936   0.962471
   762.97680    1.010561   0.962098
   762.98760    0.971109   0.961615
   762.99840    0.930060   0.961247
   763.00920    1.029303   0.960915
   763.01940    0.949171   0.960535
   763.03020    1.024695   0.960084
   763.04100    0.962260   0.959687
   763.05180    1.006136   0.959260
   763.06200    1.019963   0.958946
   763.07280    1.009885   0.958489
   763.08360    0.960478   0.958073
   763.09440    0.952367   0.957678
   763.10520    0.921826   0.957323
   763.11540    0.947451   0.956866
   763.12620    0.981187   0.956450
   763.13700    0.936820   0.956045
   763.14780    0.988869   0.955626
   763.15800    0.946283   0.955220
   763.16880    0.969573   0.954818
   763.17960    0.954886   0.954401
   763.19040    0.964104   0.954042
   763.20120    0.943948   0.953554
   763.21140    0.924099   0.953155
   763.22220    0.965947   0.952736
   763.23300    0.913407   0.952351
   763.24380    0.924222   0.951854
   763.25400    0.951629   0.951479
   763.26480    0.937741   0.951080
   763.27560    0.941551   0.950651
   763.28640    0.899826   0.950164
   763.29720    0.899949   0.949706
   763.30740    0.945116   0.949318
   763.31820    0.969942   0.948938
   763.32900    0.953350   0.948482
   763.33980    0.914329   0.947991
   763.35000    0.914882   0.947607
   763.36080    0.934976   0.947195
   763.37160    0.941306   0.946736
   763.38240    0.953104   0.946273
   763.39320    0.894357   0.945820
   763.40340    0.959372   0.945425
   763.41420    0.972523   0.944991
   763.42500    0.918937   0.944470
   763.43580    0.961339   0.944023
   763.44600    0.947328   0.943669
   763.45680    0.966378   0.943206
   763.46760    0.927786   0.942735
   763.47840    0.911563   0.942295
   763.48920    0.975595   0.941825
   763.49940    0.971601   0.941466
   763.51020    0.909904   0.940951
   763.52100    0.899458   0.940445
   763.53180    0.995260   0.939999
   763.54200    1.001036   0.939644
   763.55280    1.022912   0.939068
   763.56360    0.961154   0.938622
   763.57440    0.892145   0.938210
   763.58520    0.976578   0.937741
   763.59540    0.983768   0.937258
   763.60620    0.944378   0.936766
   763.61700    0.959925   0.936372
   763.62780    0.933501   0.935924
   763.63800    0.882681   0.935412
   763.64880    1.007120   0.934930
   763.65960    0.969635   0.934504
   763.67040    0.887044   0.934022
   763.68120    0.975903   0.933524
   763.69140    0.910089   0.933047
   763.70220    0.904066   0.932591
   763.71300    0.964903   0.932135
   763.72380    0.899519   0.931658
   763.73400    0.913530   0.931101
   763.74480    0.928708   0.930679
   763.75560    0.915005   0.930161
   763.76640    0.944808   0.929734
   763.77720    0.954272   0.929243
   763.78740    0.895648   0.928749
   763.79820    0.932764   0.928295
   763.80900    0.989790   0.927795
   763.81980    0.938172   0.927261
   763.83000    0.915681   0.926829
   763.84080    0.955378   0.926326
   763.85160    0.923423   0.925913
   763.86240    0.906401   0.925342
   763.87320    0.886860   0.924832
   763.88340    0.897798   0.924378
   763.89420    0.924161   0.923959
   763.90500    0.960233   0.923367
   763.91580    0.930675   0.922914
   763.92600    0.957283   0.922405
   763.93680    0.922379   0.921997
   763.94760    0.920720   0.921412
   763.95840    0.911195   0.920878
   763.96920    0.983768   0.920404
   763.97940    0.925636   0.919955
   763.99020    0.947574   0.919378
   764.00100    0.985550   0.918878
   764.01180    0.837085   0.918430
   764.02200    0.929261   0.918011
   764.03280    0.986226   0.917433
   764.04360    0.932948   0.916897
   764.05440    0.988193   0.916404
   764.06520    0.976025   0.915936
   764.07540    0.960970   0.915382
   764.08620    0.891346   0.914862
   764.09700    0.925328   0.914406
   764.10780    0.944009   0.913956
   764.11800    0.980696   0.913415
   764.12880    0.965394   0.912827
   764.13960    0.905111   0.912310
   764.15040    0.933501   0.911864
   764.16120    0.946898   0.911325
   764.17140    0.952367   0.910783
   764.18220    0.932211   0.910348
   764.19300    0.926557   0.909815
   764.20380    0.944624   0.909246
   764.21400    0.921150   0.908660
   764.22480    0.923239   0.908188
   764.23560    0.900318   0.907672
   764.24640    0.886307   0.907188
   764.25720    0.953043   0.906674
   764.26740    0.954026   0.906202
   764.27820    0.908245   0.905592
   764.28900    0.892329   0.905062
   764.29980    0.904066   0.904531
   764.31000    0.838867   0.904030
   764.32080    0.865721   0.903440
   764.33160    0.884771   0.903028
   764.34240    0.929446   0.902548
   764.35320    0.904128   0.901880
   764.36340    0.924099   0.901328
   764.37420    0.915435   0.900854
   764.38500    0.861051   0.900354
   764.39580    0.925759   0.899740
   764.40600    0.953350   0.899336
   764.41680    0.895955   0.898821
   764.42760    0.972215   0.898188
   764.43840    0.956054   0.897612
   764.44920    0.921273   0.897109
   764.45940    0.949479   0.896593
   764.47020    0.895893   0.896080
   764.48100    0.877704   0.895553
   764.49180    0.879793   0.894941
   764.50200    0.904189   0.894351
   764.51280    1.004662   0.893907
   764.52360    0.895279   0.893387
   764.53440    0.896754   0.892765
   764.54520    0.894050   0.892291
   764.55540    0.952060   0.891798
   764.56620    0.790013   0.891157
   764.57700    0.920105   0.890564
   764.58780    0.829465   0.890140
   764.59800    0.885938   0.889597
   764.60880    0.854906   0.889081
   764.61960    0.843046   0.888449
   764.63040    0.938909   0.887866
   764.64120    0.860006   0.887316
   764.65140    0.919613   0.886895
   764.66220    0.927541   0.886287
   764.67300    0.884525   0.885672
   764.68380    0.912731   0.885171
   764.69400    0.868486   0.884630
   764.70480    0.885201   0.884064
   764.71560    0.894357   0.883605
   764.72640    0.856872   0.882909
   764.73720    0.904558   0.882361
   764.74740    0.927971   0.881869
   764.75820    0.879117   0.881284
   764.76900    0.903022   0.880767
   764.77980    0.875307   0.880114
   764.79000    0.899765   0.879641
   764.80080    0.860989   0.879067
   764.81160    0.856442   0.878503
   764.82240    0.835917   0.877988
   764.83320    0.875492   0.877448
   764.84340    0.913407   0.876771
   764.85420    0.918323   0.876274
   764.86500    0.896938   0.875736
   764.87580    0.912301   0.875164
   764.88600    0.916971   0.874624
   764.89680    0.885815   0.873992
   764.90760    0.916541   0.873485
   764.91840    0.903821   0.872935
   764.92920    0.876844   0.872333
   764.93940    0.865844   0.871798
   764.95020    0.905295   0.871207
   764.96100    0.898351   0.870698
   764.97180    0.949663   0.870058
   764.98200    0.920044   0.869498
   764.99280    0.876291   0.868991
   765.00360    0.911809   0.868373
   765.01440    0.792963   0.867831
   765.02520    0.801443   0.867174
   765.03540    0.909781   0.866703
   765.04620    0.949417   0.866130
   765.05700    0.882251   0.865543
   765.06780    0.854291   0.864958
   765.07800    0.850051   0.864388
   765.08880    0.847900   0.863825
   765.09960    0.960601   0.863259
   765.11040    0.921703   0.862734
   765.12120    0.880346   0.862120
   765.13140    0.808879   0.861533
   765.14220    0.909413   0.860952
   765.15300    0.975595   0.860431
   765.16380    0.856196   0.859781
   765.17400    0.888458   0.859229
   765.18480    0.967791   0.858691
   765.19560    0.880469   0.858120
   765.20640    0.824610   0.857487
   765.21720    0.860989   0.856946
   765.22740    0.949540   0.856363
   765.23820    0.835364   0.855819
   765.24900    0.793578   0.855233
   765.25980    0.912731   0.854626
   765.27000    0.841755   0.854057
   765.28080    0.889933   0.853516
   765.29160    0.879117   0.852905
   765.30240    0.767277   0.852333
   765.31320    0.866704   0.851725
   765.32340    0.890178   0.851144
   765.33420    0.775695   0.850643
   765.34500    0.865229   0.849992
   765.35580    0.901301   0.849425
   765.36600    0.908122   0.848857
   765.37680    0.794622   0.848250
   765.38760    0.809985   0.847719
   765.39840    0.880654   0.847064
   765.40920    0.873341   0.846494
   765.41940    0.886799   0.845959
   765.43020    0.824057   0.845392
   765.44100    0.788170   0.844756
   765.45180    0.868916   0.844196
   765.46200    0.885017   0.843630
   765.47280    0.819817   0.843034
   765.48360    0.824918   0.842428
   765.49440    0.816130   0.841856
   765.50520    0.843722   0.841274
   765.51540    0.820186   0.840700
   765.52620    0.864615   0.840112
   765.53700    0.812013   0.839531
   765.54780    0.860743   0.838891
   765.55800    0.838805   0.838332
   765.56880    0.841939   0.837779
   765.57960    0.822459   0.837180
   765.59040    0.810169   0.836566
   765.60120    0.805929   0.835986
   765.61140    0.811398   0.835413
   765.62220    0.857056   0.834859
   765.63300    0.841386   0.834225
   765.64380    0.809432   0.833650
   765.65400    0.857241   0.833061
   765.66480    0.870330   0.832511
   765.67560    0.823258   0.831886
   765.68640    0.816499   0.831291
   765.69720    0.823811   0.830705
   765.70740    0.838437   0.830143
   765.71820    0.827867   0.829543
   765.72900    0.849928   0.828931
   765.73980    0.872665   0.828370
   765.75000    0.835979   0.827747
   765.76080    0.796281   0.827181
   765.77160    0.775142   0.826617
   765.78240    0.810046   0.825886
   765.79320    0.841939   0.825423
   765.80340    0.879363   0.824830
   765.81420    0.869715   0.824233
   765.82500    0.854967   0.823659
   765.83580    0.787740   0.823032
   765.84600    0.784298   0.822485
   765.85680    0.804086   0.821884
   765.86760    0.833213   0.821275
   765.87840    0.814348   0.820684
   765.88920    0.925021   0.820101
   765.89940    0.846610   0.819543
   765.91020    0.786081   0.818938
   765.92100    0.858101   0.818315
   765.93180    0.813856   0.817743
   765.94200    0.791795   0.817166
   765.95280    0.864922   0.816606
   765.96360    0.863079   0.815934
   765.97440    0.840096   0.815363
   765.98520    0.845688   0.814824
   765.99540    0.811767   0.814193
   766.00620    0.824303   0.813612
   766.01700    0.849498   0.813025
   766.02780    0.825471   0.812428
   766.03800    0.810415   0.811855
   766.04880    0.871374   0.811259
   766.05960    0.868363   0.810643
   766.07040    0.794069   0.810061
   766.08120    0.822152   0.809505
   766.09140    0.897921   0.808889
   766.10220    0.832230   0.808300
   766.11300    0.805069   0.807687
   766.12380    0.823135   0.807129
   766.13400    0.799968   0.806545
   766.14480    0.868671   0.805982
   766.15560    0.836409   0.805352
   766.16640    0.806912   0.804715
   766.17720    0.834750   0.804191
   766.18740    0.823074   0.803624
   766.19820    0.827560   0.802988
   766.20900    0.837085   0.802431
   766.21980    0.881452   0.801819
   766.23000    0.729669   0.801234
   766.24080    0.831554   0.800655
   766.25160    0.823258   0.800041
   766.26240    0.834995   0.799463
   766.27320    0.772008   0.798876
   766.28340    0.865229   0.798374
   766.29420    0.852509   0.797684
   766.30500    0.810845   0.797101
   766.31580    0.814901   0.796555
   766.32600    0.785896   0.795940
   766.33680    0.798739   0.795402
   766.34760    0.784360   0.794723
   766.35840    0.757752   0.794196
   766.36920    0.803778   0.793560
   766.37940    0.799846   0.793028
   766.39020    0.792779   0.792471
   766.40100    0.822582   0.791831
   766.41180    0.791427   0.791174
   766.42200    0.799600   0.790708
   766.43280    0.838191   0.790073
   766.44360    0.800952   0.789512
   766.45440    0.785282   0.788872
   766.46520    0.812013   0.788288
   766.47540    0.791795   0.787771
   766.48620    0.775450   0.787195
   766.49700    0.808326   0.786576
   766.50780    0.798371   0.785944
   766.51800    0.764081   0.785422
   766.52880    0.678357   0.784893
   766.53960    0.753450   0.784270
   766.55040    0.836102   0.783674
   766.56120    0.833828   0.782989
   766.57140    0.786634   0.782495
   766.58220    0.734154   0.781932
   766.59300    0.778153   0.781384
   766.60380    0.785159   0.780702
   766.61400    0.794192   0.780208
   766.62480    0.769796   0.779519
   766.63560    0.769919   0.779059
   766.64640    0.802488   0.778396
   766.65720    0.806114   0.777843
   766.66740    0.770226   0.777314
   766.67820    0.828912   0.776716
   766.68900    0.802242   0.776166
   766.69980    0.815761   0.775516
   766.71000    0.794684   0.774973
   766.72080    0.768936   0.774361
   766.73160    0.770595   0.773859
   766.74240    0.808449   0.773250
   766.75320    0.683580   0.772727
   766.76340    0.778829   0.772088
   766.77420    0.774098   0.771515
   766.78500    0.808633   0.770935
   766.79580    0.746076   0.770360
   766.80600    0.799968   0.769867
   766.81680    0.792963   0.769192
   766.82760    0.811521   0.768718
   766.83840    0.794438   0.768087
   766.84920    0.729730   0.767547
   766.85940    0.794069   0.767031
   766.87020    0.791427   0.766358
   766.88100    0.793823   0.765838
   766.89180    0.804639   0.765173
   766.90200    0.797572   0.764716
   766.91280    0.746813   0.764081
   766.92360    0.743311   0.763495
   766.93440    0.753634   0.762973
   766.94520    0.790997   0.762373
   766.95540    0.745953   0.761921
   766.96620    0.769489   0.761290
   766.97700    0.750746   0.760681
   766.98780    0.763774   0.760224
   766.99800    0.766908   0.759597
   767.00880    0.768137   0.759096
   767.01960    0.765126   0.758498
   767.03040    0.739255   0.757938
   767.04120    0.751668   0.757423
   767.05140    0.767154   0.756805
   767.06220    0.749947   0.756314
   767.07300    0.756584   0.755648
   767.08380    0.766601   0.755081
   767.09400    0.768874   0.754620
   767.10480    0.755970   0.753967
   767.11560    0.754249   0.753502
   767.12640    0.751545   0.752918
   767.13720    0.764696   0.752274
   767.14740    0.748718   0.751826
   767.15820    0.743556   0.751288
   767.16900    0.757383   0.750720
   767.17980    0.743372   0.750180
   767.19000    0.725060   0.749524
   767.20080    0.758612   0.749058
   767.21160    0.755109   0.748543
   767.22240    0.752774   0.747985
   767.23320    0.761562   0.747450
   767.24340    0.764511   0.746838
   767.25420    0.751422   0.746295
   767.26500    0.717747   0.745827
   767.27580    0.770349   0.745266
   767.28600    0.775634   0.744682
   767.29680    0.745339   0.744109
   767.30760    0.763651   0.743571
   767.31840    0.781963   0.743008
   767.32920    0.747981   0.742524
   767.33940    0.705764   0.741984
   767.35020    0.751053   0.741377
   767.36100    0.686714   0.740891
   767.37180    0.737350   0.740281
   767.38200    0.734646   0.739860
   767.39280    0.745523   0.739342
   767.40360    0.742819   0.738697
   767.41440    0.735629   0.738147
   767.42520    0.744663   0.737675
   767.43540    0.728378   0.737171
   767.44620    0.719652   0.736688
   767.45700    0.750316   0.736114
   767.46780    0.754065   0.735512
   767.47800    0.757321   0.735088
   767.48880    0.737166   0.734529
   767.49960    0.723585   0.734009
   767.51040    0.757076   0.733521
   767.52120    0.691139   0.732900
   767.53140    0.723216   0.732405
   767.54220    0.688128   0.731934
   767.55300    0.723954   0.731393
   767.56380    0.755970   0.730907
   767.57400    0.730898   0.730351
   767.58480    0.701770   0.729784
   767.59560    0.718116   0.729319
   767.60640    0.714244   0.728786
   767.61720    0.759595   0.728264
   767.62740    0.763528   0.727821
   767.63820    0.725797   0.727278
   767.64900    0.762483   0.726690
   767.65980    0.715965   0.726254
   767.67000    0.697161   0.725768
   767.68080    0.728870   0.725267
   767.69160    0.725121   0.724736
   767.70240    0.791795   0.724179
   767.71320    0.760210   0.723668
   767.72340    0.760087   0.723272
   767.73420    0.755355   0.722737
   767.74500    0.736428   0.722233
   767.75580    0.688374   0.721708
   767.76600    0.735076   0.721202
   767.77680    0.779321   0.720688
   767.78760    0.736305   0.720238
   767.79840    0.705150   0.719748
   767.80920    0.714121   0.719290
   767.81940    0.723093   0.718760
   767.83020    0.726657   0.718206
   767.84100    0.756338   0.717743
   767.85180    0.742082   0.717294
   767.86200    0.768690   0.716861
   767.87280    0.702200   0.716335
   767.88360    0.732987   0.715792
   767.89440    0.776801   0.715330
   767.90520    0.728317   0.714863
   767.91540    0.632760   0.714460
   767.92620    0.675838   0.713953
   767.93700    0.712954   0.713443
   767.94780    0.713999   0.712966
   767.95800    0.718239   0.712492
   767.96880    0.718116   0.712061
   767.97960    0.695932   0.711593
   767.99040    0.681122   0.711152
   768.00120    0.678787   0.710685
   768.01140    0.724814   0.710199
   768.02220    0.720082   0.709674
   768.03300    0.710189   0.709213
   768.04380    0.705088   0.708804
   768.05400    0.739009   0.708401
   768.06480    0.775265   0.707926
   768.07560    0.702815   0.707462
   768.08640    0.714859   0.706869
   768.09720    0.720451   0.706477
   768.10740    0.695993   0.706081
   768.11820    0.735629   0.705627
   768.12900    0.711110   0.705214
   768.13980    0.678357   0.704710
   768.15000    0.705887   0.704260
   768.16080    0.727211   0.703748
   768.17160    0.711971   0.703387
   768.18240    0.691630   0.702942
   768.19320    0.701770   0.702466
   768.20340    0.719038   0.702081
   768.21420    0.707423   0.701605
   768.22500    0.654453   0.701103
   768.23580    0.712585   0.700725
   768.24600    0.686346   0.700366
   768.25680    0.714183   0.699929
   768.26760    0.724568   0.699477
   768.27840    0.677251   0.699109
   768.28920    0.691200   0.698663
   768.29940    0.714244   0.698144
   768.31020    0.717993   0.697758
   768.32100    0.686960   0.697377
   768.33180    0.705457   0.696955
   768.34200    0.717686   0.696549
   768.35280    0.697837   0.696167
   768.36360    0.635157   0.695732
   768.37440    0.713015   0.695256
   768.38520    0.682290   0.694900
   768.39540    0.679832   0.694476
   768.40620    0.648861   0.694152
   768.41700    0.720389   0.693767
   768.42780    0.699189   0.693322
   768.43800    0.705457   0.692938
   768.44880    0.668341   0.692457
   768.45960    0.728132   0.692130
   768.47040    0.682966   0.691691
   768.48120    0.695502   0.691358
   768.49140    0.712770   0.690975
   768.50220    0.633436   0.690640
   768.51300    0.674486   0.690195
   768.52380    0.697776   0.689714
   768.53400    0.685055   0.689399
   768.54480    0.670430   0.689017
   768.55560    0.680201   0.688682
   768.56640    0.680631   0.688310
   768.57720    0.702507   0.687965
   768.58740    0.672028   0.687581
   768.59820    0.682290   0.687185
   768.60900    0.628766   0.686719
   768.61980    0.668402   0.686388
   768.63000    0.696854   0.686103
   768.64080    0.679586   0.685760
   768.65160    0.668955   0.685429
   768.66240    0.654944   0.685036
   768.67320    0.653654   0.684697
   768.68340    0.652548   0.684343
   768.69420    0.687943   0.683828
   768.70500    0.696178   0.683569
   768.71580    0.647201   0.683248
   768.72600    0.667910   0.682998
   768.73680    0.624587   0.682594
   768.74760    0.676513   0.682284
   768.75840    0.710496   0.681967
   768.76920    0.675039   0.681577
   768.77940    0.667849   0.681298
   768.79020    0.674547   0.680864
   768.80100    0.669692   0.680584
   768.81180    0.662810   0.680203
   768.82200    0.698021   0.679982
   768.83280    0.677558   0.679634
   768.84360    0.685915   0.679362
   768.85440    0.676083   0.679053
   768.86520    0.639520   0.678739
   768.87540    0.670245   0.678405
   768.88620    0.676636   0.677952
   768.89700    0.662564   0.677758
   768.90780    0.666681   0.677440
   768.91800    0.665329   0.677209
   768.92880    0.672765   0.676915
   768.93960    0.620286   0.676627
   768.95040    0.709390   0.676355
   768.96120    0.667480   0.676054
   768.97140    0.668402   0.675725
   768.98220    0.689480   0.675407
   768.99300    0.693658   0.675089
   769.00380    0.666067   0.674789
   769.01400    0.678972   0.674600
   769.02480    0.691815   0.674274
   769.03560    0.665882   0.674068
   769.04640    0.660475   0.673791
   769.05720    0.668341   0.673550
   769.06740    0.684686   0.673256
   769.07820    0.693966   0.673061
   769.08900    0.628582   0.672750
   769.09980    0.657464   0.672459
   769.11000    0.700111   0.672104
   769.12080    0.667665   0.671900
   769.13160    0.670184   0.671647
   769.14240    0.645788   0.671387
   769.15320    0.683396   0.671223
   769.16340    0.643023   0.670983
   769.17420    0.679340   0.670819
   769.18500    0.656112   0.670493
   769.19580    0.638844   0.670318
   769.20600    0.649045   0.670074
   769.21680    0.657218   0.669864
   769.22760    0.639581   0.669569
   769.23840    0.673502   0.669263
   769.24920    0.665821   0.669042
   769.25940    0.645665   0.668870
   769.27020    0.668894   0.668662
   769.28100    0.662994   0.668512
   769.29180    0.694949   0.668269
   769.30200    0.636202   0.668069
   769.31280    0.665145   0.667900
   769.32360    0.629381   0.667666
   769.33440    0.621699   0.667510
   769.34520    0.639397   0.667270
   769.35540    0.669570   0.667100
   769.36620    0.654084   0.666857
   769.37700    0.641179   0.666751
   769.38780    0.654330   0.666454
   769.39800    0.667050   0.666232
   769.40880    0.662748   0.666038
   769.41960    0.652486   0.665953
   769.43040    0.671720   0.665675
   769.44120    0.681122   0.665645
   769.45140    0.670123   0.665438
   769.46220    0.640073   0.665296
   769.47300    0.697468   0.665139
   769.48380    0.615800   0.664988
   769.49400    0.577024   0.664859
   769.50480    0.659000   0.664717
   769.51560    0.629688   0.664551
   769.52640    0.608549   0.664410
   769.53720    0.642285   0.664224
   769.54740    0.667665   0.664120
   769.55820    0.648553   0.663963
   769.56900    0.658877   0.663847
   769.57980    0.652978   0.663666
   769.59000    0.674240   0.663609
   769.60080    0.631470   0.663371
   769.61160    0.675407   0.663306
   769.62240    0.655927   0.663075
   769.63320    0.643883   0.662951
   769.64340    0.676391   0.662852
   769.65420    0.643637   0.662800
   769.66500    0.640626   0.662664
   769.67580    0.668095   0.662567
   769.68600    0.690279   0.662436
   769.69680    0.593247   0.662402
   769.70760    0.645296   0.662267
   769.71840    0.676575   0.662206
   769.72920    0.664408   0.662073
   769.73940    0.622314   0.662009
   769.75020    0.649537   0.661915
   769.76100    0.613403   0.661840
   769.77180    0.639889   0.661801
   769.78200    0.637369   0.661721
   769.79280    0.644129   0.661655
   769.80360    0.623911   0.661584
   769.81440    0.692122   0.661495
   769.82520    0.665698   0.661455
   769.83540    0.639397   0.661386
   769.84620    0.601298   0.661346
   769.85700    0.622068   0.661303
   769.86780    0.646280   0.661242
   769.87800    0.652793   0.661199
   769.88880    0.641609   0.661051
   769.89960    0.654330   0.661125
   769.91040    0.665084   0.660948
   769.92120    0.629319   0.661043
   769.93140    0.651995   0.660960
   769.94220    0.605230   0.660952
   769.95300    0.629196   0.660919
   769.96380    0.701770   0.660879
   769.97400    0.691139   0.660900
   769.98480    0.604862   0.660767
   769.99560    0.623174   0.660896
   770.00640    0.609839   0.660730
   770.01720    0.679340   0.660850
   770.02740    0.668463   0.660703
   770.03820    0.592264   0.660807
   770.04900    0.648430   0.660805
   770.05980    0.709082   0.660783
   770.07000    0.711479   0.660817
   770.08080    0.611253   0.660775
   770.09160    0.650397   0.660807
   770.10240    0.641056   0.660791
   770.11320    0.633989   0.660831
   770.12340    0.656173   0.660844
   770.13420    0.608610   0.660862
   770.14500    0.677251   0.660878
   770.15580    0.641609   0.660882
   770.16600    0.636816   0.660929
   770.17680    0.696854   0.660955
   770.18760    0.640626   0.661000
   770.19840    0.553427   0.661059
   770.20920    0.614878   0.661070
   770.21940    0.665329   0.661142
   770.23020    0.648062   0.661112
   770.24100    0.603203   0.661193
   770.25180    0.574997   0.661241
   770.26200    0.638906   0.661303
   770.27280    0.612297   0.661352
   770.28360    0.646525   0.661391
   770.29440    0.627476   0.661461
   770.30520    0.656726   0.661506
   770.31540    0.717010   0.661619
   770.32620    0.680938   0.661679
   770.33700    0.623174   0.661721
   770.34780    0.628520   0.661879
   770.35800    0.596566   0.662012
   770.36880    0.688496   0.662066
   770.37960    0.657771   0.662203
   770.39040    0.584399   0.662333
   770.40120    0.665329   0.662382
   770.41140    0.667357   0.662513
   770.42220    0.660168   0.662575
   770.43300    0.621023   0.662669
   770.44380    0.606828   0.662822
   770.45400    0.712155   0.662871
   770.46480    0.662810   0.663007
   770.47560    0.634911   0.663133
   770.48640    0.694703   0.663209
   770.49720    0.648369   0.663322
   770.50740    0.605968   0.663418
   770.51820    0.667419   0.663544
   770.52900    0.675284   0.663700
   770.53980    0.729054   0.663811
   770.55000    0.616107   0.663847
   770.56080    0.663424   0.664126
   770.57160    0.717931   0.664265
   770.58240    0.653285   0.664428
   770.59320    0.652056   0.664609
   770.60340    0.625509   0.664740
   770.61420    0.588454   0.664894
   770.62500    0.659061   0.665072
   770.63580    0.648553   0.665198
   770.64600    0.627291   0.665348
   770.65680    0.639336   0.665517
   770.66760    0.630671   0.665715
   770.67840    0.636878   0.665744
   770.68920    0.706747   0.665987
   770.69940    0.709144   0.666114
   770.71020    0.675899   0.666251
   770.72100    0.564673   0.666478
   770.73180    0.660844   0.666716
   770.74200    0.654760   0.666904
   770.75280    0.673687   0.667111
   770.76360    0.614755   0.667284
   770.77440    0.588208   0.667521
   770.78520    0.642101   0.667660
   770.79540    0.581510   0.667831
   770.80620    0.659430   0.668083
   770.81700    0.670614   0.668264
   770.82780    0.649598   0.668433
   770.83800    0.662318   0.668656
   770.84880    0.662933   0.668821
   770.85960    0.660536   0.669081
   770.87040    0.673379   0.669332
   770.88120    0.661274   0.669576
   770.89140    0.665145   0.669847
   770.90220    0.611990   0.669989
   770.91300    0.655989   0.670228
   770.92380    0.729361   0.670458
   770.93400    0.651503   0.670662
   770.94480    0.623420   0.670851
   770.95560    0.688496   0.671060
   770.96640    0.630487   0.671309
   770.97720    0.664469   0.671639
   770.98740    0.702139   0.671920
   770.99820    0.650643   0.672146
   771.00900    0.677865   0.672400
   771.01980    0.641056   0.672677
   771.03000    0.613588   0.672912
   771.04080    0.669201   0.673119
   771.05160    0.653531   0.673306
   771.06240    0.664039   0.673576
   771.07320    0.589929   0.673826
   771.08340    0.661581   0.674162
   771.09420    0.667542   0.674503
   771.10500    0.639274   0.674741
   771.11580    0.684133   0.675013
   771.12600    0.652486   0.675261
   771.13680    0.695133   0.675540
   771.14760    0.666804   0.675817
   771.15840    0.669692   0.676042
   771.16920    0.653900   0.676285
   771.17940    0.609163   0.676627
   771.19020    0.694949   0.677000
   771.20100    0.697407   0.677303
   771.21180    0.664776   0.677605
   771.22200    0.659614   0.677896
   771.23280    0.665268   0.678100
   771.24360    0.667480   0.678384
   771.25440    0.668955   0.678654
   771.26520    0.660536   0.679034
   771.27540    0.662626   0.679327
   771.28620    0.663547   0.679723
   771.29700    0.647386   0.680012
   771.30780    0.663670   0.680322
   771.31800    0.736551   0.680557
   771.32880    0.678603   0.680881
   771.33960    0.636509   0.681186
   771.35040    0.633375   0.681451
   771.36120    0.668279   0.681949
   771.37140    0.689971   0.682207
   771.38220    0.657587   0.682565
   771.39300    0.682536   0.682890
   771.40380    0.662318   0.683190
   771.41400    0.633621   0.683503
   771.42480    0.668771   0.683799
   771.43560    0.702569   0.684122
   771.44640    0.672888   0.684519
   771.45720    0.646894   0.684889
   771.46740    0.660598   0.685240
   771.47820    0.669815   0.685637
   771.48900    0.682413   0.685928
   771.49980    0.701524   0.686279
   771.51000    0.651503   0.686572
   771.52080    0.675899   0.686965
   771.53160    0.653285   0.687366
   771.54240    0.673687   0.687694
   771.55320    0.699312   0.688077
   771.56340    0.660413   0.688385
   771.57420    0.668771   0.688747
   771.58500    0.663424   0.689115
   771.59580    0.680692   0.689445
   771.60600    0.693228   0.689875
   771.61680    0.676022   0.690241
   771.62760    0.633252   0.690638
   771.63840    0.644989   0.691010
   771.64920    0.716825   0.691364
   771.65940    0.720082   0.691695
   771.67020    0.709144   0.692056
   771.68100    0.626923   0.692552
   771.69180    0.689971   0.692926
   771.70200    0.700479   0.693295
   771.71280    0.737842   0.693678
   771.72360    0.682290   0.694065
   771.73440    0.642593   0.694435
   771.74520    0.746629   0.694843
   771.75540    0.728378   0.695261
   771.76620    0.600007   0.695617
   771.77700    0.675469   0.696041
   771.78780    0.718054   0.696442
   771.79800    0.702753   0.696793
   771.80880    0.690709   0.697187
   771.81960    0.666804   0.697594
   771.83040    0.714060   0.698092
   771.84120    0.771824   0.698450
   771.85140    0.745707   0.698904
   771.86220    0.640257   0.699275
   771.87300    0.529646   0.699643
   771.88380    0.691569   0.700002
   771.89400    0.822459   0.700475
   771.90480    0.781595   0.700969
   771.91560    0.639950   0.701338
   771.92640    0.650950   0.701771
   771.93720    0.713015   0.702164
   771.94740    0.769673   0.702511
   771.95820    0.674609   0.703039
   771.96900    0.629442   0.703451
   771.97980    0.727825   0.703895
   771.99000    0.724752   0.704317
   772.00080    0.688374   0.704697
   772.01160    0.659492   0.705137
   772.02240    0.718915   0.705589
   772.03320    0.738149   0.706122
   772.04340    0.689111   0.706519
   772.05420    0.712216   0.706907
   772.06500    0.741098   0.707360
   772.07580    0.681184   0.707767
   772.08600    0.685854   0.708204
   772.09680    0.713999   0.708723
   772.10760    0.720881   0.709183
   772.11840    0.718484   0.709643
   772.12920    0.694396   0.710025
   772.13940    0.724322   0.710378
   772.15020    0.680078   0.710913
   772.16100    0.736981   0.711383
   772.17180    0.749947   0.711861
   772.18200    0.694396   0.712244
   772.19280    0.708529   0.712715
   772.20360    0.761623   0.713156
   772.21440    0.747121   0.713611
   772.22520    0.700356   0.714174
   772.23540    0.691077   0.714575
   772.24620    0.686161   0.714988
   772.25700    0.694764   0.715446
   772.26780    0.726535   0.715893
   772.27800    0.720021   0.716405
   772.28880    0.737534   0.716919
   772.29960    0.701155   0.717358
   772.31040    0.708529   0.717818
   772.32120    0.669385   0.718245
   772.33140    0.708591   0.718689
   772.34220    0.702077   0.719215
   772.35300    0.706317   0.719745
   772.36380    0.739009   0.720213
   772.37400    0.716334   0.720631
   772.38480    0.732925   0.721091
   772.39560    0.732127   0.721545
   772.40640    0.702323   0.722118
   772.41720    0.763589   0.722623
   772.42740    0.733233   0.723057
   772.43820    0.745154   0.723529
   772.44900    0.744110   0.723973
   772.45980    0.734953   0.724510
   772.47000    0.746322   0.725000
   772.48080    0.761562   0.725510
   772.49160    0.723216   0.725954
   772.50240    0.727026   0.726393
   772.51320    0.728194   0.726897
   772.52340    0.721803   0.727445
   772.53420    0.696669   0.727971
   772.54500    0.754863   0.728408
   772.55580    0.722970   0.728914
   772.56600    0.736182   0.729421
   772.57680    0.735998   0.729867
   772.58760    0.760025   0.730481
   772.59840    0.727333   0.730939
   772.60920    0.666620   0.731448
   772.61940    0.730529   0.731926
   772.63020    0.760455   0.732423
   772.64100    0.695809   0.732941
   772.65180    0.716764   0.733503
   772.66200    0.762729   0.733952
   772.67280    0.735015   0.734426
   772.68360    0.771701   0.734932
   772.69440    0.748657   0.735385
   772.70520    0.725674   0.736004
   772.71540    0.756584   0.736446
   772.72620    0.728255   0.736852
   772.73700    0.705457   0.737453
   772.74780    0.742942   0.737914
   772.75800    0.736182   0.738413
   772.76880    0.708898   0.739033
   772.77960    0.732004   0.739536
   772.79040    0.755970   0.739967
   772.80120    0.743434   0.740548
   772.81140    0.717747   0.741044
   772.82220    0.767645   0.741585
   772.83300    0.731635   0.742130
   772.84380    0.715473   0.742602
   772.85400    0.751484   0.743090
   772.86480    0.769612   0.743666
   772.87560    0.721803   0.744155
   772.88640    0.707055   0.744726
   772.89720    0.743987   0.745246
   772.90740    0.748411   0.745647
   772.91820    0.744785   0.746221
   772.92900    0.734708   0.746792
   772.93980    0.785527   0.747334
   772.95000    0.726719   0.747835
   772.96080    0.712524   0.748265
   772.97160    0.739193   0.748831
   772.98240    0.820124   0.749384
   772.99320    0.802058   0.749986
   773.00340    0.641056   0.750515
   773.01420    0.745031   0.751002
   773.02500    0.759042   0.751554
   773.03580    0.749763   0.752158
   773.04600    0.738026   0.752591
   773.05680    0.699619   0.753185
   773.06760    0.702446   0.753703
   773.07840    0.773606   0.754223
   773.08920    0.779382   0.754781
   773.09940    0.775204   0.755247
   773.11020    0.765249   0.755890
   773.12100    0.756277   0.756336
   773.13180    0.770533   0.756862
   773.14200    0.776187   0.757395
   773.15280    0.763958   0.757888
   773.16360    0.745277   0.758533
   773.17440    0.752221   0.759059
   773.18520    0.770103   0.759597
   773.19540    0.772070   0.760131
   773.20620    0.774282   0.760699
   773.21700    0.760886   0.761248
   773.22780    0.801996   0.761748
   773.23800    0.757076   0.762266
   773.24880    0.732864   0.762758
   773.25960    0.764020   0.763403
   773.27040    0.811583   0.763959
   773.28120    0.743249   0.764498
   773.29140    0.735445   0.765018
   773.30220    0.776801   0.765505
   773.31300    0.786265   0.766170
   773.32380    0.768383   0.766655
   773.33400    0.774036   0.767199
   773.34480    0.763405   0.767729
   773.35560    0.774343   0.768338
   773.36640    0.755601   0.768901
   773.37720    0.787678   0.769435
   773.38740    0.798494   0.769952
   773.39820    0.756154   0.770450
   773.40900    0.751299   0.771038
   773.41980    0.763221   0.771605
   773.43000    0.805806   0.772207
   773.44080    0.795851   0.772713
   773.45160    0.778891   0.773247
   773.46240    0.790874   0.773785
   773.47320    0.781902   0.774389
   773.48340    0.794622   0.774960
   773.49420    0.797326   0.775463
   773.50500    0.776924   0.776008
   773.51580    0.798739   0.776562
   773.52600    0.763467   0.777122
   773.53680    0.768321   0.777671
   773.54760    0.785589   0.778233
   773.55840    0.759104   0.778733
   773.56920    0.804147   0.779384
   773.57940    0.779075   0.779872
   773.59020    0.809432   0.780493
   773.60100    0.773913   0.780998
   773.61180    0.776433   0.781567
   773.62200    0.793270   0.782100
   773.63280    0.803041   0.782720
   773.64360    0.808141   0.783274
   773.65440    0.804270   0.783784
   773.66520    0.827253   0.784333
   773.67540    0.823443   0.784938
   773.68620    0.749702   0.785522
   773.69700    0.818342   0.786032
   773.70780    0.825716   0.786623
   773.71800    0.786388   0.787114
   773.72880    0.850112   0.787735
   773.73960    0.818342   0.788239
   773.75040    0.824057   0.788907
   773.76120    0.866213   0.789402
   773.77140    0.843230   0.789949
   773.78220    0.800030   0.790556
   773.79300    0.775081   0.791110
   773.80380    0.850788   0.791662
   773.81400    0.870207   0.792216
   773.82480    0.851034   0.792778
   773.83560    0.783377   0.793304
   773.84640    0.791365   0.793951
   773.85720    0.809309   0.794475
   773.86740    0.851772   0.794954
   773.87820    0.828912   0.795630
   773.88900    0.817298   0.796119
   773.89980    0.772807   0.796746
   773.91000    0.804700   0.797262
   773.92080    0.835856   0.797798
   773.93160    0.824979   0.798447
   773.94240    0.829526   0.798982
   773.95320    0.808756   0.799538
   773.96340    0.836347   0.800030
   773.97420    0.841079   0.800638
   773.98500    0.825716   0.801240
   773.99580    0.812074   0.801809
   774.00600    0.845442   0.802375
   774.01680    0.803901   0.802887
   774.02760    0.863324   0.803462
   774.03840    0.830755   0.804065
   774.04920    0.858593   0.804607
   774.05940    0.847409   0.805152
   774.07020    0.851341   0.805741
   774.08100    0.839912   0.806298
   774.09180    0.825348   0.806903
   774.10200    0.823811   0.807412
   774.11280    0.813611   0.808006
   774.12360    0.821906   0.808551
   774.13440    0.814532   0.809162
   774.14520    0.785773   0.809742
   774.15540    0.835610   0.810267
   774.16620    0.809125   0.810815
   774.17700    0.810538   0.811404
   774.18780    0.806359   0.811973
   774.19800    0.843599   0.812528
   774.20880    0.845565   0.813072
   774.21960    0.833889   0.813640
   774.23040    0.815516   0.814187
   774.24120    0.828543   0.814753
   774.25140    0.814164   0.815487
   774.26220    0.842554   0.815888
   774.27300    0.815024   0.816448
   774.28380    0.876598   0.817051
   774.29400    0.849314   0.817588
   774.30480    0.800337   0.818116
   774.31560    0.795851   0.818731
   774.32640    0.831493   0.819283
   774.33720    0.840034   0.819889
   774.34740    0.863324   0.820444
   774.35820    0.859330   0.821013
   774.36900    0.837454   0.821593
   774.37980    0.848515   0.822162
   774.39000    0.803840   0.822689
   774.40080    0.848453   0.823242
   774.41160    0.857118   0.823830
   774.42240    0.866090   0.824422
   774.43320    0.861051   0.824987
   774.44340    0.908429   0.825517
   774.45420    0.821476   0.826090
   774.46500    0.852325   0.826647
   774.47580    0.845749   0.827268
   774.48600    0.855151   0.827759
   774.49680    0.777047   0.828329
   774.50760    0.828912   0.828902
   774.51840    0.882005   0.829479
   774.52920    0.864000   0.830057
   774.53940    0.839359   0.830611
   774.55020    0.821476   0.831160
   774.56100    0.886553   0.831727
   774.57180    0.852693   0.832322
   774.58200    0.860805   0.832849
   774.59280    0.858593   0.833445
   774.60360    0.866274   0.834000
   774.61440    0.815270   0.834524
   774.62520    0.827007   0.835167
   774.63540    0.871866   0.835686
   774.64620    0.900072   0.836221
   774.65700    0.832722   0.836756
   774.66780    0.842124   0.837386
   774.67800    0.850235   0.837901
   774.68880    0.864553   0.838459
   774.69960    0.893927   0.839043
   774.71040    0.857056   0.839608
   774.72120    0.899089   0.840213
   774.73140    0.822091   0.840707
   774.74220    0.838007   0.841257
   774.75300    0.862095   0.841811
   774.76380    0.877335   0.842426
   774.77400    0.805007   0.842941
   774.78480    0.872665   0.843485
   774.79560    0.863140   0.844094
   774.80640    0.857978   0.844602
   774.81720    0.855397   0.845217
   774.82740    0.916357   0.845768
   774.83820    0.911871   0.846312
   774.84900    0.886614   0.846808
   774.85980    0.813549   0.847449
   774.87000    0.856933   0.847974
   774.88080    0.828482   0.848533
   774.89160    0.766969   0.849044
   774.90240    0.874631   0.849618
   774.91320    0.879117   0.850219
   774.92340    0.868794   0.850750
   774.93420    0.841263   0.851328
   774.94500    0.861481   0.851820
   774.95580    0.856565   0.852418
   774.96600    0.845934   0.852981
   774.97680    0.853738   0.853557
   774.98760    0.903145   0.854026
   774.99840    0.884341   0.854595
   775.00920    0.849006   0.855238
   775.01940    0.855090   0.855704
   775.03020    0.839789   0.856287
   775.04100    0.886368   0.856782
   775.05180    0.849252   0.857460
   775.06200    0.868855   0.857955
   775.07280    0.830817   0.858472
   775.08360    0.899273   0.859017
   775.09440    0.863201   0.859599
   775.10520    0.863570   0.860214
   775.11540    0.882067   0.860667
   775.12620    0.896877   0.861223
   775.13700    0.837085   0.861826
   775.14780    0.879486   0.862308
   775.15800    0.826024   0.862888
   775.16880    0.876413   0.863401
   775.17960    0.869039   0.863959
   775.19040    0.906340   0.864543
   775.20120    0.851464   0.865074
   775.21140    0.899703   0.865573
   775.22220    0.850481   0.866143
   775.23300    0.827990   0.866728
   775.24380    0.878011   0.867276
   775.25400    0.897614   0.867806
   775.26480    0.867810   0.868275
   775.27560    0.852448   0.868895
   775.28640    0.793455   0.869427
   775.29720    0.850973   0.869945
   775.30740    0.863140   0.870512
   775.31820    0.924960   0.871015
   775.32900    0.916479   0.871552
   775.33980    0.862403   0.872212
   775.35000    0.838191   0.872712
   775.36080    0.884771   0.873217
   775.37160    0.861911   0.873723
   775.38240    0.850235   0.874242
   775.39320    0.869900   0.874819
   775.40340    0.884279   0.875402
   775.41420    0.863816   0.875865
   775.42500    0.848761   0.876387
   775.43580    0.885508   0.876986
   775.44600    0.836655   0.877474
   775.45680    0.890670   0.878070
   775.46760    0.876229   0.878619
   775.47840    0.876905   0.879077
   775.48920    0.876905   0.879595
   775.49940    0.861788   0.880196
   775.51020    0.850235   0.880677
   775.52100    0.916357   0.881229
   775.53180    0.916234   0.881780
   775.54200    0.848023   0.882297
   775.55280    0.870330   0.882788
   775.56360    0.901670   0.883296
   775.57440    0.942719   0.883887
   775.58520    0.928155   0.884459
   775.59540    0.920412   0.884947
   775.60620    0.903206   0.885516
   775.61700    0.911932   0.885959
   775.62780    0.936267   0.886441
   775.63800    0.874201   0.887000
   775.64880    0.881760   0.887636
   775.65960    0.937741   0.888088
   775.67040    0.906832   0.888591
   775.68120    0.915005   0.889232
   775.69140    0.891100   0.889673
   775.70220    0.891407   0.890142
   775.71300    0.861174   0.890682
   775.72380    0.973567   0.891281
   775.73400    0.934792   0.891769
   775.74480    0.886184   0.892227
   775.75560    0.880039   0.892780
   775.76640    0.930367   0.893279
   775.77720    0.840157   0.893833
   775.78740    0.896754   0.894286
   775.79820    0.892022   0.894958
   775.80900    0.896569   0.895353
   775.81980    0.873894   0.895873
   775.83000    0.885324   0.896364
   775.84080    0.901608   0.896908
   775.85160    0.904312   0.897351
   775.86240    0.895156   0.897840
   775.87320    0.900687   0.898507
   775.88340    0.884648   0.899057
   775.89420    0.881698   0.899466
   775.90500    0.915373   0.899905
   775.91580    0.876844   0.900449
   775.92600    0.927664   0.901016
   775.93680    0.938417   0.901496
   775.94760    0.921334   0.901936
   775.95840    0.916602   0.902577
   775.96920    0.931166   0.903112
   775.97940    0.977439   0.903555
   775.99020    0.971785   0.903990
   776.00100    0.908737   0.904479
   776.01180    0.934362   0.905048
   776.02200    0.911871   0.905492
   776.03280    0.917401   0.905965
   776.04360    0.900011   0.906507
   776.05440    0.936943   0.907066
   776.06520    0.965763   0.907597
   776.07540    0.928585   0.908015
   776.08620    0.882067   0.908464
   776.09700    0.899642   0.909027
   776.10780    0.933747   0.909545
   776.11800    0.946222   0.909965
   776.12880    0.951752   0.910472
   776.13960    0.898720   0.911008
   776.15040    0.943641   0.911526
   776.16120    0.923423   0.912017
   776.17140    0.913960   0.912478
   776.18220    0.921641   0.912964
   776.19300    0.941367   0.913450
   776.20380    0.925451   0.913967
   776.21400    0.958389   0.914439
   776.22480    0.920904   0.914866
   776.23560    0.920597   0.915391
   776.24640    0.959741   0.915940
   776.25720    0.923915   0.916363
   776.26740    0.931658   0.916867
   776.27820    0.935222   0.917316
   776.28900    0.882866   0.917796
   776.29980    0.930306   0.918339
   776.31000    0.925390   0.918784
   776.32080    0.910887   0.919249
   776.33160    0.925820   0.919766
   776.34240    0.919798   0.920251
   776.35320    0.905910   0.920746
   776.36340    0.947021   0.921157
   776.37420    0.902284   0.921630
   776.38500    0.850235   0.922110
   776.39580    0.941920   0.922644
   776.40600    0.936082   0.923072
   776.41680    0.956300   0.923540
   776.42760    0.962752   0.924027
   776.43840    0.926742   0.924534
   776.44920    0.959495   0.924998
   776.45940    0.992494   0.925374
   776.47020    0.941859   0.925870
   776.48100    0.909413   0.926330
   776.49180    0.906524   0.926868
   776.50200    0.940814   0.927261
   776.51280    0.927418   0.927744
   776.52360    0.944993   0.928186
   776.53440    0.953227   0.928750
   776.54520    0.928217   0.929145
   776.55540    0.981556   0.929577
   776.56620    0.989299   0.930049
   776.57700    0.993539   0.930551
   776.58780    0.961892   0.931004
   776.59800    0.909351   0.931388
   776.60880    0.856872   0.931872
   776.61960    0.946529   0.932333
   776.63040    0.961216   0.932803
   776.64120    0.911072   0.933275
   776.65140    0.914144   0.933694
   776.66220    1.012281   0.934139
   776.67300    0.973998   0.934657
   776.68380    0.946775   0.935073
   776.69400    0.912669   0.935423
   776.70480    0.939032   0.935902
   776.71560    0.972093   0.936395
   776.72640    0.974489   0.936850
   776.73720    1.000729   0.937319
   776.74740    0.948495   0.937675
   776.75820    0.970433   0.938104
   776.76900    0.926496   0.938674
   776.77980    0.888949   0.939054
   776.79000    0.920351   0.939464
   776.80080    0.980573   0.939959
   776.81160    0.923976   0.940463
   776.82240    0.950093   0.940780
   776.83320    0.974551   0.941274
   776.84340    1.011175   0.941616
   776.85420    0.938786   0.942144
   776.86500    0.971109   0.942557
   776.87580    0.960540   0.942978
   776.88600    0.986718   0.943346
   776.89680    0.969573   0.943778
   776.90760    0.992248   0.944277
   776.91840    0.947574   0.944686
   776.92920    0.994215   0.945091
   776.93940    0.913776   0.945531
   776.95020    1.034342   0.945899
   776.96100    0.935099   0.946367
   776.97180    0.910949   0.946791
   776.98200    0.954087   0.947146
   776.99280    1.029672   0.947585
   777.00360    1.015231   0.948087
   777.01440    0.964534   0.948435
   777.02520    0.942596   0.948840
   777.03540    0.934423   0.949249
   777.04620    0.983891   0.949773
   777.05700    0.973690   0.950103
   777.06780    0.892329   0.950525
   777.07800    0.943579   0.950904
   777.08880    0.985489   0.951329
   777.09960    1.022237   0.951806
   777.11040    1.001958   0.952142
   777.12120    0.971417   0.952522
   777.13140    0.914452   0.952943
   777.14220    0.954825   0.953401
   777.15300    0.917033   0.953787
   777.16380    1.025678   0.954157
   777.17400    1.027030   0.954544
   777.18480    0.967730   0.955015
   777.19560    1.003433   0.955360
   777.20640    1.007673   0.955776
   777.21720    0.940077   0.956130
   777.22740    0.947635   0.956530
   777.23820    1.026845   0.956978
   777.24900    0.974305   0.957322
   777.25980    0.965149   0.957682
   777.27000    1.059783   0.958085
   777.28080    1.079017   0.958519
   777.29160    1.071397   0.958874
   777.30240    0.996734   0.959221
   777.31320    0.962383   0.959602
   777.32340    0.972891   0.959993
   777.33420    0.977992   0.960396
   777.34500    0.950093   0.960797
   777.35580    1.008287   0.961143
   777.36600    1.001589   0.961517
   777.37680    0.986103   0.961889
   777.38760    0.992863   0.962303
   777.39840    0.998025   0.962639
   777.40920    0.995936   0.963019
   777.41940    0.957467   0.963431
   777.43020    1.028136   0.963796
   777.44100    0.895033   0.964107
   777.45180    0.956730   0.964424
   777.46200    0.932211   0.964897
   777.47280    1.026415   0.965246
   777.48360    0.969696   0.965578
   777.49440    0.943456   0.965944
   777.50520    0.972031   0.966326
   777.51540    1.021561   0.966695
   777.52620    1.028812   0.967040
   777.53700    0.996673   0.967355
   777.54780    0.949663   0.967761
   777.55800    1.012773   0.968089
   777.56880    1.001528   0.968491
   777.57960    1.002388   0.968784
   777.59040    0.929200   0.969078
   777.60120    0.968221   0.969529
   777.61140    0.994461   0.969842
   777.62220    0.993416   0.970148
   777.63300    0.996980   0.970498
   777.64380    1.018242   0.970876
   777.65400    0.988131   0.971243
   777.66480    1.017689   0.971529
   777.67560    0.957283   0.971859
   777.68640    0.996796   0.972232
   777.69720    1.032069   0.972619
   777.70740    0.977070   0.972864
   777.71820    1.021253   0.973252
   777.72900    0.984690   0.973495
   777.73980    1.012896   0.973867
   777.75000    0.916541   0.974241
   777.76080    0.973260   0.974531
   777.77160    0.996980   0.974820
   777.78240    0.987517   0.975151
   777.79320    0.944931   0.975557
   777.80340    0.962383   0.975838
   777.81420    0.982478   0.976106
   777.82500    0.981863   0.976440
   777.83580    1.037476   0.976870
   777.84600    0.990466   0.977086
   777.85680    0.967484   0.977345
   777.86760    1.072012   0.977748
   777.87840    1.027460   0.977995
   777.88920    0.968344   0.978361
   777.89940    1.049029   0.978623
   777.91020    1.012773   0.978917
   777.92100    1.010315   0.979231
   777.93180    0.995014   0.979599
   777.94200    0.975595   0.979884
   777.95280    1.012281   0.980135
   777.96360    0.973998   0.980407
   777.97440    1.002572   0.980787
   777.98520    1.033605   0.981095
   777.99540    0.991019   0.981291
   778.00620    1.028136   0.981532
   778.01700    0.989483   0.981949
   778.02780    1.031147   0.982200
   778.03800    1.019656   0.982431
   778.04880    1.030225   0.982728
   778.05960    1.010376   0.983026
   778.07040    0.841817   0.983331
   778.08120    1.049828   0.983585
   778.09140    1.035817   0.983817
   778.10220    0.967668   0.984115
   778.11300    1.031577   0.984489
   778.12380    1.001835   0.984655
   778.13400    1.033912   0.984955
   778.14480    1.030655   0.985187
   778.15560    0.979590   0.985486
   778.16640    0.952367   0.985751
   778.17720    0.961277   0.986018
   778.18740    1.013572   0.986218
   778.19820    0.947266   0.986506
   778.20900    0.971847   0.986861
   778.21980    0.998148   0.987051
   778.23000    0.983277   0.987295
   778.24080    0.990651   0.987518
   778.25160    0.982724   0.987886
   778.26240    0.989053   0.988098
   778.27320    0.983584   0.988265
   778.28340    1.075207   0.988511
   778.29420    0.967914   0.988823
   778.30500    1.003678   0.989058
   778.31580    1.003371   0.989215
   778.32600    0.994338   0.989506
   778.33680    1.025801   0.989719
   778.34760    1.012220   0.990009
   778.35840    0.992064   0.990200
   778.36920    1.002388   0.990413
   778.37940    1.035510   0.990627
   778.39020    1.030410   0.990940
   778.40100    1.035203   0.991120
   778.41180    0.841817   0.991300
   778.42200    1.008533   0.991525
   778.43280    1.083872   0.991739
   778.44360    0.841817   0.992020
   778.45440    0.841817   0.992189
   778.46520    0.841817   0.992392
   778.47540    0.841817   0.992583
   778.48620    0.841817   0.992853
   778.49700    0.841817   0.993022
   778.50780    0.841817   0.993226
   778.51800    0.841817   0.993406
   778.52880    0.841817   0.993677
   778.53960    0.841817   0.993846
   778.55040    0.841817   0.994015
   778.56120    0.841817   0.994174
   778.57140    0.841817   0.994389
   778.58220    0.841817   0.994614
   778.59300    0.841817   0.994728
   778.60380    0.841817   0.994931
   778.61400    0.841817   0.995101
   778.62480    0.841817   0.995338
   778.63560    0.841817   0.995497
   778.64640    1.026231   0.995644
   778.65720    1.053392   0.995825
   778.66740    0.841817   0.996029
   778.67820    0.841817   0.996187
   778.68900    0.841817   0.996324
   778.69980    0.841817   0.996470
   778.71000    1.092598   0.996641
   778.72080    1.059414   0.996833
   778.73160    1.009946   0.996947
   778.74240    1.047431   0.997094
   778.75320    1.006997   0.997253
   778.76340    1.073855   0.997423
   778.77420    1.011974   0.997547
   778.78500    1.029795   0.997660
   778.79580    0.841817   0.997808
   778.80600    1.081475   0.997978
   778.81680    1.037599   0.998091
   778.82760    0.841817   0.998205
   778.83840    0.841817   0.998306
   778.84920    0.841817   0.998443
   778.85940    0.841817   0.998601
   778.87020    0.841817   0.998669
   778.88100    0.841817   0.998760
   778.89180    0.841817   0.998884
   778.90200    0.841817   0.999043
   778.91280    0.841817   0.999110
   778.92360    0.841817   0.999178
   778.93440    0.841817   0.999280
   778.94520    0.841817   0.999427
   778.95540    0.841817   0.999483
   778.96620    0.841817   0.999528
   778.97700    0.841817   0.999596
   778.98780    0.841817   0.999709
   778.99800    0.841817   0.999776
   779.00880    0.841817   0.999821
   779.01960    0.841817   0.999866
   779.03040    0.841817   0.999910
   779.04120    0.841817   1.000000
   779.05140    1.077358   1.000000
   779.06220    1.086576   1.000000
   779.07300    1.000053   1.000000
   779.08380    1.081229   1.000000
   779.09400    1.071705   1.000000
   779.10480    0.841817   1.000000
   779.11560    0.841817   1.000000
   779.12640    0.841817   1.000000
   779.13720    0.841817   1.000000
   779.14740    0.841817   1.000000
   779.15820    0.841817   1.000000
   779.16900    0.841817   1.000000
   779.17980    1.058308   1.000000
   779.19000    1.092229   1.000000
   779.20080    0.841817   1.000000
   779.21160    0.841817   1.000000
   779.22240    0.841817   1.000000
   779.23320    0.841817   1.000000
   779.24340    0.841817   1.000000
   779.25420    0.841817   1.000000
   779.26500    0.841817   1.000000
   779.27580    0.841817   1.000000
   779.28600    0.841817   1.000000
   779.29680    0.841817   1.000000
   779.30760    0.978545   1.000000
   779.31840    0.995014   1.000000
   779.32920    1.079202   1.000000
   779.33940    1.054806   1.000000
   779.35020    1.041839   1.000000
   779.36100    0.841817   1.000000
   779.37180    0.841817   1.000000
   779.38200    0.841817   1.000000
   779.39280    0.841817   1.000000
   779.40360    0.841817   1.000000
   779.41440    0.841817   1.000000
   779.42520    0.841817   1.000000
   779.43540    0.841817   1.000000
   779.44620    0.841817   1.000000
   779.45700    0.841817   1.000000
   779.46780    0.841817   1.000000
   779.47800    0.841817   1.000000
   779.48880    0.841817   1.000000
   779.49960    0.841817   1.000000
   779.51040    1.064269   1.000000
   779.52120    0.841817   1.000000
   779.53140    1.043990   1.000000
   779.54220    0.841817   1.000000
   779.55300    0.841817   1.000000
   779.56380    0.841817   1.000000
   779.57400    0.841817   1.000000
   779.58480    0.841817   1.000000
   779.59560    0.841817   1.000000
   779.60640    0.841817   1.000000
   779.61720    0.841817   1.000000
   779.62740    0.841817   1.000000
   779.63820    0.841817   1.000000
   779.64900    1.031577   1.000000
   779.65980    1.062733   1.000000
   779.67000    0.841817   1.000000
   779.68080    0.841817   1.000000
   779.69160    0.841817   1.000000
   779.70240    1.067587   1.000000
   779.71320    1.036555   1.000000
   779.72340    0.841817   1.000000
   779.73420    1.077419   1.000000
   779.74500    1.063716   1.000000
   779.75580    1.012097   1.000000
   779.76600    0.841817   1.000000
   779.77680    1.004416   1.000000
   779.78760    0.997472   1.000000
   779.79840    0.994829   1.000000
   779.80920    1.038890   1.000000
   779.81940    1.074777   1.000000
   779.83020    1.023404   1.000000
   779.84100    1.079447   1.000000
   779.85180    1.016706   1.000000
   779.86200    1.020762   1.000000
   779.87280    0.841817   1.000000
   779.88360    0.841817   1.000000
   779.89440    1.057448   1.000000
   779.90520    0.841817   1.000000
   779.91540    1.024817   1.000000
   779.92620    1.090263   1.000000
   779.93700    0.841817   1.000000
   779.94780    1.008164   1.000000
   779.95800    1.046141   1.000000
   779.96880    1.027214   1.000000
   779.97960    0.841817   1.000000
   779.99040    0.991634   1.000000
   780.00120    1.016337   1.000000
   780.01140    1.023220   1.000000
   780.02220    0.841817   1.000000
   780.03300    0.841817   1.000000
   780.04380    0.841817   1.000000
   780.05400    0.992679   1.000000
   780.06480    1.038828   1.000000
   780.07560    1.064085   1.000000
   780.08640    1.029119   1.000000
   780.09720    0.987640   1.000000
   780.10740    1.080984   1.000000
   780.11820    1.041163   1.000000
   780.12900    1.011974   1.000000
   780.13980    1.052716   1.000000
   780.15000    1.022298   1.000000
   780.16080    1.017198   1.000000
   780.17160    1.015477   1.000000
   780.18240    0.992986   1.000000
   780.19320    1.016522   1.000000
   780.20340    1.051057   1.000000
   780.21420    1.021806   1.000000
   780.22500    1.031761   1.000000
   780.23580    0.981617   1.000000
   780.24600    1.071520   1.000000
   780.25680    0.841817   1.000000
   780.26760    0.841817   1.000000
   780.27840    1.041962   1.000000
   780.28920    1.048783   1.000000
   780.29940    1.045158   1.000000
   780.31020    1.024387   1.000000
   780.32100    1.043867   1.000000
   780.33180    0.950523   1.000000
   780.34200    1.019717   1.000000
   780.35280    0.970495   1.000000
   780.36360    1.010376   1.000000
   780.37440    1.010192   1.000000
   780.38520    1.017505   1.000000
   780.39540    1.012097   1.000000
   780.40620    1.084241   1.000000
   780.41700    1.013203   1.000000
   780.42780    0.995075   1.000000
   780.43800    1.001712   1.000000
   780.44880    1.021315   1.000000
   780.45960    1.029058   1.000000
   780.47040    1.003125   1.000000
   780.48120    1.021499   1.000000
   780.49140    1.039013   1.000000
   780.50220    1.055174   1.000000
   780.51300    1.028996   1.000000
