 65843.91360    1.001747   1.000000
 65844.01440    1.110601   1.000000
 65844.11520    0.980750   1.000000
 65844.21600    1.064531   1.000000
 65844.31680    1.031711   1.000000
 65844.40320    0.988003   1.000000
 65844.50400    0.961077   1.000000
 65844.60480    0.986184   1.000000
 65844.70560    0.901900   1.000000
 65844.80640    0.988913   1.000000
 65844.90720    0.986184   1.000000
 65845.00800    1.009156   1.000000
 65845.10880    1.012880   1.000000
 65845.20960    0.948764   1.000000
 65845.31040    1.077353   1.000000
 65845.41120    0.940066   1.000000
 65845.51200    1.011948   1.000000
 65845.61280    1.015683   1.000000
 65845.71360    1.001747   1.000000
 65845.81440    0.979847   1.000000
 65845.91520    1.007298   1.000000
 65846.01600    1.054771   1.000000
 65846.10240    1.038384   1.000000
 65846.21760    1.002670   1.000000
 65846.30400    1.063551   1.000000
 65846.41920    0.980750   1.000000
 65846.50560    1.049925   1.000000
 65846.60640    1.086321   1.000000
 65846.70720    0.947890   1.000000
 65846.80800    1.007298   1.000000
 65846.90880    0.950513   1.000000
 65847.00960    1.039341   1.000000
 65847.11040    0.998983   1.000000
 65847.21120    0.908569   1.000000
 65847.31200    1.029812   1.000000
 65847.41280    0.967293   1.000000
 65847.51360    0.967293   1.000000
 65847.61440    1.054771   1.000000
 65847.71520    0.986184   0.998613
 65847.81600    0.945275   0.992420
 65847.91680    1.004519   0.982523
 65848.01760    0.934024   0.969461
 65848.11840    0.940066   0.953825
 65848.20480    0.944405   0.938496
 65848.30560    0.961963   0.918682
 65848.40640    0.902731   0.896959
 65848.50720    0.815001   0.873375
 65848.60800    0.843253   0.848383
 65848.70880    0.833985   0.821992
 65848.80960    0.748787   0.794405
 65848.91040    0.762006   0.765813
 65849.01120    0.679764   0.736568
 65849.11200    0.705924   0.706565
 65849.21280    0.638496   0.676606
 65849.31360    0.655780   0.646621
 65849.41440    0.641443   0.618289
 65849.51520    0.603057   0.595934
 65849.61600    0.571160   0.585194
 65849.71680    0.562287   0.578702
 65849.81760    0.591505   0.584765
 65849.90400    0.582852   0.604219
 65850.00480    0.625112   0.630360
 65850.10560    0.644998   0.658030
 65850.20640    0.685422   0.686564
 65850.30720    0.700742   0.715519
 65850.40800    0.718386   0.744637
 65850.50880    0.818763   0.773415
 65850.60960    0.797918   0.801846
 65850.71040    0.847146   0.829588
 65850.81120    0.861307   0.856591
 65850.91200    0.864486   0.881996
 65851.01280    0.906897   0.906361
 65851.11360    0.885438   0.929053
 65851.21440    0.891986   0.949795
 65851.31520    0.896103   0.968021
 65851.41600    0.971758   0.983573
 65851.50240    1.006371   0.993822
 65851.61760    0.974447   1.000000
 65851.70400    0.988913   1.000000
 65851.81920    0.974447   1.000000
 65851.90560    0.930590   1.000000
 65852.00640    1.026025   1.000000
 65852.10720    0.998983   1.000000
 65852.20800    1.053800   1.000000
 65852.30880    1.027917   1.000000
 65852.40960    1.059640   1.000000
 65852.51040    0.969970   1.000000
 65852.61120    0.973550   1.000000
 65852.71200    1.026971   1.000000
 65852.81280    0.980750   1.000000
 65852.91360    0.947890   1.000000
 65853.01440    0.984370   1.000000
 65853.11520    1.021311   1.000000
 65853.21600    1.036473   1.000000
 65853.31680    0.997145   1.000000
 65853.40320    1.055743   1.000000
 65853.50400    1.049925   1.000000
 65853.60480    1.032662   1.000000
 65853.70560    0.903562   1.000000
 65853.80640    1.032662   1.000000
 65853.90720    0.986184   1.000000
 65854.00800    0.962849   1.000000
 65854.10880    0.955780   1.000000
 65854.20960    1.011016   1.000000
 65854.31040    1.062571   1.000000
 65854.41120    1.016619   1.000000
 65854.51200    0.980750   1.000000
 65854.61280    0.982558   1.000000
 65854.71360    0.999904   1.000000
 65854.81440    0.981653   1.000000
 65854.91520    0.951389   1.000000
 65855.01600    1.087322   1.000000
 65855.11680    1.007298   1.000000
 65855.21760    0.969970   1.000000
 65855.31840    0.936609   1.000000
 65855.40480    0.989824   1.000000
 65855.50560    1.020371   1.000000
 65855.60640    1.033613   1.000000
 65855.70720    1.025081   1.000000
 65855.80800    1.003594   1.000000
 65855.90880    1.034566   1.000000
 65856.00960    0.989824   1.000000
 65856.11040    1.006371   1.000000
 65856.21120    1.051861   1.000000
 65856.31200    1.018493   1.000000
 65856.41280    0.990736   1.000000
 65856.51360    0.998063   1.000000
 65856.61440    1.026025   1.000000
 65856.71520    0.998983   1.000000
 65856.81600    1.007298   1.000000
 65856.91680    0.969970   1.000000
 65857.01760    1.067476   1.000000
 65857.10400    1.001747   1.000000
 65857.20480    1.043177   1.000000
 65857.30560    0.981653   1.000000
 65857.40640    1.029812   1.000000
 65857.50720    1.039341   1.000000
 65857.60800    1.026025   1.000000
 65857.70880    1.001747   1.000000
 65857.80960    0.932305   1.000000
 65857.91040    0.994393   1.000000
 65858.01120    0.941799   1.000000
 65858.11200    0.998983   1.000000
 65858.21280    1.025081   1.000000
 65858.31360    1.047028   1.000000
 65858.41440    0.954901   1.000000
 65858.51520    0.949638   1.000000
 65858.60160    0.964624   1.000000
 65858.71680    1.054771   1.000000
 65858.80320    1.047028   1.000000
