  1403.19060    0.939838   1.000000
  1403.20740    1.112746   1.000000
  1403.22420    1.173171   1.000000
  1403.24100    0.948205   1.000000
  1403.25780    1.100196   1.000000
  1403.27400    0.985389   1.000000
  1403.29080    1.074167   1.000000
  1403.30760    1.059758   1.000000
  1403.32440    1.086717   1.000000
  1403.34060    0.960755   1.000000
  1403.35740    1.010489   1.000000
  1403.37420    0.945881   1.000000
  1403.39100    1.154114   1.000000
  1403.40780    0.957501   1.000000
  1403.42400    0.877554   1.000000
  1403.44080    0.894287   1.000000
  1403.45760    1.080675   1.000000
  1403.47440    0.938444   0.999987
  1403.49060    0.956571   0.999908
  1403.50740    1.064871   0.999869
  1403.52420    1.023039   0.999733
  1403.54100    1.064871   0.999657
  1403.55780    1.080675   0.999490
  1403.57400    0.999333   0.999382
  1403.59080    1.093689   0.999206
  1403.60760    0.954712   0.999036
  1403.62440    0.800861   0.998848
  1403.64060    0.989108   0.998660
  1403.65740    1.105774   0.998528
  1403.67420    1.142029   0.998234
  1403.69100    0.978882   0.998071
  1403.70780    0.843159   0.997783
  1403.72400    0.997939   0.997588
  1403.74080    0.997009   0.997316
  1403.75760    1.115070   0.997077
  1403.77440    1.085323   0.996757
  1403.79060    1.072308   0.996494
  1403.80740    0.997474   0.996219
  1403.82420    0.965867   0.995907
  1403.84100    1.161086   0.995644
  1403.85780    1.010954   0.995261
  1403.87400    1.096013   0.995021
  1403.89080    1.058364   0.994619
  1403.90760    1.110887   0.994324
  1403.92440    1.025827   0.993946
  1403.94060    1.066266   0.993629
  1403.95740    0.984924   0.993261
  1403.97420    0.904978   0.992897
  1403.99100    0.952388   0.992569
  1404.00780    0.864540   0.992150
  1404.02400    0.832003   0.991795
  1404.04080    0.928683   0.991326
  1404.05760    1.118324   0.990978
  1404.07440    1.050462   0.990510
  1404.09060    0.982600   0.990105
  1404.10740    0.924500   0.989731
  1404.12420    1.013278   0.989239
  1404.14100    1.019320   0.988839
  1404.15780    0.998404   0.988372
  1404.17400    0.906372   0.988013
  1404.19080    0.901259   0.987461
  1404.20760    0.949599   0.987059
  1404.22440    1.096943   0.986526
  1404.24060    1.093224   0.986097
  1404.25740    1.045349   0.985612
  1404.27420    0.913344   0.985117
  1404.29100    0.959825   0.984602
  1404.30780    0.899400   0.984107
  1404.32400    1.059758   0.983662
  1404.34080    1.056969   0.983089
  1404.35760    0.995615   0.982614
  1404.37440    0.964473   0.982024
  1404.39060    0.893358   0.981550
  1404.40740    0.911020   0.980932
  1404.42420    0.953318   0.980468
  1404.44100    0.878484   0.979862
  1404.45780    1.105774   0.979312
  1404.47400    0.904513   0.978843
  1404.49080    1.015602   0.978217
  1404.50760    0.934725   0.977726
  1404.52440    0.975163   0.977046
  1404.54060    0.895682   0.976570
  1404.55740    1.081604   0.975890
  1404.57420    1.042096   0.975347
  1404.59100    1.043955   0.974757
  1404.60780    0.982136   0.974127
  1404.62400    0.986319   0.973568
  1404.64080    0.974234   0.972904
  1404.65760    1.053716   0.972427
  1404.67440    1.003052   0.971676
  1404.69060    1.051392   0.971137
  1404.70740    1.090435   0.970435
  1404.72420    0.937979   0.969784
  1404.74100    0.942162   0.969120
  1404.75780    1.003052   0.968465
  1404.77400    0.962614   0.967896
  1404.79080    0.997009   0.967187
  1404.80760    1.068590   0.966618
  1404.82440    0.974234   0.965832
  1404.84060    1.028151   0.965274
  1404.85740    0.910091   0.964506
  1404.87420    0.952853   0.963854
  1404.89100    0.938444   0.963161
  1404.90780    0.977952   0.962502
  1404.92400    0.963079   0.961814
  1404.94080    0.943557   0.961047
  1404.95760    0.904978   0.960423
  1404.97440    0.915203   0.959690
  1404.99060    1.071843   0.959032
  1405.00740    0.932866   0.958260
  1405.02420    1.071378   0.957556
  1405.04100    0.962149   0.956842
  1405.05780    0.970980   0.956124
  1405.07400    0.978417   0.955361
  1405.09080    0.851525   0.954637
  1405.10760    0.919852   0.953902
  1405.12440    1.026292   0.953162
  1405.14060    1.031405   0.952442
  1405.15740    0.977023   0.951640
  1405.17420    0.985854   0.950906
  1405.19100    0.801326   0.950119
  1405.20780    0.998404   0.949388
  1405.22400    1.173171   0.948670
  1405.24080    0.919852   0.947831
  1405.25760    1.048603   0.947115
  1405.27440    0.911020   0.946269
  1405.29060    1.047673   0.945569
  1405.30740    1.016996   0.944697
  1405.32420    0.974234   0.943914
  1405.34100    0.996080   0.943146
  1405.35780    0.920781   0.942325
  1405.37400    0.898470   0.941622
  1405.39080    0.819453   0.940744
  1405.40760    0.950994   0.939969
  1405.42440    0.952853   0.939082
  1405.44060    0.942162   0.938299
  1405.45740    0.752986   0.937449
  1405.47420    1.011883   0.936650
  1405.49100    0.921246   0.935865
  1405.50780    0.961684   0.935002
  1405.52400    0.792959   0.934218
  1405.54080    0.924500   0.933306
  1405.55760    0.995150   0.932505
  1405.57440    0.999798   0.931632
  1405.59060    0.904048   0.930830
  1405.60740    0.883597   0.929965
  1405.62420    0.954247   0.929161
  1405.64100    0.919387   0.928300
  1405.65780    0.914739   0.927374
  1405.67400    0.895217   0.926593
  1405.69080    1.041166   0.925631
  1405.70760    0.893822   0.924804
  1405.72440    0.896611   0.923925
  1405.74060    0.924964   0.923088
  1405.75740    0.967727   0.922208
  1405.77420    0.896611   0.921270
  1405.79100    0.990502   0.920472
  1405.80780    0.906837   0.919479
  1405.82400    0.913344   0.918671
  1405.84080    0.890104   0.917787
  1405.85760    1.015137   0.916888
  1405.87440    0.825031   0.916004
  1405.89060    0.943092   0.915108
  1405.90740    1.015602   0.914186
  1405.92420    0.901724   0.913278
  1405.94100    0.949134   0.912375
  1405.95780    0.904048   0.911455
  1405.97400    1.053251   0.910515
  1405.99080    0.943557   0.909675
  1406.00760    0.965867   0.908678
  1406.02440    0.938909   0.907840
  1406.04060    1.007700   0.906786
  1406.05740    0.989572   0.906011
  1406.07420    0.978417   0.905007
  1406.09100    0.812946   0.904121
  1406.10780    0.903583   0.903160
  1406.12400    0.968191   0.902247
  1406.14080    0.852455   0.901327
  1406.15760    0.971910   0.900380
  1406.17440    0.906372   0.899369
  1406.19060    0.864540   0.898476
  1406.20740    0.899400   0.897534
  1406.22420    0.854314   0.896553
  1406.24100    0.807368   0.895587
  1406.25780    0.874301   0.894681
  1406.27400    0.861286   0.893679
  1406.29080    0.949599   0.892700
  1406.30760    0.854779   0.891822
  1406.32440    0.918922   0.890837
  1406.34060    0.830144   0.889849
  1406.35740    0.866864   0.888907
  1406.37420    0.888710   0.887964
  1406.39100    0.927753   0.886976
  1406.40780    0.926824   0.885992
  1406.42400    0.779945   0.885067
  1406.44080    0.794354   0.884064
  1406.45760    0.812481   0.883057
  1406.47440    0.832468   0.882061
  1406.49060    0.853849   0.881156
  1406.50740    0.767860   0.880124
  1406.52420    0.851060   0.879125
  1406.54100    0.858032   0.878196
  1406.55780    0.863610   0.877172
  1406.57400    0.772043   0.876174
  1406.59080    0.896146   0.875204
  1406.60760    0.849666   0.874191
  1406.62440    0.900330   0.873161
  1406.64060    0.876160   0.872236
  1406.65740    0.892428   0.871289
  1406.67420    0.772973   0.870236
  1406.69100    0.851060   0.869198
  1406.70780    0.966332   0.868169
  1406.72400    0.813411   0.867283
  1406.74080    0.941233   0.866257
  1406.75760    0.800861   0.865199
  1406.77440    0.844553   0.864214
  1406.79060    0.892428   0.863179
  1406.80740    0.886386   0.862216
  1406.82420    0.887315   0.861198
  1406.84100    0.892893   0.860207
  1406.85780    0.852919   0.859182
  1406.87400    0.829679   0.858206
  1406.89080    0.918922   0.857138
  1406.90760    0.874765   0.856130
  1406.92440    0.855708   0.855116
  1406.94060    0.832933   0.854129
  1406.95740    0.769254   0.853112
  1406.97420    0.844088   0.852119
  1406.99100    0.887315   0.851029
  1407.00780    0.954712   0.850055
  1407.02400    0.885921   0.849061
  1407.04080    0.715337   0.848004
  1407.05760    0.804580   0.846971
  1407.07440    0.828750   0.845928
  1407.09060    0.910555   0.844928
  1407.10740    0.886386   0.843918
  1407.12420    0.887315   0.842898
  1407.14100    0.836186   0.841831
  1407.15780    0.733929   0.840815
  1407.17400    0.838046   0.839797
  1407.19080    0.815735   0.838783
  1407.20760    0.911950   0.837739
  1407.22440    0.897076   0.836727
  1407.24060    0.847807   0.835698
  1407.25740    0.849666   0.834670
  1407.27420    0.783663   0.833634
  1407.29100    0.835257   0.832612
  1407.30780    0.788311   0.831559
  1407.32400    0.736718   0.830561
  1407.34080    0.908696   0.829523
  1407.35760    0.911485   0.828477
  1407.37440    0.861286   0.827410
  1407.39060    0.840834   0.826416
  1407.40740    0.823637   0.825352
  1407.42420    0.849666   0.824357
  1407.44100    0.881737   0.823305
  1407.45780    0.771114   0.822284
  1407.47400    0.738577   0.821266
  1407.49080    0.807368   0.820273
  1407.50760    0.762747   0.819225
  1407.52440    0.801791   0.818146
  1407.54060    0.773902   0.817151
  1407.55740    0.801791   0.816137
  1407.57420    0.708365   0.815080
  1407.59100    0.736253   0.814105
  1407.60780    0.844088   0.812981
  1407.62400    0.819918   0.812000
  1407.64080    0.863610   0.811011
  1407.65760    0.702787   0.809916
  1407.67440    0.747873   0.808918
  1407.69060    0.839905   0.807923
  1407.70740    0.831538   0.806894
  1407.72420    0.746479   0.805841
  1407.74100    0.865934   0.804764
  1407.75780    0.726492   0.803757
  1407.77400    0.759029   0.802778
  1407.79080    0.796678   0.801717
  1407.80760    0.825496   0.800709
  1407.82440    0.822707   0.799658
  1407.84060    0.827355   0.798634
  1407.85740    0.884526   0.797667
  1407.87420    0.738577   0.796599
  1407.89100    0.860356   0.795620
  1407.90780    0.792495   0.794584
  1407.92400    0.791565   0.793570
  1407.94080    0.640503   0.792594
  1407.95760    0.707900   0.791421
  1407.97440    0.812017   0.790523
  1407.99060    0.842694   0.789576
  1408.00740    0.833862   0.788503
  1408.02420    0.816200   0.787541
  1408.04100    0.820383   0.786532
  1408.05780    0.833862   0.785442
  1408.07400    0.769719   0.784504
  1408.09080    0.855708   0.783428
  1408.10760    0.786452   0.782373
  1408.12440    0.785523   0.781474
  1408.14060    0.772043   0.780512
  1408.15740    0.680941   0.779503
  1408.17420    0.802256   0.778465
  1408.19100    0.837116   0.777398
  1408.20780    0.802256   0.776499
  1408.22400    0.764141   0.775550
  1408.24080    0.857568   0.774526
  1408.25760    0.782734   0.773496
  1408.27440    0.805044   0.772400
  1408.29060    0.718126   0.771534
  1408.30740    0.749268   0.770597
  1408.32420    0.781804   0.769573
  1408.34100    0.760888   0.768574
  1408.35780    0.751592   0.767590
  1408.37400    0.662349   0.766675
  1408.39080    0.833398   0.765681
  1408.40760    0.779015   0.764585
  1408.42440    0.687448   0.763679
  1408.44060    0.700928   0.762747
  1408.45740    0.708365   0.761764
  1408.47420    0.738112   0.760787
  1408.49100    0.819453   0.759876
  1408.50780    0.739507   0.758895
  1408.52400    0.752057   0.757925
  1408.54080    0.805974   0.757035
  1408.55760    0.808763   0.756010
  1408.57440    0.693491   0.755067
  1408.59060    0.781804   0.754138
  1408.60740    0.700463   0.753147
  1408.62420    0.693956   0.752202
  1408.64100    0.721379   0.751320
  1408.65780    0.734859   0.750373
  1408.67400    0.739507   0.749515
  1408.69080    0.688378   0.748597
  1408.70760    0.780874   0.747605
  1408.72440    0.711618   0.746713
  1408.74060    0.856638   0.745855
  1408.75740    0.877554   0.744837
  1408.77420    0.715337   0.743905
  1408.79100    0.905907   0.743095
  1408.80780    0.792495   0.742088
  1408.82400    0.781804   0.741270
  1408.84080    0.794354   0.740422
  1408.85760    0.793889   0.739433
  1408.87440    0.644221   0.738555
  1408.89060    0.713013   0.737720
  1408.90740    0.748803   0.736818
  1408.92420    0.789241   0.735902
  1408.94100    0.674899   0.735085
  1408.95780    0.686984   0.734148
  1408.97400    0.672575   0.733242
  1408.99080    0.709294   0.732413
  1409.00760    0.731605   0.731569
  1409.02440    0.774832   0.730686
  1409.04060    0.696745   0.729896
  1409.05740    0.784128   0.729074
  1409.07420    0.794819   0.728090
  1409.09100    0.715337   0.727315
  1409.10780    0.607502   0.726487
  1409.12400    0.739972   0.725719
  1409.14080    0.723703   0.724799
  1409.15760    0.762747   0.724043
  1409.17440    0.718126   0.723258
  1409.19060    0.785987   0.722336
  1409.20740    0.785987   0.721611
  1409.22420    0.581937   0.720791
  1409.24100    0.705576   0.719957
  1409.25780    0.720450   0.719137
  1409.27400    0.794819   0.718393
  1409.29080    0.711618   0.717622
  1409.30760    0.743690   0.716742
  1409.32440    0.764141   0.716074
  1409.34060    0.695815   0.715349
  1409.35740    0.732070   0.714536
  1409.37420    0.733929   0.713759
  1409.39100    0.690237   0.713040
  1409.40780    0.626094   0.712279
  1409.42400    0.589374   0.711521
  1409.44080    0.687448   0.710766
  1409.45760    0.761817   0.710085
  1409.47440    0.620052   0.709376
  1409.49060    0.655377   0.708517
  1409.50740    0.673504   0.707880
  1409.52420    0.739972   0.707221
  1409.54100    0.708830   0.706473
  1409.55780    0.698139   0.705715
  1409.57400    0.734394   0.705115
  1409.59080    0.706970   0.704452
  1409.60760    0.848271   0.703779
  1409.62440    0.736718   0.703024
  1409.64060    0.811087   0.702355
  1409.65740    0.752521   0.701750
  1409.67420    0.727887   0.701153
  1409.69100    0.745549   0.700451
  1409.70780    0.796678   0.699752
  1409.72400    0.700928   0.699204
  1409.74080    0.600994   0.698585
  1409.75760    0.641897   0.697926
  1409.77440    0.697674   0.697259
  1409.79060    0.766930   0.696736
  1409.80740    0.659560   0.696147
  1409.82420    0.640038   0.695564
  1409.84100    0.711154   0.694963
  1409.85780    0.753916   0.694294
  1409.87400    0.711618   0.693814
  1409.89080    0.653053   0.693243
  1409.90760    0.802256   0.692717
  1409.92440    0.740436   0.692188
  1409.94060    0.751127   0.691543
  1409.95740    0.672110   0.691026
  1409.97420    0.664673   0.690490
  1409.99100    0.752521   0.690015
  1410.00780    0.719520   0.689529
  1410.02400    0.761817   0.688982
  1410.04080    0.673969   0.688453
  1410.05760    0.713013   0.687959
  1410.07440    0.638644   0.687525
  1410.09060    0.562880   0.687042
  1410.10740    0.661419   0.686606
  1410.12420    0.774367   0.686069
  1410.14100    0.621911   0.685572
  1410.15780    0.631207   0.685178
  1410.17400    0.675828   0.684754
  1410.19080    0.684660   0.684387
  1410.20760    0.710224   0.683936
  1410.22440    0.651658   0.683495
  1410.24060    0.708830   0.683038
  1410.25740    0.569852   0.682729
  1410.27420    0.713478   0.682327
  1410.29100    0.718590   0.681977
  1410.30780    0.605643   0.681629
  1410.32400    0.653053   0.681316
  1410.34080    0.675828   0.680926
  1410.35760    0.768325   0.680582
  1410.37440    0.649334   0.680167
  1410.39060    0.536386   0.679855
  1410.40740    0.696280   0.679571
  1410.42420    0.684195   0.679271
  1410.44100    0.706970   0.679001
  1410.45780    0.732070   0.678690
  1410.47400    0.750197   0.678478
  1410.49080    0.614939   0.678232
  1410.50760    0.693956   0.677929
  1410.52440    0.663279   0.677706
  1410.54060    0.682336   0.677350
  1410.55740    0.689308   0.677123
  1410.57420    0.729746   0.676900
  1410.59100    0.734859   0.676671
  1410.60780    0.706041   0.676505
  1410.62400    0.678152   0.676367
  1410.64080    0.734394   0.676133
  1410.65760    0.752521   0.675978
  1410.67440    0.668391   0.675811
  1410.69060    0.816200   0.675610
  1410.70740    0.617263   0.675482
  1410.72420    0.721379   0.675378
  1410.74100    0.706970   0.675268
  1410.75780    0.746014   0.675109
  1410.77400    0.610291   0.675021
  1410.79080    0.640968   0.674900
  1410.80760    0.661884   0.674763
  1410.82440    0.599135   0.674695
  1410.84060    0.622840   0.674614
  1410.85740    0.588445   0.674568
  1410.87420    0.642362   0.674512
  1410.89100    0.645151   0.674420
  1410.90780    0.753451   0.674403
  1410.92400    0.690237   0.674338
  1410.94080    0.689308   0.674375
  1410.95760    0.633996   0.674328
  1410.97440    0.646081   0.674347
  1410.99060    0.663279   0.674371
  1411.00740    0.658630   0.674385
  1411.02420    0.673969   0.674393
  1411.04100    0.722309   0.674463
  1411.05780    0.751592   0.674510
  1411.07400    0.640038   0.674576
  1411.09080    0.702322   0.674625
  1411.10760    0.657236   0.674730
  1411.12440    0.654447   0.674782
  1411.14060    0.699998   0.674847
  1411.15740    0.572176   0.674933
  1411.17420    0.699998   0.675094
  1411.19100    0.603319   0.675153
  1411.20780    0.577289   0.675322
  1411.22400    0.621446   0.675458
  1411.24080    0.654912   0.675578
  1411.25760    0.682800   0.675669
  1411.27440    0.697674   0.675844
  1411.29060    0.663743   0.675972
  1411.30740    0.661884   0.676275
  1411.32420    0.721844   0.676481
  1411.34100    0.612150   0.676689
  1411.35780    0.655842   0.676959
  1411.37400    0.687448   0.677127
  1411.39080    0.615868   0.677394
  1411.40760    0.699069   0.677582
  1411.42440    0.638644   0.677740
  1411.44060    0.694421   0.678041
  1411.45740    0.658166   0.678237
  1411.47420    0.679082   0.678635
  1411.49100    0.596811   0.678914
  1411.50780    0.669786   0.679249
  1411.52400    0.667462   0.679509
  1411.54080    0.602389   0.679818
  1411.55760    0.735788   0.680133
  1411.57440    0.651194   0.680462
  1411.59060    0.658166   0.680727
  1411.60740    0.685124   0.681110
  1411.62420    0.627953   0.681485
  1411.64100    0.728816   0.681833
  1411.65780    0.746479   0.682162
  1411.67400    0.701393   0.682563
  1411.69080    0.617727   0.682891
  1411.70760    0.677688   0.683221
  1411.72440    0.672110   0.683778
  1411.74060    0.630742   0.684197
  1411.75740    0.672110   0.684621
  1411.77420    0.653982   0.684980
  1411.79100    0.607037   0.685397
  1411.80780    0.614474   0.685824
  1411.82400    0.763212   0.686294
  1411.84080    0.635390   0.686838
  1411.85760    0.676758   0.687276
  1411.87440    0.677688   0.687660
  1411.89060    0.705576   0.688126
  1411.90740    0.623770   0.688657
  1411.92420    0.693026   0.689165
  1411.94100    0.716731   0.689693
  1411.95780    0.817129   0.690224
  1411.97400    0.614939   0.690620
  1411.99080    0.792030   0.691177
  1412.00760    0.581008   0.691747
  1412.02440    0.779480   0.692270
  1412.04060    0.658166   0.692798
  1412.05740    0.668391   0.693316
  1412.07420    0.725563   0.693890
  1412.09100    0.629812   0.694522
  1412.10780    0.799002   0.695105
  1412.12400    0.630277   0.695602
  1412.14080    0.776226   0.696093
  1412.15760    0.674899   0.696787
  1412.17440    0.591234   0.697417
  1412.19060    0.671180   0.697995
  1412.20740    0.605178   0.698562
  1412.22420    0.734859   0.699215
  1412.24100    0.815735   0.699876
  1412.25780    0.656306   0.700477
  1412.27400    0.671180   0.700998
  1412.29080    0.707900   0.701703
  1412.30760    0.807368   0.702336
  1412.32440    0.675828   0.703007
  1412.34060    0.720450   0.703641
  1412.35740    0.625164   0.704312
  1412.37420    0.737648   0.704969
  1412.39100    0.672575   0.705683
  1412.40780    0.730675   0.706335
  1412.42400    0.756705   0.706994
  1412.44080    0.714407   0.707732
  1412.45760    0.610291   0.708373
  1412.47440    0.786452   0.709072
  1412.49060    0.702787   0.709839
  1412.50740    0.682800   0.710557
  1412.52420    0.692561   0.711228
  1412.54100    0.795748   0.711910
  1412.55780    0.642827   0.712690
  1412.57400    0.708365   0.713472
  1412.59080    0.805974   0.714177
  1412.60760    0.644686   0.714899
  1412.62440    0.743225   0.715706
  1412.64060    0.711618   0.716407
  1412.65740    0.660954   0.717137
  1412.67420    0.663743   0.717947
  1412.69100    0.703252   0.718703
  1412.70780    0.700928   0.719475
  1412.72400    0.689308   0.720261
  1412.74080    0.811552   0.721067
  1412.75760    0.614009   0.721825
  1412.77440    0.739042   0.722517
  1412.79060    0.779480   0.723423
  1412.80740    0.688843   0.724217
  1412.82420    0.660954   0.725000
  1412.84100    0.726027   0.725794
  1412.85780    0.662349   0.726662
  1412.87400    0.699069   0.727388
  1412.89080    0.735788   0.728234
  1412.90760    0.746014   0.729111
  1412.92440    0.718126   0.729904
  1412.94060    0.743225   0.730645
  1412.95740    0.799002   0.731602
  1412.97420    0.759958   0.732407
  1412.99100    0.745084   0.733213
  1413.00780    0.641433   0.734096
  1413.02400    0.694885   0.734928
  1413.04080    0.707435   0.735781
  1413.05760    0.713013   0.736669
  1413.07440    0.726027   0.737513
  1413.09060    0.719520   0.738327
  1413.10740    0.708830   0.739221
  1413.12420    0.747408   0.740138
  1413.14100    0.710689   0.740969
  1413.15780    0.675828   0.741859
  1413.17400    0.780410   0.742704
  1413.19080    0.688378   0.743625
  1413.20760    0.764606   0.744528
  1413.22440    0.836186   0.745394
  1413.24060    0.743690   0.746297
  1413.25740    0.803650   0.747137
  1413.27420    0.737648   0.748116
  1413.29100    0.785987   0.749002
  1413.30780    0.698604   0.749914
  1413.32400    0.765071   0.750838
  1413.34080    0.752986   0.751740
  1413.35760    0.883132   0.752613
  1413.37440    0.782269   0.753541
  1413.39060    0.720450   0.754441
  1413.40740    0.719055   0.755382
  1413.42420    0.820848   0.756262
  1413.44100    0.695350   0.757167
  1413.45780    0.839905   0.758159
  1413.47400    0.708365   0.759039
  1413.49080    0.825496   0.759913
  1413.50760    0.728816   0.760913
  1413.52440    0.754845   0.761876
  1413.54060    0.746944   0.762714
  1413.55740    0.744620   0.763737
  1413.57420    0.733464   0.764726
  1413.59100    0.833862   0.765600
  1413.60780    0.717661   0.766541
  1413.62400    0.738112   0.767482
  1413.64080    0.835722   0.768413
  1413.65760    0.745084   0.769434
  1413.67440    0.798072   0.770381
  1413.69060    0.838046   0.771279
  1413.70740    0.742760   0.772216
  1413.72420    0.696280   0.773209
  1413.74100    0.829679   0.774225
  1413.75780    0.743225   0.775180
  1413.77400    0.806439   0.776034
  1413.79080    0.800861   0.777082
  1413.80760    0.736718   0.778027
  1413.82440    0.781804   0.778979
  1413.84060    0.793889   0.779967
  1413.85740    0.690237   0.780957
  1413.87420    0.806439   0.781893
  1413.89100    0.744155   0.782866
  1413.90780    0.806439   0.783851
  1413.92400    0.851990   0.784863
  1413.94080    0.693956   0.785802
  1413.95760    0.806439   0.786810
  1413.97440    0.745084   0.787774
  1413.99060    0.849666   0.788774
  1414.00740    0.808763   0.789713
  1414.02420    0.836651   0.790755
  1414.04100    0.892428   0.791689
  1414.05780    0.757169   0.792717
  1414.07400    0.777621   0.793665
  1414.09080    0.800396   0.794691
  1414.10760    0.771578   0.795672
  1414.12440    0.876160   0.796633
  1414.14060    0.987713   0.797550
  1414.15740    0.920781   0.798601
  1414.17420    0.816665   0.799590
  1414.19100    0.870117   0.800575
  1414.20780    0.833862   0.801590
  1414.22400    0.799467   0.802535
  1414.24080    0.852455   0.803594
  1414.25760    0.795283   0.804588
  1414.27440    0.766001   0.805549
  1414.29060    0.790635   0.806509
  1414.30740    0.805509   0.807537
  1414.32420    0.869652   0.808556
  1414.34100    0.878949   0.809520
  1414.35780    0.790635   0.810552
  1414.37400    0.815270   0.811538
  1414.39080    0.740901   0.812526
  1414.40760    0.718126   0.813540
  1414.42440    0.850595   0.814529
  1414.44060    0.796678   0.815491
  1414.45740    0.930077   0.816519
  1414.47420    0.713942   0.817513
  1414.49100    0.913344   0.818514
  1414.50780    0.798537   0.819520
  1414.52400    0.890569   0.820504
  1414.54080    0.748338   0.821514
  1414.55760    0.735323   0.822524
  1414.57440    0.904513   0.823538
  1414.59060    0.783199   0.824498
  1414.60740    0.747873   0.825514
  1414.62420    0.827355   0.826520
  1414.64100    0.769254   0.827526
  1414.65780    0.837116   0.828519
  1414.67400    0.816200   0.829508
  1414.69080    0.845947   0.830501
  1414.70760    0.802256   0.831511
  1414.72440    0.888245   0.832478
  1414.74060    0.873371   0.833467
  1414.75740    0.884526   0.834497
  1414.77420    0.814805   0.835511
  1414.79100    0.902189   0.836485
  1414.80780    0.720914   0.837534
  1414.82400    0.860356   0.838445
  1414.84080    0.995615   0.839476
  1414.85760    0.888710   0.840462
  1414.87440    0.851525   0.841510
  1414.89060    0.702787   0.842466
  1414.90740    0.822707   0.843416
  1414.92420    0.905443   0.844518
  1414.94100    0.880343   0.845435
  1414.95780    0.774832   0.846457
  1414.97400    0.828750   0.847382
  1414.99080    0.797608   0.848462
  1415.00760    0.909161   0.849396
  1415.02440    0.800396   0.850434
  1415.04060    0.847342   0.851346
  1415.05740    0.825031   0.852336
  1415.07420    0.810622   0.853342
  1415.09100    0.891034   0.854293
  1415.10780    0.921711   0.855305
  1415.12400    0.932866   0.856268
  1415.14080    0.776226   0.857327
  1415.15760    0.934261   0.858225
  1415.17440    0.850131   0.859280
  1415.19060    0.864075   0.860162
  1415.20740    0.827355   0.861187
  1415.22420    0.862216   0.862173
  1415.24100    0.848736   0.863118
  1415.25780    0.859427   0.864178
  1415.27400    0.895217   0.865094
  1415.29080    0.878949   0.866066
  1415.30760    0.826890   0.867015
  1415.32440    0.818989   0.868008
  1415.34060    0.944951   0.868989
  1415.35740    0.772508   0.869935
  1415.37420    0.967262   0.870960
  1415.39100    1.025363   0.871896
  1415.40780    1.058364   0.872780
  1415.42400    0.798072   0.873866
  1415.44080    0.884061   0.874730
  1415.45760    0.948670   0.875646
  1415.47440    0.930542   0.876713
  1415.49060    0.971445   0.877539
  1415.50740    0.995150   0.878585
  1415.52420    0.904978   0.879580
  1415.54100    0.926359   0.880489
  1415.55780    0.994685   0.881465
  1415.57400    0.967262   0.882375
  1415.59080    0.910091   0.883386
  1415.60760    1.017926   0.884198
  1415.62440    0.888245   0.885239
  1415.64060    0.926824   0.886168
  1415.65740    0.832003   0.887051
  1415.67420    0.911485   0.888064
  1415.69100    0.828285   0.888979
  1415.70780    0.874301   0.889968
  1415.72400    0.891034   0.890795
  1415.74080    0.943092   0.891763
  1415.75760    0.854779   0.892708
  1415.77440    0.902189   0.893622
  1415.79060    0.835722   0.894561
  1415.80740    0.784128   0.895464
  1415.82420    0.818059   0.896396
  1415.84100    0.959825   0.897314
  1415.85780    0.873836   0.898191
  1415.87400    0.935190   0.899180
  1415.89080    0.893822   0.900054
  1415.90760    0.944486   0.900978
  1415.92440    0.783663   0.901846
  1415.94060    0.929148   0.902748
  1415.95740    0.865469   0.903703
  1415.97420    0.879413   0.904617
  1415.99100    1.033729   0.905480
  1416.00780    0.880808   0.906370
  1416.02400    0.865004   0.907253
  1416.04080    0.885456   0.908177
  1416.05760    0.827355   0.909013
  1416.07440    0.919387   0.909927
  1416.09060    0.976558   0.910790
  1416.10740    0.858962   0.911696
  1416.12420    0.922176   0.912637
  1416.14100    0.901724   0.913444
  1416.15780    0.885921   0.914387
  1416.17400    0.899865   0.915168
  1416.19080    0.867793   0.916089
  1416.20760    0.872906   0.916947
  1416.22440    0.862216   0.917777
  1416.24060    0.947275   0.918737
  1416.25740    0.933331   0.919489
  1416.27420    1.003052   0.920431
  1416.29100    0.937979   0.921296
  1416.30780    0.864075   0.922108
  1416.32400    0.805044   0.922963
  1416.34080    0.829679   0.923741
  1416.35760    0.953782   0.924708
  1416.37440    0.852919   0.925469
  1416.39060    1.035124   0.926300
  1416.40740    0.973769   0.927167
  1416.42420    0.969586   0.927980
  1416.44100    0.963079   0.928836
  1416.45780    0.891034   0.929661
  1416.47400    0.884526   0.930449
  1416.49080    0.948670   0.931365
  1416.50760    0.925429   0.932104
  1416.52440    0.868723   0.932920
  1416.54060    0.950529   0.933714
  1416.55740    1.023968   0.934591
  1416.57420    0.960290   0.935365
  1416.59100    1.030475   0.936132
  1416.60780    0.887315   0.936941
  1416.62400    0.886850   0.937699
  1416.64080    0.952388   0.938597
  1416.65760    0.993756   0.939320
  1416.67440    0.904048   0.940102
  1416.69060    0.764141   0.940857
  1416.70740    0.891963   0.941642
  1416.72420    0.922640   0.942484
  1416.74100    0.926824   0.943214
  1416.75780    0.904048   0.944093
  1416.77400    0.866399   0.944733
  1416.79080    0.940303   0.945527
  1416.80760    0.974699   0.946301
  1416.82440    0.880808   0.947003
  1416.84060    0.941233   0.947799
  1416.85740    0.973769   0.948524
  1416.87420    0.820848   0.949317
  1416.89100    0.946346   0.950002
  1416.90780    0.932401   0.950779
  1416.92400    1.013278   0.951564
  1416.94080    0.935655   0.952210
  1416.95760    1.093689   0.952983
  1416.97440    1.038842   0.953665
  1416.99060    1.093689   0.954383
  1417.00740    0.849201   0.955084
  1417.02420    0.947740   0.955819
  1417.04100    0.955177   0.956571
  1417.05780    1.015137   0.957245
  1417.07400    0.906837   0.957866
  1417.09080    0.922176   0.958626
  1417.10760    0.904048   0.959320
  1417.12440    0.983065   0.960027
  1417.14060    1.042096   0.960626
  1417.15740    0.947740   0.961407
  1417.17420    0.976093   0.962055
  1417.19100    1.030011   0.962681
  1417.20780    0.935190   0.963416
  1417.22400    0.949134   0.964025
  1417.24080    0.983530   0.964736
  1417.25760    0.888710   0.965316
  1417.27440    0.977023   0.966068
  1417.29060    0.940303   0.966588
  1417.30740    0.976558   0.967284
  1417.32420    0.970051   0.967957
  1417.34100    0.979347   0.968576
  1417.35780    0.876160   0.969208
  1417.37400    0.932866   0.969793
  1417.39080    0.879878   0.970433
  1417.40760    1.089506   0.970992
  1417.42440    1.022109   0.971681
  1417.44060    0.793424   0.972293
  1417.45740    0.989108   0.972872
  1417.47420    1.053251   0.973515
  1417.49100    0.963079   0.974119
  1417.50780    0.951458   0.974612
  1417.52400    0.989572   0.975255
  1417.54080    1.038377   0.975785
  1417.55760    0.944951   0.976418
  1417.57440    1.061617   0.976919
  1417.59060    1.066730   0.977504
  1417.60740    0.999798   0.978026
  1417.62420    0.970515   0.978605
  1417.64100    0.992826   0.979179
  1417.65780    0.968191   0.979687
  1417.67400    1.121113   0.980285
  1417.69080    0.912415   0.980751
  1417.70760    0.983995   0.981257
  1417.72440    0.964938   0.981798
  1417.74060    0.954712   0.982264
  1417.75740    0.889174   0.982848
  1417.77420    0.990502   0.983317
  1417.79100    0.921246   0.983880
  1417.80780    0.964938   0.984308
  1417.82400    0.999798   0.984843
  1417.84080    0.951458   0.985281
  1417.85760    1.010954   0.985753
  1417.87440    1.000728   0.986277
  1417.89060    0.920781   0.986665
  1417.90740    0.929148   0.987201
  1417.92420    1.009559   0.987633
  1417.94100    0.983995   0.988031
  1417.95780    0.852455   0.988570
  1417.97400    1.042560   0.988927
  1417.99080    0.947740   0.989413
  1418.00760    1.013742   0.989802
  1418.02440    0.965403   0.990246
  1418.04060    1.060223   0.990626
  1418.05740    1.015137   0.991038
  1418.07420    1.035588   0.991451
  1418.09100    1.022574   0.991820
  1418.10780    1.054181   0.992298
  1418.12400    1.043025   0.992581
  1418.14080    1.077886   0.992962
  1418.15760    1.021179   0.993321
  1418.17440    1.015137   0.993670
  1418.19060    1.027687   0.994062
  1418.20740    1.033264   0.994367
  1418.22420    0.953782   0.994760
  1418.24100    1.147607   0.995022
  1418.25780    1.058829   0.995349
  1418.27400    1.067660   0.995666
  1418.29080    0.948670   0.995949
  1418.30760    0.950064   0.996288
  1418.32440    1.012813   0.996539
  1418.34060    0.916598   0.996889
  1418.35740    0.970051   0.997096
  1418.37420    0.948205   0.997380
  1418.39100    0.991897   0.997610
  1418.40780    1.038842   0.997838
  1418.42400    1.000263   0.998133
  1418.44080    1.030940   0.998308
  1418.45760    1.004911   0.998570
  1418.47440    0.942627   0.998744
  1418.49060    0.955177   0.998918
  1418.50740    0.973304   0.999135
  1418.52420    1.038842   0.999266
  1418.54100    1.048138   0.999483
  1418.55780    0.861751   0.999580
  1418.57400    1.012813   0.999731
  1418.59080    0.944951   0.999829
  1418.60760    0.863610   0.999904
  1418.62440    1.066730   1.000000
  1418.64060    0.951923   1.000000
  1418.65740    0.985389   1.000000
  1418.67420    0.999333   1.000000
  1418.69100    1.066730   1.000000
  1418.70780    0.956571   1.000000
  1418.72400    0.962149   1.000000
  1418.74080    1.116929   1.000000
  1418.75760    0.981671   1.000000
  1418.77440    0.949599   1.000000
  1418.79060    0.962149   1.000000
  1418.80740    0.864540   1.000000
  1418.82420    1.127155   1.000000
  1418.84100    0.962614   1.000000
  1418.85780    1.046279   1.000000
  1418.87400    0.978882   1.000000
  1418.89080    1.063012   1.000000
  1418.90760    1.165734   1.000000
  1418.92440    1.036983   1.000000
  1418.94060    0.977023   1.000000
  1418.95740    0.987713   1.000000
  1418.97420    0.990502   1.000000
  1418.99100    0.890569   1.000000
  1419.00780    1.024433   1.000000
  1419.02400    1.009094   1.000000
  1419.04080    0.966332   1.000000
  1419.05760    0.937049   1.000000
  1419.07440    0.972375   1.000000
  1419.09060    1.021179   1.000000
  1419.10740    0.961684   1.000000
  1419.12420    0.939838   1.000000
  1419.14100    1.090900   1.000000
  1419.15780    0.997009   1.000000
  1419.17400    1.046279   1.000000
  1419.19080    0.945881   1.000000
  1419.20760    1.037912   1.000000
  1419.22440    0.998404   1.000000
  1419.24060    0.964008   1.000000
  1419.25740    1.007700   1.000000
  1419.27420    0.980741   1.000000
  1419.29100    0.990967   1.000000
  1419.30780    0.991432   1.000000
  1419.32400    1.104844   1.000000
  1419.34080    0.940768   1.000000
  1419.35760    0.917528   1.000000
  1419.37440    0.928683   1.000000
  1419.39060    0.923105   1.000000
  1419.40740    1.074632   1.000000
  1419.42420    0.926824   1.000000
  1419.44100    0.974234   1.000000
  1419.45780    0.896146   1.000000
  1419.47400    0.985389   1.000000
  1419.49080    1.025363   1.000000
  1419.50760    0.981671   1.000000
  1419.52440    0.933331   1.000000
  1419.54060    0.952388   1.000000
  1419.55740    0.883597   1.000000
  1419.57420    0.865934   1.000000
  1419.59100    0.893822   1.000000
  1419.60780    1.010489   1.000000
  1419.62400    0.932401   1.000000
  1419.64080    0.932866   1.000000
  1419.65760    1.054645   1.000000
  1419.67440    1.022574   1.000000
  1419.69060    0.941233   1.000000
  1419.70740    0.933796   1.000000
  1419.72420    0.952388   1.000000
  1419.74100    1.129944   1.000000
  1419.75780    0.883597   1.000000
  1419.77400    0.920781   1.000000
  1419.79080    0.905443   1.000000
  1419.80760    0.971445   1.000000
  1419.82440    0.966797   1.000000
  1419.84060    1.009559   1.000000
  1419.85740    0.948670   1.000000
  1419.87420    0.934261   1.000000
  1419.89100    1.072773   1.000000
  1419.90780    0.813876   1.000000
  1419.92400    0.880343   1.000000
  1419.94080    0.953782   1.000000
  1419.95760    1.028151   1.000000
  1419.97440    0.983530   1.000000
  1419.99060    1.106239   1.000000
  1420.00740    1.023503   1.000000
  1420.02420    0.903119   1.000000
  1420.04100    0.887780   1.000000
  1420.05780    0.964473   1.000000
  1420.07400    0.995615   1.000000
