    40.63522    0.980551   1.000000
    40.73630    0.929544   1.000000
    40.83624    0.996942   1.000000
    40.93762    0.913419   1.000000
    41.04893    0.966207   1.000000
    41.15030    0.947698   1.000000
    41.25067    0.919327   1.000000
    41.35493    0.926979   1.000000
    41.45501    0.891805   1.000000
    41.55394    0.984170   1.000000
    41.65301    0.895097   1.000000
    41.75194    0.987802   1.000000
    41.85072    0.954707   1.000000
    41.95080    0.917635   1.000000
    42.05074    0.921022   1.000000
    42.15082    0.975147   1.000000
    42.25075    1.018287   1.000000
    42.34982    0.896747   1.000000
    42.44875    0.938145   1.000000
    42.54782    0.982359   1.000000
    42.64776    0.961767   1.000000
    42.74784    0.960882   1.000000
    42.84778    1.016413   1.000000
    42.94598    0.928688   1.000000
    43.04563    0.957349   1.000000
    43.14557    0.992362   1.000000
    43.24565    1.025817   1.000000
    43.34558    0.996025   1.000000
    43.44566    1.008022   1.000000
    43.54560    0.949446   1.000000
    43.64467    0.909222   1.000000
    43.74360    1.026763   1.000000
    43.84368    0.953828   1.000000
    43.94362    0.933835   1.000000
    44.04355    1.012675   1.000000
    44.14248    0.963541   1.000000
    44.24141    0.968880   1.000000
    44.34048    1.043927   1.000000
    44.44042    0.993276   1.000000
    44.54050    0.992362   1.000000
    44.64043    1.011743   1.000000
    44.74051    0.978746   1.000000
    44.84045    0.986893   1.000000
    44.93952    0.988713   1.000000
    45.03830    0.997861   1.000000
    45.13824    1.010811   1.000000
    45.23832    0.987802   1.000000
    45.33826    0.975147   1.000000
    45.43834    0.982359   1.000000
    45.53827    1.000622   1.000000
    45.63835    1.040088   1.000000
    45.73829    0.952950   1.000000
    45.83952    0.972456   1.000000
    45.93830    0.987802   1.000000
    46.23725    0.977845   1.000000
    46.33632    0.985077   1.000000
    46.43525    1.010811   1.000000
    46.53418    0.999701   1.000000
    46.63310    0.961767   1.000000
    46.73218    1.027709   1.000000
    46.83211    0.952073   1.000000
    46.93205    1.002467   1.000000
    47.03213    0.941608   1.000000
    47.23214    1.071199   1.000000
    47.43115    0.937282   1.000000
    47.52994    0.961767   1.000000
    48.22690    1.017349   1.000000
    48.32698    1.015477   1.000000
    48.42691    0.985984   1.000000
    48.52699    1.007094   1.000000
    48.62693    0.977845   1.000000
    48.72701    0.974249   1.000000
    48.82579    1.011743   1.000000
    48.92472    0.991448   1.000000
    49.02379    1.013608   1.000000
    49.12373    1.021104   1.000000
    49.22381    0.962654   1.000000
    49.32274    1.018287   1.000000
    49.42166    0.996025   1.000000
    49.52160    1.060401   1.000000
    49.62168    1.024873   1.000000
    49.72162    0.916790   1.000000
    49.82155    0.996942   1.000000
    50.31878    1.008951   1.000000
    50.41771    1.013608   1.000000
    50.51678    0.991448   1.000000
    50.61672    0.978746   1.000000
    50.71680    0.983264   1.000000
    50.81674    0.969773   1.000000
    50.91566    1.058449   1.000000
    51.01459    1.069227   1.000000
    51.11467    0.960882   1.000000
    51.21461    0.972456   1.000000
    51.31469    0.987802   0.999465
    51.41462    1.083104   0.991273
    51.51456    0.973352   0.978180
    51.61464    1.014542   0.961673
    51.71458    0.926979   0.942728
    51.81365    0.947698   0.921761
    51.91258    0.856387   0.899175
    52.01266    0.864311   0.874797
    52.11259    0.839982   0.849109
    52.21267    0.773874   0.822460
    52.31146    0.790442   0.795345
    52.41038    0.743824   0.767779
    52.50946    0.722886   0.739882
    52.60723    0.703186   0.712441
    52.70731    0.659888   0.684598
    52.80725    0.655043   0.657540
    52.90632    0.580056   0.632172
    53.00626    0.642495   0.609230
    53.10634    0.642495   0.592502
    53.20627    0.594662   0.591714
    53.30635    0.624986   0.601026
    53.40629    0.649636   0.619883
    53.50622    0.588668   0.645954
    53.60630    0.672775   0.674000
    53.70624    0.705131   0.702904
    53.80531    0.698024   0.731742
    53.90424    0.789714   0.760205
    54.00432    0.763256   0.788345
    54.10426    0.774587   0.815649
    54.20434    0.851667   0.841893
    54.30427    0.884443   0.866910
    54.40435    0.863515   0.890526
    54.50429    0.887708   0.912476
    54.60422    0.952950   0.932606
    54.70430    0.883629   0.950788
    54.80309    0.962654   0.966605
    54.90317    1.056501   0.980019
    55.15042    0.998781   0.999348
    55.25842    1.050679   1.000000
    55.36771    1.086101   1.000000
    55.47614    0.976046   1.000000
    55.58544    1.046815   1.000000
    55.69474    1.045852   1.000000
    55.80432    1.007094   1.000000
    55.91362    1.028656   1.000000
    56.13034    0.981454   1.000000
    56.23963    0.952073   1.000000
    56.34893    1.109354   1.000000
    56.45722    0.987802   1.000000
    56.56781    0.989624   1.000000
    56.67610    1.054557   1.000000
    56.78640    0.994192   1.000000
    56.89483    1.070213   1.000000
    57.00427    1.109354   1.000000
    57.11357    1.011743   1.000000
    57.22402    1.047780   1.000000
    57.33230    1.080115   1.000000
    57.44174    1.093126   1.000000
    57.55018    1.085101   1.000000
    57.65947    1.110376   1.000000
    57.76776    1.022987   1.000000
    57.87706    1.023930   1.000000
    57.98650    1.041046   1.000000
    58.09694    1.038174   1.000000
    58.20624    1.059425   1.000000
    58.31568    1.072186   1.000000
    58.42512    1.000622   1.000000
    58.53442    1.011743   1.000000
    58.64285    1.000622   1.000000
    58.75214    1.058449   1.000000
    58.86144    1.054557   1.000000
    58.97088    1.032452   1.000000
    59.07931    1.010811   1.000000
    59.18861    0.953828   1.000000
    59.29891    1.039130   1.000000
    59.40950    1.049712   1.000000
    59.51779    1.040088   1.000000
    59.62608    1.021104   1.000000
    59.73451    0.989624   1.000000
    59.84280    1.079121   1.000000
    59.95109    1.033404   1.000000
    60.06038    1.052616   1.000000
    60.16882    1.039130   1.000000
    60.27811    1.003391   1.000000
    60.38784    1.033404   1.000000
    60.49800    1.028656   1.000000
    60.60845    0.977845   1.000000
    60.74568    1.041046   1.000000
    60.89890    1.061378   1.000000
    61.02806    1.014542   1.000000
    61.13866    1.033404   1.000000
    61.24896    0.983264   1.000000
    61.35941    1.020164   1.000000
    61.46971    1.023930   1.000000
    61.57930    1.025817   1.000000
    61.69378    1.018287   1.000000
    61.82006    1.062356   1.000000
    61.92922    1.011743   1.000000
    62.03866    0.954707   1.000000
    62.14694    1.048745   1.000000
    62.25523    0.976945   1.000000
    62.36366    0.976945   1.000000
    62.47397    0.979648   1.000000
    62.58341    0.993276   1.000000
    62.69371    1.019225   1.000000
    62.80315    0.996942   1.000000
    62.91144    1.004315   1.000000
    63.02088    0.980551   1.000000
    63.13133    1.001544   1.000000
    63.24062    1.037218   1.000000
    63.34891    1.009881   1.000000
    63.46267    1.064315   1.000000
    63.57197    0.984170   1.000000
    63.68126    1.012675   1.000000
    63.79056    1.026763   1.000000
    63.90014    1.049712   1.000000
    64.00944    1.036263   1.000000
    64.11874    1.022987   1.000000
    64.22717    0.981454   1.000000
    64.33963    0.948571   1.000000
    64.45008    1.018287   1.000000
    64.55851    0.965317   1.000000
    64.66882    0.974249   1.000000
    64.77811    0.996025   1.000000
    64.88856    1.016413   1.000000
    64.99699    0.987802   1.000000
    65.10730    1.003391   1.000000
    65.21674    0.919327   1.000000
    65.32517    0.968880   1.000000
    65.43446    0.961767   1.000000
    65.54275    0.949446   1.000000
    65.65205    0.967988   1.000000
