   845.40000    1.137213   1.000000
   845.44980    0.925213   1.000000
   845.50020    0.925213   1.000000
   845.55000    0.963478   1.000000
   845.59980    0.954645   1.000000
   845.65020    0.998715   1.000000
   845.71680    1.025751   1.000000
   845.76660    1.039063   1.000000
   845.81640    0.965254   1.000000
   845.86680    1.001479   1.000000
   845.91660    1.007029   1.000000
   845.96640    1.108260   1.000000
   846.01680    0.995960   1.000000
   846.08340    0.939814   1.000000
   846.13320    0.918421   1.000000
   846.18360    0.826879   1.000000
   846.23340    1.025751   1.000000
   846.28320    1.008885   1.000000
   846.33360    0.959935   1.000000
   846.38340    0.974186   1.000000
   846.45000    1.006101   1.000000
   846.49980    0.920114   1.000000
   846.55020    1.016346   1.000000
   846.60000    0.961705   1.000000
   846.64980    1.176635   1.000000
   846.70020    1.073104   1.000000
   846.75000    0.843028   1.000000
   846.81660    1.089035   1.000000
   846.86640    0.984106   1.000000
   846.91680    0.982295   1.000000
   846.96660    1.093054   1.000000
   847.01640    1.010745   1.000000
   847.06680    1.013542   1.000000
   847.11660    1.100124   1.000000
   847.18320    1.024806   1.000000
   847.23360    1.000557   1.000000
   847.28340    1.017283   1.000000
   847.33320    1.017283   1.000000
   847.38360    1.007956   1.000000
   847.43340    0.992297   1.000000
   847.48320    0.982295   1.000000
   847.54980    0.996877   1.000000
   847.60020    1.088032   1.000000
   847.65000    1.017283   1.000000
   847.69980    0.989559   1.000000
   847.75020    1.085030   1.000000
   847.80000    0.970603   1.000000
   847.84980    0.974186   1.000000
   847.91640    1.014476   1.000000
   847.96680    1.030485   1.000000
   848.01660    0.995043   1.000000
   848.06640    1.051579   1.000000
   848.11680    0.967925   1.000000
   848.16660    1.034289   1.000000
   848.21640    1.022920   1.000000
   848.28360    1.012609   1.000000
   848.33340    1.003325   1.000000
   848.38320    1.032385   1.000000
   848.43360    1.016346   1.000000
   848.48340    0.958168   1.000000
   848.53320    0.996877   1.000000
   848.58360    1.005175   1.000000
   848.65020    1.005175   1.000000
   848.70000    0.942414   1.000000
   848.74980    1.025751   1.000000
   848.80020    1.015411   1.000000
   848.85000    1.074093   1.000000
   848.89980    1.087031   1.000000
   848.95020    1.084031   1.000000
   849.01680    0.985013   1.000000
   849.06660    1.036196   1.000000
   849.11640    1.004250   1.000000
   849.16680    1.039063   1.000000
   849.21660    1.008885   1.000000
   849.26640    1.000557   1.000000
   849.31680    1.030485   1.000000
   849.38340    0.937221   1.000000
   849.43320    0.995960   1.000000
   849.48360    1.008885   1.000000
   849.53340    1.022920   1.000000
   849.58320    1.017283   1.000000
   849.63360    1.023863   1.000000
   849.68340    0.994127   1.000000
   849.75000    0.971498   1.000000
   849.79980    0.979584   1.000000
   849.85020    0.915044   1.000000
   849.90000    0.955524   1.000000
   849.94980    0.990471   1.000000
   850.00020    0.997796   1.000000
   850.05000    1.024806   1.000000
   850.11660    1.007029   1.000000
   850.16640    0.986829   1.000000
   850.21680    1.028589   1.000000
   850.26660    1.101138   1.000000
   850.31640    0.938084   1.000000
   850.36680    0.982295   1.000000
   850.41660    1.068173   1.000000
   850.48320    0.973289   1.000000
   850.53360    0.999636   1.000000
   850.58340    0.967925   1.000000
   850.63320    1.030485   1.000000
   850.68360    1.041938   1.000000
   850.73340    1.017283   1.000000
   850.78320    0.989559   1.000000
   850.84980    0.967034   1.000000
   850.90020    0.972393   1.000000
   850.95000    1.016346   1.000000
   850.99980    0.980487   1.000000
   851.05020    1.064245   1.000000
   851.10000    1.079051   1.000000
   851.14980    1.035242   1.000000
   851.21640    1.114402   1.000000
   851.26680    1.054488   1.000000
   851.31660    1.064245   1.000000
   851.36640    0.990471   1.000000
   851.41680    0.962591   1.000000
   851.46660    0.978682   1.000000
   851.51640    0.967925   1.000000
   851.58360    0.993212   1.000000
   851.63340    0.935496   1.000000
   851.68320    0.971498   1.000000
   851.73360    0.987738   1.000000
   851.78340    0.985013   1.000000
   851.83320    0.952011   1.000000
   851.88360    0.950259   1.000000
   851.95020    1.033337   1.000000
   852.00000    0.988648   1.000000
   852.04980    1.068173   1.000000
   852.10020    1.078057   1.000000
   852.15000    1.028589   1.000000
   852.19980    1.019159   1.000000
   852.25020    0.995960   1.000000
   852.31680    0.988648   1.000000
   852.36660    1.056433   1.000000
   852.41640    1.032385   1.000000
   852.46680    0.995960   1.000000
   852.51660    1.069158   1.000000
   852.56640    0.956405   1.000000
   852.61680    0.953766   1.000000
   852.68340    0.999636   1.000000
   852.73320    0.927773   1.000000
   852.78360    1.022920   1.000000
   852.83340    1.067190   1.000000
   852.88320    1.015411   1.000000
   852.93360    1.099112   1.000000
   853.00020    1.053518   1.000000
   853.05000    1.002402   1.000000
   853.09980    1.076073   1.000000
   853.15020    1.041938   1.000000
   853.20000    1.057406   1.000000
   853.24980    1.136166   1.000000
   853.30020    1.079051   1.000000
   853.36680    0.967925   1.000000
   853.41660    1.041938   1.000000
   853.46640    0.984106   1.000000
   853.51680    1.035242   1.000000
   853.56660    1.030485   1.000000
   853.61640    1.112351   1.000000
   853.66680    1.024806   1.000000
   853.73340    0.968817   1.000000
   853.78320    1.111327   1.000000
   853.83360    1.018220   1.000000
   853.88340    1.015411   1.000000
   853.93320    1.121610   1.000000
   853.98360    0.899170   1.000000
   854.03340    1.060332   1.000000
   854.10000    1.060332   1.000000
   854.14980    1.070143   1.000000
   854.20020    0.995043   1.000000
   854.25000    0.995043   1.000000
   854.29980    1.171229   1.000000
   854.35020    0.985013   1.000000
   854.40000    0.994127   1.000000
   854.46660    1.023863   1.000000
   854.51640    1.064245   1.000000
   854.56680    1.029537   1.000000
   854.61660    1.077065   1.000000
   854.66640    1.034289   1.000000
   854.71680    1.029537   1.000000
   854.76660    0.962591   1.000000
   854.83320    1.046747   0.999513
   854.88360    1.127825   0.998608
   854.93340    1.051579   0.997314
   854.98320    1.098100   0.995727
   855.03360    1.091043   0.993747
   855.08340    1.087031   0.991522
   855.15000    0.994127   0.988114
   855.19980    1.024806   0.985269
   855.25020    1.057406   0.982124
   855.30000    1.006101   0.978775
   855.34980    0.997796   0.975154
   855.40020    0.959051   0.971293
   855.45000    0.954645   0.967261
   855.51660    1.032385   0.961559
   855.56640    1.007956   0.957084
   855.61680    0.951134   0.952333
   855.66660    1.000557   0.947526
   855.71640    1.054488   0.942516
   855.76680    1.022920   0.937263
   855.81660    0.954645   0.931973
   855.88320    0.861077   0.924663
   855.93360    0.929484   0.918972
   855.98340    0.992297   0.913213
   856.03320    0.967034   0.907260
   856.08360    0.922660   0.901240
   856.13340    0.887650   0.895164
   856.18320    0.832227   0.889001
   856.24980    0.904986   0.880586
   856.30020    0.897515   0.874164
   856.35000    0.918421   0.867767
   856.39980    0.834530   0.861313
   856.45020    0.882758   0.854693
   856.50000    0.836068   0.848132
   856.56660    0.855543   0.839322
   856.61640    0.843028   0.832735
   856.66680    0.791848   0.826047
   856.71660    0.793308   0.819448
   856.76640    0.857120   0.812794
   856.81680    0.794771   0.806062
   856.86660    0.809546   0.799641
   856.93320    0.734246   0.790895
   856.98360    0.776679   0.784446
   857.03340    0.768142   0.778092
   857.08320    0.725507   0.771803
   857.13360    0.766729   0.765552
   857.18340    0.697336   0.759484
   857.23320    0.732220   0.753502
   857.29980    0.739676   0.745716
   857.35020    0.745833   0.739962
   857.40000    0.689036   0.734445
   857.44980    0.690942   0.729085
   857.50020    0.729528   0.723930
   857.55000    0.726845   0.718917
   857.59980    0.669641   0.714055
   857.66640    0.705086   0.708042
   857.71680    0.638913   0.703713
   857.76660    0.726845   0.699595
   857.81640    0.634223   0.695734
   857.86680    0.661671   0.692137
   857.91660    0.686502   0.688820
   857.98320    0.675215   0.684707
   858.03360    0.675215   0.681836
   858.08340    0.650192   0.679326
   858.13320    0.662280   0.677078
   858.18360    0.652592   0.675010
   858.23340    0.666564   0.673194
   858.28320    0.705735   0.671609
   858.34980    0.687135   0.669828
   858.40020    0.699909   0.668623
   858.45000    0.674593   0.667857
   858.49980    0.623795   0.667194
   858.55020    0.716872   0.666577
   858.60000    0.694132   0.666280
   858.64980    0.686502   0.666129
   858.71640    0.650791   0.666295
   858.76680    0.624370   0.666534
   858.81660    0.651391   0.666932
   858.86640    0.604007   0.667512
   858.91680    0.720845   0.668314
   858.96660    0.641862   0.669229
   859.03320    0.664113   0.670745
   859.08360    0.624370   0.672098
   859.13340    0.745833   0.673573
   859.18320    0.725507   0.675357
   859.23360    0.613538   0.677313
   859.28340    0.672732   0.679443
   859.33320    0.795503   0.681714
   859.39980    0.722839   0.685189
   859.45020    0.638325   0.687975
   859.50000    0.713579   0.691044
   859.54980    0.714894   0.694262
   859.60020    0.718194   0.697730
   859.65000    0.689671   0.701403
   859.69980    0.748586   0.705181
   859.76640    0.728185   0.710645
   859.81680    0.796970   0.715087
   859.86660    0.763206   0.719539
   859.91640    0.733570   0.724132
   859.96680    0.701200   0.729055
   860.01660    0.747897   0.734068
   860.08320    0.719518   0.740977
   860.13360    0.706386   0.746407
   860.18340    0.730200   0.751919
   860.23320    0.799911   0.757529
   860.28360    0.726845   0.763398
   860.33340    0.730873   0.769248
   860.38320    0.801386   0.775244
   860.44980    0.812534   0.783385
   860.50020    0.687768   0.789611
   860.55000    0.802864   0.795954
   860.59980    0.760399   0.802256
   860.65020    0.766729   0.808810
   860.70000    0.840701   0.815241
   860.74980    0.761801   0.821757
   860.81640    0.836068   0.830506
   860.86680    0.816285   0.837173
   860.91660    0.846139   0.843751
   860.96640    0.875471   0.850355
   861.01680    0.865051   0.856999
   861.06660    0.875471   0.863636
   861.11640    0.825357   0.870180
   861.18360    0.899170   0.878935
   861.23340    0.941547   0.885398
   861.28320    0.862664   0.891819
   861.33360    0.968817   0.898203
   861.38340    0.924361   0.904558
   861.43320    0.893391   0.910764
   861.49980    0.973289   0.918911
   861.55020    0.882758   0.924933
   861.60000    0.931197   0.930778
   861.64980    0.922660   0.936549
   861.70020    0.941547   0.942141
   861.75000    0.898342   0.947595
   861.79980    0.982295   0.952837
   861.86640    1.049643   0.959659
   861.91680    0.987738   0.964618
   861.96660    0.908326   0.969292
   862.01640    0.963478   0.973771
   862.06680    1.033337   0.977967
   862.11660    0.988648   0.981956
   862.16640    1.091043   0.985631
   862.23360    1.127825   0.990120
   862.28340    0.947637   0.993061
   862.33320    1.096079   0.995650
   862.38360    0.914201   0.997867
   862.43340    0.938949   0.999419
   862.48320    1.054488   1.000000
   862.53360    0.939814   1.000000
   862.60020    0.982295   1.000000
   862.65000    0.938949   1.000000
   862.69980    1.159423   1.000000
   862.75020    0.968817   1.000000
   862.80000    1.050611   1.000000
   862.84980    0.946764   1.000000
   862.90020    0.952888   1.000000
   862.96680    0.959051   1.000000
   863.01660    0.925213   1.000000
   863.06640    1.044821   1.000000
   863.11680    0.964366   1.000000
   863.16660    0.996877   1.000000
   863.21640    0.967034   1.000000
   863.28360    1.099112   1.000000
   863.33340    1.016346   1.000000
   863.38320    0.981390   1.000000
   863.43360    1.047712   1.000000
   863.48340    1.007029   1.000000
   863.53320    1.040979   1.000000
   863.58360    0.985920   1.000000
   863.65020    0.924361   1.000000
   863.70000    0.983200   1.000000
   863.74980    1.001479   1.000000
   863.80020    1.018220   1.000000
   863.85000    1.169073   1.000000
   863.89980    1.105202   1.000000
   863.95020    0.933774   1.000000
   864.01680    1.018220   1.000000
   864.06660    1.019159   1.000000
   864.11640    1.082036   1.000000
   864.16680    0.992297   1.000000
   864.21660    0.984106   1.000000
   864.26640    1.018220   1.000000
   864.31680    1.027642   1.000000
   864.38340    0.961705   1.000000
   864.43320    0.910001   1.000000
   864.48360    0.937221   1.000000
   864.53340    1.141410   1.000000
   864.58320    0.940680   1.000000
   864.63360    0.973289   1.000000
   864.70020    0.886016   1.000000
   864.75000    0.943283   1.000000
   864.79980    1.061309   1.000000
   864.85020    1.020098   1.000000
   864.90000    0.963478   1.000000
   864.94980    0.989559   1.000000
   865.00020    1.034289   1.000000
   865.06680    0.938949   1.000000
   865.11660    1.060332   1.000000
   865.16640    1.058380   1.000000
   865.21680    0.939814   1.000000
   865.26660    0.959935   1.000000
   865.31640    1.040020   1.000000
   865.36680    0.966144   1.000000
   865.43340    0.953766   1.000000
   865.48320    0.904986   1.000000
   865.53360    1.007029   1.000000
   865.58340    1.013542   1.000000
   865.63320    0.972393   1.000000
   865.68360    0.929484   1.000000
   865.73340    0.965254   1.000000
   865.80000    0.901658   1.000000
   865.84980    1.040979   1.000000
   865.90020    1.009815   1.000000
   865.95000    0.963478   1.000000
   865.99980    0.998715   1.000000
   866.05020    0.934634   1.000000
   866.10000    0.879512   1.000000
   866.16660    1.067190   1.000000
   866.21640    0.928628   1.000000
   866.26680    1.019159   1.000000
   866.31660    1.005175   1.000000
   866.36640    1.041938   1.000000
   866.41680    0.885201   1.000000
   866.46660    0.979584   1.000000
   866.53320    0.993212   1.000000
   866.58360    0.992297   1.000000
   866.63340    0.903320   1.000000
   866.68320    1.014476   1.000000
   866.73360    0.925213   1.000000
   866.78340    1.064245   1.000000
   866.85000    0.920114   1.000000
   866.89980    0.913360   1.000000
   866.95020    0.987738   1.000000
   867.00000    1.144568   1.000000
   867.04980    1.039063   1.000000
   867.10020    0.963478   1.000000
   867.15000    0.939814   1.000000
   867.21660    0.947637   1.000000
   867.26640    0.980487   1.000000
   867.31680    1.029537   1.000000
   867.36660    1.000557   1.000000
   867.41640    0.969710   1.000000
   867.46680    1.029537   1.000000
   867.51660    0.970603   1.000000
   867.58320    1.042898   1.000000
   867.63360    1.005175   1.000000
   867.68340    1.069158   1.000000
   867.73320    0.888468   1.000000
   867.78360    1.005175   1.000000
   867.83340    0.944152   1.000000
   867.88320    1.013542   1.000000
   867.94980    0.898342   1.000000
   868.00020    1.009815   1.000000
   868.05000    0.972393   1.000000
   868.09980    1.000557   1.000000
   868.15020    1.028589   1.000000
   868.20000    1.053518   1.000000
   868.24980    1.034289   1.000000
   868.31640    0.975982   1.000000
   868.36680    0.965254   1.000000
   868.41660    0.932056   1.000000
   868.46640    0.952888   1.000000
   868.51680    0.985013   1.000000
   868.56660    0.948510   1.000000
   868.61640    0.978682   1.000000
   868.68360    1.040979   1.000000
   868.73340    0.930340   1.000000
   868.78320    1.053518   1.000000
   868.83360    0.981390   1.000000
   868.88340    0.911679   1.000000
   868.93320    0.978682   1.000000
   868.98360    0.820808   1.000000
   869.05020    0.887650   1.000000
   869.10000    0.973289   1.000000
   869.14980    0.979584   1.000000
   869.20020    0.835299   1.000000
   869.25000    1.103168   1.000000
   869.29980    0.898342   1.000000
   869.36640    0.901658   1.000000
   869.41680    0.848480   1.000000
   869.46660    0.904153   1.000000
   869.51640    0.925213   1.000000
   869.56680    1.028589   1.000000
   869.61660    0.929484   1.000000
   869.66640    0.889287   1.000000
   869.73360    0.962591   1.000000
   869.78340    0.997796   1.000000
   869.83320    0.941547   1.000000
   869.88360    0.944152   1.000000
   869.93340    0.925213   1.000000
   869.98320    0.962591   1.000000
   870.03360    0.840701   1.000000
   870.10020    0.933774   1.000000
   870.15000    1.064245   1.000000
   870.19980    0.837610   1.000000
   870.25020    1.119546   1.000000
   870.30000    0.896689   1.000000
   870.34980    0.988648   1.000000
   870.41640    0.911679   1.000000
   870.46680    1.117485   1.000000
   870.51660    0.920962   1.000000
   870.56640    0.923510   1.000000
   870.61680    0.944152   1.000000
   870.66660    0.929484   1.000000
   870.71640    1.141410   1.000000
   870.78360    0.939814   1.000000
   870.83340    0.995960   1.000000
   870.88320    0.938949   1.000000
   870.93360    0.996877   1.000000
   870.98340    1.051579   1.000000
   871.03320    0.959051   1.000000
   871.08360    0.963478   1.000000
   871.15020    1.042898   1.000000
   871.20000    0.934634   1.000000
   871.24980    0.885201   1.000000
   871.30020    1.041938   1.000000
   871.35000    1.044821   1.000000
   871.39980    0.938949   1.000000
   871.45020    1.126787   1.000000
   871.51680    0.924361   1.000000
   871.56660    0.839927   1.000000
   871.61640    0.944152   1.000000
   871.66680    0.913360   1.000000
   871.71660    1.041938   1.000000
   871.76640    1.076073   1.000000
   871.83360    1.010745   1.000000
   871.88340    0.926919   1.000000
