  1082.51040    1.070890   1.000000
  1082.53200    0.989372   1.000000
  1082.55360    1.051472   1.000000
  1082.57460    1.091462   1.000000
  1082.59620    1.058009   1.000000
  1082.61720    0.994755   1.000000
  1082.63880    1.067237   1.000000
  1082.65980    1.057817   1.000000
  1082.68140    1.028593   1.000000
  1082.70240    1.004176   1.000000
  1082.72400    1.008213   1.000000
  1082.74560    0.994178   1.000000
  1082.76660    1.077619   1.000000
  1082.78820    1.027247   1.000000
  1082.80920    1.054356   1.000000
  1082.83080    1.022441   1.000000
  1082.85180    1.017057   1.000000
  1082.87340    1.024555   1.000000
  1082.89440    1.147602   1.000000
  1082.91600    1.069737   1.000000
  1082.93760    1.069544   1.000000
  1082.95860    0.989756   1.000000
  1082.98020    1.012251   1.000000
  1083.00120    1.030900   1.000000
  1083.02280    1.023402   1.000000
  1083.04380    0.985334   1.000000
  1083.06540    0.960341   1.000000
  1083.08640    0.974568   1.000000
  1083.10800    1.048973   1.000000
  1083.12960    1.013020   1.000000
  1083.15060    0.944960   1.000000
  1083.17220    0.941691   1.000000
  1083.19320    1.024363   1.000000
  1083.21480    1.028593   1.000000
  1083.23580    1.063008   1.000000
  1083.25740    1.058586   1.000000
  1083.27840    1.048588   1.000000
  1083.30000    1.036091   1.000000
  1083.32160    1.059355   1.000000
  1083.34260    0.977259   1.000000
  1083.36420    1.019364   1.000000
  1083.38520    1.042051   1.000000
  1083.40680    0.964570   1.000000
  1083.42780    1.003791   1.000000
  1083.44940    1.083964   1.000000
  1083.47040    0.992063   1.000000
  1083.49200    0.981297   1.000000
  1083.51360    1.049357   1.000000
  1083.53460    1.025325   1.000000
  1083.55620    1.070890   1.000000
  1083.57720    0.952458   1.000000
  1083.59880    1.003599   1.000000
  1083.61980    1.004368   1.000000
  1083.64140    0.998024   1.000000
  1083.66240    0.910353   1.000000
  1083.68400    0.949189   1.000000
  1083.70560    1.005522   1.000000
  1083.72660    0.960725   1.000000
  1083.74820    0.995140   1.000000
  1083.76920    1.023210   1.000000
  1083.79080    0.962071   1.000000
  1083.81180    0.991871   1.000000
  1083.83340    1.004753   1.000000
  1083.85440    0.967839   1.000000
  1083.87600    1.022248   1.000000
  1083.89760    0.953804   1.000000
  1083.91860    1.030516   1.000000
  1083.94020    1.044743   1.000000
  1083.96120    1.005714   1.000000
  1083.98280    1.007060   1.000000
  1084.00380    1.048396   1.000000
  1084.02540    1.076081   1.000000
  1084.04640    1.057624   1.000000
  1084.06800    1.042436   1.000000
  1084.08960    1.059739   1.000000
  1084.11060    1.018980   1.000000
  1084.13220    1.023210   1.000000
  1084.15320    0.964763   1.000000
  1084.17480    1.060124   1.000000
  1084.19580    1.050703   1.000000
  1084.21740    1.020326   1.000000
  1084.23840    1.101267   1.000000
  1084.26000    1.025901   1.000000
  1084.28160    0.958226   1.000000
  1084.30260    1.007252   1.000000
  1084.32420    1.011097   1.000000
  1084.34520    0.926503   1.000000
  1084.36680    1.027439   1.000000
  1084.38780    1.062239   1.000000
  1084.40940    0.935347   1.000000
  1084.43040    0.984950   1.000000
  1084.45200    1.013981   1.000000
  1084.47360    1.005137   1.000000
  1084.49460    0.936692   1.000000
  1084.51620    0.951881   1.000000
  1084.53720    0.957072   0.999959
  1084.55880    0.908046   0.999656
  1084.57980    0.936116   0.999201
  1084.60140    0.937269   0.998663
  1084.62240    0.950151   0.997997
  1084.64400    0.980912   0.997249
  1084.66560    0.961302   0.996502
  1084.68660    0.964763   0.995673
  1084.70820    0.941114   0.994830
  1084.72920    0.976683   0.993986
  1084.75080    0.968800   0.993042
  1084.77180    0.997639   0.991961
  1084.79340    0.964763   0.990884
  1084.81440    0.974568   0.989755
  1084.83600    0.916890   0.988650
  1084.85760    0.956688   0.987371
  1084.87860    0.986488   0.986256
  1084.90020    0.956688   0.985097
  1084.92120    0.958418   0.983795
  1084.94280    1.042628   0.982388
  1084.96380    0.953996   0.981216
  1084.98540    0.940922   0.979768
  1085.00640    0.937077   0.978369
  1085.02800    0.952842   0.977040
  1085.04960    0.947267   0.975695
  1085.07060    1.002446   0.974195
  1085.09220    0.971876   0.972713
  1085.11320    0.925541   0.971172
  1085.13480    1.003599   0.969653
  1085.15580    0.961302   0.968216
  1085.17740    0.900548   0.966764
  1085.19840    0.942076   0.965224
  1085.22000    1.028593   0.963549
  1085.24160    0.949382   0.961943
  1085.26260    0.921696   0.960422
  1085.28420    0.932463   0.958815
  1085.30520    0.893818   0.957317
  1085.32680    0.893818   0.955628
  1085.34780    0.901124   0.953978
  1085.36940    0.894203   0.952383
  1085.39040    0.922465   0.950759
  1085.41200    0.947844   0.949100
  1085.43360    0.894972   0.947403
  1085.45460    0.887282   0.945714
  1085.47620    0.982643   0.944079
  1085.49720    0.986103   0.942495
  1085.51880    0.938615   0.940749
  1085.53980    0.931117   0.939091
  1085.56140    0.919389   0.937404
  1085.58240    0.965147   0.935755
  1085.60400    0.915352   0.934083
  1085.62560    0.912660   0.932363
  1085.64660    0.963609   0.930752
  1085.66820    0.872093   0.928953
  1085.68920    0.865172   0.927404
  1085.71080    0.923427   0.925652
  1085.73180    0.919774   0.924168
  1085.75340    0.893049   0.922452
  1085.77440    0.855366   0.920755
  1085.79600    0.859788   0.918985
  1085.81760    0.967262   0.917373
  1085.83860    0.948613   0.915717
  1085.86020    0.891127   0.914017
  1085.88120    0.918620   0.912630
  1085.90280    0.940153   0.910962
  1085.92380    0.920927   0.909296
  1085.94540    0.889396   0.907649
  1085.96640    0.989564   0.906205
  1085.98800    0.921696   0.904486
  1086.00960    0.874400   0.902969
  1086.03060    0.838063   0.901620
  1086.05220    0.863826   0.899841
  1086.07320    0.947844   0.898394
  1086.09480    0.920350   0.896958
  1086.11580    0.854405   0.895420
  1086.13740    0.905931   0.893994
  1086.15840    0.909392   0.892461
  1086.18000    0.881322   0.891016
  1086.20160    0.947651   0.889738
  1086.22260    0.886320   0.888169
  1086.24420    0.887089   0.886941
  1086.26520    0.907084   0.885510
  1086.28680    0.864787   0.884144
  1086.30780    0.857673   0.882967
  1086.32940    0.803264   0.881509
  1086.35040    0.863634   0.880436
  1086.37200    0.837486   0.879015
  1086.39360    0.828065   0.877880
  1086.41460    0.856904   0.876594
  1086.43620    0.843062   0.875487
  1086.45720    0.881514   0.874275
  1086.47880    0.885936   0.873235
  1086.49980    0.904585   0.872133
  1086.52140    0.943037   0.871093
  1086.54240    0.875746   0.870151
  1086.56400    0.900740   0.868996
  1086.58560    0.872285   0.867993
  1086.60660    0.859788   0.867060
  1086.62820    0.844023   0.866066
  1086.64920    0.877476   0.865253
  1086.67080    0.865364   0.864359
  1086.69180    0.881898   0.863526
  1086.71340    0.886513   0.862776
  1086.73440    0.849022   0.861913
  1086.75600    0.887089   0.861193
  1086.77760    0.871132   0.860662
  1086.79860    0.876900   0.859950
  1086.82020    0.934193   0.859332
  1086.84120    0.905546   0.858696
  1086.86280    0.911506   0.858056
  1086.88380    0.842485   0.857497
  1086.90540    0.865364   0.857069
  1086.92640    0.851521   0.856768
  1086.94800    0.924388   0.856200
  1086.96960    0.954188   0.855867
  1086.99060    0.903431   0.855447
  1087.01220    0.917659   0.855222
  1087.03320    0.910161   0.854785
  1087.05480    0.856135   0.854626
  1087.07580    0.837871   0.854367
  1087.09740    0.877861   0.854286
  1087.11840    0.826912   0.854121
  1087.14000    0.844023   0.854137
  1087.16160    0.812492   0.853957
  1087.18260    0.879976   0.854043
  1087.20420    0.905162   0.853938
  1087.22520    0.866325   0.853967
  1087.24680    0.955919   0.854087
  1087.26780    0.868056   0.854218
  1087.28940    0.920158   0.854306
  1087.31040    0.860365   0.854574
  1087.33200    0.806148   0.854798
  1087.35360    0.847868   0.855132
  1087.37460    0.863249   0.855395
  1087.39620    0.829988   0.855652
  1087.41720    0.794804   0.856100
  1087.43880    0.837294   0.856544
  1087.45980    0.836717   0.856881
  1087.48140    0.890358   0.857396
  1087.50240    0.844215   0.857882
  1087.52400    0.858250   0.858423
  1087.54560    0.922850   0.859100
  1087.56660    0.900355   0.859673
  1087.58820    0.872285   0.860347
  1087.60920    0.837678   0.860960
  1087.63080    0.825566   0.861663
  1087.65180    0.871324   0.862349
  1087.67340    0.862865   0.863099
  1087.69440    0.896702   0.863936
  1087.71600    0.869978   0.864824
  1087.73760    0.894203   0.865568
  1087.75860    0.868056   0.866515
  1087.78020    0.893434   0.867456
  1087.80120    0.913621   0.868446
  1087.82280    0.910161   0.869406
  1087.84380    0.915544   0.870251
  1087.86540    0.874400   0.871376
  1087.88640    0.911122   0.872349
  1087.90800    0.898433   0.873501
  1087.92960    0.846138   0.874610
  1087.95060    0.842677   0.875631
  1087.97220    0.888435   0.876780
  1087.99320    0.862865   0.878062
  1088.01480    0.863634   0.879178
  1088.03580    0.904200   0.880273
  1088.05740    0.889781   0.881727
  1088.07840    0.988603   0.882798
  1088.10000    0.947651   0.884125
  1088.12160    0.830757   0.885409
  1088.14260    0.814607   0.886691
  1088.16420    0.840755   0.887998
  1088.18520    0.896895   0.889356
  1088.20680    0.846138   0.890664
  1088.22780    0.872285   0.892087
  1088.24940    0.902662   0.893419
  1088.27040    0.898433   0.894891
  1088.29200    0.902855   0.896243
  1088.31360    0.854021   0.897717
  1088.33460    0.839409   0.899089
  1088.35620    0.864787   0.900537
  1088.37720    0.905546   0.902034
  1088.39880    0.894011   0.903501
  1088.41980    0.866517   0.904930
  1088.44140    0.840178   0.906490
  1088.46240    0.912468   0.907893
  1088.48400    0.885167   0.909606
  1088.50560    0.901509   0.910914
  1088.52660    0.923427   0.912479
  1088.54820    0.913429   0.914104
  1088.56920    0.909007   0.915523
  1088.59080    0.919966   0.917208
  1088.61180    0.905354   0.918643
  1088.63340    0.874592   0.920196
  1088.65440    0.901893   0.921774
  1088.67600    0.946690   0.923233
  1088.69760    0.931309   0.924854
  1088.71860    0.906508   0.926441
  1088.74020    0.894395   0.927893
  1088.76120    0.927464   0.929476
  1088.78280    0.955726   0.931204
  1088.80380    0.905931   0.932576
  1088.82540    0.855174   0.934164
  1088.84640    0.843638   0.935736
  1088.86800    0.922465   0.937213
  1088.88960    0.905162   0.938715
  1088.91060    0.937654   0.940339
  1088.93220    1.019749   0.941967
  1088.95320    0.969377   0.943372
  1088.97480    0.960148   0.944961
  1088.99580    0.941884   0.946484
  1089.01740    0.967262   0.948006
  1089.03840    0.902470   0.949440
  1089.06000    0.907084   0.950975
  1089.08160    1.005522   0.952458
  1089.10260    1.102229   0.953895
  1089.12420    0.968800   0.955394
  1089.14520    0.957264   0.956826
  1089.16680    0.917466   0.958320
  1089.18780    0.932270   0.959671
  1089.20940    0.943422   0.961088
  1089.23040    0.932270   0.962552
  1089.25200    0.940153   0.963925
  1089.27360    0.923811   0.965305
  1089.29460    0.956688   0.966599
  1089.31620    0.948613   0.968033
  1089.33720    0.917274   0.969386
  1089.35880    0.938423   0.970650
  1089.37980    0.891319   0.972006
  1089.40140    0.971684   0.973171
  1089.42240    1.026094   0.974477
  1089.44400    0.919774   0.975801
  1089.46560    0.981681   0.976921
  1089.48660    0.933040   0.978172
  1089.50820    0.895741   0.979329
  1089.52920    0.936116   0.980423
  1089.55080    0.950151   0.981643
  1089.57180    0.965724   0.982701
  1089.59340    1.004560   0.983883
  1089.61440    1.003599   0.984836
  1089.63600    1.003599   0.985905
  1089.65760    0.981105   0.986894
  1089.67860    1.013597   0.987876
  1089.70020    1.002638   0.988820
  1089.72120    0.984181   0.989807
  1089.74280    1.026094   0.990707
  1089.76380    0.955342   0.991485
  1089.78540    0.964955   0.992292
  1089.80640    1.039360   0.993101
  1089.82800    0.981105   0.993854
  1089.84960    1.105305   0.994617
  1089.87060    0.948613   0.995299
  1089.89220    0.945536   0.995971
  1089.91320    0.964186   0.996501
  1089.93480    1.000138   0.997100
  1089.95580    1.010905   0.997574
  1089.97740    1.009175   0.998060
  1089.99840    0.964570   0.998511
  1090.02000    0.993217   0.998895
  1090.04160    0.965916   0.999228
  1090.06260    0.960917   0.999520
  1090.08420    1.029170   0.999714
  1090.10520    1.124723   0.999860
  1090.12680    0.993794   0.999957
  1090.14780    1.001292   0.999999
  1090.16940    0.986296   1.000000
  1090.19040    0.930540   1.000000
  1090.21200    0.971492   1.000000
  1090.23360    0.950151   1.000000
  1090.25460    0.961494   1.000000
  1090.27620    0.935731   1.000000
  1090.29720    0.992640   1.000000
  1090.31880    0.996870   1.000000
  1090.33980    0.974568   1.000000
  1090.36140    0.973414   1.000000
  1090.38240    0.988795   1.000000
  1090.40400    0.883821   1.000000
  1090.42560    0.983219   1.000000
  1090.44660    0.965724   1.000000
  1090.46820    0.954573   1.000000
  1090.48920    1.027055   1.000000
  1090.51080    0.968415   1.000000
  1090.53180    1.012828   1.000000
  1090.55340    0.976875   1.000000
  1090.57440    0.987257   1.000000
  1090.59600    0.944575   1.000000
  1090.61760    0.939000   1.000000
  1090.63860    0.927656   1.000000
  1090.66020    0.927656   1.000000
  1090.68120    1.019941   1.000000
  1090.70280    0.968800   1.000000
  1090.72380    0.980528   1.000000
  1090.74540    1.044358   1.000000
  1090.76640    1.002446   1.000000
  1090.78800    1.013597   1.000000
  1090.80960    1.037437   1.000000
  1090.83060    1.012828   1.000000
  1090.85220    0.968031   1.000000
  1090.87320    0.973606   1.000000
  1090.89480    0.969954   1.000000
  1090.91580    0.987257   1.000000
  1090.93740    0.955919   1.000000
  1090.95840    1.020326   1.000000
  1090.98000    1.024171   1.000000
  1091.00160    0.987449   1.000000
  1091.02260    0.980336   1.000000
  1091.04420    0.945344   1.000000
  1091.06520    0.960725   1.000000
  1091.08680    0.997831   1.000000
  1091.10780    1.019557   1.000000
  1091.12940    1.011866   1.000000
  1091.15040    1.033592   1.000000
  1091.17200    1.087617   1.000000
  1091.21460    1.083387   1.000000
  1091.23620    0.976683   1.000000
  1091.25720    1.097807   1.000000
  1091.27880    0.987641   1.000000
  1091.29980    1.039744   1.000000
  1091.32140    1.072428   1.000000
  1091.34240    1.055894   1.000000
  1091.36400    0.995140   1.000000
  1091.38560    1.084156   1.000000
  1091.40660    1.033399   1.000000
  1091.42820    1.012828   1.000000
  1091.44920    1.002830   1.000000
  1091.47080    1.038783   1.000000
  1091.49180    1.029939   1.000000
  1091.51340    1.032438   1.000000
  1091.53440    1.072813   1.000000
  1091.55600    1.000523   1.000000
