  1270.48320    0.995904   0.964040
  1270.58400    1.083971   0.959527
  1270.69920    1.067131   0.954132
  1270.80000    0.956352   0.949220
  1270.90080    0.963424   0.944143
  1271.00160    0.949331   0.938913
  1271.11680    0.860236   0.932765
  1271.21760    0.984051   0.927248
  1271.31840    0.974131   0.921615
  1271.41920    0.894165   0.915878
  1271.53440    0.860236   0.909207
  1271.63520    0.856283   0.903282
  1271.73600    0.960766   0.897287
  1271.83680    0.854708   0.891233
  1271.95200    0.867396   0.884256
  1272.05280    0.821519   0.878112
  1272.15360    0.921759   0.871943
  1272.25440    0.925162   0.865762
  1272.36960    0.880273   0.858697
  1272.47040    0.858653   0.852527
  1272.57120    0.904935   0.846381
  1272.67200    0.888418   0.840271
  1272.78720    0.794726   0.833349
  1272.88800    0.862616   0.827359
  1272.98880    0.851565   0.821444
  1273.08960    0.799130   0.815620
  1273.20480    0.704397   0.809090
  1273.30560    0.744419   0.803503
  1273.40640    0.861822   0.798050
  1273.50720    0.758958   0.792743
  1273.62240    0.775921   0.786879
  1273.72320    0.764571   0.781938
  1273.82400    0.758958   0.777192
  1274.04000    0.664688   0.767747
  1274.14080    0.736237   0.763710
  1274.24160    0.703749   0.759929
  1274.34240    0.685832   0.756419
  1274.45760    0.773068   0.752757
  1274.55840    0.802080   0.749873
  1274.65920    0.774493   0.747301
  1274.76000    0.720805   0.745052
  1274.87520    0.770225   0.742892
  1274.97600    0.692815   0.741368
  1275.07680    0.753386   0.740196
  1275.16320    0.677669   0.739474
  1275.29280    0.764571   0.738888
  1275.39360    0.754775   0.738845
  1275.49440    0.730832   0.739164
  1275.58080    0.757561   0.739725
  1275.69600    0.778785   0.740879
  1275.81120    0.721469   0.742492
  1275.91200    0.726135   0.744270
  1275.99840    0.770935   0.746061
  1276.11360    0.763867   0.748818
  1276.21440    0.738274   0.751565
  1276.31520    0.742365   0.754612
  1276.44480    0.857073   0.758947
  1276.54560    0.791075   0.762628
  1276.63200    0.786715   0.765985
  1276.73280    0.783101   0.770124
  1276.84800    0.766686   0.775130
  1276.94880    0.826833   0.779735
  1277.04960    0.763163   0.784532
  1277.15040    0.779503   0.789508
  1277.26560    0.813238   0.795394
  1277.36640    0.816992   0.800701
  1277.46720    0.856283   0.806140
  1277.56800    0.820763   0.811698
  1277.68320    0.771645   0.818175
  1277.78400    0.800604   0.823940
  1277.88480    0.788166   0.829779
  1277.98560    0.761058   0.835682
  1278.10080    0.791075   0.842490
  1278.20160    0.804299   0.848486
  1278.30240    0.975029   0.854508
  1278.40320    0.886783   0.860544
  1278.51840    0.877036   0.867444
  1278.61920    0.855495   0.873472
  1278.72000    0.914150   0.879480
  1278.82080    0.921759   0.885457
  1278.93600    0.907439   0.892236
  1279.03680    0.871400   0.898112
  1279.13760    0.919216   0.903925
  1279.23840    0.862616   0.909665
  1279.35360    0.963424   0.916124
  1279.45440    0.947584   0.921675
  1279.55520    0.926014   0.927124
  1279.65600    0.942362   0.932459
  1279.77120    0.925162   0.938404
  1279.87200    0.945840   0.943462
  1279.97280    0.925162   0.948376
  1280.07360    0.948457   0.953133
  1280.18880    0.952835   0.958365
  1280.28960    0.951958   0.962751
  1280.39040    0.987683   0.966944
  1280.49120    0.892519   0.970932
  1280.60640    0.941494   0.975215
  1280.70720    0.935444   0.978701
  1280.80800    0.985865   0.981916
  1280.90880    0.970549   0.984847
  1281.02400    1.025693   0.987840
  1281.12480    0.994071   0.990145
  1281.22560    0.967871   0.992162
  1281.32640    0.991328   0.993900
  1281.44160    1.082973   0.995560
  1281.54240    0.941494   0.996746
  1281.64320    1.006045   0.997702
  1281.74400    0.983145   0.998451
  1281.85920    1.077005   0.999083
  1281.96000    0.978628   0.999469
  1282.04640    0.983145   0.999696
  1282.16160    1.044762   0.999881
  1282.27680    1.009759   0.999969
  1282.36320    0.941494   0.999993
  1282.46400    1.062228   1.000000
  1282.56480    1.015354   1.000000
  1282.69440    1.118453   1.000000
  1282.78080    0.923459   1.000000
  1282.89600    1.005119   1.000000
  1282.98240    1.006045   1.000000
  1283.09760    0.972339   1.000000
  1283.19840    1.022863   1.000000
  1283.29920    0.983145   1.000000
  1283.40000    1.016290   1.000000
  1283.51520    1.045725   1.000000
  1283.61600    1.025693   1.000000
  1283.71680    0.979530   1.000000
  1283.81760    1.031377   1.000000
  1283.93280    1.071069   1.000000
  1284.03360    1.069098   1.000000
  1284.13440    1.076013   1.000000
  1284.23520    0.946711   1.000000
  1284.35040    1.070083   1.000000
  1284.45120    0.995904   1.000000
  1284.55200    1.024749   1.000000
  1284.65280    1.010689   1.000000
  1284.76800    1.002346   1.000000
  1284.86880    1.045725   1.000000
  1284.96960    0.980432   1.000000
  1285.07040    0.965201   1.000000
  1285.18560    0.994071   1.000000
  1285.28640    0.925162   1.000000
  1285.38720    1.012553   1.000000
  1285.48800    0.997740   1.000000
  1285.60320    1.009759   1.000000
  1285.70400    1.037093   1.000000
  1285.80480    0.982240   1.000000
  1285.90560    1.020981   1.000000
  1286.02080    1.106159   1.000000
  1286.12160    1.010689   1.000000
  1286.22240    1.051520   1.000000
  1286.32320    0.975029   1.000000
  1286.43840    1.100063   1.000000
  1286.53920    0.975029   1.000000
  1286.64000    0.970549   1.000000
  1286.74080    1.066148   1.000000
  1286.85600    1.026639   1.000000
  1286.95680    0.998660   1.000000
  1287.05760    1.014419   1.000000
  1287.15840    1.012553   1.000000
  1287.27360    1.026639   1.000000
  1287.37440    0.947584   1.000000
  1287.47520    0.974131   1.000000
  1287.57600    1.079985   1.000000
  1287.69120    1.042840   1.000000
  1287.79200    1.029479   1.000000
  1287.89280    0.950206   1.000000
  1287.99360    0.961651   1.000000
  1288.10880    0.966090   1.000000
  1288.20960    1.063206   1.000000
  1288.31040    1.069098   1.000000
  1288.41120    0.931146   1.000000
  1288.52640    1.020041   1.000000
  1288.62720    1.020981   1.000000
  1288.71360    0.879463   1.000000
  1288.81440    0.994987   1.000000
  1288.94400    1.005119   1.000000
  1289.04480    0.970549   1.000000
  1289.13120    1.002346   1.000000
  1289.23200    1.003269   1.000000
  1289.34720    1.056374   1.000000
  1289.44800    1.020041   1.000000
  1289.54880    1.006972   1.000000
  1289.64960    1.013486   1.000000
  1289.76480    0.966980   1.000000
  1289.86560    1.036138   1.000000
  1289.96640    0.997740   1.000000
  1290.06720    1.004194   1.000000
  1290.18240    1.009759   1.000000
  1290.28320    1.000501   1.000000
  1290.38400    0.977727   1.000000
  1290.48480    1.014419   1.000000
  1290.60000    0.932862   1.000000
  1290.70080    0.924310   1.000000
  1290.80160    0.981336   1.000000
  1290.90240    0.959881   1.000000
  1291.01760    0.881085   1.000000
  1291.11840    0.973235   1.000000
  1291.21920    1.009759   1.000000
  1291.32000    0.922609   1.000000
  1291.43520    0.957233   1.000000
  1291.53600    0.996822   1.000000
  1291.63680    1.012553   1.000000
  1291.73760    1.000501   1.000000
  1291.85280    0.997740   1.000000
  1291.95360    1.086970   1.000000
  1292.05440    0.949331   1.000000
  1292.15520    0.951081   1.000000
  1292.27040    0.928576   1.000000
  1292.37120    0.969656   1.000000
  1292.47200    0.914993   1.000000
  1292.57280    1.004194   1.000000
  1292.68800    1.011620   1.000000
  1292.78880    1.039962   1.000000
  1292.88960    0.978628   1.000000
  1292.99040    0.966980   1.000000
  1293.10560    0.932862   1.000000
  1293.20640    1.052489   1.000000
  1293.30720    1.064186   1.000000
  1293.40800    1.019102   1.000000
  1293.52320    1.031377   1.000000
  1293.62400    1.050552   1.000000
  1293.72480    0.980432   1.000000
  1293.82560    0.962537   1.000000
  1293.94080    1.018164   1.000000
  1294.04160    0.966980   1.000000
  1294.14240    1.020981   1.000000
  1294.24320    0.983145   1.000000
  1294.35840    0.930288   1.000000
  1294.45920    1.031377   1.000000
  1294.54560    0.982240   1.000000
  1294.66080    0.988593   1.000000
  1294.77600    0.984958   1.000000
  1294.87680    0.976827   1.000000
  1294.96320    1.020981   1.000000
  1295.06400    0.932004   1.000000
  1295.19360    0.923459   1.000000
  1295.29440    1.006045   1.000000
  1295.39520    0.970549   1.000000
  1295.48160    0.980432   1.000000
  1295.61120    0.951081   1.000000
  1295.69760    1.063206   1.000000
  1295.79840    0.958998   1.000000
  1295.89920    1.005119   1.000000
  1296.01440    1.011620   1.000000
  1296.11520    0.962537   1.000000
  1296.21600    0.914993   1.000000
  1296.31680    0.942362   1.000000
  1296.43200    1.036138   1.000000
  1296.53280    1.020981   1.000000
