   689.07983    0.984876   1.000000
   689.09750    1.098784   1.000000
   689.11533    0.922978   1.000000
   689.13317    1.119294   1.000000
   689.15100    1.107940   1.000000
   689.16883    1.052635   1.000000
   689.18650    0.986341   1.000000
   689.20433    0.995498   1.000000
   689.22217    0.963633   1.000000
   689.24000    0.991469   1.000000
   689.25767    1.037618   1.000000
   689.27550    0.932135   1.000000
   689.29333    1.047141   1.000000
   689.31117    1.069849   1.000000
   689.32900    0.907595   1.000000
   689.34667    1.010148   1.000000
   689.36450    0.980481   1.000000
   689.38233    1.034322   1.000000
   689.40017    0.960337   1.000000
   689.41783    0.992568   1.000000
   689.43567    1.022968   1.000000
   689.45350    1.035054   1.000000
   689.47133    0.956308   1.000000
   689.48917    1.048606   1.000000
   689.50683    1.002091   1.000000
   689.52467    1.040548   1.000000
   689.54250    0.990370   1.000000
   689.56033    1.028461   1.000000
   689.57800    0.983045   1.000000
   689.59583    0.937262   1.000000
   689.61367    1.004288   1.000000
   689.63150    0.985975   1.000000
   689.64933    0.979016   1.000000
   689.66700    1.032124   1.000000
   689.68483    1.044943   1.000000
   689.70267    1.128817   1.000000
   689.72050    1.199505   1.000000
   689.73817    1.009416   1.000000
   689.75600    1.063623   1.000000
   689.77383    0.949715   1.000000
   689.79167    1.060692   1.000000
   689.80950    0.969493   1.000000
   689.82717    1.080104   1.000000
   689.84500    1.116364   1.000000
   689.86283    1.140904   1.000000
   689.88067    0.986708   1.000000
   689.89833    0.970958   1.000000
   689.91617    0.982313   1.000000
   689.93400    1.006486   1.000000
   689.95183    0.994765   1.000000
   689.96967    1.035054   1.000000
   689.98733    0.902834   1.000000
   690.00517    1.004288   1.000000
   690.02300    1.022601   1.000000
   690.04083    0.976086   1.000000
   690.05850    1.068750   0.999986
   690.07633    1.029560   0.999921
   690.09417    1.000992   0.999817
   690.11200    0.990004   0.999703
   690.12983    0.999893   0.999483
   690.14750    1.026630   0.999220
   690.16533    0.950448   0.998935
   690.18317    0.979016   0.998671
   690.20100    0.990737   0.998297
   690.21867    0.981580   0.997857
   690.23650    1.017840   0.997439
   690.25433    1.029194   0.996975
   690.27217    0.993300   0.996459
   690.29000    0.899171   0.995908
   690.30767    0.913089   0.995320
   690.32550    0.993300   0.994722
   690.34333    0.942024   0.994167
   690.36117    1.038717   0.993434
   690.37883    1.000992   0.992755
   690.39667    0.956308   0.992093
   690.41450    0.964732   0.991375
   690.43233    0.952645   0.990583
   690.45017    0.919682   0.989754
   690.46783    0.958139   0.989009
   690.48567    0.878294   0.988235
   690.50350    0.932135   0.987256
   690.52133    1.013078   0.986364
   690.53900    0.962901   0.985542
   690.55683    0.931402   0.984583
   690.57467    0.898805   0.983613
   690.59250    0.926275   0.982640
   690.61033    0.992202   0.981675
   690.62800    0.987806   0.980705
   690.64583    0.888183   0.979646
   690.66367    0.939826   0.978644
   690.68150    0.948250   0.977610
   690.69933    0.970958   0.976463
   690.71700    0.974255   0.975387
   690.73483    0.956308   0.974262
   690.75267    0.919316   0.973163
   690.77050    1.010515   0.971998
   690.78817    0.931768   0.970854
   690.80600    0.972057   0.969678
   690.82383    0.998428   0.968490
   690.84167    0.920414   0.967267
   690.85950    0.889282   0.966069
   690.87717    0.936530   0.964873
   690.89500    0.929571   0.963566
   690.91283    0.898805   0.962335
   690.93067    0.912723   0.961069
   690.94833    0.972790   0.959754
   690.96617    0.899904   0.958507
   690.98400    0.979749   0.957209
   691.00183    0.933600   0.955913
   691.01967    0.920781   0.954591
   691.03733    0.869138   0.953204
   691.05517    0.916019   0.951952
   691.07300    0.950814   0.950525
   691.09083    0.885986   0.949179
   691.10850    0.888916   0.947845
   691.12633    0.984510   0.946385
   691.14417    0.935431   0.944939
   691.16200    1.019305   0.943616
   691.17983    0.903200   0.942270
   691.19750    0.950814   0.940809
   691.21533    0.893311   0.939454
   691.23317    0.926641   0.937918
   691.25100    0.867307   0.936563
   691.26867    1.000992   0.935103
   691.28650    0.846430   0.933647
   691.30433    0.843500   0.932136
   691.32217    0.929571   0.930782
   691.34000    0.867673   0.929236
   691.35767    0.925908   0.927724
   691.37550    0.938727   0.926431
   691.39333    0.944588   0.924916
   691.41117    0.925542   0.923435
   691.42883    0.969127   0.921957
   691.44667    0.957773   0.920472
   691.46450    0.889282   0.918946
   691.48233    0.920781   0.917496
   691.50017    0.859615   0.915987
   691.51783    0.896241   0.914633
   691.53567    0.923711   0.913098
   691.55350    0.939460   0.911584
   691.57133    0.921513   0.910110
   691.58900    0.857784   0.908659
   691.60683    0.804310   0.907164
   691.62467    0.854854   0.905634
   691.64250    0.954110   0.904203
   691.66033    0.999161   0.902734
   691.67800    0.953378   0.901190
   691.69583    0.876097   0.899862
   691.71367    0.899171   0.898279
   691.73150    0.832145   0.896836
   691.74917    0.831047   0.895420
   691.76700    0.939094   0.893903
   691.78483    0.868039   0.892452
   691.80267    0.943489   0.890938
   691.82050    0.957773   0.889636
   691.83817    0.879027   0.888121
   691.85600    0.866574   0.886708
   691.87383    0.935431   0.885201
   691.89167    0.932501   0.883876
   691.90933    0.923344   0.882439
   691.92717    0.963633   0.881080
   691.94500    0.917851   0.879584
   691.96283    0.953744   0.878333
   691.98067    0.858516   0.876883
   691.99833    0.901735   0.875515
   692.01617    0.916752   0.874126
   692.03400    0.862545   0.872748
   692.05183    0.906130   0.871394
   692.06950    1.003922   0.870101
   692.08733    0.832878   0.868693
   692.10517    0.851191   0.867518
   692.12300    0.845331   0.866151
   692.14083    0.876097   0.864870
   692.15850    0.832145   0.863658
   692.17633    0.813466   0.862292
   692.19417    0.823721   0.861140
   692.21200    0.861080   0.859786
   692.22983    0.851557   0.858631
   692.24750    0.854121   0.857464
   692.26533    0.939460   0.856226
   692.28317    0.879027   0.855088
   692.30100    0.896607   0.853896
   692.31817    0.829582   0.852759
   692.33600    0.895509   0.851703
   692.35383    0.863278   0.850521
   692.37150    0.868772   0.849489
   692.38933    0.806507   0.848473
   692.40717    0.812001   0.847398
   692.42500    0.794787   0.846297
   692.44283    0.805042   0.845328
   692.46050    0.860348   0.844325
   692.47833    0.879759   0.843301
   692.49617    0.810170   0.842428
   692.51400    0.862179   0.841561
   692.53167    0.824454   0.840583
   692.54950    0.822256   0.839634
   692.56733    0.909060   0.838839
   692.58517    0.822256   0.837966
   692.60300    0.895875   0.837115
   692.62067    0.808705   0.836322
   692.63850    0.828483   0.835577
   692.65633    0.849360   0.834900
   692.67417    0.807240   0.834074
   692.69183    0.814931   0.833306
   692.70967    0.776107   0.832602
   692.72750    0.892212   0.832008
   692.74533    0.922612   0.831439
   692.76317    0.778671   0.830755
   692.78083    0.823355   0.830187
   692.79867    0.737284   0.829695
   692.81650    0.894410   0.829158
   692.83433    0.906863   0.828644
   692.85200    0.865109   0.828107
   692.86983    0.793322   0.827737
   692.88767    0.856319   0.827252
   692.90550    0.780136   0.826933
   692.92333    0.832878   0.826462
   692.94100    0.821158   0.826237
   692.95883    0.805042   0.825863
   692.97667    0.931036   0.825604
   692.99450    0.773544   0.825295
   693.01217    0.841668   0.825146
   693.03000    0.911258   0.824898
   693.04783    0.813100   0.824744
   693.06567    0.790758   0.824648
   693.08350    0.921147   0.824495
   693.10117    0.865109   0.824447
   693.11900    0.837273   0.824461
   693.13683    0.887817   0.824427
   693.15467    0.848627   0.824306
   693.17233    0.911258   0.824430
   693.19017    0.935065   0.824513
   693.20800    0.903933   0.824651
   693.22583    0.883056   0.824618
   693.24367    0.859249   0.824744
   693.26133    0.777206   0.825104
   693.27917    0.854487   0.825322
   693.29700    0.839837   0.825469
   693.31483    0.920781   0.825727
   693.33250    0.843133   0.826031
   693.35033    0.807972   0.826366
   693.36817    0.839104   0.826835
   693.38600    0.806873   0.827131
   693.40383    0.837639   0.827479
   693.42150    0.834709   0.827968
   693.43933    0.730325   0.828521
   693.45717    0.819693   0.828985
   693.47500    0.801746   0.829450
   693.49267    0.844232   0.830045
   693.51050    0.846063   0.830648
   693.52833    0.805408   0.831152
   693.54617    0.828117   0.831907
   693.56400    0.786729   0.832514
   693.58167    0.760725   0.833241
   693.59950    0.779404   0.833939
   693.61733    0.879759   0.834714
   693.63517    0.828483   0.835416
   693.65283    0.765120   0.836247
   693.67067    0.872800   0.837018
   693.68850    0.813100   0.837863
   693.70633    0.830680   0.838773
   693.72417    0.816396   0.839555
   693.74183    0.764021   0.840567
   693.75967    0.829948   0.841434
   693.77750    0.872068   0.842377
   693.79533    0.895142   0.843507
   693.81317    0.840203   0.844334
   693.83083    0.870603   0.845395
   693.84867    0.857784   0.846484
   693.86650    0.850459   0.847488
   693.88433    0.882689   0.848705
   693.90200    0.888550   0.849664
   693.91983    0.811635   0.850861
   693.93767    0.862179   0.851940
   693.95550    0.799914   0.853186
   693.97333    0.856685   0.854421
   693.99100    0.868039   0.855423
   694.00883    0.782700   0.856748
   694.02667    0.880126   0.858011
   694.04450    0.896607   0.859271
   694.06217    0.834709   0.860506
   694.08000    0.910159   0.861747
   694.09783    0.810536   0.863159
   694.11567    0.800647   0.864444
   694.13350    0.807606   0.865728
   694.15117    0.850459   0.867150
   694.16900    0.835808   0.868442
   694.18683    0.803943   0.869876
   694.20467    0.819326   0.871212
   694.22233    0.851924   0.872637
   694.24017    0.803943   0.874028
   694.25800    0.932135   0.875454
   694.27583    0.874998   0.876928
   694.29367    0.804676   0.878350
   694.31133    0.927740   0.879918
   694.32917    0.904299   0.881273
   694.34700    0.910892   0.882768
   694.36483    0.882323   0.884216
   694.38250    0.817129   0.885666
   694.40033    0.890747   0.887310
   694.41817    0.910159   0.888696
   694.43600    0.802478   0.890311
   694.45383    0.896241   0.891712
   694.47150    0.892945   0.893238
   694.48933    0.944588   0.894904
   694.50717    0.884887   0.896425
   694.52500    0.957041   0.898043
   694.54267    0.796618   0.899612
   694.56050    0.952279   0.901117
   694.57833    0.924077   0.902708
   694.59617    1.005753   0.904259
   694.61400    0.954110   0.905735
   694.63167    0.911624   0.907335
   694.64950    0.943123   0.908841
   694.66733    0.965831   0.910452
   694.68517    0.872068   0.912140
   694.70283    0.950448   0.913696
   694.72067    0.827750   0.915195
   694.73850    0.970226   0.916842
   694.75633    0.893677   0.918326
   694.77417    0.934332   0.919922
   694.79183    0.876097   0.921637
   694.80967    0.950082   0.923118
   694.82750    0.891480   0.924696
   694.84533    0.879759   0.926384
   694.86300    0.986341   0.927963
   694.88083    0.931036   0.929495
   694.89867    0.923344   0.931161
   694.91650    0.869138   0.932565
   694.93433    1.022601   0.934143
   694.95200    0.931036   0.935765
   694.96983    0.903566   0.937439
   694.98767    0.967296   0.938791
   695.00550    0.928106   0.940464
   695.02317    0.874265   0.942009
   695.04100    0.807606   0.943536
   695.05883    0.956674   0.944992
   695.07667    0.924077   0.946600
   695.09450    0.963633   0.948126
   695.11217    0.950448   0.949528
   695.13000    0.924810   0.951107
   695.14783    1.017474   0.952650
   695.16567    0.858516   0.954002
   695.18333    0.876829   0.955566
   695.20117    0.915287   0.956952
   695.21900    0.974987   0.958529
   695.23683    0.933966   0.959857
   695.25467    1.075343   0.961304
   695.27233    0.940559   0.962843
   695.29017    0.966197   0.964117
   695.30800    0.956674   0.965490
   695.32583    0.978284   0.966914
   695.34367    0.943489   0.968335
   695.36133    0.932135   0.969597
   695.37917    0.907962   0.970951
   695.39700    0.990737   0.972310
   695.41483    0.972423   0.973665
   695.43250    0.975720   0.974843
   695.45033    0.963999   0.976152
   695.46817    1.031025   0.977434
   695.48600    0.928106   0.978722
   695.50383    1.016009   0.979766
   695.52150    0.847162   0.981051
   695.53933    1.039449   0.982244
   695.55717    0.996597   0.983381
   695.57500    1.084866   0.984455
   695.59267    1.063989   0.985649
   695.61050    0.979016   0.986685
   695.62833    0.963633   0.987772
   695.64617    0.924810   0.988705
   695.66400    0.897340   0.989697
   695.68167    0.949715   0.990693
   695.69950    0.981580   0.991699
   695.71733    0.960337   0.992499
   695.73517    0.958872   0.993385
   695.75283    0.937995   0.994255
   695.77067    1.012712   0.995106
   695.78850    1.056664   0.995859
   695.80633    0.987806   0.996527
   695.82417    0.919316   0.997196
   695.84183    1.066919   0.997849
   695.85967    0.992568   0.998395
   695.87750    1.036885   0.998855
   695.89533    1.033589   0.999296
   695.91300    0.940925   0.999692
   695.93083    1.110870   1.000000
   695.94867    0.990370   1.000000
   695.96650    1.163978   1.000000
   695.98433    1.109039   1.000000
   696.00200    1.004654   1.000000
   696.01983    1.085232   1.000000
   696.03767    1.052268   1.000000
   696.05550    1.025165   1.000000
   696.07317    1.057396   1.000000
   696.09100    1.028461   1.000000
   696.10883    0.938361   1.000000
   696.12667    0.888183   1.000000
   696.14450    1.010148   1.000000
   696.16217    0.940925   1.000000
   696.18000    0.994033   1.000000
   696.19783    1.017840   1.000000
   696.21567    0.975354   1.000000
   696.23333    0.940559   1.000000
   696.25117    1.045676   1.000000
   696.26900    1.120027   1.000000
   696.28683    0.916386   1.000000
   696.30467    0.949349   1.000000
   696.32233    0.999161   1.000000
   696.34017    1.048240   1.000000
   696.35800    1.080104   1.000000
   696.37583    0.953378   1.000000
   696.39350    1.039449   1.000000
   696.41133    1.019305   1.000000
   696.42917    1.080837   1.000000
   696.44700    0.996597   1.000000
   696.46483    0.953744   1.000000
   696.48250    1.054466   1.000000
   696.50033    1.099516   1.000000
   696.51817    0.965098   1.000000
   696.53600    1.073878   1.000000
   696.55367    1.033223   1.000000
   696.57150    0.927740   1.000000
   696.58933    0.900636   1.000000
   696.60717    1.035787   1.000000
   696.62500    1.079372   1.000000
   696.64267    0.984876   1.000000
   696.66050    0.967662   1.000000
   696.67833    0.965831   1.000000
   696.69617    1.009416   1.000000
   696.71383    0.993300   1.000000
   696.73167    0.990370   1.000000
   696.74950    0.922246   1.000000
   696.76733    0.928472   1.000000
   696.78517    1.064355   1.000000
   696.80283    0.916019   1.000000
   696.82067    0.938727   1.000000
   696.83850    1.047507   1.000000
   696.85633    1.023700   1.000000
   696.87417    1.027729   1.000000
   696.89183    0.926641   1.000000
   696.90967    0.979382   1.000000
   696.92750    1.035054   1.000000
   696.94533    0.962168   1.000000
   696.96300    1.067285   1.000000
   696.98083    1.123323   1.000000
   696.99867    1.061059   1.000000
