  1270.48320    0.899775   0.964721
  1270.58400    0.784673   0.960269
  1270.68480    0.897430   0.955624
  1270.78560    0.808048   0.950801
  1270.88640    0.873573   0.945812
  1270.98720    0.853342   0.940671
  1271.08800    0.813655   0.935390
  1271.18880    0.866021   0.929979
  1271.28960    0.855565   0.924452
  1271.37600    0.833608   0.919630
  1271.47680    0.843779   0.913915
  1271.57760    0.804564   0.908115
  1271.67840    0.882727   0.902241
  1271.77920    0.821432   0.896303
  1271.88000    0.874332   0.890313
  1271.98080    0.866021   0.884283
  1272.08160    0.803175   0.878222
  1272.18240    0.873573   0.872143
  1272.28320    0.860776   0.866056
  1272.38400    0.803175   0.859974
  1272.48480    0.799714   0.853908
  1272.58560    0.863769   0.847870
  1272.68640    0.832886   0.841873
  1272.78720    0.854082   0.835928
  1272.88800    0.858539   0.830049
  1272.98880    0.785350   0.824248
  1273.08960    0.781971   0.818538
  1273.19040    0.869789   0.812934
  1273.27680    0.877375   0.808225
  1273.39200    0.840860   0.802096
  1273.47840    0.804564   0.797624
  1273.57920    0.827854   0.792556
  1273.68000    0.859284   0.787661
  1273.78080    0.747092   0.782954
  1273.88160    0.752249   0.778451
  1273.98240    0.797645   0.774165
  1274.08320    0.772592   0.770111
  1274.18400    0.770598   0.766304
  1274.28480    0.769934   0.762757
  1274.38560    0.785350   0.759484
  1274.48640    0.799024   0.756499
  1274.58720    0.871300   0.753812
  1274.68800    0.835053   0.751436
  1274.78880    0.817180   0.749381
  1274.88960    0.777937   0.747657
  1274.97600    0.773258   0.746447
  1275.07680    0.799024   0.745354
  1275.17760    0.773924   0.744610
  1275.27840    0.773258   0.744217
  1275.37920    0.784673   0.744178
  1275.48000    0.810145   0.744491
  1275.58080    0.762676   0.745156
  1275.68160    0.779951   0.746168
  1275.78240    0.679915   0.747523
  1275.88320    0.810145   0.749213
  1275.98400    0.692220   0.751231
  1276.08480    0.799714   0.753566
  1276.18560    0.769934   0.756209
  1276.28640    0.710824   0.759146
  1276.38720    0.902127   0.762367
  1276.48800    0.792840   0.765857
  1276.58880    0.743889   0.769602
  1276.67520    0.819303   0.773005
  1276.79040    0.754841   0.777802
  1276.89120    0.776597   0.782228
  1276.97760    0.791472   0.786179
  1277.07840    0.760054   0.790960
  1277.17920    0.825708   0.795911
  1277.28000    0.810846   0.801017
  1277.38080    0.788065   0.806265
  1277.48160    0.870544   0.811640
  1277.58240    0.818595   0.817130
  1277.68320    0.793524   0.822719
  1277.78400    0.835776   0.828395
  1277.88480    0.723112   0.834146
  1277.98560    0.820722   0.839958
  1278.08640    0.815768   0.845820
  1278.18720    0.799714   0.851719
  1278.28800    0.848914   0.857644
  1278.38880    0.769271   0.863584
  1278.48960    0.954707   0.869527
  1278.57600    0.875092   0.874616
  1278.67680    0.854823   0.880536
  1278.77760    0.816474   0.886430
  1278.87840    0.901342   0.892286
  1278.97920    0.921176   0.898094
  1279.08000    0.786706   0.903845
  1279.18080    0.863769   0.909527
  1279.28160    0.902127   0.915132
  1279.38240    0.901342   0.920650
  1279.48320    0.899775   0.926070
  1279.58400    0.893536   0.931384
  1279.68480    0.921176   0.936579
  1279.78560    0.877375   0.941648
  1279.88640    0.918772   0.946579
  1279.98720    0.918772   0.951362
  1280.08800    0.772592   0.955986
  1280.17440    0.977491   0.959815
  1280.28960    0.915576   0.964712
  1280.37600    1.001724   0.968218
  1280.49120    0.983490   0.972655
  1280.57760    0.874332   0.975789
  1280.67840    0.943115   0.979215
  1280.77920    0.894314   0.982372
  1280.88000    1.006999   0.985246
  1280.98080    1.000848   0.987832
  1281.08160    0.942292   0.990128
  1281.18240    0.886572   0.992139
  1281.28320    0.932483   0.993873
  1281.38400    0.895871   0.995343
  1281.48480    0.945586   0.996564
  1281.58560    0.954707   0.997553
  1281.68640    0.894314   0.998334
  1281.78720    0.976637   0.998927
  1281.88800    0.931671   0.999359
  1281.98880    0.940650   0.999654
  1282.08960    1.039266   0.999839
  1282.19040    0.992129   0.999942
  1282.27680    0.945586   0.999983
  1282.37760    0.992997   0.999999
  1282.47840    0.913983   1.000000
  1282.57920    0.935741   1.000000
  1282.68000    0.949721   1.000000
  1282.78080    0.855565   1.000000
  1282.88160    0.930859   1.000000
  1282.99680    0.829289   1.000000
  1283.11200    0.938192   1.000000
  1283.25600    0.980914   1.000000
  1283.34240    0.907640   1.000000
  1283.44320    0.954707   1.000000
  1283.54400    1.015855   1.000000
  1283.64480    0.954707   1.000000
  1283.74560    0.994736   1.000000
  1283.84640    0.935741   1.000000
  1283.94720    0.963080   1.000000
  1284.04800    0.896650   1.000000
  1284.14880    1.013189   1.000000
  1284.24960    0.895092   1.000000
  1284.35040    0.910013   1.000000
  1284.45120    0.953042   1.000000
  1284.55200    0.984351   1.000000
  1284.65280    1.004358   1.000000
  1284.75360    1.053954   1.000000
  1284.85440    1.083036   1.000000
  1284.95520    1.011417   1.000000
  1285.04160    1.088761   1.000000
  1285.15680    1.007881   1.000000
  1285.24320    1.009647   1.000000
  1285.35840    1.010531   1.000000
  1285.44480    0.992997   1.000000
  1285.54560    1.152856   1.000000
  1285.64640    0.967295   1.000000
  1285.74720    0.994736   1.000000
  1285.84800    0.943938   1.000000
  1285.94880    0.944762   1.000000
  1286.04960    1.122797   1.000000
  1286.15040    0.954707   1.000000
  1286.25120    1.019420   1.000000
  1286.35200    1.066049   1.000000
  1286.45280    1.048421   1.000000
  1286.55360    1.046583   1.000000
  1286.65440    0.956376   1.000000
  1286.75520    1.124775   1.000000
  1286.85600    0.976637   1.000000
  1286.94240    0.941471   1.000000
  1287.05760    1.043833   1.000000
  1287.14400    0.997351   1.000000
  1287.24480    1.033814   1.000000
  1287.34560    0.921979   1.000000
  1287.44640    1.092596   1.000000
  1287.54720    0.974079   1.000000
  1287.64800    1.009647   1.000000
  1287.74880    1.035628   1.000000
  1287.84960    0.893536   1.000000
  1287.95040    0.898211   1.000000
  1288.05120    1.097409   1.000000
  1288.15200    0.939830   1.000000
  1288.25280    0.999972   1.000000
  1288.35360    1.010531   1.000000
  1288.45440    0.956376   1.000000
  1288.55520    1.112960   1.000000
  1288.65600    1.060449   1.000000
  1288.74240    0.936557   1.000000
  1288.85760    1.042004   1.000000
  1288.94400    1.022999   1.000000
  1289.04480    1.030195   1.000000
  1289.14560    1.038355   1.000000
  1289.24640    1.053030   1.000000
  1289.34720    0.949721   1.000000
  1289.44800    1.099340   1.000000
  1289.54880    0.996478   1.000000
  1289.64960    1.053954   1.000000
  1289.75040    1.083988   1.000000
  1289.85120    0.954707   1.000000
  1289.95200    1.006999   1.000000
  1290.05280    1.014077   1.000000
  1290.15360    0.998224   1.000000
  1290.25440    0.913188   1.000000
  1290.35520    0.986074   1.000000
  1290.45600    0.962239   1.000000
  1290.55680    0.983490   1.000000
  1290.64320    0.976637   1.000000
  1290.74400    1.022103   1.000000
  1290.84480    1.006999   1.000000
  1290.94560    0.998224   1.000000
  1291.04640    1.059518   1.000000
  1291.14720    0.940650   1.000000
  1291.24800    1.014077   1.000000
  1291.34880    1.029293   1.000000
  1291.44960    0.946412   1.000000
  1291.55040    1.047502   1.000000
  1291.65120    0.979201   1.000000
  1291.75200    1.037445   1.000000
  1291.85280    0.982631   1.000000
  1291.95360    1.076396   1.000000
  1292.05440    1.053030   1.000000
  1292.15520    1.075451   1.000000
  1292.25600    1.135720   1.000000
  1292.34240    1.025691   1.000000
  1292.44320    0.933297   1.000000
  1292.54400    1.007881   1.000000
  1292.64480    1.044749   1.000000
  1292.74560    1.066049   1.000000
  1292.84640    1.023895   1.000000
  1292.94720    1.046583   1.000000
  1293.04800    1.042004   1.000000
  1293.14880    1.052106   1.000000
  1293.24960    1.065113   1.000000
  1293.35040    1.095481   1.000000
  1293.45120    0.951380   1.000000
  1293.55200    0.925197   1.000000
  1293.65280    1.148800   1.000000
  1293.75360    0.966450   1.000000
  1293.85440    1.035628   1.000000
  1293.95520    0.925197   1.000000
  1294.05600    1.041090   1.000000
  1294.15680    0.948065   1.000000
  1294.25760    1.075451   1.000000
  1294.34400    1.049341   1.000000
  1294.44480    0.987800   1.000000
  1294.54560    0.913188   1.000000
  1294.64640    0.929238   1.000000
  1294.74720    0.928428   1.000000
  1294.84800    0.948065   1.000000
  1294.94880    1.021208   1.000000
  1295.04960    1.066985   1.000000
  1295.15040    1.011417   1.000000
  1295.25120    1.047502   1.000000
  1295.35200    1.026590   1.000000
  1295.45280    1.083988   1.000000
  1295.55360    1.104184   1.000000
  1295.65440    1.005237   1.000000
  1295.75520    1.012303   1.000000
  1295.85600    1.141738   1.000000
  1295.94240    0.969833   1.000000
  1296.04320    1.061380   1.000000
  1296.15840    1.061380   1.000000
  1296.24480    0.975783   1.000000
  1296.34560    0.902127   1.000000
  1296.44640    1.060449   1.000000
  1296.54720    0.974931   1.000000
  1296.64800    0.942292   1.000000
  1296.74880    0.999972   1.000000
  1296.84960    0.916374   1.000000
  1296.95040    1.031099   1.000000
  1297.05120    0.998224   1.000000
  1297.15200    1.006117   1.000000
  1297.25280    1.034720   1.000000
  1297.35360    1.033814   1.000000
  1297.45440    0.983490   1.000000
  1297.54080    1.033814   1.000000
  1297.65600    1.060449   1.000000
  1297.75680    1.034720   1.000000
  1297.85760    0.993866   1.000000
  1297.94400    1.035628   1.000000
  1298.04480    1.021208   1.000000
  1298.14560    1.057660   1.000000
  1298.24640    1.014965   1.000000
  1298.34720    1.003479   1.000000
  1298.44800    1.034720   1.000000
  1298.54880    1.051184   1.000000
  1298.64960    1.072622   1.000000
  1298.75040    0.982631   1.000000
  1298.85120    1.081135   1.000000
  1298.95200    1.022999   1.000000
  1299.05280    1.020314   1.000000
  1299.15360    1.023895   1.000000
  1299.25440    1.168200   1.000000
  1299.35520    1.025691   1.000000
  1299.45600    1.018528   1.000000
  1299.55680    0.962239   1.000000
  1299.64320    1.152856   1.000000
  1299.74400    1.053954   1.000000
  1299.84480    1.079237   1.000000
  1299.94560    1.042918   1.000000
  1300.04640    0.986074   1.000000
  1300.14720    1.116884   1.000000
  1300.24800    1.055806   1.000000
  1300.34880    0.854082   1.000000
  1300.44960    1.014077   1.000000
  1300.55040    1.054880   1.000000
  1300.65120    0.926811   1.000000
  1300.75200    1.025691   1.000000
  1300.85280    1.045666   1.000000
  1300.95360    0.991262   1.000000
  1301.05440    0.965606   1.000000
  1301.15520    1.006999   1.000000
  1301.25600    1.054880   1.000000
  1301.35680    0.955541   1.000000
  1301.44320    1.007881   1.000000
  1301.55840    0.968986   1.000000
  1301.64480    1.017636   1.000000
  1301.74560    1.023895   1.000000
  1301.84640    0.964763   1.000000
  1301.94720    0.999972   1.000000
  1302.04800    0.962239   1.000000
  1302.14880    1.007881   1.000000
  1302.24960    1.006117   1.000000
  1302.35040    1.029293   1.000000
  1302.45120    1.153872   1.000000
  1302.55200    0.992129   1.000000
  1302.65280    0.909221   1.000000
  1302.75360    1.014077   1.000000
  1302.85440    1.120822   1.000000
  1302.95520    1.100307   1.000000
  1303.05600    1.069800   1.000000
  1303.15680    1.072622   1.000000
  1303.24320    1.051184   1.000000
  1303.34400    1.024793   1.000000
  1303.44480    1.001724   1.000000
  1303.54560    1.041090   1.000000
  1303.64640    1.075451   1.000000
