   465.06840    0.947812   1.000000
   465.08580    0.965199   1.000000
   465.10380    0.973691   1.000000
   465.12180    0.956708   1.000000
   465.13920    0.945790   1.000000
   465.15720    0.968030   1.000000
   465.17520    0.938916   1.000000
   465.19260    1.005635   1.000000
   465.21060    0.971265   1.000000
   465.22860    1.010083   1.000000
   465.24600    0.974904   1.000000
   465.26400    0.993504   1.000000
   465.28200    0.962773   1.000000
   465.29940    0.968030   1.000000
   465.31740    0.983395   1.000000
   465.33540    0.966413   1.000000
   465.35280    0.945386   1.000000
   465.37080    0.981374   1.000000
   465.38880    0.979756   1.000000
   465.40620    1.008466   1.000000
   465.42420    1.028279   1.000000
   465.44220    0.957921   1.000000
   465.45960    0.997952   1.000000
   465.47760    0.973691   1.000000
   465.49560    0.950643   1.000000
   465.51300    1.005231   1.000000
   465.53100    0.973287   1.000000
   465.54900    0.962773   1.000000
   465.56640    1.053754   1.000000
   465.58440    0.975713   1.000000
   465.60240    0.977330   1.000000
   465.61980    0.962773   1.000000
   465.63780    0.957112   1.000000
   465.65580    0.976521   1.000000
   465.67320    0.949834   1.000000
   465.69120    0.987035   1.000000
   465.70920    0.973691   1.000000
   465.72660    1.010083   1.000000
   465.74460    1.026257   1.000000
   465.76260    0.982587   1.000000
   465.78000    1.008061   1.000000
   465.79800    1.006848   1.000000
   465.81600    0.984609   1.000000
   465.83340    0.960752   1.000000
   465.85140    1.052136   1.000000
   465.86880    0.988652   1.000000
   465.88680    0.996739   1.000000
   465.90480    0.982991   1.000000
   465.92220    0.986630   1.000000
   465.94020    1.032727   1.000000
   465.95820    0.972478   1.000000
   465.97560    0.963582   1.000000
   465.99360    0.992696   1.000000
   466.01160    0.960752   1.000000
   466.02900    0.990270   1.000000
   466.04700    1.003209   1.000000
   466.06500    0.957517   1.000000
   466.08240    0.979352   1.000000
   466.10040    0.944982   1.000000
   466.11840    0.960347   1.000000
   466.13580    1.006848   1.000000
   466.15380    0.949430   1.000000
   466.17180    0.967221   1.000000
   466.18920    0.981374   1.000000
   466.20720    1.005231   1.000000
   466.22520    0.987439   1.000000
   466.24260    0.966413   1.000000
   466.26060    0.962773   1.000000
   466.27860    1.026257   1.000000
   466.29600    0.994717   1.000000
   466.31400    1.002400   1.000000
   466.33200    0.984609   1.000000
   466.34940    0.972478   1.000000
   466.36740    0.942151   1.000000
   466.38540    0.980969   1.000000
   466.40280    0.986226   1.000000
   466.42080    0.915868   1.000000
   466.43880    0.959943   1.000000
   466.45620    0.948621   1.000000
   466.47420    0.976521   1.000000
   466.49220    1.001996   1.000000
   466.50960    1.005635   1.000000
   466.52760    0.965604   1.000000
   466.54560    0.959943   1.000000
   466.56300    0.962369   1.000000
   466.58100    0.986630   1.000000
   466.59900    1.022214   1.000000
   466.61640    1.045666   1.000000
   466.63440    1.008466   1.000000
   466.65180    0.985822   1.000000
   466.66980    0.981778   1.000000
   466.68780    0.999570   1.000000
   466.70520    1.044453   1.000000
   466.72320    1.038792   1.000000
   466.74120    1.035962   1.000000
   466.75860    1.037984   1.000000
   466.77660    1.014127   1.000000
   466.79460    1.036771   1.000000
   466.81200    1.028279   1.000000
   466.83000    1.002400   1.000000
   466.84800    1.049710   1.000000
   466.86540    1.039601   1.000000
   466.88340    1.027470   1.000000
   466.90140    0.993504   1.000000
   466.91880    1.001996   1.000000
   466.93680    1.031918   1.000000
   466.95480    1.038792   1.000000
   466.97220    1.023427   1.000000
   466.99020    1.037579   1.000000
   467.00820    1.043645   1.000000
   467.02560    1.034749   1.000000
   467.04360    1.003209   1.000000
   467.06160    1.059010   1.000000
   467.07900    1.093381   1.000000
   467.09700    1.037175   1.000000
   467.11500    1.044858   1.000000
   467.13240    1.031514   1.000000
   467.15040    1.048093   1.000000
   467.16840    1.005231   1.000000
   467.18580    1.068715   1.000000
   467.20380    1.061436   1.000000
   467.22180    1.049710   1.000000
   467.23920    1.077611   1.000000
   467.25720    1.034344   1.000000
   467.27520    1.078419   1.000000
   467.29260    1.047688   1.000000
   467.31060    1.075184   1.000000
   467.32860    1.096615   1.000000
   467.34600    1.005635   1.000000
   467.36400    1.040005   1.000000
   467.38200    0.984609   1.000000
   467.39940    0.986630   1.000000
   467.41740    1.021001   1.000000
   467.43540    1.010487   1.000000
   467.45280    0.961156   1.000000
   467.47080    1.027066   1.000000
   467.48820    1.026257   1.000000
   467.50620    1.003209   1.000000
   467.52420    1.003613   1.000000
   467.54160    1.096211   1.000000
   467.55960    0.999974   1.000000
   467.57760    1.048901   1.000000
   467.59500    1.007657   1.000000
   467.61300    1.034344   1.000000
   467.63100    0.985822   1.000000
   467.64840    0.961965   1.000000
   467.66640    1.005635   1.000000
   467.68440    0.997548   1.000000
   467.70180    0.986226   1.000000
   467.71980    1.002805   1.000000
   467.73780    0.995122   1.000000
   467.75520    0.993504   1.000000
   467.77320    0.994313   1.000000
   467.79120    1.008061   1.000000
   467.80860    0.982991   1.000000
   467.82660    0.939725   1.000000
   467.84460    1.029088   1.000000
   467.86200    0.973287   1.000000
   467.88000    1.005231   1.000000
   467.89800    0.990270   1.000000
   467.91540    1.026662   1.000000
   467.93340    1.005231   1.000000
   467.95140    0.977330   1.000000
   467.96880    1.028683   1.000000
   467.98680    0.948216   1.000000
   468.00480    1.037175   1.000000
   468.02220    0.941747   1.000000
   468.04020    0.949834   1.000000
   468.05820    0.968434   1.000000
   468.07560    0.944577   1.000000
   468.09360    1.018575   1.000000
   468.11160    0.991483   1.000000
   468.12900    1.006848   1.000000
   468.14700    0.989056   1.000000
   468.16500    0.979352   1.000000
   468.18240    0.970052   1.000000
   468.20040    1.035558   1.000000
   468.21840    1.025044   1.000000
   468.23580    0.985822   0.999999
   468.25380    0.954686   0.999997
   468.27120    0.993909   0.999994
   468.28920    0.973691   0.999990
   468.30720    1.011700   0.999984
   468.32460    0.949834   0.999976
   468.34260    0.999165   0.999965
   468.36060    0.977735   0.999951
   468.37800    0.915868   0.999935
   468.39600    0.979352   0.999914
   468.41400    1.011296   0.999889
   468.43140    1.001996   0.999861
   468.44940    0.997952   0.999827
   468.46740    1.029492   0.999787
   468.48480    1.023022   0.999743
   468.50280    1.001996   0.999692
   468.52080    0.990270   0.999634
   468.53820    0.962773   0.999571
   468.55620    1.029088   0.999499
   468.57420    0.976521   0.999419
   468.59160    0.941342   0.999334
   468.60960    0.993504   0.999238
   468.62760    1.029492   0.999132
   468.64500    0.998357   0.999021
   468.66300    0.997952   0.998896
   468.68100    0.961156   0.998761
   468.69840    1.007657   0.998621
   468.71640    0.957517   0.998464
   468.73440    0.988248   0.998297
   468.75180    0.996739   0.998123
   468.76980    0.976117   0.997931
   468.78780    0.954686   0.997727
   468.80520    0.928807   0.997517
   468.82320    0.957517   0.997287
   468.84120    1.001187   0.997043
   468.85860    0.939321   0.996794
   468.87660    0.974500   0.996522
   468.89460    0.967626   0.996235
   468.91200    0.972074   0.995944
   468.93000    0.950238   0.995627
   468.94800    0.951856   0.995294
   468.96540    0.958730   0.994957
   468.98340    0.979756   0.994592
   469.00140    0.927190   0.994210
   469.01880    0.944173   0.993825
   469.03680    0.968434   0.993409
   469.05480    0.935681   0.992976
   469.07220    0.950643   0.992540
   469.09020    0.915464   0.992071
   469.10760    0.976926   0.991600
   469.12560    0.931233   0.991095
   469.14360    0.911420   0.990570
   469.16100    0.964391   0.990044
   469.17900    0.955495   0.989481
   469.19700    0.906972   0.988898
   469.21440    0.944982   0.988316
   469.23240    0.921933   0.987694
   469.25040    0.920316   0.987051
   469.26780    0.928403   0.986410
   469.28580    0.924359   0.985727
   469.30380    0.934064   0.985022
   469.32120    0.916677   0.984321
   469.33920    0.925572   0.983575
   469.35720    0.913846   0.982808
   469.37460    0.954686   0.982045
   469.39260    0.919103   0.981236
   469.41060    0.915464   0.980404
   469.42800    0.934468   0.979579
   469.44600    0.970456   0.978704
   469.46400    0.919507   0.977807
   469.48140    0.964391   0.976919
   469.49940    1.000783   0.975978
   469.51740    0.976521   0.975015
   469.53480    0.949834   0.974064
   469.55280    0.931638   0.973057
   469.57080    0.990674   0.972028
   469.58820    0.940129   0.971012
   469.60620    0.942555   0.969938
   469.62420    0.953069   0.968843
   469.64160    0.923955   0.967763
   469.65960    0.953473   0.966623
   469.67760    0.899694   0.965462
   469.69500    0.958325   0.964318
   469.71300    0.952664   0.963113
   469.73100    0.959538   0.961886
   469.74840    0.980161   0.960679
   469.76640    0.957517   0.959409
   469.78440    0.908590   0.958117
   469.80180    0.907376   0.956848
   469.81980    0.898076   0.955514
   469.83780    0.993100   0.954160
   469.85520    0.950643   0.952830
   469.87320    0.940534   0.951434
   469.89060    1.003209   0.950065
   469.90860    0.973287   0.948629
   469.92660    0.898481   0.947173
   469.94400    0.908590   0.945746
   469.96200    0.954686   0.944251
   469.98000    0.936894   0.942737
   469.99740    0.915868   0.941255
   470.01540    0.992696   0.939704
   470.03340    0.966008   0.938135
   470.05080    0.878263   0.936601
   470.06880    0.936490   0.934997
   470.08680    0.965199   0.933376
   470.10420    0.890798   0.931793
   470.12220    0.922742   0.930139
   470.14020    0.908590   0.928470
   470.15760    0.854406   0.926843
   470.17560    0.934873   0.925144
   470.19360    0.911420   0.923432
   470.21100    0.894841   0.921762
   470.22900    0.883115   0.920022
   470.24700    0.923146   0.918268
   470.26440    0.927999   0.916561
   470.28240    0.966008   0.914781
   470.30040    0.934873   0.912990
   470.31780    0.878667   0.911246
   470.33580    0.888372   0.909430
   470.35380    0.923551   0.907603
   470.37120    0.902120   0.905825
   470.38920    0.883519   0.903976
   470.40720    0.897268   0.902115
   470.42460    0.860471   0.900306
   470.44260    0.853597   0.898425
   470.46060    0.873006   0.896533
   470.47800    0.894841   0.894696
   470.49600    0.870580   0.892785
   470.51400    0.884732   0.890865
   470.53140    0.901311   0.889000
   470.54940    0.867749   0.887062
   470.56740    0.909398   0.885115
   470.58480    0.896459   0.883225
   470.60280    0.880689   0.881262
   470.62080    0.851575   0.879291
   470.63820    0.837018   0.877378
   470.65620    0.839445   0.875392
   470.67360    0.877858   0.873465
   470.69160    0.826505   0.871465
   470.70960    0.844297   0.869457
   470.72700    0.831762   0.867511
   470.74500    0.858045   0.865491
   470.76300    0.827718   0.863464
   470.78040    0.844297   0.861500
   470.79840    0.856427   0.859463
   470.81640    0.892820   0.857419
   470.83380    0.846723   0.855439
   470.85180    0.858854   0.853386
   470.86980    0.823270   0.851327
   470.88720    0.820440   0.849333
   470.90520    0.830953   0.847266
   470.92320    0.757764   0.845194
   470.94060    0.804265   0.843188
   470.95860    0.788496   0.841109
   470.97660    0.787687   0.839026
   470.99400    0.768278   0.837010
   471.01200    0.782430   0.834920
   471.03000    0.799413   0.832828
   471.04740    0.755338   0.830803
   471.06540    0.797391   0.828706
   471.08340    0.777578   0.826606
   471.10080    0.777578   0.824575
   471.11880    0.785665   0.822471
   471.13680    0.765043   0.820366
   471.15420    0.824888   0.818329
   471.17220    0.780408   0.816221
   471.19020    0.786878   0.814112
   471.20760    0.818014   0.812073
   471.22560    0.750082   0.809962
   471.24360    0.770300   0.807851
   471.26100    0.773130   0.805810
   471.27900    0.720564   0.803699
   471.29700    0.785665   0.801588
   471.31440    0.737547   0.799548
   471.33240    0.748869   0.797438
   471.35040    0.732694   0.795328
   471.36780    0.728246   0.793290
   471.38580    0.748060   0.791183
   471.40380    0.750082   0.789077
   471.42120    0.783239   0.787043
   471.43920    0.734716   0.784940
   471.45720    0.720159   0.782840
   471.47460    0.754934   0.780811
   471.49260    0.759382   0.778715
   471.51000    0.736334   0.776692
   471.52800    0.745634   0.774601
   471.54600    0.750486   0.772514
   471.56340    0.725820   0.770499
   471.58140    0.737142   0.768417
   471.59940    0.760999   0.766340
   471.61680    0.719755   0.764335
   471.63480    0.712072   0.762266
   471.65280    0.722181   0.760200
   471.67020    0.699941   0.758207
   471.68820    0.703985   0.756151
   471.70620    0.747251   0.754099
   471.72360    0.729459   0.752120
   471.74160    0.687002   0.750078
   471.75960    0.689833   0.748042
   471.77700    0.688215   0.746078
   471.79500    0.708029   0.744053
   471.81300    0.705198   0.742034
   471.83040    0.706411   0.740088
   471.84840    0.722585   0.738081
   471.86640    0.732694   0.736081
   471.88380    0.713285   0.734154
   471.90180    0.735120   0.732168
   471.91980    0.731481   0.730188
   471.93720    0.722585   0.728282
   471.95520    0.736738   0.726317
   471.97320    0.725820   0.724360
   471.99060    0.733099   0.722476
   472.00860    0.751295   0.720535
   472.02660    0.746847   0.718602
   472.04400    0.754530   0.716742
   472.06200    0.723798   0.714827
   472.08000    0.714498   0.712920
   472.09740    0.699941   0.711086
   472.11540    0.714903   0.709197
   472.13340    0.701963   0.707319
   472.15080    0.727842   0.705512
   472.16880    0.683767   0.703652
   472.18680    0.699133   0.701802
   472.20420    0.678106   0.700024
   472.22220    0.681341   0.698195
   472.24020    0.766256   0.696377
   472.25760    0.663145   0.694630
   472.27560    0.708433   0.692833
   472.29300    0.711668   0.691107
   472.31100    0.677702   0.689332
   472.32900    0.736738   0.687569
   472.34640    0.723394   0.685876
   472.36440    0.663549   0.684137
   472.38240    0.691854   0.682410
   472.39980    0.732694   0.680752
   472.41780    0.682958   0.679049
   472.43580    0.716924   0.677359
   472.45320    0.721777   0.675737
   472.47120    0.735929   0.674073
   472.48920    0.708029   0.672422
   472.50660    0.712072   0.670838
   472.52460    0.736334   0.669214
   472.54260    0.697515   0.667603
   472.56000    0.676893   0.666059
   472.57800    0.712072   0.664476
   472.59600    0.676489   0.662907
   472.61340    0.675680   0.661404
   472.63140    0.702368   0.659864
   472.64940    0.717733   0.658339
   472.66680    0.709242   0.656879
   472.68480    0.680532   0.655383
   472.70280    0.695494   0.653903
   472.72020    0.690641   0.652487
   472.73820    0.674871   0.651037
   472.75620    0.682554   0.649603
   472.77360    0.668806   0.648233
   472.79160    0.652632   0.646831
   472.80960    0.675276   0.645445
   472.82700    0.680937   0.644121
   472.84500    0.663145   0.642768
   472.86300    0.701963   0.641432
   472.88040    0.648588   0.640156
   472.89840    0.649801   0.638853
   472.91640    0.636053   0.637568
   472.93380    0.667593   0.636341
   472.95180    0.636862   0.635090
   472.96980    0.671232   0.633857
   472.98720    0.678915   0.632682
   473.00520    0.667593   0.631483
   473.02320    0.672445   0.630303
   473.04060    0.676893   0.629180
   473.05860    0.675680   0.628036
   473.07600    0.622305   0.626948
   473.09400    0.696707   0.625840
   473.11200    0.621496   0.624752
   473.12940    0.633223   0.623717
   473.14740    0.664358   0.622666
   473.16540    0.652227   0.621634
   473.18280    0.625944   0.620655
   473.20080    0.644140   0.619661
   473.21880    0.603300   0.618687
   473.23620    0.638479   0.617764
   473.25420    0.649397   0.616828
   473.27220    0.646162   0.615913
   473.28960    0.646971   0.615047
   473.30760    0.652227   0.614171
   473.32560    0.679319   0.613315
   473.34300    0.658697   0.612507
   473.36100    0.632818   0.611691
   473.37900    0.623922   0.610896
   473.39640    0.594404   0.610147
   473.41440    0.611387   0.609393
   473.43240    0.641714   0.608659
   473.44980    0.640501   0.607970
   473.46780    0.697515   0.607278
   473.48580    0.645353   0.606607
   473.50320    0.615431   0.605978
   473.52120    0.577421   0.605348
   473.53920    0.599257   0.604740
   473.55660    0.596022   0.604173
   473.57460    0.594404   0.603607
   473.59260    0.600874   0.603062
   473.61000    0.599661   0.602557
   473.62800    0.610983   0.602055
   473.64600    0.582678   0.601575
   473.66340    0.607344   0.601132
   473.68140    0.600470   0.600695
   473.69940    0.618261   0.600279
   473.71680    0.605726   0.599899
   473.73480    0.606535   0.599527
   473.75280    0.585509   0.599177
   473.77020    0.609366   0.598860
   473.78820    0.638479   0.598554
   473.80620    0.580656   0.598270
   473.82360    0.595617   0.598016
   473.84160    0.587530   0.597776
   473.85960    0.619070   0.597557
   473.87700    0.618261   0.597368
   473.89500    0.569739   0.597194
   473.91240    0.585509   0.597046
   473.93040    0.593596   0.596916
   473.94840    0.585913   0.596808
   473.96580    0.583487   0.596725
   473.98380    0.581061   0.596661
   474.00180    0.555990   0.596620
   474.01920    0.593596   0.596601
   474.03720    0.566099   0.596603
   474.05520    0.607344   0.596628
   474.07260    0.594000   0.596673
   474.09060    0.632818   0.596742
   474.10860    0.581465   0.596834
   474.12600    0.618261   0.596943
   474.14400    0.586317   0.597078
   474.16200    0.561651   0.597236
   474.17940    0.615431   0.597409
   474.19740    0.601278   0.597610
   474.21540    0.627562   0.597834
   474.23280    0.623518   0.598071
   474.25080    0.597235   0.598338
   474.26880    0.587935   0.598627
   474.28620    0.621496   0.598928
   474.30420    0.629583   0.599260
   474.32220    0.597639   0.599615
   474.33960    0.585104   0.599978
   474.35760    0.591574   0.600376
   474.37560    0.634031   0.600795
   474.39300    0.602491   0.601221
   474.41100    0.627157   0.601683
   474.42900    0.622305   0.602167
   474.44640    0.649397   0.602655
   474.46440    0.619474   0.603181
   474.48240    0.628775   0.603729
   474.49980    0.643736   0.604278
   474.51780    0.625540   0.604868
   474.53580    0.619474   0.605478
   474.55320    0.653845   0.606089
   474.57120    0.618261   0.606741
   474.58920    0.602896   0.607414
   474.60660    0.622709   0.608084
   474.62460    0.632818   0.608798
   474.64260    0.630796   0.609532
   474.66000    0.661528   0.610262
   474.67800    0.619474   0.611037
   474.69540    0.632414   0.611805
   474.71340    0.603705   0.612620
   474.73140    0.597639   0.613455
   474.74880    0.633627   0.614281
   474.76680    0.606131   0.615155
   474.78480    0.628370   0.616049
   474.80220    0.605726   0.616932
   474.82020    0.591169   0.617865
   474.83820    0.612600   0.618817
   474.85560    0.610579   0.619756
   474.87360    0.637266   0.620746
   474.89160    0.592787   0.621755
   474.90900    0.625540   0.622749
   474.92700    0.624731   0.623795
   474.94500    0.667189   0.624860
   474.96240    0.666380   0.625907
   474.98040    0.666380   0.627009
   474.99840    0.665571   0.628128
   475.01580    0.640501   0.629228
   475.03380    0.661123   0.630384
   475.05180    0.647375   0.631557
   475.06920    0.672041   0.632708
   475.08720    0.611387   0.633916
   475.10520    0.655058   0.635141
   475.12260    0.637671   0.636342
   475.14060    0.650206   0.637602
   475.15860    0.634840   0.638878
   475.17600    0.629179   0.640128
   475.19400    0.652632   0.641437
   475.21200    0.653440   0.642763
   475.22940    0.651014   0.644060
   475.24740    0.694280   0.645418
   475.26540    0.666784   0.646792
   475.28280    0.691046   0.648136
   475.30080    0.636457   0.649541
   475.31880    0.623114   0.650961
   475.33620    0.703985   0.652349
   475.35420    0.668806   0.653800
   475.37220    0.673658   0.655266
   475.38960    0.688215   0.656697
   475.40760    0.670019   0.658193
   475.42560    0.700346   0.659702
   475.44300    0.648588   0.661176
   475.46100    0.727033   0.662713
   475.47900    0.694280   0.664265
   475.49640    0.693472   0.665779
   475.51440    0.686193   0.667358
   475.53180    0.676893   0.668897
   475.54980    0.670828   0.670503
   475.56780    0.716520   0.672122
   475.58520    0.668402   0.673699
   475.60320    0.686598   0.675343
   475.62120    0.693876   0.677000
   475.63860    0.664762   0.678614
   475.65660    0.694685   0.680295
   475.67460    0.704794   0.681988
   475.69200    0.651419   0.683637
   475.71000    0.684576   0.685353
   475.72800    0.712881   0.687082
   475.74540    0.707624   0.688763
   475.76340    0.652227   0.690514
   475.78140    0.691854   0.692275
   475.79880    0.703985   0.693988
   475.81680    0.702772   0.695771
   475.83480    0.706816   0.697564
   475.85220    0.709242   0.699307
   475.87020    0.728246   0.701120
   475.88820    0.702368   0.702944
   475.90560    0.714498   0.704715
   475.92360    0.754125   0.706557
   475.94160    0.695898   0.708409
   475.95900    0.722585   0.710207
   475.97700    0.712477   0.712076
   475.99500    0.686193   0.713954
   476.01240    0.700346   0.715778
   476.03040    0.734716   0.717673
   476.04840    0.771108   0.719576
   476.06580    0.728246   0.721423
   476.08380    0.715307   0.723341
   476.10180    0.737547   0.725268
   476.11920    0.706007   0.727137
   476.13720    0.699133   0.729078
   476.15520    0.727842   0.731025
   476.17260    0.744421   0.732915
   476.19060    0.778387   0.734876
   476.20860    0.740781   0.736844
   476.22600    0.714094   0.738752
   476.24400    0.725012   0.740732
   476.26200    0.748464   0.742718
   476.27940    0.722585   0.744643
   476.29740    0.782026   0.746640
   476.31480    0.677702   0.748575
   476.33280    0.755338   0.750582
   476.35080    0.754530   0.752595
   476.36820    0.736334   0.754544
   476.38620    0.791326   0.756566
   476.40420    0.769895   0.758592
   476.42160    0.794561   0.760554
   476.43960    0.748060   0.762588
   476.45760    0.737951   0.764626
   476.47500    0.725416   0.766599
   476.49300    0.756551   0.768644
   476.51100    0.778791   0.770692
   476.52840    0.779195   0.772674
   476.54640    0.777982   0.774728
   476.56440    0.799009   0.776785
   476.58180    0.737547   0.778775
   476.59980    0.791326   0.780836
   476.61780    0.781217   0.782899
   476.63520    0.832166   0.784896
   476.65320    0.811140   0.786962
   476.67120    0.780004   0.789031
   476.68860    0.805479   0.791031
   476.70660    0.787687   0.793102
   476.72460    0.806287   0.795174
   476.74200    0.803457   0.797177
   476.76000    0.823270   0.799250
   476.77800    0.821653   0.801323
   476.79540    0.759786   0.803328
   476.81340    0.802244   0.805401
   476.83140    0.809118   0.807474
   476.84880    0.821653   0.809478
   476.86680    0.817609   0.811550
   476.88480    0.789709   0.813622
   476.90220    0.822866   0.815623
   476.92020    0.803052   0.817692
   476.93820    0.827718   0.819760
   476.95560    0.805883   0.821757
   476.97360    0.788900   0.823822
   476.99160    0.784856   0.825884
   477.00900    0.757360   0.827876
   477.02700    0.806287   0.829934
   477.04500    0.787687   0.831989
   477.06240    0.811544   0.833974
   477.08040    0.826101   0.836024
   477.09780    0.840253   0.838002
   477.11580    0.765852   0.840046
   477.13380    0.805883   0.842085
   477.15120    0.808309   0.844054
   477.16920    0.849149   0.846086
   477.18720    0.781217   0.848114
   477.20460    0.781622   0.850071
   477.22260    0.781217   0.852090
   477.24060    0.829336   0.854105
   477.25800    0.841466   0.856047
   477.27600    0.812757   0.858052
   477.29400    0.845510   0.860051
   477.31140    0.831762   0.861979
   477.32940    0.826101   0.863967
   477.34740    0.817205   0.865949
   477.36480    0.862493   0.867860
   477.38280    0.848745   0.869829
   477.40080    0.862088   0.871793
   477.41820    0.847936   0.873684
   477.43620    0.854810   0.875634
   477.45420    0.846319   0.877577
   477.47160    0.820035   0.879447
   477.48960    0.884732   0.881375
   477.50760    0.839849   0.883295
   477.52500    0.880285   0.885143
   477.54300    0.870176   0.887047
   477.56100    0.813970   0.888942
   477.57840    0.865728   0.890766
   477.59640    0.858045   0.892644
   477.61440    0.825292   0.894513
   477.63180    0.848745   0.896310
   477.64980    0.826505   0.898160
   477.66780    0.858045   0.900000
   477.68520    0.887967   0.901770
   477.70320    0.856023   0.903590
   477.72120    0.825696   0.905400
   477.73860    0.845510   0.907139
   477.75660    0.891607   0.908927
   477.77460    0.860471   0.910704
   477.79200    0.910611   0.912411
   477.81000    0.851575   0.914165
   477.82800    0.892415   0.915907
   477.84540    0.876645   0.917579
   477.86340    0.923146   0.919297
   477.88140    0.901311   0.921002
   477.89880    0.873006   0.922637
   477.91680    0.858045   0.924316
   477.93420    0.821653   0.925926
   477.95220    0.877454   0.927578
   477.97020    0.860067   0.929215
   477.98760    0.859258   0.930784
   478.00560    0.877858   0.932391
   478.02360    0.856427   0.933984
   478.04100    0.873815   0.935508
   478.05900    0.887563   0.937069
   478.07700    0.884732   0.938613
   478.09440    0.872197   0.940089
   478.11240    0.896054   0.941598
   478.13040    0.881902   0.943090
   478.14780    0.912229   0.944515
   478.16580    0.859662   0.945971
   478.18380    0.951451   0.947408
   478.20120    0.929616   0.948779
   478.21920    0.898481   0.950178
   478.23720    0.921529   0.951559
   478.25460    0.938916   0.952874
   478.27260    0.947408   0.954215
   478.29060    1.022618   0.955536
   478.30800    0.949834   0.956794
   478.32600    0.919911   0.958076
   478.34400    0.960752   0.959337
   478.36140    0.939725   0.960536
   478.37940    0.937703   0.961756
   478.39740    0.943769   0.962955
   478.41480    0.889585   0.964095
   478.43280    0.920720   0.965253
   478.45080    0.930425   0.966389
   478.46820    0.956304   0.967468
   478.48620    0.913846   0.968563
   478.50420    0.987035   0.969637
   478.52160    0.888776   0.970655
   478.53960    0.959134   0.971687
   478.55760    0.935681   0.972698
   478.57500    0.921933   0.973654
   478.59300    0.880689   0.974623
   478.61100    0.994313   0.975571
   478.62840    0.941342   0.976466
   478.64640    0.907781   0.977372
   478.66440    0.947408   0.978257
   478.68180    0.949430   0.979092
   478.69980    0.930425   0.979935
   478.71720    0.930020   0.980730
   478.73520    0.936490   0.981533
   478.75320    0.947812   0.982314
   478.77060    1.004422   0.983051
   478.78860    0.956708   0.983792
   478.80660    0.999165   0.984513
   478.82400    1.024236   0.985191
   478.84200    1.000378   0.985872
   478.86000    0.994313   0.986534
   478.87740    0.997952   0.987154
   478.89540    1.039601   0.987777
   478.91340    0.985417   0.988381
   478.93080    1.038388   0.988946
   478.94880    0.991483   0.989512
   478.96680    0.981778   0.990059
   478.98420    1.041623   0.990571
   479.00220    0.978139   0.991082
   479.02020    1.001187   0.991575
   479.03760    1.054967   0.992034
   479.05560    1.027470   0.992492
   479.07360    0.987035   0.992933
   479.09100    1.015340   0.993343
   479.10900    1.015340   0.993750
   479.12700    1.026662   0.994141
   479.14440    1.069928   0.994503
   479.16240    1.004826   0.994862
   479.18040    1.085698   0.995205
   479.19780    1.046071   0.995523
   479.21580    1.024640   0.995836
   479.23380    1.046071   0.996135
   479.25120    0.984609   0.996409
   479.26920    1.035558   0.996680
   479.28720    1.043645   0.996936
   479.30460    1.050923   0.997172
   479.32260    1.011296   0.997402
   479.34060    0.995122   0.997620
   479.35800    1.018979   0.997818
   479.37600    1.027875   0.998011
   479.39400    1.037175   0.998193
   479.41140    1.074376   0.998357
   479.42940    1.053349   0.998517
   479.44740    1.046475   0.998665
   479.46480    1.050519   0.998799
   479.48280    1.077611   0.998927
   479.50080    1.106724   0.999046
   479.51820    1.064267   0.999153
   479.53620    1.043645   0.999254
   479.55360    1.021809   0.999343
   479.57160    1.018979   0.999428
   479.58960    1.080845   0.999505
   479.60700    1.018170   0.999572
   479.62500    1.024236   0.999635
   479.64300    1.069119   0.999691
   479.66040    1.023022   0.999740
   479.67840    1.009274   0.999784
   479.69640    1.135434   0.999823
   479.71380    1.054562   0.999856
   479.73180    1.034749   0.999885
   479.74980    1.046071   0.999910
   479.76720    1.078824   0.999930
   479.78520    1.065076   0.999948
   479.80320    1.067097   0.999962
   479.82060    1.063054   0.999973
   479.83860    1.083272   0.999982
   479.85660    1.166973   0.999988
   479.87400    1.053754   0.999993
   479.89200    1.041623   0.999996
   479.91000    1.047284   0.999998
   479.92740    1.009274   0.999999
   479.94540    1.160099   1.000000
   479.96340    1.079632   1.000000
   479.98080    1.052945   1.000000
   479.99880    1.059819   1.000000
   480.01680    1.020596   1.000000
   480.03420    1.092572   1.000000
   480.05220    1.022214   1.000000
   480.07020    1.067906   1.000000
   480.08760    1.113194   1.000000
   480.10560    1.043240   1.000000
   480.12360    1.055775   1.000000
   480.14100    1.008870   1.000000
   480.15900    1.039197   1.000000
   480.17700    1.086506   1.000000
   480.19440    1.052945   1.000000
   480.21240    1.021809   1.000000
   480.23040    1.052136   1.000000
   480.24780    1.056988   1.000000
   480.26580    1.026257   1.000000
   480.28380    1.055775   1.000000
   480.30120    1.030301   1.000000
   480.31920    1.042836   1.000000
   480.33660    1.005635   1.000000
   480.35460    1.045666   1.000000
   480.37260    1.038792   1.000000
   480.39000    1.060628   1.000000
   480.40800    1.055371   1.000000
   480.42600    1.050923   1.000000
   480.44340    1.023831   1.000000
   480.46140    1.088528   1.000000
   480.47940    1.098637   1.000000
   480.49680    1.050114   1.000000
   480.51480    1.040410   1.000000
   480.53280    1.035153   1.000000
   480.55020    0.951047   1.000000
   480.56820    1.036366   1.000000
   480.58620    1.016957   1.000000
   480.60360    0.980161   1.000000
   480.62160    1.021001   1.000000
   480.63960    0.942151   1.000000
   480.65700    1.026662   1.000000
   480.67500    1.004422   1.000000
   480.69300    1.000378   1.000000
   480.71040    0.978543   1.000000
   480.72840    0.966817   1.000000
   480.74640    1.010083   1.000000
   480.76380    1.011700   1.000000
   480.78180    0.962369   1.000000
   480.79980    1.005231   1.000000
   480.81720    1.018170   1.000000
   480.83520    0.987035   1.000000
   480.85320    1.009679   1.000000
   480.87060    1.050923   1.000000
   480.88860    0.988248   1.000000
   480.90660    1.015340   1.000000
   480.92400    1.046879   1.000000
   480.94200    1.009274   1.000000
   480.96000    0.994313   1.000000
   480.97740    0.995122   1.000000
   480.99540    1.054967   1.000000
   481.01340    1.042432   1.000000
   481.03080    0.995122   1.000000
   481.04880    1.043645   1.000000
   481.06680    0.989056   1.000000
   481.08420    1.014935   1.000000
   481.10220    1.021809   1.000000
   481.11960    1.028683   1.000000
   481.13760    1.012105   1.000000
   481.15560    1.019383   1.000000
   481.17300    1.054562   1.000000
   481.19100    1.017361   1.000000
   481.20900    1.051732   1.000000
   481.22640    1.053349   1.000000
   481.24440    0.971265   1.000000
   481.26240    0.998761   1.000000
   481.27980    0.993909   1.000000
   481.29780    1.023427   1.000000
   481.31580    0.955091   1.000000
   481.33320    0.969647   1.000000
   481.35120    1.017766   1.000000
   481.36920    0.991887   1.000000
   481.38660    0.984204   1.000000
   481.40460    1.004018   1.000000
   481.42260    1.032727   1.000000
   481.44000    0.999570   1.000000
   481.45800    1.019788   1.000000
   481.47600    0.995931   1.000000
   481.49340    0.968839   1.000000
   481.51140    1.014127   1.000000
   481.52940    1.061436   1.000000
   481.54680    1.021809   1.000000
   481.56480    1.037579   1.000000
   481.58280    1.035153   1.000000
   481.60020    1.043645   1.000000
   481.61820    1.046071   1.000000
   481.63620    0.984609   1.000000
   481.65360    1.029088   1.000000
   481.67160    1.052136   1.000000
   481.68960    0.968839   1.000000
   481.70700    1.056988   1.000000
   481.72500    1.040814   1.000000
   481.74300    1.004018   1.000000
   481.76040    1.078419   1.000000
   481.77840    0.993909   1.000000
   481.79640    1.035558   1.000000
   481.81380    1.073971   1.000000
   481.83180    1.049710   1.000000
   481.84980    1.037579   1.000000
   481.86720    1.012509   1.000000
   481.88520    1.058201   1.000000
   481.90320    0.997952   1.000000
   481.92060    1.029897   1.000000
   481.93860    0.994313   1.000000
   481.95600    1.068715   1.000000
   481.97400    1.023831   1.000000
   481.99200    1.033536   1.000000
   482.00940    1.044453   1.000000
   482.02740    1.055371   1.000000
   482.04540    1.017361   1.000000
   482.06280    1.017361   1.000000
   482.08080    1.052540   1.000000
   482.09880    1.025853   1.000000
   482.11620    1.044858   1.000000
   482.13420    0.983800   1.000000
   482.15220    1.037579   1.000000
   482.16960    0.992291   1.000000
   482.18760    1.031514   1.000000
   482.20560    1.039601   1.000000
   482.22300    1.002805   1.000000
   482.24100    1.011700   1.000000
   482.25900    0.986630   1.000000
   482.27640    1.074780   1.000000
   482.29440    1.060628   1.000000
   482.31240    1.000783   1.000000
   482.32980    1.018575   1.000000
   482.34780    1.051732   1.000000
   482.36580    0.994313   1.000000
   482.38320    0.964795   1.000000
   482.40120    1.040005   1.000000
   482.41920    1.031110   1.000000
   482.43660    1.024640   1.000000
   482.45460    1.001592   1.000000
   482.47260    1.022214   1.000000
   482.49000    0.986630   1.000000
   482.50800    0.990674   1.000000
   482.52600    1.039197   1.000000
   482.54340    0.995526   1.000000
   482.56140    1.021001   1.000000
   482.57940    0.993504   1.000000
   482.59680    0.973287   1.000000
   482.61480    0.998761   1.000000
   482.63280    1.000378   1.000000
   482.65020    1.055371   1.000000
   482.66820    0.977735   1.000000
   482.68620    0.992696   1.000000
   482.70360    0.997548   1.000000
   482.72160    0.986226   1.000000
   482.73900    0.972882   1.000000
   482.75700    1.018979   1.000000
   482.77500    1.048497   1.000000
   482.79240    0.966413   1.000000
   482.81040    1.009679   1.000000
   482.82840    0.980565   1.000000
   482.84580    1.015744   1.000000
   482.86380    1.020596   1.000000
   482.88180    0.994313   1.000000
   482.89920    0.980969   1.000000
   482.91720    1.006444   1.000000
   482.93520    1.026662   1.000000
   482.95260    0.985417   1.000000
   482.97060    0.995122   1.000000
   482.98860    1.025449   1.000000
   483.00600    0.997952   1.000000
