  1297.93637    0.961421   1.000000
  1298.26915    0.971069   1.000000
  1298.60928    1.015697   1.000000
  1298.92205    1.033358   1.000000
  1299.22848    0.999503   1.000000
  1299.52008    1.133150   1.000000
  1299.80750    0.804641   1.000000
  1300.08974    1.343044   1.000000
  1300.40957    0.839873   1.000000
  1300.71773    1.158979   1.000000
  1301.00472    1.025793   1.000000
  1301.29790    0.969904   1.000000
  1301.59642    0.946943   1.000000
  1301.90717    0.961581   1.000000
  1302.33211    0.999202   1.000000
  1302.61176    1.090293   1.000000
  1302.90394    1.037620   1.000000
  1303.21109    0.902585   1.000000
  1303.50154    0.929882   1.000000
  1303.79688    1.019050   1.000000
  1304.09194    1.005003   1.000000
  1304.36870    0.956674   1.000000
  1304.64893    0.894424   1.000000
  1305.23299    0.765546   0.998794
  1305.50976    1.080068   0.996051
  1309.98931    0.723088   0.408233
  1310.27011    0.328562   0.356779
  1310.56214    0.214965   0.306141
  1310.85605    0.215286   0.259151
  1311.15283    0.181685   0.216860
  1311.48677    0.153685   0.176344
  1311.76742    0.130369   0.148323
  1312.04477    0.098523   0.125987
  1312.32010    0.091300   0.108864
  1312.59744    0.086263   0.096403
  1312.87795    0.080555   0.088372
  1313.15299    0.056295   0.084712
  1313.42918    0.071906   0.085095
  1313.70523    0.091270   0.089542
  1314.07790    0.100531   0.102244
  1314.35698    0.100633   0.117123
  1314.63547    0.109606   0.136878
  1314.92016    0.216588   0.162395
  1315.76400    0.222982   0.269910
  1316.04091    0.279322   0.314360
  1316.31869    0.340851   0.362238
  1316.59776    0.432041   0.412863
  1316.88014    0.635077   0.465879
  1317.18413    0.430861   0.524080
  1317.46334    0.626121   0.577793
  1317.74645    0.646381   0.631755
  1318.03402    0.681213   0.685310
  1318.32274    0.809759   0.737040
  1318.61448    0.734933   0.786420
  1318.91141    0.905063   0.832749
  1319.20272    0.911269   0.873180
  1319.49893    0.772026   0.908295
  1319.81314    0.956666   0.938587
  1320.10243    0.907755   0.960243
  1320.38539    0.949642   0.976022
  1320.66461    1.031566   0.986924
  1320.94310    1.022315   0.993897
  1321.22002    0.990431   0.997782
  1321.49664    1.018218   0.999509
  1321.77614    1.022412   0.999977
  1322.32781    0.989486   1.000000
  1322.88610    0.962776   1.000000
  1323.16200    0.993957   1.000000
  1323.43776    1.072747   1.000000
  1323.71309    1.033952   1.000000
  1323.98914    0.968614   1.000000
