   318.23100    1.005639   1.000000
   318.24816    1.007002   1.000000
   318.26533    1.011498   1.000000
   318.28249    0.999043   1.000000
   318.29967    1.029244   1.000000
   318.31684    0.989615   1.000000
   318.33400    1.001139   1.000000
   318.35117    1.028848   1.000000
   318.36816    1.029522   1.000000
   318.38550    1.015685   1.000000
   318.40250    1.001893   1.000000
   318.41967    1.036710   1.000000
   318.43701    0.994838   1.000000
   318.45400    1.004383   1.000000
   318.47116    1.019877   1.000000
   318.48850    1.008513   1.000000
   318.50549    1.019563   1.000000
   318.52267    0.981765   1.000000
   318.53999    1.005178   1.000000
   318.55700    1.005510   1.000000
   318.57417    0.993964   1.000000
   318.59133    1.018724   1.000000
   318.60850    1.025837   1.000000
   318.62566    0.996351   1.000000
   318.64284    1.016887   1.000000
   318.66000    0.975479   1.000000
   318.67717    0.998522   1.000000
   318.69433    0.987111   1.000000
   318.71150    1.001516   1.000000
   318.72866    1.001304   1.000000
   318.74583    0.993717   1.000000
   318.76284    1.003623   1.000000
   318.78017    0.995157   1.000000
   318.79734    1.015180   1.000000
   318.81433    0.992841   1.000000
   318.83167    1.019744   1.000000
   318.84883    1.004094   1.000000
   318.86584    0.989864   1.000000
   318.88367    0.990399   1.000000
   318.90151    0.984979   1.000000
   318.91883    0.995079   1.000000
   318.93599    1.014295   1.000000
   318.95300    1.014896   1.000000
   318.97034    1.010838   1.000000
   318.98750    1.002302   1.000000
   319.00450    1.008722   1.000000
   319.02183    0.987077   1.000000
   319.03884    1.018422   1.000000
   319.05600    1.014160   1.000000
   319.07333    1.011835   1.000000
   319.09033    1.002821   1.000000
   319.10750    0.994890   1.000000
   319.12466    0.996733   1.000000
   319.14183    1.004030   1.000000
   319.15899    0.982859   1.000000
   319.17617    1.002270   1.000000
   319.19334    1.015174   1.000000
   319.21050    1.000712   1.000000
   319.22767    0.988291   1.000000
   319.24467    1.007935   1.000000
   319.26200    1.019497   1.000000
   319.27916    1.002060   1.000000
   319.29617    0.999998   1.000000
   319.31351    0.992470   1.000000
   319.33050    1.023751   1.000000
   319.34766    0.992637   1.000000
   319.36500    0.987458   1.000000
   319.38201    0.993095   1.000000
   319.39917    1.004909   1.000000
   319.41649    0.977459   1.000000
   319.43367    0.997509   1.000000
   319.45084    1.002028   1.000000
   319.46800    0.994277   1.000000
   319.48517    1.005548   1.000000
   319.50233    1.004269   1.000000
   319.51950    0.995401   1.000000
   319.53666    0.997955   1.000000
   319.55383    1.024818   1.000000
   319.57101    0.995131   1.000000
   319.58817    0.983700   1.000000
   319.60534    0.990948   1.000000
   319.62250    0.994995   1.000000
   319.63967    0.985796   1.000000
   319.65784    0.999805   1.000000
   319.67500    1.015058   1.000000
   319.69217    0.992882   1.000000
   319.70933    0.977748   1.000000
   319.72650    1.007814   1.000000
   319.74366    0.987008   1.000000
   319.76083    0.987381   1.000000
   319.77801    1.000390   1.000000
   319.79517    1.022555   1.000000
   319.81234    1.003949   1.000000
   319.82950    1.000033   1.000000
   319.84667    1.002453   1.000000
   319.86367    0.983015   1.000000
   319.88100    0.997577   1.000000
   319.89816    1.001984   1.000000
   319.91517    0.975088   1.000000
   319.93250    0.983127   1.000000
   319.94967    0.999325   1.000000
   319.96666    0.987516   1.000000
   319.98400    0.963963   1.000000
   320.00100    1.031779   1.000000
   320.01817    0.984630   1.000000
   320.03551    0.984933   1.000000
   320.05250    1.017605   1.000000
   320.06966    0.989678   1.000000
   320.08683    1.015168   1.000000
   320.10399    0.975401   1.000000
   320.12117    0.995128   1.000000
   320.13834    0.987605   1.000000
   320.15550    1.010894   1.000000
   320.17267    0.993772   1.000000
   320.18983    0.985011   1.000000
   320.20700    1.007525   1.000000
   320.22416    1.019994   1.000000
   320.24133    0.993778   1.000000
   320.25833    1.012394   1.000000
   320.27567    1.003691   1.000000
   320.29266    0.976868   1.000000
   320.30983    1.014275   1.000000
   320.32716    1.007759   1.000000
   320.34417    1.031162   1.000000
   320.36134    1.015450   1.000000
   320.37850    0.999177   1.000000
   320.39567    0.995058   1.000000
   320.41400    0.983999   1.000000
   320.43133    1.025438   1.000000
   320.44850    1.006953   1.000000
   320.46617    0.997911   1.000000
   320.48316    1.028117   1.000000
   320.50050    0.986860   1.000000
   320.51766    0.990018   1.000000
   320.53483    1.034360   1.000000
   320.55201    1.008536   1.000000
   320.56917    1.005528   1.000000
   320.58616    1.004347   1.000000
   320.60350    0.994137   1.000000
   320.62049    1.012457   1.000000
   320.63783    1.010895   1.000000
   320.65500    1.028822   1.000000
   320.67200    0.985694   1.000000
   320.68934    1.007841   1.000000
   320.70633    1.001908   1.000000
   320.72350    0.979496   1.000000
   320.74083    0.981803   1.000000
   320.75784    0.979875   1.000000
   320.77500    1.003925   1.000000
   320.79217    0.995369   1.000000
   320.80933    0.983916   1.000000
   320.82650    0.999530   1.000000
   320.84366    1.000279   1.000000
   320.86083    1.005195   1.000000
   320.87799    0.982650   1.000000
   320.89517    1.026340   1.000000
   320.91216    1.001321   1.000000
   320.92950    0.967318   1.000000
   320.94667    1.041305   1.000000
   320.96383    0.999077   1.000000
   320.98100    1.023167   1.000000
   320.99816    0.987386   1.000000
   321.01517    1.019049   1.000000
   321.03251    1.006713   1.000000
   321.04967    0.975959   1.000000
   321.06666    0.988375   1.000000
   321.08400    1.017911   1.000000
   321.10101    1.021893   1.000000
   321.11817    1.054761   1.000000
   321.13534    1.030261   1.000000
   321.15250    0.983370   1.000000
   321.17033    0.993553   1.000000
   321.18833    1.037404   1.000000
   321.20549    1.012961   1.000000
   321.22267    1.019317   1.000000
   321.23984    0.970131   1.000000
   321.25700    0.962501   1.000000
   321.27417    0.991139   1.000000
   321.29133    0.994796   1.000000
   321.30850    1.015718   1.000000
   321.32566    0.976067   1.000000
   321.34284    0.973841   1.000000
   321.36001    0.990927   1.000000
   321.37717    1.012980   1.000000
   321.39433    1.001038   1.000000
   321.41150    0.982264   1.000000
   321.42866    1.008612   1.000000
   321.44583    1.012814   1.000000
   321.46299    1.005477   1.000000
   321.48017    0.997867   1.000000
   321.49734    1.032300   1.000000
   321.51433    0.980160   1.000000
   321.53167    0.972351   1.000000
   321.54883    1.027394   1.000000
   321.56584    0.991465   1.000000
   321.58316    0.976265   1.000000
   321.60017    0.982058   1.000000
   321.61733    1.024172   1.000000
   321.63450    0.974062   1.000000
   321.65166    1.043310   1.000000
   321.66883    0.988545   1.000000
   321.68601    1.032686   1.000000
   321.70317    1.020311   1.000000
   321.72034    0.982648   1.000000
   321.73750    1.010265   1.000000
   321.75467    0.958996   1.000000
   321.77183    1.002756   1.000000
   321.78899    1.033729   1.000000
   321.80600    1.038571   1.000000
   321.82334    1.010388   1.000000
   321.84050    0.997916   1.000000
   321.85750    1.003270   1.000000
   321.87483    1.003875   1.000000
   321.89184    1.002900   1.000000
   321.90900    0.994332   1.000000
   321.92617    1.003110   1.000000
   321.94433    1.002331   1.000000
   321.96149    1.001682   1.000000
   321.97867    0.977690   1.000000
   321.99584    0.960175   1.000000
   322.01300    0.995563   1.000000
   322.03017    0.990001   1.000000
   322.04733    0.984877   1.000000
   322.06450    1.006517   1.000000
   322.08166    0.990334   1.000000
   322.09884    1.032454   1.000000
   322.11601    1.018838   1.000000
   322.13317    0.990543   1.000000
   322.15033    1.004737   1.000000
   322.16750    0.992841   1.000000
   322.18466    1.031438   1.000000
   322.20183    0.995654   1.000000
   322.21899    1.015156   1.000000
   322.23617    1.007680   1.000000
   322.25334    0.975735   1.000000
   322.27050    0.998287   1.000000
   322.28767    0.982581   1.000000
   322.30483    0.991437   1.000000
   322.32184    1.011303   1.000000
   322.33916    0.960472   1.000000
   322.35633    1.005612   1.000000
   322.37333    0.994018   1.000000
   322.39067    1.011269   1.000000
   322.40766    0.995510   1.000000
   322.42500    0.983658   1.000000
   322.44217    1.027216   1.000000
   322.45917    1.020001   1.000000
   322.47649    1.000039   1.000000
   322.49350    0.974587   1.000000
   322.51067    0.975997   1.000000
   322.52800    0.994304   1.000000
   322.54499    0.977200   1.000000
   322.56216    1.014242   1.000000
   322.57934    0.993242   1.000000
   322.59650    0.996308   1.000000
   322.61367    0.988490   1.000000
   322.63083    0.987541   1.000000
   322.64800    1.010202   1.000000
   322.66516    1.004483   1.000000
   322.68233    1.041861   1.000000
   322.70066    1.012426   1.000000
   322.71800    1.005948   1.000000
   322.73533    1.004566   1.000000
   322.75250    1.010271   1.000000
   322.76951    0.987296   1.000000
   322.78683    0.997936   1.000000
   322.80384    0.998275   1.000000
   322.82117    1.021992   1.000000
   322.83834    1.001167   1.000000
   322.85533    0.998973   1.000000
   322.87267    1.010061   1.000000
   322.88967    0.993042   1.000000
   322.90684    0.988569   1.000000
   322.92416    1.005951   1.000000
   322.94117    1.010779   1.000000
   322.95833    1.005471   1.000000
   322.97567    1.010126   1.000000
   322.99266    1.008967   1.000000
   323.00983    0.986899   1.000000
   323.02716    0.992497   1.000000
   323.04417    1.014613   1.000000
   323.06134    1.009792   1.000000
   323.07850    0.999821   1.000000
   323.09567    0.984388   1.000000
   323.11283    0.984875   1.000000
   323.13000    1.010550   1.000000
   323.14716    0.981218   1.000000
   323.16434    0.999137   1.000000
   323.18150    0.981171   1.000000
   323.19867    0.994875   1.000000
   323.21583    0.984781   1.000000
   323.23300    0.987286   1.000000
   323.25000    1.003124   1.000000
   323.26733    0.986128   1.000000
   323.28451    1.014867   1.000000
   323.30150    1.011636   1.000000
   323.31884    1.003506   1.000000
   323.33583    1.007520   1.000000
   323.35299    1.010248   1.000000
   323.37033    0.985944   1.000000
   323.38734    0.995668   1.000000
   323.40450    0.998884   1.000000
   323.42167    0.967450   1.000000
   323.43883    1.007839   1.000000
   323.45633    0.992622   1.000000
   323.47467    0.990579   1.000000
   323.49200    1.019344   1.000000
   323.50900    0.984852   1.000000
   323.52633    0.992983   1.000000
   323.54351    0.995154   1.000000
   323.56050    0.994741   1.000000
   323.57784    1.003384   1.000000
   323.59483    0.982811   1.000000
   323.61201    1.019628   1.000000
   323.62917    0.996242   1.000000
   323.64634    1.007498   1.000000
   323.66350    1.036558   1.000000
   323.68067    0.990076   1.000000
   323.69783    1.017623   1.000000
   323.71500    0.996440   1.000000
   323.73216    1.003722   1.000000
   323.74934    0.973048   1.000000
   323.76650    0.977129   1.000000
   323.78383    0.998056   1.000000
   323.80101    0.995884   1.000000
   323.81833    0.987902   1.000000
   323.83567    0.988911   1.000000
   323.85283    0.991427   1.000000
   323.87017    1.010830   1.000000
   323.88716    1.010852   1.000000
   323.90450    0.983637   1.000000
   323.92151    0.987609   1.000000
   323.93867    1.004433   1.000000
   323.95599    0.996050   1.000000
   323.97300    0.998071   1.000000
   323.99016    1.002957   1.000000
   324.00733    1.027344   1.000000
   324.02449    1.010658   1.000000
   324.04167    1.015339   1.000000
   324.05884    1.003738   1.000000
   324.07600    0.991368   1.000000
   324.09317    0.999173   1.000000
   324.11051    1.003015   1.000000
   324.12750    1.001025   1.000000
   324.14466    0.996743   1.000000
   324.16183    0.986894   1.000000
   324.17901    0.999234   1.000000
   324.19617    1.006988   1.000000
   324.21334    0.989172   1.000000
   324.23167    0.998187   1.000000
   324.24883    0.998608   1.000000
   324.26600    0.999502   1.000000
   324.28316    0.995302   1.000000
   324.30033    0.971585   1.000000
   324.31733    0.995124   1.000000
   324.33467    1.004563   1.000000
   324.35183    1.004689   1.000000
   324.36883    1.004821   1.000000
   324.38616    0.975489   1.000000
   324.40317    1.005284   1.000000
   324.42034    0.984774   1.000000
   324.43767    1.002867   1.000000
   324.45467    1.013616   1.000000
   324.47183    0.980412   1.000000
   324.48900    1.008957   1.000000
   324.50616    1.008430   1.000000
   324.52334    1.012947   1.000000
   324.54050    0.988539   1.000000
   324.55767    1.011982   1.000000
   324.57483    0.987628   1.000000
   324.59200    0.996195   1.000000
   324.60901    1.006056   1.000000
   324.62633    1.016276   1.000000
   324.64351    0.977614   1.000000
   324.66067    1.011910   1.000000
   324.67800    1.024433   1.000000
   324.69516    1.017050   1.000000
   324.71234    0.982579   1.000000
   324.72950    1.017895   1.000000
   324.74667    1.014772   1.000000
   324.76366    1.004348   1.000000
   324.78100    0.986262   1.000000
   324.79816    0.984043   1.000000
   324.81517    0.989634   1.000000
   324.83251    1.011505   1.000000
   324.84950    0.981429   1.000000
   324.86666    1.009916   1.000000
   324.88400    0.976302   1.000000
   324.90099    0.970041   1.000000
   324.91817    1.005315   1.000000
   324.93534    1.009318   1.000000
   324.95250    0.996218   1.000000
   324.96967    0.982597   1.000000
   324.98784    1.003112   1.000000
   325.00534    0.983972   1.000000
   325.02267    0.997923   1.000000
   325.03984    1.002589   1.000000
   325.05683    1.001784   1.000000
   325.07417    0.970437   1.000000
   325.09133    1.023432   1.000000
   325.10850    0.978352   1.000000
   325.12566    0.988169   1.000000
   325.14283    0.987230   1.000000
   325.16001    0.996116   1.000000
   325.17717    1.014038   1.000000
   325.19434    0.992067   1.000000
   325.21150    0.990480   1.000000
   325.22867    1.011252   1.000000
   325.24583    0.994750   1.000000
   325.26300    1.001204   1.000000
   325.28016    1.017841   1.000000
   325.29734    0.994522   1.000000
   325.31433    0.972695   1.000000
   325.33167    1.016159   1.000000
   325.34883    1.001399   1.000000
   325.36584    0.989389   1.000000
   325.38316    0.976156   1.000000
   325.40017    1.002188   1.000000
   325.41733    0.977042   1.000000
   325.43467    0.998555   1.000000
   325.45166    0.987590   1.000000
   325.46883    0.977198   1.000000
   325.48617    0.991810   1.000000
   325.50317    1.003817   1.000000
   325.52034    1.030950   1.000000
   325.53766    1.003430   1.000000
   325.55467    0.983782   1.000000
   325.57183    0.990314   1.000000
   325.58900    1.003743   1.000000
   325.60616    1.007820   1.000000
   325.62333    1.009540   1.000000
   325.64051    1.031667   1.000000
   325.65767    0.973396   1.000000
   325.67484    0.996772   1.000000
   325.69200    1.011750   1.000000
   325.70901    0.973639   1.000000
   325.72633    1.007429   1.000000
   325.74417    1.001403   1.000000
   325.76233    0.996318   1.000000
   325.77949    0.977868   1.000000
   325.79683    1.014979   1.000000
   325.81384    1.012143   1.000000
   325.83100    0.989417   1.000000
   325.84833    0.994973   1.000000
   325.86533    0.975034   1.000000
   325.88250    0.993765   1.000000
   325.89966    1.031016   1.000000
   325.91683    0.993474   1.000000
   325.93401    0.995539   1.000000
   325.95117    1.001024   1.000000
   325.96834    1.012868   1.000000
   325.98550    1.003701   1.000000
   326.00267    0.998629   1.000000
   326.01983    1.017121   1.000000
   326.03700    0.978621   1.000000
   326.05416    1.023860   1.000000
   326.07117    0.992418   1.000000
   326.08850    1.029530   1.000000
   326.10550    0.997931   1.000000
   326.12266    0.974915   1.000000
   326.14000    0.982244   1.000000
   326.15701    1.026342   1.000000
   326.17417    1.003472   1.000000
   326.19133    1.021253   1.000000
   326.20850    1.016017   1.000000
   326.22566    0.992835   1.000000
   326.24283    0.995601   1.000000
   326.25983    0.993015   1.000000
   326.27717    1.004436   1.000000
   326.29434    1.002935   1.000000
   326.31150    0.972225   1.000000
   326.32867    0.988252   1.000000
   326.34583    0.997908   1.000000
   326.36300    1.027824   1.000000
   326.38016    1.006354   1.000000
   326.39733    0.991518   1.000000
   326.41451    1.014239   1.000000
   326.43167    0.991946   1.000000
   326.44884    0.989043   1.000000
   326.46583    1.007037   1.000000
   326.48317    1.021094   1.000000
   326.50033    1.001653   1.000000
   326.51850    1.019746   1.000000
   326.53567    1.018210   1.000000
   326.55283    1.005274   1.000000
   326.57000    1.026973   1.000000
   326.58716    0.976439   1.000000
   326.60433    1.014595   1.000000
   326.62151    0.996713   1.000000
   326.63867    1.010885   1.000000
   326.65583    1.014984   1.000000
   326.67300    1.010242   1.000000
   326.69001    0.995945   1.000000
   326.70733    1.021319   1.000000
   326.72449    1.018658   1.000000
   326.74166    1.031954   1.000000
   326.75884    1.025560   1.000000
   326.77583    0.973485   1.000000
   326.79317    1.005192   1.000000
   326.81016    1.011719   1.000000
   326.82734    1.009993   1.000000
   326.84466    1.003032   1.000000
   326.86167    0.999393   1.000000
   326.87883    1.019181   1.000000
   326.89617    1.003097   1.000000
   326.91316    1.035064   1.000000
   326.93033    1.011916   1.000000
   326.94749    0.982520   1.000000
   326.96467    0.998852   1.000000
   326.98184    1.073511   1.000000
   326.99900    0.985665   1.000000
   327.01617    0.983734   1.000000
   327.03317    1.004597   1.000000
   327.05050    0.976914   1.000000
   327.06766    0.990034   1.000000
   327.08467    0.994133   1.000000
   327.10201    0.995477   1.000000
   327.11900    1.006927   1.000000
   327.13616    0.997002   1.000000
   327.15350    0.956133   1.000000
   327.17051    1.004303   1.000000
   327.18783    1.036468   1.000000
   327.20499    1.005228   1.000000
   327.22200    0.981209   1.000000
   327.23934    1.008187   1.000000
   327.25650    1.022688   1.000000
   327.27450    0.964955   0.999926
   327.29200    0.976112   0.999396
   327.30916    0.989140   0.998637
   327.32650    1.006777   0.997651
   327.34367    0.997027   0.996614
   327.36067    0.994287   0.995314
   327.37799    0.966682   0.994035
   327.39516    0.997280   0.992484
   327.41217    0.991961   0.991012
   327.42950    0.993075   0.989219
   327.44667    0.995940   0.987518
   327.46366    0.993529   0.985629
   327.48100    0.993623   0.983710
   327.49801    0.977212   0.981674
   327.51517    1.001380   0.979542
   327.53251    0.969578   0.977235
   327.54950    0.985555   0.975065
   327.56666    0.976663   0.972683
   327.58383    0.961785   0.970347
   327.60099    0.982818   0.967883
   327.61817    0.941257   0.965352
   327.63534    0.963616   0.962673
   327.65250    0.952447   0.960063
   327.66949    0.946724   0.957366
   327.68683    0.943768   0.954568
   327.70400    0.962729   0.951742
   327.72116    0.941277   0.948716
   327.73834    0.958845   0.945868
   327.75533    0.947074   0.942777
   327.77267    0.921207   0.939761
   327.78984    0.944832   0.936581
   327.80683    0.927643   0.933553
   327.82417    0.928066   0.930264
   327.84117    0.925009   0.927071
   327.85834    0.909929   0.923745
   327.87550    0.939283   0.920443
   327.89267    0.909615   0.917003
   327.90983    0.913161   0.913619
   327.92700    0.906286   0.910205
   327.94416    0.919511   0.906667
   327.96134    0.898391   0.903176
   327.97850    0.900403   0.899548
   327.99567    0.882833   0.895989
   328.01283    0.877472   0.892320
   328.03017    0.881118   0.888684
   328.04850    0.878755   0.884576
   328.06584    0.869473   0.880960
   328.08283    0.888824   0.877144
   328.10000    0.871104   0.873429
   328.11716    0.874934   0.869509
   328.13434    0.865422   0.865754
   328.15151    0.848265   0.861821
   328.16867    0.842533   0.857894
   328.18584    0.869038   0.854025
   328.20283    0.840067   0.850021
   328.22016    0.839268   0.846065
   328.23733    0.836529   0.842085
   328.25449    0.831500   0.838199
   328.27167    0.829765   0.834021
   328.28867    0.836318   0.830096
   328.30600    0.847050   0.825945
   328.32317    0.821223   0.821885
   328.34016    0.812499   0.817860
   328.35750    0.797616   0.813733
   328.37450    0.782474   0.809632
   328.39167    0.788137   0.805532
   328.40883    0.805318   0.801355
   328.42600    0.780699   0.797223
   328.44316    0.781628   0.793100
   328.46033    0.798641   0.788816
   328.47751    0.802444   0.784756
   328.49467    0.781807   0.780590
   328.51184    0.783360   0.776416
   328.52900    0.770205   0.772220
   328.54617    0.772667   0.768072
   328.56333    0.749348   0.763815
   328.58050    0.750256   0.759670
   328.59766    0.764911   0.755534
   328.61484    0.757209   0.751329
   328.63183    0.749627   0.747170
   328.64917    0.745844   0.742927
   328.66633    0.745134   0.738809
   328.68333    0.749701   0.734612
   328.70066    0.730309   0.730522
   328.71767    0.734918   0.726380
   328.73484    0.721522   0.722338
   328.75217    0.708277   0.718158
   328.76916    0.715285   0.714063
   328.78633    0.697424   0.710007
   328.80450    0.727768   0.705558
   328.82167    0.720443   0.701592
   328.83883    0.712639   0.697558
   328.85600    0.685638   0.693501
   328.87316    0.698571   0.689572
   328.89033    0.710844   0.685569
   328.90751    0.675474   0.681655
   328.92467    0.680967   0.677674
   328.94184    0.654455   0.673805
   328.95900    0.684105   0.670004
   328.97617    0.658906   0.666100
   328.99317    0.678323   0.662385
   329.01049    0.669432   0.658625
   329.02767    0.662502   0.654789
   329.04467    0.633161   0.651245
   329.06200    0.631811   0.647509
   329.07899    0.632980   0.643978
   329.09616    0.651098   0.640442
   329.11350    0.641039   0.636818
   329.13050    0.619979   0.633440
   329.14767    0.629044   0.630106
   329.16483    0.626454   0.626789
   329.18200    0.626609   0.623483
   329.19916    0.626164   0.620308
   329.21633    0.613071   0.617160
   329.23351    0.614431   0.613973
   329.25067    0.616980   0.611043
   329.26784    0.598300   0.608137
   329.28500    0.603869   0.605281
   329.30217    0.609557   0.602386
   329.31933    0.612583   0.599766
   329.33634    0.602742   0.597227
   329.35366    0.601264   0.594689
   329.37084    0.582844   0.592305
   329.38783    0.599318   0.590009
   329.40517    0.601568   0.587604
   329.42216    0.598990   0.585590
   329.43934    0.592599   0.583576
   329.45666    0.564232   0.581702
   329.47367    0.569994   0.579951
   329.49084    0.588706   0.578269
   329.50817    0.568045   0.576691
   329.52516    0.576216   0.575376
   329.54233    0.588823   0.574169
   329.56066    0.575407   0.572932
   329.57850    0.574752   0.571824
   329.59567    0.573800   0.570818
   329.61283    0.562413   0.570216
   329.63000    0.580311   0.569518
   329.64716    0.576498   0.569122
   329.66433    0.569724   0.568612
   329.68166    0.593497   0.568539
   329.69867    0.580039   0.568461
   329.71584    0.579283   0.568532
   329.73317    0.581238   0.568716
   329.75016    0.575280   0.569045
   329.76733    0.563966   0.569620
   329.78449    0.582146   0.570356
   329.80167    0.573352   0.571202
   329.81884    0.569590   0.572092
   329.83600    0.575338   0.573379
   329.85317    0.576401   0.574679
   329.87033    0.585539   0.576263
   329.88750    0.556013   0.577848
   329.90466    0.572764   0.579802
   329.92183    0.565316   0.581817
   329.93901    0.586970   0.583848
   329.95600    0.570065   0.586228
   329.97334    0.590192   0.588767
   329.99050    0.575479   0.591409
   330.00749    0.581531   0.594182
   330.02483    0.581253   0.597077
   330.04184    0.593180   0.600047
   330.05900    0.597758   0.603123
   330.07617    0.591099   0.606278
   330.09333    0.571672   0.609589
   330.11050    0.610448   0.612948
   330.12766    0.604282   0.616360
   330.14484    0.608077   0.619977
   330.16200    0.608491   0.623719
   330.17917    0.610861   0.627338
   330.19633    0.627464   0.631078
   330.21350    0.637974   0.634822
   330.23066    0.627229   0.638820
   330.24800    0.650699   0.642797
   330.26499    0.632799   0.646599
   330.28233    0.631854   0.650619
   330.29950    0.668066   0.654821
   330.31666    0.658100   0.658908
   330.33483    0.667190   0.663147
   330.35217    0.667895   0.667489
   330.36934    0.669209   0.671580
   330.38633    0.684401   0.675682
   330.40367    0.683669   0.680062
   330.42067    0.697027   0.684288
   330.43784    0.685583   0.688410
   330.45516    0.696962   0.692914
   330.47217    0.708165   0.697075
   330.48966    0.723323   0.701471
   330.50683    0.708034   0.705772
   330.52417    0.701110   0.710051
   330.54133    0.716471   0.714481
   330.55834    0.728648   0.718750
   330.57567    0.731336   0.723095
   330.59267    0.727511   0.727470
   330.60983    0.728719   0.731739
   330.62699    0.758146   0.736122
   330.64416    0.760079   0.740459
   330.66134    0.754975   0.744682
   330.67850    0.755047   0.749087
   330.69567    0.774885   0.753415
   330.71283    0.763641   0.757683
   330.73000    0.779386   0.761980
   330.74716    0.762156   0.766253
   330.76433    0.774641   0.770593
   330.78151    0.779385   0.774779
   330.79850    0.775139   0.779052
   330.81584    0.790654   0.783319
   330.83300    0.782851   0.787630
   330.84999    0.785712   0.791701
   330.86733    0.797813   0.795919
   330.88434    0.796423   0.800112
   330.90150    0.796800   0.804167
   330.91884    0.819842   0.808460
   330.93583    0.819448   0.812462
   330.95300    0.821949   0.816619
   330.97016    0.817582   0.820639
   330.98734    0.829160   0.824654
   331.00451    0.820725   0.828735
   331.02167    0.828000   0.832653
   331.03884    0.831315   0.836705
   331.05600    0.844322   0.840615
   331.07317    0.852963   0.844511
   331.09134    0.859152   0.848620
   331.10833    0.862153   0.852471
   331.12567    0.844478   0.856283
   331.14267    0.861722   0.860109
   331.15984    0.855839   0.863804
   331.17716    0.881643   0.867621
   331.19417    0.881530   0.871275
   331.21133    0.873788   0.874851
   331.22867    0.876786   0.878564
   331.24566    0.886504   0.882087
   331.26283    0.869530   0.885668
   331.28001    0.871686   0.889139
   331.29717    0.889581   0.892662
   331.31434    0.902349   0.896074
   331.33167    0.916158   0.899597
   331.34867    0.903689   0.902880
   331.36600    0.917552   0.906194
   331.38317    0.912909   0.909531
   331.40033    0.921759   0.912717
   331.41734    0.921640   0.915885
   331.43466    0.911431   0.919008
   331.45183    0.928294   0.922163
   331.46883    0.915368   0.925151
   331.48617    0.935497   0.928263
   331.50316    0.933720   0.931135
   331.52033    0.928687   0.934026
   331.53767    0.914020   0.936963
   331.55467    0.948933   0.939774
   331.57184    0.943025   0.942532
   331.58900    0.933929   0.945253
   331.60617    0.943152   0.947882
   331.62333    0.959467   0.950510
   331.64050    0.937342   0.953025
   331.65766    0.950178   0.955529
   331.67484    0.957756   0.957951
   331.69200    0.973110   0.960402
   331.70900    0.948095   0.962722
   331.72633    0.953390   0.964999
   331.74350    0.966772   0.967238
   331.76051    0.959967   0.969306
   331.77783    0.974084   0.971490
   331.79484    0.960118   0.973440
   331.81200    0.991399   0.975523
   331.82934    0.974462   0.977374
   331.84750    0.970948   0.979363
   331.86501    0.976719   0.981109
   331.88233    0.982265   0.982889
   331.89949    0.998334   0.984488
   331.91667    0.976592   0.986040
   331.93384    1.017565   0.987535
   331.95100    0.987762   0.988934
   331.96799    0.980199   0.990284
   331.98533    0.978959   0.991565
   332.00250    0.966811   0.992773
   332.01950    0.982801   0.993855
   332.03683    1.009307   0.994919
   332.05383    0.997596   0.995842
   332.07117    0.978270   0.996759
   332.08834    1.008273   0.997477
   332.10533    1.022343   0.998187
   332.12267    0.999101   0.998749
   332.13967    0.988546   0.999252
   332.15684    0.987997   0.999581
   332.17416    0.993095   0.999847
   332.19134    0.991585   0.999973
   332.20833    1.042237   1.000000
   332.22567    1.015612   1.000000
   332.24266    0.995752   1.000000
   332.25984    1.000499   1.000000
   332.27716    0.986044   1.000000
   332.29417    1.028646   1.000000
   332.31133    0.988069   1.000000
   332.32850    0.990002   1.000000
   332.34566    1.005492   1.000000
   332.36283    0.992258   1.000000
   332.37999    0.983166   1.000000
   332.39717    1.001695   1.000000
   332.41434    1.006618   1.000000
   332.43150    0.988849   1.000000
   332.44867    1.000389   1.000000
   332.46583    0.997299   1.000000
   332.48300    1.007107   1.000000
   332.50016    0.999006   1.000000
   332.51733    1.001510   1.000000
   332.53451    1.015079   1.000000
   332.55150    1.005690   1.000000
   332.56884    0.986389   1.000000
   332.58600    0.973732   1.000000
   332.60316    0.985956   1.000000
   332.62134    1.009848   1.000000
   332.63850    0.997657   1.000000
   332.65567    0.989044   1.000000
   332.67283    1.012380   1.000000
   332.69000    1.012258   1.000000
   332.70716    0.978812   1.000000
   332.72433    1.002107   1.000000
   332.74151    0.993115   1.000000
   332.75867    1.009677   1.000000
   332.77566    0.976145   1.000000
   332.79300    0.992432   1.000000
   332.81001    0.998926   1.000000
   332.82717    0.979213   1.000000
   332.84449    0.989681   1.000000
   332.86150    1.001916   1.000000
   332.87867    0.980547   1.000000
   332.89583    0.994002   1.000000
   332.91300    0.977121   1.000000
   332.93016    1.006776   1.000000
   332.94734    1.005107   1.000000
   332.96450    1.012675   1.000000
   332.98167    0.976841   1.000000
   332.99883    0.993417   1.000000
   333.01600    1.005634   1.000000
   333.03316    0.985421   1.000000
   333.05033    1.001691   1.000000
   333.06751    1.032266   1.000000
   333.08467    0.999175   1.000000
   333.10184    0.999189   1.000000
   333.11900    0.993739   1.000000
   333.13617    1.004560   1.000000
   333.15333    1.023503   1.000000
   333.17034    1.000945   1.000000
   333.18766    1.018637   1.000000
   333.20484    1.023639   1.000000
   333.22183    0.977275   1.000000
   333.23917    0.972325   1.000000
   333.25616    1.011943   1.000000
   333.27333    0.994969   1.000000
   333.29066    0.996303   1.000000
   333.30767    1.005054   1.000000
   333.32499    0.989199   1.000000
   333.34200    1.001150   1.000000
   333.35916    0.992471   1.000000
   333.37767    1.009307   1.000000
   333.39483    0.996707   1.000000
   333.41200    0.987726   1.000000
   333.42916    1.001157   1.000000
   333.44633    0.999070   1.000000
   333.46351    0.992702   1.000000
   333.48067    1.005091   1.000000
   333.49766    0.996721   1.000000
   333.51500    1.014182   1.000000
   333.53217    1.000091   1.000000
   333.54917    1.002524   1.000000
   333.56650    1.019627   1.000000
   333.58366    0.994617   1.000000
   333.60067    0.990942   1.000000
   333.61800    1.013965   1.000000
   333.63500    1.017301   1.000000
   333.65216    0.979239   1.000000
   333.66950    0.980905   1.000000
   333.68651    0.994741   1.000000
   333.70367    1.011183   1.000000
   333.72084    0.990458   1.000000
   333.73800    0.992436   1.000000
   333.75516    0.993550   1.000000
   333.77233    0.985633   1.000000
   333.78949    0.985915   1.000000
   333.80667    1.011941   1.000000
   333.82384    1.000917   1.000000
   333.84100    0.996047   1.000000
   333.85833    1.008268   1.000000
   333.87551    0.981291   1.000000
   333.89267    1.018115   1.000000
   333.90984    0.995560   1.000000
   333.92700    0.987205   1.000000
   333.94416    1.016903   1.000000
   333.96133    1.005475   1.000000
   333.97849    1.005136   1.000000
   333.99550    0.987970   1.000000
   334.01284    0.977145   1.000000
   334.03000    1.014898   1.000000
   334.04700    1.018250   1.000000
   334.06433    1.001897   1.000000
   334.08134    1.002770   1.000000
   334.09850    1.011300   1.000000
   334.11583    0.998274   1.000000
   334.13367    1.015453   1.000000
   334.15134    0.984794   1.000000
   334.16866    1.007074   1.000000
   334.18584    1.002809   1.000000
   334.20283    1.013920   1.000000
   334.22017    0.985939   1.000000
   334.23716    0.988145   1.000000
   334.25450    0.987561   1.000000
   334.27166    0.991188   1.000000
   334.28867    1.000198   1.000000
   334.30599    0.987081   1.000000
   334.32300    0.999254   1.000000
   334.34016    1.028843   1.000000
   334.35750    0.992325   1.000000
   334.37449    1.004976   1.000000
   334.39167    1.002799   1.000000
   334.40884    0.997975   1.000000
   334.42600    0.990418   1.000000
   334.44317    1.020687   1.000000
   334.46033    0.991787   1.000000
   334.47750    0.995679   1.000000
   334.49466    1.003184   1.000000
   334.51183    1.001107   1.000000
   334.52901    1.021043   1.000000
   334.54617    0.979593   1.000000
   334.56334    1.013323   1.000000
   334.58033    0.985598   1.000000
   334.59767    1.029015   1.000000
   334.61483    0.973085   1.000000
   334.63184    1.025765   1.000000
   334.64916    1.000343   1.000000
   334.66634    1.007400   1.000000
   334.68350    1.011640   1.000000
   334.70067    0.975546   1.000000
   334.71801    0.988863   1.000000
   334.73500    0.975745   1.000000
   334.75216    0.974765   1.000000
   334.76933    1.038949   1.000000
   334.78651    0.984883   1.000000
   334.80367    0.997836   1.000000
   334.82084    0.992699   1.000000
   334.83800    0.976972   1.000000
   334.85517    0.971573   1.000000
   334.87233    1.006480   1.000000
   334.88950    1.010260   1.000000
   334.90783    1.008175   1.000000
   334.92501    1.003713   1.000000
   334.94233    1.021806   1.000000
   334.95934    1.011840   1.000000
   334.97650    1.029529   1.000000
   334.99367    1.003388   1.000000
   335.01083    0.972572   1.000000
   335.02800    1.013309   1.000000
   335.04516    1.013861   1.000000
   335.06234    0.991984   1.000000
   335.07950    1.006608   1.000000
   335.09667    1.001793   1.000000
   335.11383    0.989806   1.000000
   335.13100    0.994448   1.000000
   335.14816    1.018609   1.000000
   335.16533    0.987153   1.000000
   335.18251    0.993766   1.000000
   335.19967    0.986669   1.000000
   335.21684    0.979058   1.000000
   335.23400    0.961609   1.000000
   335.25117    1.002527   1.000000
   335.26817    0.981858   1.000000
   335.28550    1.001413   1.000000
   335.30266    0.974946   1.000000
   335.31967    1.004874   1.000000
   335.33700    1.009483   1.000000
   335.35400    0.992619   1.000000
   335.37116    0.989386   1.000000
   335.38850    0.974920   1.000000
   335.40566    1.016520   1.000000
   335.42267    1.000251   1.000000
   335.43999    0.996567   1.000000
   335.45700    0.987355   1.000000
   335.47417    0.980968   1.000000
   335.49150    1.010982   1.000000
   335.50867    0.996216   1.000000
   335.52583    1.008283   1.000000
   335.54317    0.997540   1.000000
   335.56016    1.021074   1.000000
   335.57733    1.013637   1.000000
   335.59466    0.976903   1.000000
   335.61167    1.024602   1.000000
   335.62884    0.989871   1.000000
   335.64600    0.987191   1.000000
   335.66433    0.997465   1.000000
   335.68150    1.015334   1.000000
   335.69866    0.996050   1.000000
   335.71584    1.017233   1.000000
   335.73300    1.002873   1.000000
   335.75017    0.989496   1.000000
   335.76733    1.007625   1.000000
   335.78450    0.995793   1.000000
   335.80166    1.009960   1.000000
   335.81883    1.019791   1.000000
   335.83599    1.015477   1.000000
   335.85300    1.001738   1.000000
   335.87034    0.992298   1.000000
   335.88750    1.001401   1.000000
   335.90449    1.004879   1.000000
   335.92183    0.979198   1.000000
   335.93884    0.977901   1.000000
   335.95600    0.994980   1.000000
   335.97317    0.985476   1.000000
   335.99033    0.996475   1.000000
   336.00750    0.998691   1.000000
   336.02466    1.009822   1.000000
   336.04183    0.990480   1.000000
   336.05901    0.970873   1.000000
   336.07617    0.993065   1.000000
   336.09334    1.015776   1.000000
   336.11050    1.006459   1.000000
   336.12767    0.977701   1.000000
   336.14467    0.993624   1.000000
   336.16200    1.022553   1.000000
   336.17916    0.999064   1.000000
   336.19617    0.979796   1.000000
   336.21350    0.996654   1.000000
   336.23050    0.997896   1.000000
   336.24766    0.967359   1.000000
   336.26500    1.007503   1.000000
   336.28200    0.995314   1.000000
   336.29917    1.005008   1.000000
   336.31651    0.986986   1.000000
   336.33350    1.001580   1.000000
   336.35066    1.007684   1.000000
   336.36800    1.015603   1.000000
   336.38499    0.984658   1.000000
   336.40217    0.986371   1.000000
   336.42017    0.992295   1.000000
   336.43783    1.002147   1.000000
   336.45516    0.991691   1.000000
   336.47233    1.013394   1.000000
   336.48934    1.010055   1.000000
   336.50667    1.028974   1.000000
   336.52384    1.018704   1.000000
   336.54083    1.001591   1.000000
   336.55817    0.994530   1.000000
   336.57516    0.980885   1.000000
   336.59234    0.991279   1.000000
   336.60966    1.011727   1.000000
   336.62667    0.999640   1.000000
   336.64383    1.022262   1.000000
   336.66100    1.003751   1.000000
   336.67816    0.975629   1.000000
   336.69533    0.993610   1.000000
   336.71251    1.044335   1.000000
   336.72967    1.006596   1.000000
   336.74684    1.011574   1.000000
   336.76400    1.022109   1.000000
   336.78117    0.994115   1.000000
   336.79833    0.985536   1.000000
   336.81550    0.969513   1.000000
   336.83266    1.035808   1.000000
   336.84984    0.998318   1.000000
   336.86700    0.990221   1.000000
   336.88400    1.006079   1.000000
   336.90133    0.985582   1.000000
   336.91833    0.995455   1.000000
   336.93551    0.996346   1.000000
   336.95283    0.973023   1.000000
   336.96984    1.006598   1.000000
   336.98700    1.012091   1.000000
   337.00416    0.962648   1.000000
   337.02133    0.992801   1.000000
   337.03849    0.985062   1.000000
   337.05567    1.014650   1.000000
   337.07284    1.017632   1.000000
   337.09000    0.991341   1.000000
   337.10717    0.966602   1.000000
   337.12433    0.989063   1.000000
   337.14150    0.989138   1.000000
   337.15866    0.979093   1.000000
   337.17583    1.000677   1.000000
   337.19433    0.997284   1.000000
   337.21150    1.011522   1.000000
   337.22866    1.013135   1.000000
   337.24600    1.017036   1.000000
   337.26300    0.987656   1.000000
   337.28017    0.980392   1.000000
   337.29733    0.980088   1.000000
   337.31450    1.013746   1.000000
   337.33166    1.013869   1.000000
   337.34883    1.007580   1.000000
   337.36599    0.985329   1.000000
   337.38317    1.018389   1.000000
   337.40034    0.972779   1.000000
   337.41750    1.013127   1.000000
   337.43467    1.018893   1.000000
   337.45183    0.988239   1.000000
   337.46884    0.998879   1.000000
   337.48616    0.958901   1.000000
   337.50333    1.006601   1.000000
   337.52033    0.985357   1.000000
   337.53767    1.011323   1.000000
   337.55466    1.000545   1.000000
   337.57183    1.004215   1.000000
   337.58916    0.992795   1.000000
   337.60617    0.994569   1.000000
   337.62334    0.990032   1.000000
   337.64050    1.023017   1.000000
   337.65767    1.014155   1.000000
   337.67483    1.017752   1.000000
   337.69200    1.000691   1.000000
   337.70916    1.013337   1.000000
   337.72634    1.014119   1.000000
   337.74350    0.981910   1.000000
   337.76050    0.992873   1.000000
   337.77783    0.968499   1.000000
   337.79500    0.993835   1.000000
   337.81200    0.972130   1.000000
   337.82933    1.013748   1.000000
   337.84649    0.984091   1.000000
   337.86350    1.000563   1.000000
   337.88084    0.979196   1.000000
   337.89783    0.993631   1.000000
   337.91499    0.986855   1.000000
   337.93233    1.014164   1.000000
   337.95066    1.004685   1.000000
   337.96800    1.022047   1.000000
   337.98501    1.003388   1.000000
   338.00217    1.001664   1.000000
   338.01949    0.992865   1.000000
   338.03650    0.994800   1.000000
   338.05367    1.018771   1.000000
   338.07100    1.012663   1.000000
   338.08800    1.001288   1.000000
   338.10516    1.012158   1.000000
   338.12234    0.994934   1.000000
   338.13950    1.016594   1.000000
   338.15667    1.018693   1.000000
   338.17383    0.997741   1.000000
   338.19100    1.009374   1.000000
   338.20816    0.958869   1.000000
   338.22533    1.017619   1.000000
   338.24249    0.976953   1.000000
   338.25967    1.001814   1.000000
   338.27684    1.022923   1.000000
   338.29383    1.008799   1.000000
   338.31117    1.021559   1.000000
   338.32833    1.018761   1.000000
   338.34534    1.015067   1.000000
   338.36266    0.979078   1.000000
   338.37967    1.009949   1.000000
   338.39683    1.012636   1.000000
   338.41417    0.983861   1.000000
   338.43116    1.026622   1.000000
   338.44833    1.022262   1.000000
   338.46566    1.003540   1.000000
   338.48267    1.014088   1.000000
   338.49983    1.005409   1.000000
   338.51700    1.019421   1.000000
   338.53416    1.034275   1.000000
   338.55133    1.036701   1.000000
   338.56849    0.975451   1.000000
   338.58566    1.007953   1.000000
   338.60284    0.980880   1.000000
   338.62000    1.003398   1.000000
   338.63700    1.011907   1.000000
   338.65433    1.030202   1.000000
   338.67150    1.005255   1.000000
   338.68850    1.015980   1.000000
   338.70666    1.008657   1.000000
   338.72450    0.987244   1.000000
   338.74167    0.988644   1.000000
   338.75883    0.967830   1.000000
   338.77600    1.005990   1.000000
   338.79316    1.011313   1.000000
   338.81033    1.002690   1.000000
   338.82749    0.996336   1.000000
   338.84467    0.996527   1.000000
   338.86199    1.007650   1.000000
   338.87900    1.022996   1.000000
   338.89617    0.997548   1.000000
   338.91350    0.972445   1.000000
   338.93050    0.978821   1.000000
   338.94766    1.020808   1.000000
   338.96500    0.965368   1.000000
   338.98200    0.979349   1.000000
   338.99917    1.001965   1.000000
   339.01633    1.016417   1.000000
   339.03350    1.007268   1.000000
   339.05066    0.996624   1.000000
   339.06783    1.008568   1.000000
   339.08499    1.016469   1.000000
   339.10217    0.988367   1.000000
   339.11934    1.010077   1.000000
   339.13650    1.018545   1.000000
   339.15367    0.971698   1.000000
   339.17083    0.984742   1.000000
   339.18784    1.005505   1.000000
   339.20516    0.999591   1.000000
   339.22217    1.017481   1.000000
   339.23933    0.997008   1.000000
   339.25667    1.022467   1.000000
   339.27366    1.005903   1.000000
   339.29083    1.011394   1.000000
   339.30801    0.979591   1.000000
   339.32517    1.005228   1.000000
   339.34234    1.027392   1.000000
   339.35950    1.004035   1.000000
   339.37667    1.001969   1.000000
   339.39383    1.004462   1.000000
   339.41100    0.994422   1.000000
   339.42816    0.973273   1.000000
   339.44534    1.013246   1.000000
   339.46250    0.994284   1.000000
   339.48099    1.013093   1.000000
   339.49833    0.998430   1.000000
   339.51534    0.985786   1.000000
   339.53250    0.991580   1.000000
   339.54967    0.998908   1.000000
   339.56683    0.966585   1.000000
   339.58400    1.023035   1.000000
   339.60116    1.021470   1.000000
   339.61833    0.977342   1.000000
   339.63551    0.990168   1.000000
   339.65267    0.997732   1.000000
   339.66966    1.001947   1.000000
   339.68700    0.998787   1.000000
   339.70416    0.989185   1.000000
   339.72133    0.993407   1.000000
   339.73849    0.978841   1.000000
   339.75583    0.995880   1.000000
   339.77300    1.002209   1.000000
   339.79016    0.995815   1.000000
   339.80750    1.024037   1.000000
   339.82484    1.003209   1.000000
   339.84200    0.984428   1.000000
   339.85917    1.003769   1.000000
   339.87650    1.001963   1.000000
   339.89367    1.000726   1.000000
   339.91134    1.005258   1.000000
   339.92850    1.011444   1.000000
   339.94567    1.012765   1.000000
   339.96283    0.986122   1.000000
   339.98000    0.982948   1.000000
   339.99716    1.002196   1.000000
   340.01433    1.007102   1.000000
   340.03151    0.996745   1.000000
   340.04867    0.992359   1.000000
   340.06584    0.996939   1.000000
   340.08300    1.005456   1.000000
   340.10001    1.007717   1.000000
   340.11733    1.010492   1.000000
   340.13449    1.011342   1.000000
   340.15150    1.011060   1.000000
   340.16884    0.992173   1.000000
   340.18583    0.976022   1.000000
   340.20300    0.991636   1.000000
   340.22033    1.000621   1.000000
   340.23851    1.004346   1.000000
   340.25567    0.992529   1.000000
   340.27284    0.987609   1.000000
   340.29000    1.003273   1.000000
   340.30717    1.023059   1.000000
   340.32433    0.974633   1.000000
   340.34149    0.990453   1.000000
   340.35867    0.985749   1.000000
   340.37567    0.991226   1.000000
   340.39300    1.010634   1.000000
   340.41017    0.996443   1.000000
   340.42716    1.019810   1.000000
   340.44450    0.996695   1.000000
   340.46166    0.993567   1.000000
   340.47867    0.992614   1.000000
   340.49601    1.006125   1.000000
   340.51300    0.987592   1.000000
   340.53016    0.986204   1.000000
   340.54750    0.993224   1.000000
   340.56467    1.004000   1.000000
