  1326.09485    1.006410   1.000000
  1326.22819    0.983501   1.000000
  1326.32395    0.983501   1.000000
  1326.42101    1.003633   1.000000
  1326.51677    0.992601   1.000000
  1326.63960    0.997183   1.000000
  1326.77712    0.937508   1.000000
  1326.87302    1.014787   1.000000
  1326.96878    1.036513   1.000000
  1327.06469    1.048033   1.000000
  1327.16045    0.981691   1.000000
  1327.25635    0.997183   1.000000
  1327.35211    0.935782   1.000000
  1327.44802    1.035559   1.000000
  1327.54378    0.988951   1.000000
  1327.63968    0.954058   1.000000
  1327.73544    0.986222   1.000000
  1327.83134    0.981691   1.000000
  1327.92710    0.934921   1.000000
  1328.02301    1.007337   1.000000
  1328.11877    1.025120   1.000000
  1328.21467    0.964661   1.000000
  1328.31043    0.923793   1.000000
  1328.40634    1.061634   1.000000
  1328.50210    1.021351   1.000000
  1328.59800    0.934921   1.000000
  1328.69390    1.017595   1.000000
  1328.78966    1.030801   1.000000
  1328.88557    1.040339   1.000000
  1328.98133    1.064572   1.000000
  1329.07723    1.051901   1.000000
  1329.17299    1.079381   1.000000
  1329.26890    0.995348   1.000000
  1329.36466    1.075412   1.000000
  1329.46056    0.997183   1.000000
  1329.55632    0.982596   1.000000
  1329.65222    0.998102   1.000000
  1329.74798    1.027957   1.000000
  1329.84389    1.002709   1.000000
  1329.93965    0.942703   1.000000
  1330.03555    0.942703   1.000000
  1330.13131    0.991688   1.000000
  1330.22722    1.033653   1.000000
  1330.32298    1.019471   1.000000
  1330.41888    1.004558   1.000000
  1330.51464    1.014787   1.000000
  1330.61054    0.927203   1.000000
  1330.70630    0.988951   1.000000
  1330.80221    0.962886   1.000000
  1330.89797    1.040339   1.000000
  1330.99387    0.978081   1.000000
  1331.08963    0.974484   1.000000
  1331.18554    1.008265   1.000000
  1331.28130    0.994431   1.000000
  1331.37720    1.038424   1.000000
  1331.47296    0.949675   1.000000
  1331.56886    1.074422   1.000000
  1331.66462    1.048033   1.000000
  1331.76053    1.016658   1.000000
  1331.85629    0.994431   1.000000
  1331.95219    1.027010   0.999998
  1332.04795    0.922943   0.999981
  1332.14386    1.019471   0.999927
  1332.40118    0.975382   0.999382
  1332.52819    1.083365   0.998758
  1332.62395    1.014787   0.998067
  1332.71986    1.058705   0.997147
  1332.81562    0.928057   0.995967
  1332.91051    0.985314   0.994508
  1333.00627    1.006410   0.992710
  1333.10218    0.949675   0.990551
  1333.19794    1.015722   0.988007
  1333.29384    0.995348   0.985044
  1333.38960    0.961999   0.981643
  1333.48550    0.985314   0.977773
  1333.58126    1.042257   0.973422
  1333.67717    0.910280   0.968559
  1333.77307    0.922943   0.963176
  1333.86883    0.913639   0.957270
  1333.96474    0.951426   0.950817
  1334.06050    0.956698   0.943834
  1334.15640    0.896138   0.936304
  1334.25216    0.910280   0.928260
  1334.34806    0.855805   0.919697
  1334.44382    0.887922   0.910667
  1334.53973    0.866114   0.901187
  1334.63549    0.856594   0.891336
  1334.73139    0.891199   0.881137
  1334.82715    0.891199   0.870675
  1334.92306    0.806817   0.859976
  1335.01882    0.854230   0.849131
  1335.11472    0.876546   0.838168
  1335.21048    0.853444   0.827186
  1335.30638    0.832482   0.816222
  1335.40214    0.825610   0.805382
  1335.49805    0.830950   0.794712
  1335.59381    0.757138   0.784328
  1335.68971    0.809795   0.774290
  1335.78547    0.734471   0.764721
  1335.88138    0.740585   0.755696
  1335.97714    0.757835   0.747338
  1336.07304    0.767670   0.739717
  1336.16880    0.752272   0.732939
  1336.26470    0.729079   0.727057
  1336.36090    0.702061   0.722126
  1336.45666    0.707905   0.718230
  1336.55256    0.697549   0.715377
  1336.64832    0.726398   0.713604
  1336.74422    0.702708   0.712923
  1336.83883    0.688612   0.713332
  1336.93474    0.751579   0.714841
  1337.03050    0.702061   0.717434
  1337.12640    0.718414   0.721096
  1337.22216    0.769086   0.725784
  1337.31806    0.714455   0.731465
  1337.41382    0.804590   0.738064
  1337.50973    0.748816   0.745529
  1337.60549    0.721730   0.753756
  1337.70139    0.781223   0.762673
  1337.79715    0.809795   0.772160
  1337.89306    0.802370   0.782153
  1337.98882    0.760632   0.792531
  1338.08472    0.834785   0.803240
  1338.17947    0.834785   0.814049
  1338.27538    0.848740   0.825142
  1338.37114    0.826371   0.836298
  1338.46704    0.778350   0.847475
  1338.56280    0.843286   0.858570
  1338.65870    0.855017   0.869548
  1338.75446    0.833249   0.880307
  1338.85037    0.873323   0.890809
  1338.94613    0.898617   0.900954
  1339.04203    0.880592   0.910698
  1339.13779    0.928913   0.919961
  1339.23370    0.928057   0.928734
  1339.32946    0.879782   0.936964
  1339.42536    0.881404   0.944658
  1339.52112    0.903597   0.951781
  1339.61702    0.996265   0.958352
  1339.71278    0.928913   0.964351
  1339.80869    0.947927   0.969804
  1339.90445    1.017595   0.974705
  1340.00035    0.970901   0.979084
  1340.09611    0.982596   0.982947
  1340.19202    1.075412   0.986327
  1340.28778    1.012919   0.989238
  1340.38368    1.045141   0.991716
  1340.47944    1.016658   0.993783
  1340.57534    1.019471   0.995480
  1340.67110    0.973587   0.996835
  1340.76701    0.978081   0.997889
  1340.86277    1.016658   0.998675
  1340.95867    1.050933   0.999236
  1341.05443    0.997183   0.999609
  1341.15034    0.984407   0.999833
  1341.24610    1.022292   0.999948
  1341.34200    0.975382   0.999992
  1341.43790    1.046104   1.000000
  1341.53366    1.064572   1.000000
  1341.62957    1.016658   1.000000
  1341.72533    1.054811   1.000000
  1341.82123    1.065552   1.000000
  1341.91699    0.962886   1.000000
  1342.01290    0.970901   1.000000
  1342.10866    0.960229   1.000000
  1342.46189    0.977181   1.000000
  1342.59840    1.021351   1.000000
  1342.69416    1.020410   1.000000
  1342.79006    0.999942   1.000000
  1342.88582    1.007337   1.000000
  1342.98173    1.028904   1.000000
  1343.07749    1.082368   1.000000
  1343.17339    0.999942   1.000000
  1343.26915    1.023234   1.000000
  1343.36506    0.993516   1.000000
  1343.46082    0.988951   1.000000
  1343.55672    1.062612   1.000000
  1343.65248    0.996265   1.000000
  1343.74838    0.978982   1.000000
  1343.84414    1.015722   1.000000
  1343.94005    1.049965   1.000000
  1344.03581    0.976281   1.000000
  1344.13171    0.999942   1.000000
  1344.22747    1.004558   1.000000
  1344.32338    0.999942   1.000000
  1344.41914    1.013853   1.000000
  1344.51504    0.977181   1.000000
  1344.61080    0.999942   1.000000
  1344.70670    1.045141   1.000000
  1344.80246    0.950550   1.000000
  1344.89837    0.976281   1.000000
  1344.99413    1.026065   1.000000
  1345.09003    0.968222   1.000000
  1345.18579    1.018532   1.000000
  1345.28170    0.997183   1.000000
  1345.37746    0.955817   1.000000
  1345.47336    1.033653   1.000000
  1345.56912    1.006410   1.000000
  1345.66502    1.030801   1.000000
  1345.76078    0.940102   1.000000
  1345.85669    0.973587   1.000000
  1345.95245    0.965550   1.000000
  1346.04835    0.998102   1.000000
  1346.14411    0.999022   1.000000
  1346.24002    0.970007   1.000000
  1346.33578    0.938372   1.000000
  1346.43168    0.989862   1.000000
  1346.52744    0.927203   1.000000
  1346.62334    0.982596   1.000000
  1346.71910    1.021351   1.000000
  1346.81501    0.970901   1.000000
  1346.91077    0.996265   1.000000
  1347.00667    0.916167   1.000000
  1347.10243    1.035559   1.000000
  1347.19834    0.980787   1.000000
  1347.29410    0.999942   1.000000
  1347.39000    1.000863   1.000000
  1347.48590    1.042257   1.000000
  1347.58166    0.961999   1.000000
  1347.67757    1.006410   1.000000
  1347.77333    1.022292   1.000000
  1347.86923    1.014787   1.000000
  1347.96499    1.062612   1.000000
  1348.06090    0.970901   1.000000
